1.961563026150629980e+02
1.139577663614077494e+02
6.120602872298422170e+01
2.693099969616830549e+02
1.205098788880734588e+02
9.423940682586237472e+01
1.042524197240678347e+02
1.566998164229138126e+02
1.570043987813471915e+02
1.109077547452042865e+02
4.251977560040220538e+01
1.710854034445945899e+02
1.417701423909384175e+02
2.028521754316480497e+02
6.808559036051852331e+01
2.691301670774678314e+02
2.609815051057860842e+02
6.679936157995435053e+01
4.111763154622901197e+02
3.998745073082334898e+02
1.421075764990632706e+02
5.928543808349294295e+02
6.791310076040487047e+02
7.003000557076241250e+01
1.931094926773226064e+02
2.179724645722013747e+02
1.305507882148445162e+02
1.149453364405806610e+02
5.047817173216130726e+01
7.737684951963413482e+01
1.886139498242758066e+02
2.472925987446624845e+02
4.982935015585687921e+01
2.162740497578794248e+02
1.985564746166628538e+02
2.973794845624381082e+02
7.272421620867474701e+01
7.982237982806657328e+01
1.796868196810796974e+02
9.720734807117844412e+01
8.607004667425661637e+01
1.438946605179780818e+02
1.228391428138901915e+02
1.012940289212861558e+02
1.080421101106886255e+02
2.948455301456019129e+02
2.430149902999721121e+02
2.765472096567383460e+02
6.704477713532553196e+01
6.187217484985947635e+01
1.008876026574554317e+02
1.611763364054241379e+02
1.922696381577686111e+02
6.168935287464684052e+02
2.358121263234458809e+02
1.292518477850032639e+02
2.977557605926502902e+02
1.624569377323798847e+02
1.337812191264746673e+02
3.053604526158347312e+02
1.367167249187687901e+02
8.910338506333789610e+01
1.434275735408729702e+02
6.841144139720853445e+01
1.959540949253028828e+02
1.109831288673852896e+02
7.628750196572244135e+01
2.275266352026817742e+02
1.419545380206600669e+02
1.630606390072024396e+02
1.324874834689693444e+02
2.214598524931696772e+02
6.898513870782313973e+01
1.753635758285417694e+02
7.430376690552209595e+01
1.985876439608723274e+02
2.181075803283615357e+02
3.172858616342904838e+02
2.509474359721049552e+02
4.447126791877040830e+01
7.008667612150011905e+01
5.419524020371537887e+01
5.493195436596473513e+01
8.396086714198524703e+01
1.066829139601392598e+02
6.307997013109653750e+01
9.863334282289658006e+01
2.170379670136314871e+02
9.526366057232576168e+01
1.075231218231062940e+02
3.893385521434704089e+01
1.160243204619167017e+02
2.722595665120520039e+02
1.805652911370627862e+02
7.092541490096344603e+01
3.348392262638447505e+02
3.379715683974688432e+02
1.845882723102723446e+02
1.155436617819293303e+02
3.041927456465364230e+02
7.590467645229163907e+01
1.134487597903563767e+02
9.501191011870812986e+01
1.326242125046045714e+02
6.428898438578514174e+01
3.335569335759748242e+02
7.232834329982465249e+01
5.442396148885064804e+02
1.190070989942257569e+02
1.318575918540303462e+02
8.081599935045895222e+01
3.248416889726827321e+02
2.794172125168459502e+02
3.191267690846337359e+02
1.338780319475516194e+02
1.008186326603176326e+02
2.810710879917914440e+02
3.790020149925215946e+02
1.359832726875496576e+02
5.404444915647424068e+02
1.004694000812306030e+02
2.115762460787715327e+02
8.070132142744158443e+01
7.814543308404427080e+01
2.759422116934847509e+02
1.497598509042426826e+02
1.122348395909070717e+02
2.946458396393138059e+02
1.469256877263632077e+02
2.386514433823357990e+02
3.490067483944538367e+02
6.966001952852181489e+01
7.994971522838091005e+01
1.712783367565909884e+02
9.796286876539404886e+01
3.956399495207261907e+02
1.041859616459268381e+02
1.278653951348666880e+02
4.970745635705874577e+01
2.084885033521223647e+02
1.140920516049941824e+02
7.318181206244008763e+01
2.363582279091739053e+02
7.373339436868609198e+01
1.420986760015129278e+02
7.873309343652786652e+01
2.946328591155017875e+02
1.193270461385977939e+02
1.315035351695762529e+02
1.015136606466215738e+02
8.631869610224958933e+01
6.901298666434239237e+01
1.690154177999952765e+02
2.336894476281809432e+02
8.797463581643023645e+01
1.726928919130357372e+02
9.582049782308951080e+01
2.059358833107283715e+02
2.783108060109530584e+02
2.911015481386939427e+02
3.516373883532739342e+02
3.881099417047246902e+02
3.067513204967537490e+02
2.728274630038378064e+02
2.224242036309090622e+02
5.913536259830570430e+01
5.769250185363731731e+01
1.605088281670703338e+02
1.447529951899182663e+02
6.578749393130414092e+02
1.752892687086110470e+02
1.318678284757200743e+02
7.195576387233280968e+01
3.544224962319387942e+02
6.331010694368745106e+01
6.768352773779130871e+01
1.962237496262354171e+02
1.659191645710050409e+02
1.231484628157607517e+02
9.768282743786618028e+01
1.936124688194117596e+02
9.560764884582553691e+01
3.314777707506508477e+02
1.058042599594889879e+02
1.870105419191721126e+02
1.296098468846555534e+02
9.534104826507159203e+01
1.114811834262318797e+02
9.341766351186525696e+01
5.130528455829044532e+01
9.635997571489338043e+01
1.256800258222721425e+02
9.444741534368058922e+01
1.537715301361856746e+02
7.056026378560704870e+01
3.579694789964474921e+02
2.675962571149258338e+02
4.239461804647795589e+02
1.216713908829999298e+02
2.888005904486939244e+02
1.422632168059322169e+02
2.612895972010004186e+01
5.008635865091689965e+01
2.596080522738769218e+02
3.546588222614579990e+02
3.098854603477745968e+02
8.418588776037513810e+01
2.853946223036744527e+02
1.423670994367829792e+02
1.554969918840000105e+02
3.441535274696051374e+02
6.420672933486319778e+01
1.645018173977026663e+02
2.521775731055383005e+02
1.431714681478445357e+02
1.785656544176674174e+02
5.714432864877790763e+01
1.440114974735711542e+02
1.470027206093455163e+02
2.091011310008773307e+02
1.568020160940626226e+02
1.412840756192593972e+02
1.261328567749213505e+02
1.709456957353819462e+02
1.109678686793872515e+02
2.523144053205945738e+02
9.483005611540799862e+01
1.196508588710509713e+02
2.095926666353619225e+02
1.107159690897459967e+02
1.663067331033880123e+02
9.334151610116029474e+01
9.408533789909873235e+01
1.481015434133153690e+02
8.641380857452388398e+01
9.880271864139875504e+01
1.967220318873905285e+02
8.572096148547808525e+01
2.357293680730803374e+02
1.889321757079383985e+02
8.031064212596020013e+01
8.019979899170520810e+01
9.665092813762402102e+01
1.314513052735802034e+02
1.882020008830423023e+02
1.186094173378210996e+02
1.748967869678476177e+02
1.821830746048756282e+02
3.683207613534370921e+02
9.457954290939581199e+01
1.824218037392132885e+02
7.277112113362679224e+01
1.137716650053503571e+02
1.622888789393403499e+02
9.139585434700143196e+01
1.413864027010079951e+02
1.124384777360075844e+02
1.132858213574578485e+02
1.076769686511213422e+02
1.773132301273606970e+02
1.254934891716838763e+02
7.420849799985344930e+01
1.302573377764614406e+02
1.758347501178681398e+02
1.219320513143696587e+02
1.795034107416529991e+02
1.570642575458838621e+02
1.437989534763421204e+02
1.056491242077853769e+02
1.019840747550891962e+02
9.615663235322658409e+01
2.719155513862676798e+02
4.842255620953301332e+01
3.363402625819893501e+02
1.491637522991539129e+02
1.774406807546958760e+02
1.734213384572128120e+02
8.456247053820133885e+01
8.586008709133524519e+01
7.927490165097403008e+01
5.766382737189063619e+02
1.280344716528461504e+02
5.552250332517053266e+02
1.657952620054906845e+02
3.132321599096298428e+02
5.610366042858282043e+01
1.199548718565219190e+02
2.218646955076735594e+02
1.485314402564742124e+02
1.682343637681428277e+02
1.947052222498153640e+02
1.419336557673630921e+02
1.108899560456352873e+02
1.137962028990176719e+02
1.923636964402885781e+02
1.661349371212592132e+02
7.441451688376122320e+01
1.672123835845658846e+02
1.579889960529122277e+02
2.643736181966669960e+02
7.629609332976762914e+01
1.423352155956769991e+02
1.913908655036568405e+02
8.999716285911081570e+01
2.658021980131395026e+02
1.485481907390121137e+02
7.530336121062852328e+01
1.451888120013086336e+02
5.812442907993242613e+01
1.548056291284288761e+02
1.067484843423038683e+02
5.881481765105793613e+01
1.104869701168065035e+02
1.436578419460869895e+02
7.813413656817007791e+01
1.754992496554048671e+02
1.978646708814752913e+02
1.011139966670612722e+02
1.867345543927203835e+02
1.611568411350404233e+02
7.752476462348631969e+01
7.898157240515523370e+01
1.192260529288211615e+02
2.293930073992519851e+02
2.332796709545771421e+02
8.132460250491349996e+01
2.658645769620221699e+02
1.568965993902362470e+02
2.986015647843528313e+02
7.902035475288175803e+01
1.598344975588547072e+02
1.917753963896146274e+02
1.081011550307255362e+02
8.325025795201392498e+01
2.638399856738135441e+02
1.337149665070181186e+02
4.232760054860236778e+02
1.249140459379626975e+02
1.244735595157376906e+02
6.957608739864701874e+01
1.190637141682283726e+02
2.307519934547243565e+02
1.994933826406897026e+02
9.458933328626818593e+01
1.292200606368888600e+02
1.299654106085894227e+02
5.428797028309257939e+02
2.272379938851680947e+02
7.033307867656242252e+01
1.112193205070332738e+02
1.749594877465473814e+02
1.751401345175293045e+02
2.753951126173984676e+02
2.329601557907643326e+02
1.714556451286810272e+02
2.250145664801023315e+02
1.841491761410921413e+02
1.953692373574223780e+02
1.019295795875558071e+02
1.063026241612804625e+02
1.839430571092998719e+02
2.454546357513286807e+02
1.540259410467430143e+02
1.678238512218205756e+02
9.320461931594608984e+01
2.993606769859715655e+02
5.552784683066636262e+01
8.884381988781707662e+01
1.001439322380977046e+02
2.565899042930147402e+02
2.767652112330123941e+02
4.973192076031103284e+02
6.872022293718784169e+01
1.559821622725174564e+02
6.194137162594402923e+01
1.006834433867913674e+02
1.219634970310333415e+02
1.255150645682523418e+02
2.171065262393697708e+02
3.986667831119825678e+01
3.505463018103903039e+01
2.015189409634884328e+02
4.176266759601612648e+02
1.242368325322554057e+02
1.227038413338207050e+02
6.708111771092704601e+01
6.095059098924523511e+01
6.297201148086925571e+01
1.203841552463380395e+02
7.959361347798667907e+01
8.788899221460441424e+01
6.725412057108330544e+01
1.771833076288538393e+02
1.067887897071721000e+02
1.395211040526747297e+02
3.181788795875078790e+02
8.781639537554862329e+01
2.115036390761513303e+02
9.509967685609049681e+01
7.127679155326728733e+01
1.977895050000830963e+02
2.792445964189344636e+02
5.383701712164634756e+01
2.372144433526783303e+02
3.088689656321091093e+02
1.130236283112700590e+02
1.350896247430905248e+02
1.284924331059598330e+02
1.047757718372447329e+02
9.080170455614039327e+01
8.204427495530251235e+01
1.751596694023814962e+02
3.258682858066750896e+02
2.432115941532192949e+02
2.040991228637199413e+02
4.258153056209186502e+02
3.169674971237308228e+02
7.002437499382114083e+01
2.111573326105265949e+02
3.853091133893256597e+02
4.957825361340566701e+02
1.285589795304262282e+02
2.872194420054444777e+02
1.105134364870534824e+02
1.142214852254376893e+02
3.849853359528008241e+02
1.393905253025787943e+02
1.007555969864297793e+02
1.277193109617852826e+02
2.936235471626825984e+02
9.499139344050799139e+01
1.079309003556230948e+02
1.300061781079670027e+02
1.955322030303666736e+02
8.363974352343015539e+01
2.654030962225132839e+02
2.030766010385210620e+02
3.361784253283483963e+02
2.251051280013190308e+02
1.409604078686621165e+02
7.992184968729682737e+01
1.362701974221838839e+02
3.780689770561248224e+02
2.721711637118264093e+02
4.807493037778656344e+02
5.352040017876105082e+01
3.157678674767518032e+02
2.211029058172571240e+02
3.298061107584986758e+02
6.778070496517953814e+01
8.222419558599865752e+01
1.040884750082093717e+02
1.706437215094340161e+02
3.652570531573536528e+02
1.132782411875818411e+02
6.093414886240005046e+01
1.126780829766771177e+02
1.548085384254881376e+02
1.411464886103237859e+02
2.912466719634731476e+02
7.804313793673473754e+01
1.597783926074400824e+02
2.538982345217002887e+02
9.511849197577730308e+01
1.615865869136898993e+02
8.815468020623468703e+01
2.205042802861306654e+02
6.086257708180860959e+01
1.969904241890107528e+02
1.045444913298892828e+02
2.028750859613508055e+02
1.533506306508307091e+02
1.076525456238504717e+02
6.039424015290030212e+01
2.136132705538599623e+02
1.908676487326628433e+02
1.958153173268043190e+02
1.864707710392450224e+02
2.257058055198502871e+02
2.304253554861349471e+02
1.302142061564443907e+02
2.403952893190509883e+02
1.792686556471069821e+02
4.867062017649035397e+02
1.310429921061612504e+02
2.362861661151545434e+02
1.545501705334080214e+02
8.846906181193769214e+01
5.484023984912056449e+01
6.914623875978551837e+01
1.352665735587709435e+02
1.979950355602930188e+02
9.887775603124585189e+01
4.481986124525525383e+02
2.081252486017893091e+02
2.408629178789083198e+02
1.284648421173702104e+02
1.942658854749747661e+02
8.436202430097782212e+01
6.160512393037416956e+01
1.720579161817499596e+02
2.489762331279771956e+02
2.525753367546217305e+02
6.235980952082345397e+01
3.541536676504043726e+02
1.543706136516359493e+02
2.505793884564883172e+02
2.287154405844022733e+02
1.242527072974172455e+02
1.481218168500303989e+02
1.768098282371382481e+02
9.921305473181577383e+01
1.254280485652037243e+02
1.820131147941698657e+02
1.284647586468496456e+02
7.500966747442647886e+01
1.516750847158201907e+02
2.025633354850241403e+02
1.431028596464283282e+02
1.993240352698140327e+02
1.016211321450150109e+02
1.641730507203724585e+02
2.058727590044088345e+02
1.347591501105186751e+02
5.968922401681606971e+01
6.717010631863796277e+01
3.278494085886460851e+01
2.672911627690234582e+02
1.434803489928284250e+02
8.593227284287448242e+01
6.709149039264038095e+01
1.974501674429491231e+02
4.452695686415194132e+01
1.335195909363074520e+02
1.561464071889303682e+02
8.597699070488211248e+01
1.931477806303877855e+02
1.248840324091129901e+02
1.506663368847069648e+02
3.288998965710516700e+02
6.175163462105349055e+01
3.201520147360350279e+02
8.567680319866819616e+01
1.092430911652857617e+02
8.370177056506044266e+01
1.752619599823063652e+02
1.258471031982660691e+02
1.341492176296429193e+02
7.955090121304276352e+01
2.796303543508254279e+02
3.259904027260162138e+02
1.109530797258694150e+02
1.182280588908610071e+02
4.325760376850760736e+01
4.928645025216964655e+02
1.175346381666947622e+02
8.098781252045208134e+01
7.211677599714268183e+01
8.857447150034322192e+01
1.942774403267118828e+02
1.336653780867447949e+02
3.050681981382070944e+02
3.500363870727594673e+01
9.389638132165131879e+01
5.521236895935600586e+01
7.601556185077920702e+01
5.781393197116278770e+01
9.993512382869357680e+01
2.030602903147705263e+02
3.284451421950805639e+02
1.637354623022663986e+02
8.397030333628836729e+01
5.402592394421313315e+01
9.964926749614232904e+01
8.253629481479434560e+01
2.197080090142705160e+02
4.640765247409249383e+01
1.809038233403125844e+02
1.306088957208648651e+02
2.383337799558001393e+02
1.215164233241338678e+02
1.532515113780279705e+02
1.282287886567079909e+02
1.432371713268196629e+02
1.959971264749742659e+02
1.182966546593464869e+02
1.066200088195608657e+02
1.702087288161552578e+02
3.001723318517373968e+02
8.976690349269513547e+01
1.681385369167604154e+02
1.552858849749554793e+02
3.121104865719093482e+02
1.042670241979306383e+02
8.953741223262845494e+01
6.766021546187356250e+01
7.101705812401949913e+01
2.915060919405232767e+02
1.265279641708140588e+02
7.374454658598699552e+01
2.974589623439325123e+02
1.925985255910746616e+02
9.618502141514130699e+01
6.988035614005103469e+01
7.220638807092750255e+01
1.203752158532712713e+02
1.996560840745707708e+02
9.792583026662779844e+01
3.579820817386026874e+02
6.558665180125035477e+01
2.435104192430547130e+02
9.528703650015434334e+01
8.664895109578898769e+01
9.222318929612761451e+01
1.706170338329582137e+02
3.887980687167666929e+02
7.470946020465773074e+01
2.274639125957274643e+02
1.743341767647081895e+02
2.724966687808758365e+02
1.368393597807209972e+02
1.592218380272303762e+02
2.961237089256479749e+02
4.203168299627919282e+02
1.366886068301516843e+02
1.987103636853461239e+02
1.325602212907412252e+02
1.010120226545175512e+02
1.516297035572325740e+02
1.651095188168457923e+02
8.633902428431407827e+01
1.408717610811585530e+02
2.108551670667840199e+02
8.088788721291383865e+01
9.983615886038018061e+01
8.588076250024418812e+01
9.760844520525385803e+01
2.941165511138697184e+02
3.924092807974335528e+02
4.483511177070493545e+02
7.826841282517787590e+01
1.300429795196422447e+02
2.726274401747685943e+02
6.485255052169202372e+01
2.011771813870315384e+02
6.169013505375612283e+01
1.210938177430867739e+02
2.233825067338109704e+02
2.271265553785975158e+02
1.891446877559163795e+02
2.441725156351327257e+02
1.876447231553317749e+02
3.077976467076056224e+02
2.509022599931887783e+02
2.486584449583313585e+02
1.362762497728964206e+02
2.772817342070434279e+02
5.130323069960747517e+01
2.101082250725712868e+02
2.021003325444553980e+02
1.121069250443623417e+02
1.198273394661448776e+02
4.479815591611372128e+01
1.459659729959968217e+02
1.122178225146520276e+02
2.697211663785400901e+02
2.374324620450637155e+02
5.787196348337536023e+01
4.075220282503915428e+02
2.365424386658925187e+02
1.016315643141178384e+02
8.792650003141862669e+01
1.764561484709721526e+02
4.266609242459590945e+01
8.151342301947330782e+01
1.754431698504901647e+02
3.050036304463906163e+02
1.456051058229375030e+02
3.165560283794292218e+02
4.537233137290850493e+01
3.251041425789368304e+02
3.973697023536028041e+02
1.254144677849495793e+02
1.407123605397524102e+02
2.068394400970901472e+02
2.232926083369782475e+02
2.650226175891688172e+02
2.839382246027352608e+02
3.442064835875484619e+02
2.256130586948802090e+02
1.010778370409304046e+02
1.127733613160198445e+02
3.074599265099912486e+02
5.099051433570963354e+01
2.110259747304947666e+02
8.073396880467807080e+01
3.243594150881071982e+02
1.729305309742051975e+02
1.736913562202655044e+02
1.901055163214531945e+02
8.857419957065282290e+01
5.662727398661816096e+02
6.197545464997784848e+02
1.086557558548569347e+02
1.237167561459992839e+02
1.867035103726802276e+02
2.680201870887291875e+02
1.426737556271537812e+02
3.093661854586920299e+02
5.952283188057189278e+01
4.094968007894686366e+02
7.670675652379016185e+01
1.051799109748294399e+02
2.956320205804044576e+02
3.533981883551103351e+02
2.287758945196458740e+02
2.310242769235256617e+02
1.163669924286727024e+02
3.134904082872896538e+02
9.465195130663020961e+01
1.931865112101212958e+02
9.469580537741856574e+01
7.355828146371865728e+01
2.175440682555522756e+02
1.305684561458809299e+02
2.103103343940487093e+02
1.527972411062436890e+02
9.181503732384648231e+01
1.074407580547408543e+02
1.440584148428472702e+02
4.821540599592294996e+01
4.075627801205851028e+02
1.660112618870192875e+02
1.637970518956373382e+02
1.572109831847876080e+02
2.395783493182336485e+02
9.179790759275452672e+01
1.074376890497365480e+02
1.020982835687305652e+02
1.999526180684067072e+02
6.890521890604921396e+01
1.281877751901286047e+02
6.257343057646152573e+01
1.940267996307624685e+02
1.915179523245219855e+02
1.699422747542510024e+02
1.927228596374185372e+02
1.107522561181771152e+02
3.619025472445176774e+02
2.623785558916898708e+02
1.229843642920612723e+02
1.500698577382821952e+02
1.155268578416958718e+02
1.987206006551949429e+02
1.320133513566066483e+02
7.573098506578958222e+01
2.057486075459004269e+02
6.852162455290962839e+01
1.025630594735597896e+02
6.139721044829071417e+01
1.009611338880296785e+02
7.669600059431756733e+01
7.186095888674032039e+01
1.978290238686858515e+02
3.977467673185522017e+02
3.381040439495748728e+02
8.249670710462308421e+01
7.434760947828434041e+01
7.969261826022507478e+01
2.865130721528343543e+02
1.564814872661523566e+02
8.907181028264079714e+01
1.357844179810963965e+02
1.065785263801478493e+02
1.308196931089271970e+02
5.950015532026412757e+01
2.091285895176333725e+02
1.766736085100436640e+02
1.409128961601535366e+02
5.891530827352998045e+01
1.109418620246894989e+02
8.161312554945558873e+01
3.318783440989245719e+02
1.349810215264836017e+02
7.292831139001988561e+01
9.116622400835200324e+01
9.336968807538968917e+01
1.952969911964360961e+02
8.373691795955805617e+01
1.167320684562563002e+02
8.967445317733707100e+01
1.027251218523974785e+02
1.498481582575408311e+02
1.461055490666981029e+02
7.357772683305059047e+01
1.151879470341518328e+02
2.198562830246987403e+02
1.872237210807097085e+02
1.786042065658174067e+02
1.065332458212886451e+02
5.045579853420732661e+02
2.422256211930763925e+02
2.913994075663158014e+02
3.940452650062710660e+01
9.410519512547337229e+01
7.109097298320530456e+01
9.132637300090344468e+01
1.029700570426104349e+02
3.454332270687643813e+02
4.038205830738706936e+02
1.742341474460434370e+02
2.141876607713276712e+02
2.739366612756637096e+02
2.008601454072585000e+02
3.985446654767695662e+01
8.857458643407967713e+01
1.131006620337476960e+02
2.504418762685505726e+02
1.732458644016616915e+02
5.474544112849386011e+02
7.977822883092188988e+01
1.744607817334857600e+02
1.240717762142296863e+02
2.187619470948665139e+02
9.881379968837373440e+01
2.462275263162463546e+02
8.988890286476491553e+01
1.449535155638858157e+02
1.237421974303824896e+02
2.472996864891708526e+02
1.327868788377390388e+02
3.278508621962760117e+02
6.287601965809579951e+02
1.440775722180100331e+02
1.634053004210357187e+02
7.683839332018682455e+01
1.107971697715113493e+02
2.358738871595101045e+02
1.163828706864693601e+02
6.748640050872388940e+01
1.295571234943198249e+02
9.094066821233063536e+01
3.069266313936829533e+02
1.159214143604029061e+02
2.734167707822858233e+02
1.299478687794111806e+02
1.034075847978898395e+02
1.433519600144121284e+02
1.016792897109637437e+02
1.004462499543738971e+02
9.947882590443978756e+01
4.442997431447256673e+01
1.530482582026871228e+02
1.283755045682396769e+02
2.103992411887061564e+02
1.161009820594443482e+02
1.029183429903905136e+02
1.632249694483206781e+02
1.648096690873658758e+02
8.444667561913554721e+01
1.037679766449546577e+02
4.455518902679029480e+01
8.193391156673958164e+01
1.159085294159063722e+02
2.468204000902633481e+02
2.640838411291617263e+02
4.093286268224289302e+02
4.765451410027661154e+02
3.354049246610735509e+02
1.079337553037168362e+02
2.538852616608054120e+02
1.129438929451697078e+02
3.014127571896699465e+02
1.486791454427936969e+02
3.736922760655652809e+01
5.367310478753537950e+01
1.951248273754322611e+02
7.895172528575113802e+01
2.086169441840818592e+02
2.267401064527624044e+02
2.123691396757721179e+02
1.125381280233941794e+02
8.523265050574235602e+01
2.469098767032786839e+02
5.902091062883118155e+01
2.729388623569509491e+02
6.428651724860843331e+01
1.392057350008367393e+02
1.228860091602144138e+02
1.109649054460473252e+02
1.130097062094673390e+02
9.955491457813599254e+01
4.668796088788842980e+01
3.740182063535143016e+02
1.252580215381683928e+02
5.454873458674473596e+01
1.303505280529510060e+02
9.776522906859389650e+01
3.523689547709461749e+02
1.244647490664849130e+02
1.764320086043848335e+02
4.451618282306947094e+01
2.132659053459402685e+02
1.885301176103169496e+02
3.856659492791646926e+02
1.008753530148722746e+02
1.090965956474961587e+02
7.368255234120576347e+01
3.819165738764856997e+02
2.510928527780234560e+02
1.272011711510572809e+02
6.057597610251776388e+01
1.460659999532132076e+02
3.792171672398162485e+01
2.645112255878817678e+02
1.310139374592462502e+02
8.961135798536979280e+01
1.341317739772495088e+02
2.295406081372308904e+02
1.018135872357188134e+02
7.600277725407759988e+01
2.313588967107264409e+02
1.187366768435997670e+02
9.054316229038188624e+01
1.629172125753212583e+02
1.559238859535932136e+02
1.155229854070098838e+02
4.448918336765921140e+02
1.600275330493031163e+02
2.103261238270301305e+02
8.330459700362304432e+01
2.085175287645430444e+02
1.202938190829975440e+02
3.370115813154843067e+02
1.269022204448331621e+02
1.264614432553822212e+02
1.533502188186629951e+02
1.343221959023738066e+02
8.153016048780955316e+01
1.232548087333945404e+02
1.419392262760730148e+02
4.341072854967974877e+02
1.102311373781264763e+02
1.950930925912703060e+02
1.562373717101712600e+02
1.432726540032952300e+02
2.915574834681435732e+02
8.103365681687449751e+01
1.339899067059355389e+02
9.073801547426722891e+01
1.043129978519408922e+02
1.527792036900533219e+02
4.699117857886253091e+01
1.443106432383425783e+02
8.266498452460510293e+01
2.327941716319816408e+02
1.918070180264934095e+02
1.456533773601738062e+02
1.927801004552436268e+02
1.640202699853975332e+02
3.432482602966293825e+02
1.709145116481567186e+02
2.898095192922835963e+02
9.279552705518055689e+01
3.019243204588443064e+01
4.955415268030239417e+01
5.938569477898479363e+02
1.402668130812051288e+02
6.143063341559766144e+01
2.790574890742848311e+02
3.188346675280517957e+02
2.383842892772449602e+02
6.237798717410333893e+01
8.383096672228050750e+01
1.610243436379984985e+02
4.502055720009933566e+02
2.261032791732727958e+02
8.019565567082730695e+01
4.656027374614330938e+02
1.320448430447442547e+02
2.670189882957084251e+02
4.432802938889964253e+02
1.630380922996870936e+02
1.973195540466432476e+02
1.476710007395437287e+02
1.160843201292456968e+02
7.698263927240749638e+01
7.558548375289569776e+01
1.168038994592442350e+02
1.159769469759826563e+02
1.085369500715394651e+02
1.806780883679876979e+02
2.545632523773985554e+02
1.042908552866169174e+02
1.508983609485616739e+02
9.682481955449429734e+01
2.629348517051900558e+02
8.869383092827642656e+01
2.012300591097167057e+02
1.866170568792549034e+02
1.310335801123670478e+02
1.316893565513393582e+02
1.113500558849709137e+02
1.366472549221220731e+02
2.797624064269508608e+02
1.350315543500375952e+02
1.083866187477334648e+02
