5.305364875579763861e+01
1.021596304779616844e+02
1.616188907288530459e+02
1.964582644955148965e+02
1.592075290193222941e+02
1.547547337798440026e+02
9.490715072361463456e+01
2.122413937449002503e+02
5.501925371651203989e+01
4.954656301674982899e+01
7.864861170058023276e+01
1.587660223535224588e+02
7.765542470680973963e+01
1.429826545138845688e+02
2.400274574941570052e+02
1.411647912275752503e+02
9.982672561449108173e+01
8.608970756050986495e+01
1.211838506358142240e+02
1.738264477903090608e+02
8.484844453977868284e+01
8.230733743587276763e+01
1.454337749161232978e+02
1.723548842182410112e+02
2.872523918217690380e+02
4.080442238989206771e+02
2.556113780906268858e+02
3.725993992289574521e+02
1.925927984629354057e+02
9.377406126657906782e+01
1.059598969724919755e+02
1.663827042860604024e+02
7.252018690780823817e+01
1.011035097820849842e+02
1.276662946732146366e+02
9.585464560293999625e+01
9.542395963420568705e+01
1.206611911423040482e+02
1.026304829106008327e+02
9.548116641823818895e+01
1.108553128600466096e+02
1.737124654149804428e+02
9.203486675553359930e+01
1.428731752735125156e+02
6.754859607007753652e+01
9.203278121566907544e+01
8.416137477625260033e+01
2.833208636047019695e+02
2.413061642642431366e+02
1.855868926241599866e+02
5.128187305704109633e+01
3.399328370302871463e+02
4.768327019126913768e+01
1.687497696511811682e+02
7.191376357215318649e+01
3.057843640498102786e+02
4.939651360932118251e+01
1.546665215016950583e+02
3.733578256105968194e+02
1.078315428543962327e+02
2.642413051848066061e+02
8.161629887384835058e+01
2.274623513845644140e+02
9.380182282806454452e+01
1.700656086238736862e+02
5.936673717484672608e+01
6.118660206288291903e+01
1.432573400372122592e+02
8.450877188186005640e+01
8.060500580631409662e+01
1.852386399218441397e+02
7.187217111923996526e+01
2.144666709265393933e+02
1.975062286446463986e+02
1.155616353463295525e+02
7.258249061946749237e+01
8.442496681820841786e+01
1.430129433204307077e+02
8.436495495262802535e+01
3.046636423507177938e+02
1.414781515108834640e+02
2.619259081949821280e+02
1.500628001449900353e+02
3.210334254074368801e+02
6.906666231281258206e+01
3.170388843403030137e+02
2.848400188513493276e+02
1.127176838472195897e+02
1.451077611492470112e+02
1.132133058919226869e+02
7.351149849155864047e+01
1.458871129085707423e+02
7.267602801216334285e+01
1.169707788832771200e+02
1.111714278086891028e+02
4.440701136346032740e+01
1.735995153156243020e+02
1.408784091487416958e+02
3.370016680332057035e+02
1.360660516573812799e+02
1.078543255549645608e+02
1.721537570617788333e+02
2.903918093338291442e+02
1.130282230360857767e+02
1.499494166791734528e+02
1.355957447586001763e+02
1.042098186042248216e+02
1.797491337820490003e+02
7.722524897507388175e+01
9.092032863223897721e+01
1.103205555222925938e+02
1.384292966437607788e+02
3.296488954822974620e+02
5.842726054438098515e+01
1.182744936604147767e+02
6.780912543526171987e+01
6.560173073937480126e+01
1.055032421686022417e+02
1.613605498341077578e+02
6.462870537867658527e+01
9.399870062010302263e+01
1.885325326359117923e+02
1.173094829504443908e+02
3.857479047252043642e+02
6.986333951247570440e+01
4.303304879931749838e+01
8.016480659876596349e+01
8.211753522702701957e+01
4.364930612925836328e+01
1.144826989508287909e+02
1.830649208095413769e+02
2.256391406868136755e+02
8.193059406195612837e+01
2.107141442066982790e+02
1.440887014140282076e+02
1.336111091105669573e+02
7.679392127109097999e+01
6.931679761185958455e+01
9.739368216648084342e+01
2.034542167723244290e+02
1.213874184633971538e+02
4.617905281410641578e+02
4.820722129332961003e+01
1.663638106637126839e+02
8.769929555984204228e+01
1.551198520721976308e+02
1.065167260518811503e+02
1.393913475049455712e+02
2.067467738457486917e+02
9.604113631230110570e+01
1.162980515909516583e+02
2.454645620639730339e+02
1.415495944627717790e+02
1.715418751036708045e+02
5.864460224750128248e+01
8.060883771021666178e+01
2.454126987985133894e+02
3.700905421819888375e+01
1.460125019252803327e+02
1.581087989701862000e+02
8.413093371612025351e+01
2.077251692197808097e+02
2.343457257202331618e+02
8.457177077325131620e+01
2.063666091164132581e+02
1.331666339286473999e+02
1.102729932672012580e+02
5.406854621831816843e+01
2.147116234994973354e+02
9.013646623863043317e+01
1.496733184375304404e+02
5.106476611046386438e+01
8.256664876988915580e+01
8.656401505425159826e+01
2.173776746093927272e+02
8.291645813123305686e+01
5.267720001474653202e+01
2.422257995078152248e+02
1.683741043874815944e+02
1.831139432228785608e+02
9.164051972684139002e+01
8.480506835962012246e+01
6.985604812133897212e+01
1.435541521416183457e+02
1.272706461223176291e+02
7.458396208699996066e+01
9.845245079271005295e+01
1.475776947098858329e+02
1.250120703287726087e+02
2.377721571698538128e+02
5.838932916257743955e+01
8.755185606143993482e+01
1.932240029932327161e+02
1.298526463114909859e+02
1.040083878522827661e+02
6.101564325741524897e+01
8.831632093689164265e+01
1.147257138352358936e+02
4.112141251338711356e+01
5.637761309969784662e+01
2.068104530515889223e+02
5.754942713821934319e+01
1.672936806413025863e+02
5.297241383580904284e+01
9.914285150896451171e+01
6.452104816116154495e+01
6.034583640697091766e+01
2.634045826352624999e+02
1.442078742030313379e+02
1.633225360849329491e+02
9.960606135946137840e+01
6.698884520830756628e+01
8.424484462015735176e+01
1.195070920950929860e+02
2.577163558709584663e+02
7.351218007006193034e+01
1.143885901903715165e+02
8.211616613942037191e+01
1.450242230590731367e+02
1.316815980891549316e+02
2.436919923764652367e+02
2.028038734674762509e+02
1.319602471788427636e+02
1.656260343771361363e+02
1.423277070780280553e+02
1.322295003141768461e+02
2.113729905936722844e+02
6.437066369719725856e+01
3.183101488004541579e+02
9.903943093029438671e+01
3.136225667345842112e+02
3.730827520709802059e+01
5.177827812232288807e+01
3.207042048335717936e+02
2.044612755052827140e+02
1.365722519711382574e+02
7.742817799258376965e+01
8.482044555474337244e+01
1.649873585928382056e+02
1.498152344695064073e+02
1.180153082832261333e+02
1.953408550648016444e+02
1.714638494347556161e+02
7.896756041066910825e+01
3.027465590494575736e+02
1.204008587918272184e+02
3.029496401281977569e+02
1.645950991531043428e+02
3.038874389511855156e+02
1.770908279974032666e+02
1.387136112182656120e+02
1.583744181266955309e+02
3.800669887586060440e+02
1.661109151159620865e+02
4.669367785001130642e+02
9.173122216319599431e+01
6.086660713778230303e+01
1.528834240991306501e+02
1.264443068585203633e+02
2.007867466056628416e+02
2.701614999153025565e+02
8.748903200668657121e+01
1.280488303956313416e+02
1.463940611810528196e+02
4.513580455047002005e+01
6.983888379577558680e+01
2.311166839363625058e+02
1.959051370681160620e+02
2.259079147722798666e+02
6.029877891232128917e+01
1.134096865291995897e+02
2.366854951197001071e+02
1.354788820736019943e+02
2.633060275240559918e+02
3.092884271207390725e+02
8.702064537458696236e+01
4.364167965397079030e+01
1.296819535221295610e+02
1.386974778402855577e+02
5.962194898686533406e+01
1.182395777483228727e+02
1.260887751807161550e+02
1.430113059696043365e+02
6.370590862867303628e+01
7.000314849958171237e+01
1.342434526168193827e+02
7.842772357562735408e+01
6.442697047109184894e+01
1.586710279142233730e+02
1.535701517831963088e+02
8.437917959303808857e+01
1.469469598016465568e+02
8.360073808852989430e+01
1.259763497627099582e+02
6.715872778232892415e+01
5.769986180278608145e+01
1.431444022605018063e+02
1.975694032412937133e+02
3.131225517076702545e+02
7.517588847622145920e+01
2.799825499132197137e+01
1.507465853774424147e+02
3.254009667104683672e+02
1.351857659353268559e+02
1.581794048877418106e+02
1.400250808221607031e+02
1.285847392587192530e+02
8.157521604823284633e+01
1.488875611357682089e+02
4.562988393194996206e+01
2.305936716841950158e+02
8.402068027543936068e+01
2.565686377250513601e+02
1.528760969752746348e+02
5.840049788755041504e+01
1.016196413825552440e+02
1.600947624973923098e+02
2.584305766337951695e+02
1.515523984434452416e+02
2.076166333961811006e+02
7.320435265413043169e+01
8.164263980617340621e+01
7.466602618004282022e+01
1.108907105310942569e+02
9.967297428165922213e+01
1.038307497537491031e+02
3.032438248630850097e+01
1.013325934652199578e+02
2.521966330148520967e+02
1.013552790591108419e+02
1.269282269618817480e+02
1.123480928238073915e+02
6.367887207853509324e+01
4.768842517818840321e+01
1.068710676852820995e+02
1.667655738301536132e+02
1.291639736726374394e+02
1.965199803761265400e+02
1.364252237993034669e+02
1.705176642435735062e+02
2.227201760085617366e+02
2.203702222758377332e+02
3.137960935863946474e+02
1.315624515843612699e+02
1.366034510361342029e+02
5.548765551358536641e+01
1.460007679726787728e+02
9.334366471445123636e+01
4.887462293959507065e+01
1.472600544766012263e+02
4.201770107397015863e+02
9.837301824279448681e+01
9.855884237605853571e+01
1.092639878026096483e+02
5.105635227423766054e+01
1.485076011222482180e+02
1.326451553647915205e+02
1.094176930640061016e+02
1.022703701904981841e+02
6.553435858312437290e+01
1.056646942480041531e+02
1.375061024162248486e+02
2.674287796430283848e+01
2.092889788690820581e+02
1.482265747254805603e+02
1.286635545369036322e+02
1.497307489601158181e+02
1.305340775975845133e+02
1.092670159353502584e+02
9.540600132311445236e+01
1.084878161021460130e+02
1.000324726251372596e+02
1.369018498966779305e+02
1.474137568210467748e+02
9.838708188375692032e+01
1.139043030526931517e+02
2.056460587163536218e+02
2.903796863645910094e+02
1.117915054749540644e+02
1.603223607140849936e+02
8.583205648908784724e+01
1.176324369434265407e+02
1.334711667173297371e+02
1.941600485619119922e+02
3.626704749798782501e+01
9.988170291988069494e+01
6.528817265367182188e+01
6.951538965118521674e+01
7.472658607063273450e+01
9.217935955427586237e+01
6.029159275960756048e+01
3.232645938675362913e+02
2.671065289455369793e+02
5.470232257732990178e+01
3.563428489699531383e+02
2.038458775748015626e+02
9.122830965429261596e+01
1.034446042091197171e+02
1.822075936740308180e+02
6.879710164529879535e+01
3.854256428823734950e+02
2.587344328879928526e+02
1.312040421720344625e+02
1.142552178964569123e+02
1.276129201240350852e+02
4.011785471809885166e+02
1.249777314339651753e+02
8.232991515962770279e+01
9.014062782133368046e+01
4.162321941273635417e+01
1.949671335843519842e+02
6.302278447987472987e+01
2.960203155191993005e+02
1.099222164422935322e+02
8.915302071371930026e+01
2.744070137364955713e+02
1.833717892152791080e+02
8.190053271067924356e+01
1.704884456112908140e+02
2.721195085478487954e+02
2.004652942510340381e+02
1.103857423358450944e+02
8.798937086012881537e+01
8.183280857794584051e+01
2.418977368747790706e+02
7.865421468359345170e+01
1.758188611824451186e+02
1.284117964691447753e+02
1.861805243162532975e+02
1.133674431952315729e+02
4.284464418225888949e+01
2.323968375357295031e+02
1.942176757693255524e+02
6.748233762407261338e+01
1.302875271259368901e+02
1.315924904217342828e+02
1.025198244704096879e+02
1.491173520376035242e+02
2.102241648126488371e+02
2.485701437478533080e+02
2.501738593555338355e+02
1.960925870722072943e+02
1.822389535640627400e+02
1.213962031779087738e+02
1.224983745007730960e+02
2.480053622398166056e+02
1.135764585230187009e+02
3.011494484323394545e+02
1.884623529805294879e+02
4.074394513758572316e+02
2.082870291331459782e+02
1.104776082635695076e+02
1.925182451624164912e+02
1.251539213041823331e+02
1.562368552017605623e+02
3.333850550468039273e+02
1.185450756530410814e+02
3.410620097915817155e+02
1.430454848473415836e+02
6.852820579084450969e+01
1.160044523489158905e+02
1.390153894060561299e+02
9.238576794097747324e+01
8.301513902140706591e+01
7.570627018073670911e+01
1.047852649284875071e+02
1.110956610451461444e+02
2.467241841405708840e+02
9.988879868460865907e+01
5.178872083274723082e+01
1.480305964613978915e+02
7.576231019503465802e+01
1.061181686687280887e+02
1.912002931178597578e+02
3.540017693664212857e+02
1.830193908656166286e+02
2.031502586760893792e+02
7.161767410619394525e+01
1.221618496011808475e+02
1.957849762489651368e+02
1.740360690972814552e+02
4.173328789950647888e+01
6.866866544545121087e+02
2.111485697142002209e+02
9.644935739858779300e+01
3.208395093315756412e+02
2.373499581752016354e+02
1.328725606692873669e+02
2.034326925087946165e+02
9.545838486145864010e+01
5.584959566948941045e+01
1.491061775044513524e+02
9.900357289608298572e+01
1.338471667255232660e+02
1.375652973326383801e+02
1.598052776701665891e+02
1.115168091747508470e+02
3.851338773724741031e+02
2.074423032670647444e+02
1.518254791086130808e+02
2.334821505105125254e+02
1.980053216388473345e+02
1.624390045184669589e+02
9.664749943318926739e+01
1.143343831973144944e+02
2.155444680376247106e+02
3.846656257786957553e+02
1.752339888373323333e+02
2.517754221012686173e+02
1.548684615054293943e+02
1.630720434966776793e+02
8.828161273897291039e+01
1.253222801887419848e+02
1.469353789645664392e+02
3.245692023162428086e+02
3.240372503573204881e+02
1.972778215664851302e+02
1.043585388899341098e+02
1.474172998627716993e+02
5.894900060283863041e+01
6.196048642789255467e+01
1.475405218773893239e+02
5.212995796888188949e+01
9.112521807103465221e+01
1.699478540233395449e+02
1.165507507080221217e+02
5.941685374283504473e+01
1.851358301216665723e+02
1.532537796771738385e+02
2.807120150661710341e+02
2.233765115717279741e+02
8.351993133768286270e+01
3.259113949040490610e+01
1.052289159574144151e+02
2.040942262510327510e+02
7.975295860289753591e+01
1.137986268430808963e+02
1.187448509575242781e+02
1.336820315158499000e+02
1.380473380979707372e+02
4.891058167886327368e+01
1.862850116111006002e+02
2.839099446797175688e+02
1.157299483821375645e+02
2.258591795976143146e+02
4.385325382207896610e+02
1.687061157504438142e+02
1.236344383719242899e+02
1.368029060937253121e+02
2.406901324228914518e+02
6.373570580188710011e+01
9.265595060775049774e+01
4.316615650460003053e+02
1.777276986050431162e+02
1.067839531233819059e+02
1.752374041621824290e+02
8.561227292657639509e+01
1.375993643443399037e+02
9.382856933253080456e+01
1.792040827022612461e+02
1.267561084774621492e+02
3.312855733059329850e+02
8.356655243868978289e+01
1.035079678523766233e+02
6.976642669855642964e+01
8.718087458038580451e+01
8.741309603641634851e+01
1.177139968000971919e+02
2.081056927739044795e+02
1.083167607505322820e+02
2.626545485149290471e+02
1.342335321801707835e+02
5.361993058819737001e+01
7.788540095322235857e+01
9.209523156009716160e+01
4.318192562011321343e+02
1.949783163248102085e+02
3.928775616142516469e+02
3.809994251802876875e+01
2.107161351443605781e+02
2.553437878432076218e+02
1.009631988739458706e+02
1.134652150385355327e+02
9.422378269110356541e+01
2.570639987626648235e+02
9.356607704174095375e+01
1.269078645758700929e+02
2.203194353832305978e+02
1.395669064721891175e+02
2.473701873670173654e+02
6.020148083519694637e+02
1.373044676116773530e+02
6.078287864137500662e+01
1.025917421178119184e+02
5.722621463408697196e+01
2.140476523814211021e+02
3.205519919156376432e+02
2.736025086435913636e+02
1.623330781089381389e+02
1.618712292731505329e+02
2.467650019973826545e+02
1.022164430744813473e+02
3.621509386584156687e+02
1.096036460692816661e+02
2.079869237646771580e+02
1.760059201212819175e+02
2.321281842512401852e+02
2.000463594490447292e+02
8.407323850027638912e+01
1.127531781998149114e+02
3.827855244842516669e+01
7.167317466211561339e+01
8.660799271181697634e+01
1.215595690431663485e+02
8.617734554652132317e+01
3.776122999944680032e+02
9.315735864956428713e+01
9.889662316026013400e+01
1.417102480563414701e+02
1.165975742159478301e+02
9.740437970230139797e+01
1.667632857053175144e+02
2.641100127046472039e+02
1.411037858748793496e+02
3.998374137606190004e+01
6.970231728804523641e+01
3.540338117224230530e+01
1.446464911358578149e+02
1.249171030174836829e+02
1.404526883087188764e+02
6.330099889199133401e+01
3.390528734294188240e+01
1.098968713098534380e+02
1.633522405301123399e+02
3.100519967323678543e+02
1.685018268124461542e+02
2.588350064760872442e+02
2.305738851125147164e+02
8.109431276970762781e+01
4.952770057175403906e+01
8.867269401608643875e+01
2.903174229593613518e+02
1.652641039033681523e+02
8.603189043422187865e+01
2.567888066907243001e+02
1.176422337666943605e+02
1.494609879644231967e+02
9.780853381701821547e+01
1.128510623290943471e+02
6.064820915385604394e+01
1.494105422415327098e+02
1.268782128247333532e+02
8.899847505321211827e+01
3.762447793809574819e+02
5.630726146403814170e+01
1.359563707455857013e+02
1.247377806470857422e+02
2.538243970270249292e+02
1.871355997089275149e+02
7.666065285451446698e+01
1.058266904619090809e+02
8.263518689635726844e+01
6.646400523014207806e+01
8.333600397844931251e+01
6.600045615504832597e+01
9.043628879268857190e+01
1.375232799637131791e+02
6.184616951719287954e+02
1.295086304344583823e+02
8.239938672354703897e+01
1.335415009720089188e+02
3.781090724435231465e+01
8.884305487215701191e+01
1.337554447885822242e+02
1.699051223824768044e+02
2.314500436075532264e+02
3.117754856792664100e+02
1.690596689516288507e+02
1.519992142432269873e+02
8.074140357439983973e+01
1.079822942790845985e+02
1.271236554053007097e+02
1.067915567509562749e+02
1.497945702049068473e+02
8.119313778580765018e+01
1.333113196885110483e+02
7.937445522336062709e+01
6.485489256863235141e+01
1.960395844530178522e+02
2.025123788009948385e+02
1.250389409400603000e+02
1.618322791415579331e+02
6.600215133160575931e+01
1.232880418534955425e+02
1.511412890182483579e+02
1.980343800025006828e+02
1.033989786031413587e+02
1.072477250132114932e+02
3.590507008710362129e+02
2.672371997858557506e+02
2.165318679559686075e+02
2.448880115907447816e+02
1.494543061131423656e+02
1.793636322589357803e+02
1.949147495490069275e+02
2.556122955137893484e+02
4.393768990035034250e+01
2.204910444026707808e+02
7.566477974221341185e+01
1.281389720844233580e+02
4.509497505520407401e+01
1.554303236296528326e+02
9.006972422310506943e+01
1.298634773492468923e+02
1.299509884537260405e+02
9.581000994453454211e+01
2.552286853474529096e+02
1.072081038060837983e+02
7.529165549292557102e+01
6.453581963482226058e+01
6.078412377435327585e+01
7.998608039992888052e+01
5.599536766921794140e+01
1.651166013534396200e+02
1.331530248473657139e+02
1.491897663732840158e+02
1.706856125178788943e+02
2.083974193294652935e+02
6.709909883792795426e+01
9.589106947953941074e+01
1.460254469693127248e+02
2.051958777865997945e+02
7.863444236150793643e+01
2.291447839023987001e+02
7.904316740143192987e+01
2.530606794584895169e+02
1.441786437499848432e+02
2.343042648170322479e+02
2.044286241342722974e+02
7.800179320625443324e+01
2.408895723831628004e+02
1.556870463561076008e+02
1.087907523939258425e+02
2.048184454781995498e+02
2.080250338633717888e+02
6.860579872075574315e+01
6.316238224297596844e+02
6.334713822556704343e+01
6.212051894360312332e+01
8.828434519286248872e+01
2.707258042002976595e+02
9.111901714206423719e+01
7.396651449575591641e+01
3.427301023433587943e+02
9.634527294572511380e+01
2.217792961693939446e+01
2.729888208922313311e+02
1.048411575169380967e+02
1.066973804582918319e+02
4.367666587700295366e+01
1.113031073814897667e+02
1.753222991665915913e+02
1.101754286148025699e+02
3.083288226629550763e+02
1.578660045081711019e+02
2.517320950963507755e+02
5.519667176583755008e+01
1.935306211804881684e+02
1.953353935107046766e+02
1.315094808993079596e+02
5.462060144895598768e+01
1.731583575820701242e+02
6.790043326024166959e+01
2.526059906169896294e+02
3.871181067991368536e+02
9.977590155331222377e+01
1.141220916180819529e+02
3.248889199326399648e+02
8.875588773805380072e+01
7.055309433710432643e+01
9.071258655787787006e+01
4.061308287393114256e+02
2.499901859152404882e+02
6.167932105261596831e+01
1.556245999349334852e+02
1.297437648711352836e+02
1.818646279124330647e+02
6.587676312962899772e+01
8.915349571160308528e+01
2.103490455527136476e+02
8.399284580322100169e+01
1.311886798253004827e+02
3.720410225150109795e+01
9.706400518895435425e+01
2.319557898996918368e+02
6.043823342904194362e+01
4.122324710658431286e+02
7.369669687847125772e+01
1.022665789879432054e+02
7.056479983443281867e+01
1.177370969635831699e+02
1.554481509861745110e+02
2.332193500565125817e+02
7.622681430306676020e+01
9.431458159150254517e+01
2.034461285245416775e+02
1.747114496791169813e+02
4.411918093511788186e+01
1.138540158428926503e+02
9.974321697240783635e+01
8.677081732062796959e+01
1.295413310401136187e+02
2.522109850144304346e+02
8.769887897865791615e+01
1.021898713344911442e+02
2.358157167448575535e+02
5.385528632049712172e+01
1.066199428400058764e+02
7.596017561199816726e+01
1.145810486323156852e+02
1.612328865647170062e+02
5.126150713886125487e+01
2.588140613256404094e+02
1.727434378642302306e+02
9.679326345515825381e+01
5.869092932397956730e+01
1.239167459501663160e+02
6.561462796937749431e+01
1.171147027198910564e+02
1.020178891203644866e+02
4.325965243932229498e+01
5.395423159566757221e+01
8.909518725158505958e+01
1.710943864125218568e+02
8.818395435977694774e+01
5.252795885316761542e+02
1.865099147631860887e+02
5.939004705867188960e+01
1.016021949461131726e+02
1.929995210813589495e+02
1.214061298376694111e+02
1.045542465114224910e+02
2.304383966703071280e+02
1.108785769966558519e+02
3.042523492641147982e+02
1.618158366904683021e+02
1.724280514471060712e+02
1.203829517769685395e+02
9.299128610230872027e+01
2.036821544868176375e+02
1.245591750797142510e+02
2.946183724473607981e+02
2.265837908699673733e+02
4.968548944033786796e+01
7.325381717196063391e+01
4.965958967849697814e+01
8.186609288456935474e+01
8.811611506605009936e+01
5.967921452603098942e+01
9.878957382037479817e+01
8.519743958772866677e+01
7.386571487333405628e+01
7.617540440794277856e+01
7.728663371603774124e+01
4.903378099402789303e+01
1.464276374215883436e+02
8.646482319342609912e+01
5.111764133055648784e+01
2.193320534247290823e+02
1.450103913159889544e+02
1.359188306599187399e+02
2.657554198358583903e+02
8.644221944503250654e+01
1.003124834368939986e+02
2.528214832682986923e+02
1.034877228089873284e+02
6.336589567363435549e+01
1.202860505875846684e+02
1.074501816558900629e+02
8.434363495700208091e+01
2.961042567014390556e+02
1.003813564202285704e+02
6.100616676661383053e+01
2.111344584489025920e+02
7.417128122657743461e+01
6.545316361697599916e+01
8.224177057161787729e+01
6.892632983551352766e+01
1.162725611460291333e+02
2.916053271217653560e+02
1.469779317890352672e+02
3.286223773953662430e+02
8.797506944680459640e+01
2.476036413983426314e+02
1.216033742328322660e+02
1.032142602672886227e+02
2.523182264902504812e+02
1.260301675800522503e+02
1.654326765175944445e+02
9.518289076333753940e+01
2.062302628233281325e+02
3.914537017363459768e+02
2.253514120986351941e+02
1.343576447002639043e+02
3.361543776169947364e+02
1.164351658829145464e+02
7.017738595150926528e+01
3.648606261866331835e+01
1.168431937087099328e+02
2.028817581007351976e+02
4.132681026857006827e+02
1.007680174999673142e+02
1.659090724619973969e+02
6.178486025079169508e+01
2.258869649103647816e+02
3.219218664119899245e+02
3.115847272631667124e+02
3.426926119224877425e+02
2.885713617170055159e+02
4.893505608009775187e+02
2.535308426344764712e+02
1.285952934899102900e+02
2.044211804083377046e+02
4.831164442738948850e+01
3.723342186510529928e+02
1.878619501892365520e+02
1.971297396749982340e+02
8.561446803030142405e+01
6.508834584165163051e+01
8.829012844643924041e+01
1.712135985158838878e+02
1.721959690164186441e+02
1.708789617597942083e+02
1.652294258067437056e+02
1.743050993653597800e+02
1.410200945885711974e+02
1.519246299890313878e+02
2.362269868009571212e+02
9.039258353946345892e+01
8.318217933439873946e+01
1.216644509143510078e+02
8.045502569515291214e+01
6.467349721313632926e+01
8.176581031678455247e+01
1.247302480252072456e+02
5.797869289572927443e+01
1.445532310017264592e+02
1.257748834590380369e+02
7.514731927166512548e+01
1.419061132653728237e+02
8.584899124241505319e+01
7.691430245092749374e+01
1.108113934438489565e+02
2.086304446642294579e+02
5.785031776119528502e+01
1.075956704453819412e+02
1.111952711174348138e+02
6.266603945239866391e+01
3.232044340492446395e+02
2.170138451547580303e+02
1.310782848238626173e+02
1.305752156849850962e+02
9.575268777412141219e+01
1.513997569275350656e+02
9.065381199692703262e+01
1.393869283468564504e+02
2.718877209044425740e+02
1.588834324329005767e+02
6.882640140918715588e+01
9.810223367493425428e+01
1.305649022667720658e+02
1.410653669834691186e+02
5.833282833647426742e+02
1.118971891310828539e+02
6.761702815913558595e+01
6.605285429623980065e+01
1.727794700790620368e+02
1.060033422073644118e+02
4.659555682872630911e+01
1.009712340904872718e+02
5.532516778930357049e+01
1.116018513697431587e+02
1.607362589582607768e+02
2.538120723936015395e+02
2.074201140114242605e+02
7.490111874893841559e+01
2.536870261451458077e+02
2.375506824114446829e+02
1.113414570193385060e+02
1.009610566800228639e+02
6.348014128106896692e+01
1.017785622642227850e+02
3.704576037295674951e+01
1.631425277729731533e+02
1.122096857725629349e+02
6.786694378416612494e+01
4.127945492294854546e+01
2.891643081173534711e+02
8.946458594419773647e+01
4.988209304795477550e+01
1.993801069524611478e+02
1.051911296689717545e+02
1.013713398973209792e+02
1.870989982920656303e+02
1.557352503027358352e+02
1.880765765216097805e+02
2.387840112539212782e+02
2.921855077439895467e+02
