9.271154190542675622e+01
7.507691076920008300e+01
9.200889740489851931e+01
1.010071459940536442e+02
9.105758155824898381e+01
1.365142313112149282e+02
6.760573368234767599e+01
5.909223773579704897e+01
7.600339399986300748e+01
1.469587931346764833e+02
7.971667867872668012e+01
3.205735864624020337e+01
2.180099319218048777e+02
4.536411828903350738e+02
1.783434546785527459e+02
1.524677391858428734e+02
2.233562386577566770e+02
1.497816601619755090e+02
1.015159278039026418e+02
1.374581438164895246e+02
2.504238891191049845e+02
1.419098985606375720e+02
8.072438941779756760e+01
1.656029316468637091e+02
1.977891265269537939e+02
1.527810060787111865e+02
2.772041478801257313e+02
1.303907109131914694e+02
8.734007937718567405e+01
7.893910177283987650e+01
8.750884124227108884e+01
1.014330103769792402e+02
9.088563728515434548e+01
1.355060684308567431e+02
1.218128973166754605e+02
1.160903387117042342e+02
1.595103198238017512e+02
1.822713362040886977e+02
9.190906296739063919e+01
1.072139186318877648e+02
1.449690261726866254e+02
1.599668221507727139e+02
1.824459912912066670e+02
9.940267458790074784e+01
2.207918233316798364e+02
9.029530243262406941e+01
1.098057637359984113e+02
1.847908015380285462e+02
2.129350051139297193e+02
1.028216041523782707e+02
2.470170503540034872e+02
3.991946063401337597e+02
1.172521525757589416e+02
1.101305283491243472e+02
7.754240311606795899e+01
9.163841402819302573e+01
7.496942384379535440e+01
1.597833857564269238e+02
1.309526906463930800e+02
1.245072647639224215e+02
1.628769694822077270e+02
4.553786974119493181e+01
2.951293887908785791e+02
3.479637774403641970e+02
6.310916756548726170e+01
9.685745768369923780e+01
8.786903136033390638e+01
6.359473463688117789e+01
7.124045489352761251e+01
1.756792854043202112e+02
1.909498917030317102e+02
1.408471767710738902e+02
1.583468599480914918e+02
1.164139475099116652e+02
6.884810690379187292e+01
1.538119086335382804e+02
1.904345272431231706e+02
8.066511587400837868e+01
5.989054574926519336e+01
4.168785916847060093e+02
2.193550164718336930e+02
8.189766369803440682e+01
6.660894790821537015e+01
1.838452732325658587e+02
1.019946511241116553e+02
2.283162825367396351e+02
3.408991001154212199e+02
7.641738061369713364e+01
1.162141512278800803e+02
2.894002265544040142e+02
8.477648760999515787e+01
3.166230651717367550e+02
9.530176318426617854e+01
1.347299581757968667e+02
1.334750466195905290e+02
1.565003918195343715e+02
1.350471876965634408e+02
1.224416508141690514e+02
1.097493734588385337e+02
1.435136612327417538e+02
1.228875079319326886e+02
2.446878788125058861e+02
2.170451825159035479e+02
1.307014234150225320e+02
1.151632194903137787e+02
1.656080601040974614e+02
1.061912020480373258e+02
2.106074257244306125e+02
1.541496448760105409e+02
6.973501906701525854e+01
9.141547864625614750e+01
1.873437543662377891e+02
1.554040115564834821e+02
1.047465136527805640e+02
1.874303247240077042e+02
2.245621444430979636e+02
8.960283190264020448e+01
7.469763379818542148e+01
1.083620052469231752e+02
1.000548990733548891e+02
1.183631357769197479e+02
2.613997742091398209e+02
7.694860133458061568e+01
2.129176546174901432e+02
6.004175866212803214e+01
6.571946003885108212e+01
9.149063933828767858e+01
1.918235173548822843e+02
1.058333833885252062e+02
1.207807617206553772e+02
7.604595824933097958e+01
1.257307865418458164e+02
2.082099315229953334e+02
3.846816289065678518e+01
7.215791905990533905e+01
1.887112322218638951e+02
1.138345741289987529e+02
6.769027740882216904e+01
3.131585432319459414e+02
1.748351205284274954e+02
4.830059335037889667e+01
8.711056908243939745e+01
8.823735010281836821e+01
8.609439076340891006e+01
1.124074243282206567e+02
5.797108767707239707e+01
1.182711636944918752e+02
6.462832094018997964e+01
1.639269873321990474e+02
1.544304048518692696e+02
1.328087420892092325e+02
2.396500095008742619e+02
2.741794145856882210e+02
1.087461161229833948e+02
2.389458772001271996e+02
1.930682519836193194e+02
1.608274439146204315e+02
8.230033317411793803e+01
3.374729631386465485e+02
2.322723014180394330e+01
1.406508721839088025e+02
1.965570691101445391e+02
2.364317551150206782e+02
2.728322968223831140e+02
5.184945265675111159e+01
3.059483342000052986e+01
5.668024513789064400e+01
1.169756002973119706e+02
9.535378589264034588e+01
9.846680416407978953e+01
1.633872639790833148e+02
2.150424731940458969e+02
9.945781365256446804e+01
4.713363161994911366e+01
2.784651527769103154e+02
7.895058465937459857e+01
1.887770086350390386e+02
6.327746398881247814e+01
8.391817798489381630e+01
1.682863100968869503e+02
7.540948033088706381e+01
1.007151947560270600e+02
3.001940767318982921e+02
2.284504305875131251e+02
3.443082973197653018e+02
1.185585427730961499e+02
2.156357977440995910e+02
6.899608528136175778e+01
6.191179516499971669e+01
9.806165948088356288e+01
9.714827602469503631e+01
3.611857885926391987e+02
6.674224909567844577e+01
2.525640379451003170e+01
1.477448935926488218e+02
4.481351305948037123e+01
1.776428608060505496e+02
2.232992621600544680e+02
2.880793403600404190e+02
8.854902290553404498e+01
1.485264462753794419e+02
1.162709374588283850e+02
8.190902650879871771e+01
3.132070731949515334e+02
1.928163699089723195e+02
2.609696547666682704e+02
2.074722149766982966e+02
2.810594696317555190e+02
6.959382135373675737e+01
3.285386241149677744e+01
7.336158380823879099e+01
4.551521345900385285e+01
2.657306128767710902e+02
1.734943674604364219e+02
2.001558807980773906e+02
1.508972291257046265e+02
1.520639343222511570e+02
4.577538609596426227e+02
1.330442533799684384e+02
1.102264877637464622e+02
1.704283794086856858e+02
1.121654535221931326e+02
5.608415229682520931e+01
1.505648692160554845e+02
8.778541509977323187e+01
1.058275659343913873e+02
7.598037768930815616e+01
4.330484734925991575e+02
1.245292759039220556e+02
2.166591699997959211e+02
1.322418912846509045e+02
6.334193141602032995e+01
1.118315322198335622e+02
5.468033671104267768e+01
8.495023437276239520e+01
1.145661237577129157e+02
9.583869841037272863e+01
6.534099342050761550e+01
1.005956362819866143e+02
1.275688944432989445e+02
7.098373119922994192e+02
1.305144021652021991e+02
1.094477074631306266e+02
1.179255250558062045e+02
1.610340485526140810e+02
5.350502944654363091e+01
1.601471715755077128e+02
1.260864846366442436e+02
1.459407003305417163e+02
1.110328241436949241e+02
2.849624064710861262e+02
1.220429193339482907e+02
1.044275738121037449e+02
1.567130870877810764e+02
1.731640477897396977e+02
9.429000902835034026e+01
2.508361176631782996e+02
1.958641452471257196e+02
6.818063870572073881e+01
3.999961566864946150e+01
1.925377410906910711e+02
1.050662008419843119e+02
1.574877729077610411e+02
1.160281116949746121e+02
3.555384308188602915e+01
5.941580504999092938e+01
5.488994293894208454e+01
8.412470145783777298e+01
4.626182642865956041e+01
8.013867277758659213e+01
8.733375341863155938e+01
1.301039147469678880e+02
5.516045877962108790e+01
1.627878867884555802e+02
4.821483947728862063e+01
2.238384264027819484e+02
9.130850105402053885e+01
1.864098087910083734e+02
7.679378273348883965e+01
4.867378186666426387e+01
1.213483040345256683e+02
3.745840271113760878e+02
1.006290223038916452e+02
8.338052986402016131e+01
1.209765497575720588e+02
1.341658397155821376e+02
7.184524130344107107e+01
2.640629134273975183e+02
4.581840445728520450e+01
4.013821393732447973e+01
5.428871682254010693e+02
7.624049241506114072e+01
1.053309982890634302e+02
1.305119581465726810e+02
2.271641757405454314e+02
8.528112180184977831e+01
2.036198809774481902e+02
1.767294196303477634e+02
1.402073630197257046e+02
2.292838772153066600e+02
7.095281929216956485e+01
3.035280785763647486e+02
3.205062014432329676e+01
5.956069013554712654e+01
1.076887817628069968e+02
9.864121481445826589e+01
4.508255226116205705e+01
1.922742674669244707e+02
1.105490168909233972e+02
9.381582233705643148e+01
1.041691196898911898e+02
5.223765326810851093e+02
1.385720963121095792e+02
8.160642875197871149e+01
4.815015520090297940e+01
1.249404692188313959e+02
7.110156659869136320e+01
4.820624825481583997e+01
1.945842281222172971e+02
1.359058430562054696e+02
1.366483659292426864e+02
1.900416906148911664e+02
2.222966754784703483e+02
2.000380744953367582e+02
9.470561253292697756e+01
2.508905793308321961e+02
1.260826591609625353e+02
2.847259326522767253e+01
5.498456964096118327e+01
1.459188252367774510e+02
7.817041975634707285e+01
1.268776651932552682e+02
1.711675276426195182e+02
1.482578023653788648e+02
9.151558781717112367e+01
1.357186042366820971e+02
5.642619036096881757e+01
1.958185143991105690e+02
1.378139774830509623e+02
1.318787575173514597e+02
9.475756823892749026e+01
1.688636552178626857e+02
9.247034506088583328e+01
9.045556771013964692e+01
9.901861252320018991e+01
2.049888294858887150e+02
1.042862473558322307e+02
8.946451832159246464e+01
3.127588205259036158e+02
2.413373050872911278e+02
6.986725244281539915e+01
1.872458011721512037e+02
6.589319305667342519e+01
2.053827481870860083e+02
8.723922022325560022e+01
8.201066834914144010e+01
6.678131611047697902e+01
7.216828259887272168e+01
6.843403058779686887e+01
5.150868801872523051e+01
7.195896045840503064e+01
7.817091168703461790e+01
7.903722365484561863e+01
1.937138295748029861e+02
6.281508813139333114e+01
8.566857173762876698e+01
6.866755069164642578e+01
1.547278462664939980e+02
1.177717565147344914e+02
1.574449243271184571e+02
8.575035006200323551e+01
6.814632665133225942e+01
6.435417149983257445e+01
1.545571038378535036e+02
1.049290279349588673e+02
1.963630078405546158e+02
1.167991104802628541e+02
1.045294894611384393e+02
4.861199864531340609e+01
3.686286562511202192e+02
1.535348446407547272e+02
4.846912552540236163e+01
9.600238900267464714e+01
5.290605716321228158e+01
1.629630477208734760e+02
3.102064953384195860e+02
6.494137677884160098e+01
1.721695800811513095e+02
3.042468169637252373e+01
5.857808216423513841e+02
7.949500298857137182e+01
5.519874234419508952e+01
6.550011951573924307e+01
1.193764607893515972e+02
1.567442798145437450e+02
1.173148312286503483e+02
3.469954051607718526e+01
1.231353062803515002e+02
1.927356020609861957e+02
7.179340424428441736e+01
3.542179193320117747e+01
1.344097464719212667e+02
2.622464017402652416e+02
2.100626647447128335e+02
9.441340571997241682e+01
1.126598996552608298e+02
8.704409596174623687e+01
5.025481302084533581e+02
2.003769233265287255e+02
1.353411466237347724e+02
3.485623156305952648e+02
2.158794587171508681e+02
8.903349214037861259e+01
9.018120124575175112e+01
7.236912502867711794e+01
8.146932453531056240e+01
6.401253899862578010e+02
1.368601948795017051e+02
6.458023821351952165e+01
1.776995916371487567e+02
6.788395177455238638e+01
1.434457313698308383e+02
1.836870917652080379e+02
1.401983785109838720e+02
2.764651989134107453e+02
1.164873400109004109e+02
8.258497415016682908e+01
6.824825964693101810e+01
1.672847708980897039e+02
7.772772437213565411e+01
7.732871451904756555e+01
1.755908547687779446e+02
2.789069992019693132e+02
4.583267953145085016e+01
1.143910206996898751e+02
1.356164457328504795e+02
1.470876837577278877e+02
8.936804820130052462e+01
1.050767450438348192e+02
1.317355977774515452e+02
2.459550975132245867e+02
2.250557338528466857e+02
1.991500631094479843e+02
1.489408293723888903e+02
6.762772699179006963e+01
7.147741335517737582e+01
4.508879303109124237e+01
2.067613491455800840e+02
2.587405160459401259e+02
1.989403457638377972e+02
5.874178193516163446e+02
4.299439009372671876e+02
1.703089313165727106e+02
1.679634302618283357e+02
2.880817229283047709e+02
1.240315952023496493e+02
1.950767225919126417e+02
1.031057630397623512e+02
5.574627308933629166e+01
9.376946377305196734e+01
5.231356004046268282e+01
1.856031312593957807e+02
8.141831499609547507e+01
2.879401329639179039e+02
1.172324460397943113e+02
9.804065300287518880e+01
3.879597339256528699e+02
1.394120266030654989e+02
9.095271723695648802e+01
1.522772772952329774e+02
1.864980825041652110e+02
1.655444601441820964e+02
7.672698663289764909e+01
7.331431075814597875e+01
6.097598894596567476e+01
1.901275033941591914e+02
1.300247073933588240e+02
9.963446223932270129e+01
2.944831844914497196e+02
1.390273366262703405e+02
4.680547399282261267e+01
2.404008712302576782e+02
5.072228540633113880e+01
3.294301237237518762e+02
1.976717115855961140e+02
2.220416378828020356e+02
1.146559640153037094e+02
7.272482939490609510e+01
9.846671500757423701e+01
1.241134476015576098e+02
9.445593128229104707e+01
6.413383045108510316e+01
3.004342339988315871e+02
9.474193384690768482e+01
1.085121483309310833e+02
1.250657960422669390e+02
8.607452291553725843e+01
1.143774266757511526e+02
5.413878671953982291e+01
1.791609146703159183e+02
1.271488131949751477e+02
1.279443312418901542e+02
5.474751185526592678e+01
1.821203040012956649e+02
2.698334411162871902e+02
4.794154578592780780e+01
1.801542167606656903e+02
1.783208648840649744e+02
8.081837685345874434e+01
1.608296542308501103e+02
3.955972043704034036e+02
2.250073172708679863e+02
9.891180475039824671e+01
5.562076858036802207e+01
1.396308413413374296e+02
1.249798278761450092e+02
1.615504823651327513e+02
3.898579842470827828e+01
1.864824405786245052e+02
2.292066912490807908e+02
2.988146185533515222e+02
1.143125342470349466e+02
1.548253497427262175e+02
2.549602162445558236e+02
1.176830415717365668e+02
1.424446490156081779e+02
5.612642935692112900e+01
2.652483962612340065e+02
1.400662316859001635e+02
5.352114156392153177e+01
1.357971733633536644e+02
1.495421602824170293e+02
3.137140751331833712e+02
2.122323289266542190e+02
1.244366201012815623e+02
1.178048237253943853e+02
3.084011164111652192e+02
1.666197271463872198e+02
5.628407229435943293e+01
1.777383142288304043e+02
2.737429544533516719e+02
1.380038481904525156e+02
8.367349514103449337e+01
1.414403752527468043e+02
8.537216494671991995e+01
2.550393204256207866e+02
1.293463533561685495e+02
8.766961192792530255e+01
6.734542115584459054e+01
6.321405511196274318e+01
6.255361783890204208e+01
8.646143347187457096e+01
6.644537678468191189e+01
8.278988893600465815e+01
1.522933894515981592e+02
1.447924170639519446e+02
1.057786097690185869e+02
1.659313726822030617e+02
1.256339038492654083e+02
1.418290827572409967e+02
3.265360241880839567e+02
1.529588057631963807e+02
1.103390066847710358e+02
8.316757078952772986e+01
4.042247263654689391e+02
7.585522312264154721e+01
1.943089123962674591e+02
1.004702362436570127e+02
6.079238248732869465e+01
2.656858247358027256e+02
1.394275546107327841e+02
1.866071128097044607e+02
4.925996193957369940e+01
8.841740684916307202e+01
2.570464603941537121e+02
9.421805200043600337e+01
8.082149306353591101e+01
1.276943742171659721e+02
7.228436060087986448e+01
4.426156425827486629e+01
2.222561835199868767e+02
4.845830128735842379e+01
7.622425246933518395e+01
2.453831542277517599e+02
1.000166536493000535e+02
8.052918502669213296e+01
6.992040181766942908e+01
2.568368850032817363e+02
4.305458835091582870e+01
1.440670514253187662e+02
7.635004599312451035e+01
2.437765973439160803e+02
9.048742001887586639e+01
9.937669896914744072e+01
2.020384402695018480e+02
1.172324476262273265e+02
1.359493854620720299e+02
1.235636257422938087e+02
2.094525796570596015e+02
8.589350582827806591e+01
1.355302550430913016e+02
4.287940307772009163e+01
7.076316183495461587e+01
4.244666527673680321e+02
9.858299905979630751e+01
1.181279756376883228e+02
1.244030225415737476e+02
1.206095036666857681e+02
1.519545027365870737e+02
9.396773100180986660e+01
1.917448363303531664e+02
6.822721624732720613e+01
5.159575234161540891e+01
1.837592554299124572e+02
1.241156405923272530e+02
8.635256060008872225e+01
9.846466215624096208e+01
1.090894628701349092e+02
1.251808034158864729e+02
3.558974092214948541e+02
1.072496651324004802e+02
2.201398377784766751e+02
3.308764141136946932e+02
1.207176340585198631e+02
9.714795235457347644e+01
1.075283767515974773e+02
1.668228001106359102e+02
3.093620220928362983e+02
5.867442500313796216e+01
1.238410242407592818e+02
1.140402959596379588e+02
9.543964138559688593e+01
5.986370588836858531e+01
1.330494544836086277e+02
2.835580778095216488e+02
1.742367987435740417e+02
1.209834575569757789e+02
6.189508384537144536e+01
1.379016689891103340e+02
1.632631729945535426e+02
1.269076278739049712e+02
9.979874790378588045e+01
2.260005316592792042e+02
2.088840639059435489e+02
1.263318603437018481e+02
7.737730802339761738e+01
1.918565820509172113e+02
3.867444915478948815e+02
1.089279090834541961e+02
2.184198461552352910e+02
2.615862175197460147e+02
3.523208908169614233e+02
1.462934548292014654e+02
1.116719016443531132e+02
1.099242030441674700e+02
5.397834577695147118e+01
1.294448401786303293e+02
1.366443577163705925e+02
2.367587085623744372e+02
7.416667390403402749e+01
6.643942365056214783e+01
7.942613217989145369e+01
2.946833612540157787e+02
1.348597624348801389e+02
5.634956845759381849e+01
6.482702711410989878e+02
1.849099521152033674e+02
1.514220245638668132e+02
1.361542556603800449e+02
7.469659879592815344e+01
2.235093775077290843e+02
1.540654078906251243e+02
1.692641313830962986e+02
1.837080865182894627e+02
8.210723241654314108e+01
3.462725832194525992e+02
2.946263331900601088e+02
3.053167119456054479e+01
3.054650330655256880e+02
9.737224190668302981e+01
2.755871409763586257e+02
1.440885586947607919e+02
6.380862438023471128e+01
5.079549090480625750e+01
1.479123248328708371e+02
1.547659600045479920e+02
1.221034649686242659e+02
1.953540622979147372e+02
1.727733785780560538e+02
1.182055859102014637e+02
7.043784661040461970e+01
1.883630301520572061e+02
1.313683348146624894e+02
1.012371712831861288e+02
1.659766131982769082e+02
1.931484157742764864e+02
1.714323038781245714e+02
8.750996303233917217e+01
1.145946214943379005e+02
9.395867158970894195e+01
1.416131995733815643e+02
9.672499885738065473e+01
7.362605115804224454e+01
1.006540467470804572e+02
7.253482138604560703e+01
9.742644840195710287e+01
1.178398059671831106e+02
1.429675579491837993e+02
1.361198212683412407e+02
1.210687749399689608e+02
1.000192628285961121e+02
4.791033872693705575e+01
1.461078557452683810e+02
2.775673967082583999e+02
1.735381230002977304e+02
9.190552984478621568e+01
9.049615011812808518e+01
2.049423129290719032e+02
1.092376537839731014e+02
4.038606718376537685e+01
1.719092022016928922e+02
1.067520578557646331e+02
2.931286430731941550e+01
1.658008113398528849e+02
1.255142203033605739e+02
1.481591930682523639e+02
1.473442694438222702e+02
5.714107456915818517e+01
1.051855650204233825e+02
3.532903878404811167e+02
1.033400726533753300e+02
4.665856425460209778e+01
1.518937475633575218e+02
5.156143487345676846e+01
1.006881636941951825e+02
2.236935106633641226e+02
8.261527630294229141e+01
8.839767513969371748e+01
1.575364653891252544e+02
1.307436859875478774e+02
1.444023393948962166e+02
4.407424940613039155e+01
2.101023794533553541e+02
1.083566771127292725e+02
5.495404270946772129e+01
1.786778544536288109e+02
8.789065658543000836e+01
2.667567195468324712e+02
4.022394512456712334e+01
1.863610012373582094e+02
2.550710001120217214e+02
5.074954887707264106e+01
2.458696711976099323e+02
1.983496232504308807e+02
6.766503809713277917e+01
5.660552365204861047e+01
1.613101954117142611e+02
1.269458216086581075e+02
1.336009884132448349e+02
2.527280084326898191e+02
5.523155208719455089e+01
1.209306076208815455e+02
7.193635473347008258e+01
1.540098422065039472e+02
1.057004587718533344e+02
2.537002823554865216e+01
8.340071563578007385e+01
1.076329564219569050e+02
2.480178574133893221e+01
6.310457021547754408e+01
7.470384734285804029e+01
1.398954164798259967e+02
8.297011434977402189e+01
1.377820610096387384e+02
1.245803352186063790e+02
9.915314905611825225e+01
2.321613212187068882e+02
1.057986054504831372e+02
1.752271059323392990e+02
5.465389833122382868e+01
5.306575395908566151e+01
2.538814265647596073e+02
4.502233840178766400e+01
1.743213764245082871e+02
9.347744639884801643e+01
1.822574222737165428e+02
7.787710543543087738e+01
5.970411083615339720e+01
1.319175381621490715e+02
9.482318357852092561e+01
2.383782899907286037e+02
6.911119828538967624e+01
1.624718718289968820e+02
4.355253965759477808e+01
1.272697411865652271e+02
1.239857202631213369e+02
2.169701405171537090e+02
8.853395482846237030e+01
5.621314214989830305e+01
5.672660693208329974e+01
4.232084591088748766e+02
9.954599167123197390e+01
2.130445043591481920e+02
1.077936965097930653e+02
2.615192997386897673e+02
4.587493781940148807e+01
1.236416172868824219e+02
1.655386737362631777e+02
1.120300943481634306e+02
6.170304127609505684e+01
4.579210608382913250e+01
1.746428962273214438e+02
2.051309778414132552e+02
5.812269506627134774e+01
5.644757195078384626e+01
1.258512431835208076e+02
1.788806325140583624e+02
1.820962883217639785e+02
1.339487907486964673e+02
1.845241796014585987e+02
1.225072704754076796e+02
1.519724197911548345e+02
1.780717159165694738e+02
1.764135520087028794e+02
1.514824089237288547e+02
2.258630891107418108e+02
1.952889792289051059e+02
4.082080332741113580e+02
4.870691904989745780e+01
2.103779656092232813e+02
2.461428603649403328e+02
7.918088181476400678e+01
2.620145573883588099e+02
9.522467753220868758e+01
1.827620397861251433e+02
4.429705532931792078e+01
4.308492035493351580e+01
1.061617062209989513e+02
1.405106966871204008e+02
3.127701067218701496e+02
1.910704868242583530e+02
1.515559508990875202e+02
1.086388297541937504e+02
6.460129968761792441e+01
7.116902229195008545e+01
1.526154203023474452e+02
8.913828784101234248e+01
1.571099422433295558e+02
1.429860814575120003e+02
9.569914645063138892e+01
3.281374135354058126e+02
1.485397490618640859e+02
6.460464787191148162e+01
6.406766401882045159e+01
2.011941328302519310e+02
1.823226470560139205e+02
2.818603971979576954e+02
1.440190881630140041e+02
1.068600187065676437e+02
9.870521491321392205e+01
1.068071485959689539e+02
5.368827577413387786e+01
4.937258599868394526e+01
9.232589170084293073e+01
2.332593267042603884e+02
2.780168701692443278e+02
2.217770423821685881e+02
1.216247009767934202e+02
7.065803516897280190e+01
8.188712418806174753e+01
6.396332215733184512e+01
1.363997743385122874e+02
7.787738563713135420e+01
1.581102792736617175e+02
8.599602108398227074e+01
1.032873840825271401e+02
8.838426391188153275e+01
9.518759297032451627e+01
2.581643021126213284e+02
7.308967951293136878e+01
1.558949710217224833e+02
3.615489868406932032e+02
2.206625419615213559e+02
1.499423810131771688e+02
7.228075054698558688e+01
1.238281016448291609e+02
1.634011320246306980e+02
8.199492355525384824e+01
3.132644591077356040e+02
1.395288345267787804e+02
1.510170575906165880e+02
1.858281575145572049e+02
1.834694621078717489e+02
5.279604973827454018e+01
6.827328981702736144e+01
1.630984340815160181e+02
1.241577654447638679e+02
1.154979706120552123e+02
1.735492542957400417e+02
9.978519044756195910e+01
9.277734326567956202e+01
2.190316023397575975e+02
1.048708642710510048e+02
4.917301948721864591e+01
1.725913607416383400e+02
1.362846342837615339e+02
8.167813647494534735e+01
7.404524664257974109e+01
8.728811642968747719e+01
3.104724069779959095e+01
1.142985331893164158e+02
1.086641675974864398e+02
1.836871734221663246e+02
9.841560503211169930e+01
1.646985574752084460e+02
3.239973101244974600e+02
1.478244985125495248e+02
8.717184161820736676e+01
2.367576031465237349e+02
5.039727419867475078e+02
9.365813542951818249e+01
1.184200185241328853e+02
2.012379989405570200e+02
1.474119402250065036e+02
5.237504746585244675e+01
6.868939284923619937e+01
4.681671686731080229e+01
3.324135830857398588e+01
2.561832798346915752e+02
1.439767405096740163e+02
3.244628942414363451e+02
1.342579216203209285e+02
7.146839475587174206e+01
1.100887456823122221e+02
1.321588191174278961e+02
1.497660008903347943e+02
7.753035118711292739e+01
1.379025181230147155e+02
9.074170431029700978e+01
1.030973682653088446e+02
1.643001454893868640e+02
1.169418504018908038e+02
2.506997376637996240e+02
1.643595794364794642e+02
1.269343097196914272e+02
7.151315000843476355e+01
1.331171742398750268e+02
7.820208947147521883e+01
4.278813439259545248e+01
1.004474215713156013e+02
8.935339262290210627e+01
1.699890824691158855e+02
1.292934975683451455e+02
3.043741045377079786e+02
7.828055137608592418e+01
5.524705486594904187e+02
7.033804488066418514e+01
3.664207940288758891e+01
1.295264716224283461e+02
6.582789482684060545e+01
1.934268677741433748e+02
1.107303797149043021e+02
6.803451402927389324e+01
1.152648381805630748e+02
1.258949411448295876e+02
8.390971740522392963e+01
2.295960834109627342e+02
1.670671895633529971e+02
6.761623655977243175e+01
1.321573859266565023e+02
1.006960156737671355e+02
1.341874730212086888e+02
1.018154806802564707e+02
8.414294377653325796e+01
7.694871527396135491e+01
1.460437753520702131e+02
1.914882719174379986e+02
9.153707264320756565e+01
8.559809721985868691e+01
3.605582895695675916e+02
1.333364287269978661e+02
1.366858057695040429e+02
8.768065984268591251e+01
1.777716838173545568e+02
1.867612549276870766e+02
8.471138610094749311e+01
8.745469964583261913e+01
8.546451744220145486e+01
1.568837131336525772e+02
1.578484472263968428e+02
1.835011958873912192e+02
8.435444007179602011e+01
1.094337749373536042e+02
1.597872392716756167e+02
1.268023291489003981e+02
4.935873020296413927e+01
7.811443071487283873e+01
8.084558373294730416e+01
5.558188815921921844e+01
1.006436573652187150e+02
6.155286808278518862e+01
2.163587930674543145e+02
1.945153863184138459e+02
1.604014874456942152e+02
1.269554704419376634e+02
2.261863179629217200e+02
