1.571033123114861780e+02
9.922154759227120735e+01
6.673939415493488525e+01
4.773708437574916275e+01
1.315444980912791095e+02
7.448450268135059105e+01
5.107462702663995202e+01
3.453972787044179427e+01
4.357926748536160488e+01
7.977521598003157521e+01
5.864222633388606454e+01
1.249361979252509514e+02
7.465132031960187931e+01
6.096612800241621244e+01
1.071609021390108865e+02
5.419869802116978263e+01
8.438799098117203812e+01
2.261062294407386020e+01
3.681964544619791724e+01
8.860851606458103902e+01
1.670725766288931027e+02
2.627636766321761286e+01
6.647306204026153864e+01
5.706918275525947593e+01
4.453501600030367769e+01
2.931178696119030747e+01
8.330151730242910446e+01
3.330593958227672147e+01
7.477966050196803849e+01
6.970722096075577667e+01
8.281587648489482945e+01
4.149548934182091386e+01
6.297329047099898958e+01
1.680022643041494348e+02
4.550425297852266482e+01
5.616943248277286926e+01
7.551169522590278405e+01
1.820757129381375989e+02
6.103076686062072298e+01
1.467201551785776985e+02
3.617577934890885416e+01
2.979395335793835642e+01
5.795185330064669671e+01
3.631802773012854146e+01
7.724838945110560928e+01
7.649537420461211923e+01
5.000190642767487503e+01
6.453275445543840760e+01
5.524632844867072379e+01
2.829570423319727723e+01
2.909410372473636741e+01
3.325229727902949861e+01
2.297363477595584129e+02
5.176245519275403950e+01
1.163163372639181148e+02
5.941266987525155940e+01
1.233660553871894194e+02
5.480673409813682184e+01
5.662743719136112475e+01
1.358619152327099471e+02
5.085913722545542726e+01
7.775308949283567017e+01
8.064278593903426895e+01
4.430528645959782352e+01
9.730772703006341828e+01
6.720914738654413156e+01
4.949028887326284121e+01
6.011298159449218304e+01
7.168605217064538238e+01
5.059794479164159497e+01
5.294622809374680372e+01
8.127338933153238543e+01
1.489831320777016970e+02
3.603799936071353471e+01
3.117538241591748260e+01
7.842312102427013087e+01
2.862845322375301649e+01
1.003062907700642370e+02
5.079828087981060492e+01
9.058931666705545638e+01
5.179068340019592398e+01
1.236902122055648050e+02
1.113208834113454486e+02
8.085116663553534977e+01
5.588503541562340615e+01
6.009630455732806098e+01
4.534224377005784135e+01
1.086516725217390729e+02
9.313466135961712666e+01
8.222689984537612418e+01
5.132376616567459848e+01
9.203467670227723829e+01
1.181737339945263017e+02
3.762892918109378115e+01
7.795573774403418099e+01
1.540191135426919118e+02
3.555801904659191592e+01
6.086718160496045016e+01
1.507659802630786672e+01
8.108853439446433242e+01
1.265725546807329778e+02
1.271433646695907385e+02
1.752050482537849518e+02
8.927119575629262727e+01
7.218700658737299136e+01
3.204400293885844064e+01
8.514232977330782148e+01
2.304440525231659933e+02
6.822738609889600525e+01
1.029265363743671742e+02
7.339024929103432271e+01
3.387148854502115825e+01
4.703603504814693537e+01
3.417127116864251946e+01
6.923019392774372704e+01
4.746640072383772235e+01
2.955321126937867859e+01
3.431422763108503915e+01
6.490028763472543005e+01
2.779620177998855368e+01
8.981919331750606261e+01
2.475013414238976495e+01
3.263255821628030873e+01
2.837724963331942263e+01
4.873746958862086132e+01
1.191302801197898589e+02
5.159245529570637245e+01
6.500766380883769102e+01
6.317997987735415677e+01
6.351271654786225440e+01
5.387678604574482222e+01
1.374204136584839944e+02
4.230156044040703023e+01
2.055392288718755083e+02
5.642009232126508067e+01
8.302568619200617661e+01
8.338695320071960282e+01
4.703430555427710402e+01
2.130255363414183734e+01
4.713974855361212235e+01
2.104615479951771206e+01
2.223455993982651435e+01
2.644517858235908747e+01
4.981122665559045970e+01
6.137506582183185344e+01
3.216655150399852658e+01
4.632340816611126399e+01
7.493890094495300502e+01
4.745892799910154736e+01
3.417271752048774403e+01
7.508015363941559883e+01
7.860191355254400492e+01
5.293330085704496213e+01
4.037815011936773146e+01
4.467898485851819146e+01
4.155514728561987425e+01
2.711330323806489062e+01
8.577142582342392529e+01
3.099933266396255860e+01
1.459722283125785509e+02
5.566665651048098340e+01
5.568077762553500065e+01
1.460379703039149604e+02
1.027834523460142719e+02
5.477756355564375923e+01
3.697254038735669468e+01
6.094258249844257591e+01
3.123725008640246870e+01
9.768694018977144822e+01
3.676155825111607101e+01
7.399843527872835125e+01
9.914755840331805814e+01
1.096606079425055356e+02
6.165403715154555897e+01
3.568346334756949432e+02
4.478364521462824399e+01
6.698915964193412265e+01
1.343711595423125402e+02
8.499699562714349099e+01
3.072801476193067671e+01
7.619189853275814528e+01
7.681739242876032847e+01
4.560806539534786452e+01
5.275502448921674414e+01
1.072751446096988559e+02
8.282490595471350048e+01
2.585515941957080344e+01
1.075157705083580169e+02
4.766018163588770307e+01
4.629035761295100571e+01
3.773884135490364855e+01
7.025471826406277387e+01
2.549130005932252274e+01
3.990443396258582709e+01
6.870186799188108751e+01
5.504158675604676887e+01
3.288012031192069173e+01
2.711833739104814356e+01
3.184480174557538845e+01
9.363123817457422149e+01
1.068712115090735182e+02
5.870406348536393892e+01
4.304724047169063539e+01
1.237807032226531732e+02
2.456285720064371958e+01
5.646653249080981141e+01
4.907850194218948303e+01
9.666968334685191166e+01
1.038215373015608094e+02
7.234077762649896215e+01
1.671695799813524275e+02
3.677009292117178774e+01
1.381226757002609702e+02
6.367911683101944931e+01
1.107886783888109932e+02
6.870962296067193620e+01
1.070448308102964603e+02
4.795670597645369071e+01
7.035912166723538519e+01
1.409442254993005861e+02
7.178802879654068647e+01
1.212475038934011025e+02
6.967412089123011754e+01
4.351763903974359238e+01
6.251823668790714095e+01
4.276653154148969804e+01
4.915042399769125581e+01
1.704503085818894021e+02
7.383189181055088568e+01
8.811857818801664166e+01
9.476895443122140250e+01
2.258801230661098813e+01
3.314741983293207994e+01
1.944779212852705541e+01
9.861842563498065317e+01
2.098690753327599978e+01
7.597559121818355266e+01
3.013243166354094527e+01
1.055480957202914567e+02
9.860956313525142036e+01
5.637162366277517123e+01
6.935013434153192691e+01
7.374379046715506547e+01
1.478036556828870403e+02
3.857404027045524941e+01
7.046840481181885707e+01
7.649941218716071489e+01
4.936159711471812273e+01
8.942777398369884168e+01
9.164937584061446785e+01
2.434014491931043978e+01
1.174282702040833186e+02
6.639348849605552516e+01
7.292968252998015544e+01
4.142121835688021747e+01
2.414586381382977720e+01
4.362297008657855457e+01
1.172719684386553780e+02
9.244833979596249662e+01
6.765022556428910150e+01
1.209714975326426867e+02
1.014812873660721237e+02
7.565596839674815044e+01
7.217082642138242932e+01
1.017742829153677633e+02
1.317448037655405244e+02
1.112004041450714737e+02
1.068253436560098919e+02
8.086837607048643406e+01
6.093041825147484047e+01
2.958010293485115128e+01
1.367606073922312362e+02
1.209369083895582264e+02
7.981461789898818893e+01
3.956975055184911128e+01
6.165107779945845579e+01
3.344596927737342895e+01
1.029025774741440102e+02
1.757543825473883032e+02
9.074314948082637500e+01
1.054253853508029550e+02
7.040999357667868708e+01
1.358146237201258089e+02
2.930378162275138365e+01
9.539317017991827186e+01
6.694999026258238928e+01
7.462271787649044086e+01
1.438381630987883852e+02
7.234459933270863985e+01
2.449123149740282912e+01
8.226201190578915146e+01
4.443454186179871357e+01
9.269590856479642582e+01
1.144193781735266242e+02
6.162715478642605405e+01
1.968771394245896715e+02
1.877403820902943892e+02
7.734475840915901301e+01
3.170469461244923437e+01
2.880565907802318293e+01
8.138655515382788508e+01
1.091680832232711680e+02
9.950748901778138134e+01
6.092616520913478695e+01
4.814814585386868373e+01
5.424718980010701586e+01
4.052566281162145145e+01
4.613621851252156603e+01
5.026879664012832905e+01
7.731436829810431277e+01
2.871035353463046036e+01
7.941240645430487177e+01
6.304131330907406294e+01
1.090909440324089275e+02
9.685880643390359523e+01
2.161719566915996893e+02
7.256454399223686380e+01
4.575247302462290122e+01
4.373658333655011177e+01
7.331532589314092263e+01
9.278072362832327258e+01
5.684904162460517796e+01
6.743946927898244326e+01
6.125026547165014534e+01
1.571711958816797861e+01
1.247887379505402663e+02
1.720867359393251306e+01
2.394453899876577196e+01
6.772197100495472455e+01
9.464413253595887454e+01
3.446933795040477833e+01
4.546398383621906447e+01
1.050232095270372525e+02
1.342836221045654099e+02
1.401809004720467726e+02
4.456985932825308083e+01
6.436745359018334511e+01
8.924837990041010016e+01
3.110776021917936873e+01
7.520918134274045030e+01
4.633702408185703803e+01
5.709233641703313111e+01
2.840130314593885785e+01
1.610538045210882672e+02
1.208273900884446306e+02
8.979442671723491287e+01
2.707173855817590891e+01
2.017264102178281462e+02
7.442836780402801367e+01
6.828170866765009350e+01
2.538308833817872667e+01
9.879054686513933348e+01
4.547691029125920892e+01
3.338123490403723537e+01
6.794711613516277282e+01
8.088303494825497353e+01
6.168325738096518762e+01
7.107415108165722017e+01
1.877834867780058232e+02
4.674749082162189495e+01
6.340674519587931712e+01
4.659418796291921439e+01
5.958400747285982391e+01
2.682818818640983594e+01
3.357031762045085088e+01
6.205045459247008210e+01
5.407787764402197439e+01
8.602822362840079506e+01
3.665830785749492549e+01
5.160424232482136375e+01
3.647118483253239418e+01
1.157070936693001926e+02
3.532785839647575443e+01
7.726723565307949571e+01
9.869896538415437703e+01
5.330944893188431877e+01
1.012914666308190164e+02
5.149699735282018054e+01
1.741006914687102096e+02
9.408235167578584424e+01
1.040591811683988652e+02
1.690593992944775721e+02
3.163398775408137809e+01
4.231918582093948089e+01
3.686848692147976436e+01
4.117699427949861501e+01
6.572424710140232662e+01
5.388615633694339380e+01
6.804323434104419732e+01
1.294799275302967487e+02
5.941029410698352820e+01
1.131377578357850524e+02
1.673108633984112146e+02
8.237378816748585564e+01
4.168778619893785020e+01
4.385760190433327210e+01
1.355388518857683380e+02
6.912585307046404637e+01
8.157031756839620584e+01
8.062786856469411134e+01
1.224886063440149684e+02
4.771171325728185764e+01
9.277544794553351437e+01
7.530403313592401560e+01
3.171591890294391547e+01
6.090656358049175623e+01
5.648054587912035629e+01
8.632268158699909577e+01
9.237396002365909453e+01
9.301006757774089806e+01
6.036413317048832994e+01
4.872957393699710593e+01
7.918594279765895294e+01
6.734070881126554298e+01
8.732869212175504003e+01
5.414894940738124518e+01
9.739439904508108725e+01
4.187114872560191259e+01
7.358601077394845902e+01
3.013385094157451505e+01
6.153248505276607716e+01
1.832677102994118457e+01
1.093956778476773337e+02
1.888725276476253967e+01
5.807413692661752691e+01
5.531215572404278191e+01
6.157888735990152895e+01
5.537381340431781496e+01
4.551784019407545401e+01
3.721911517847441075e+01
1.163947930309898879e+02
7.677930978448367227e+01
7.041222411568993778e+01
1.834575849936448932e+01
3.841772215105637400e+01
1.155297678977035645e+02
4.752612423174127088e+01
1.442930726739303395e+02
8.030476512533003586e+01
3.208927094025869309e+01
1.115701085778866570e+02
8.604995782050069408e+01
3.553278386394703858e+01
2.958641729499405670e+01
9.688761424695337610e+01
3.030888629311216675e+01
1.123087147426291637e+02
4.590844824200836172e+01
2.568071228580587828e+01
4.469276013780172718e+01
4.245271082274031471e+01
2.756705733368677258e+01
7.389198812343356337e+01
1.732692714821862410e+02
2.223758466220608057e+02
9.058363901802732698e+01
4.132361434699340208e+01
6.976214721623721005e+01
8.719024410533778280e+01
4.199458402147545399e+01
1.142750928894211881e+02
5.097739574119281514e+01
3.426929505084825678e+01
1.003480876516296405e+02
1.274665299813832178e+02
1.463138501149214505e+02
6.086878392128078730e+01
1.040785242976793086e+02
6.185513976816953630e+01
2.720795742658166105e+01
4.797292235202647248e+01
4.767466990251642045e+01
1.182260179579403712e+02
7.722505302412091055e+01
1.067346956302595089e+02
4.307391079025411784e+01
7.611266166815268264e+01
6.905381751138384061e+01
8.653618509371074197e+01
5.716669152894350958e+01
2.939981620795847661e+01
8.398811496938267851e+01
3.882750628393337422e+01
8.228961993850644774e+01
1.013768045910889413e+02
2.275790251838429867e+01
5.020373587599956977e+01
1.066167199755640240e+02
6.204980063823600744e+01
3.528787777014315452e+01
1.254486357714156668e+02
6.863719965193972428e+01
1.294946195030411218e+02
3.153122527786676343e+01
1.320516056467127157e+02
1.012434097702259237e+02
3.650767559124196993e+01
1.378740973824356502e+02
1.396179495985318226e+02
6.964650707642934435e+01
5.185276990256661378e+01
3.735681377562173822e+01
1.257688296559228860e+02
1.014390773064882438e+02
1.276908094940559693e+02
4.816102097851548081e+01
4.637583803099071389e+01
2.071493621760330228e+01
7.605161301196469026e+01
3.348166677919764567e+01
6.841235571675983351e+01
1.211653823334133335e+02
1.226824254107390004e+02
4.235459236090458290e+01
1.472483138288021962e+02
5.575115375116831729e+01
8.032817116679127878e+01
3.170317093851112844e+01
5.393626184381370336e+01
1.307309747630374943e+02
6.157589874956919118e+01
2.250399896116165266e+01
4.321064041351437623e+01
5.858935182743223180e+01
4.521040648080909108e+01
9.332573968248193808e+01
6.045830461117212451e+01
4.505713621411951664e+01
5.761793476348076837e+01
1.124459732852825624e+02
7.567158424248803783e+01
8.578337698071702278e+01
5.788189542485059746e+01
9.099990303734155361e+01
5.931303625567749549e+01
9.387765287045981211e+01
1.074679162421156349e+02
6.488516132935403391e+01
1.551224602189040240e+02
1.374929566055617443e+02
7.548612397255928386e+01
8.925410518749528421e+01
4.142520971706023403e+01
9.970918697027990163e+01
7.468853082301045276e+01
6.287863522605855593e+01
3.765035725809516265e+01
8.269772461976671707e+01
4.845937756463413137e+01
3.845091262723737913e+01
3.870985559589470171e+01
5.244911246929330417e+01
8.708172248098409796e+01
5.197122039957952921e+01
6.027185310407584495e+01
6.687214765589560272e+01
1.179520287031105283e+02
3.311851124437129812e+01
5.708891156120874655e+01
2.999411184689362386e+01
4.687262265493688318e+01
2.056528362387297904e+01
3.717275007200044001e+01
3.629735231348656299e+01
3.314302761558278121e+01
6.267583824857835140e+01
1.215002804073682086e+02
7.925170929617360116e+01
5.065811848358401193e+01
1.520984673582604216e+02
6.740759959528871548e+01
2.276907461725885540e+01
2.094332446868715181e+01
7.847991390305702453e+01
1.475888966031992879e+02
1.571084828565646774e+02
6.615747917807257750e+01
9.561445752836242207e+01
4.500904941557568151e+01
9.063384654263562368e+01
2.242470527149405868e+01
3.640616291127550852e+01
1.148285891586961753e+02
9.710514151122893622e+01
2.952970988478534409e+01
1.505920396975200219e+02
4.513942635646114354e+01
3.891374651278114527e+01
5.206371254716793828e+01
3.963017221824647862e+01
3.970380839515856053e+01
1.515042283003959085e+02
1.801571533993993626e+02
5.913038217751721959e+01
1.004238574806858821e+02
9.404409643871825608e+01
9.389167913353651329e+01
6.470385692123683441e+01
7.238784726580423978e+01
7.858537731718199382e+01
2.068996190069610464e+02
5.060584962813488374e+01
1.501877567951766537e+02
2.929748738324076385e+02
4.107398905469400319e+01
5.970247135057271493e+01
1.948978228845619753e+02
6.426664392185239194e+01
4.102738164739221816e+01
2.325845646518948939e+01
1.126536666589211535e+02
2.290865333250234670e+01
6.068944425507459073e+01
9.097556834096221223e+01
9.630504676900903860e+01
2.374147360716233024e+01
5.185424828839215650e+01
3.472490002500034478e+01
9.574257671625338162e+01
2.170976886956255782e+02
2.219504596511812906e+02
4.339058472470105698e+01
4.789229431011747096e+01
8.923279029802043283e+01
8.765238405071180239e+01
3.765711999330581250e+01
1.709076963459423268e+02
4.901697580670705179e+01
6.030347036686617912e+01
2.522194924240876333e+02
9.604017705341721012e+01
5.644021960632961310e+01
4.993266223403919923e+01
3.546696743738642965e+01
3.903115297012506346e+01
4.962204325391141424e+01
3.121520669064108233e+01
2.205195917289396732e+02
4.147945841019284074e+01
2.618958304971911133e+01
3.462025631572569040e+01
5.345301171643787796e+01
4.249240465702194314e+01
1.136892789210058936e+02
8.638348894057223504e+01
4.011086192711688625e+01
5.023893686538738024e+01
6.022195549000484505e+01
4.176442490070192548e+01
7.254173411092797608e+01
4.217523050761568726e+01
1.205307966500915597e+02
7.621207728465647335e+01
1.423554933920125904e+02
5.263449899002144150e+01
2.877373567392402265e+01
1.805439630766659036e+02
5.621838373929511334e+01
4.679093774650254289e+01
2.654820785370256431e+02
1.637842997819125515e+02
9.923270094331856228e+01
1.626242781142715046e+02
5.845000873706499078e+01
7.084478640349962575e+01
1.386037600359347550e+02
2.011390045440218088e+01
6.069414430692637552e+01
5.293289268963548722e+01
1.329453697021004359e+02
1.971792386270951738e+02
1.338492010374722270e+02
4.795139847086804252e+01
2.043834320482213798e+02
1.481902575532801620e+02
4.275846632326719998e+01
3.942015074966836607e+01
9.965162023844762018e+01
1.183878701252107817e+02
2.047888422318804658e+02
6.211786423184874906e+01
2.697364566003114206e+01
3.389948255209733219e+01
7.269929285004393194e+01
6.011442765723649728e+01
3.979114184169560531e+01
1.505378780314360085e+02
8.241674351003965171e+01
5.950245160267341760e+01
5.374467266210372429e+01
1.791607010337106374e+02
6.348285652412526048e+01
4.863248303009063278e+01
3.523210504866216297e+01
4.666142238907005435e+01
8.285016351978234184e+01
6.650532002635291917e+01
4.115329323795718608e+01
6.930484979065236928e+01
1.496028342760844225e+02
7.651373445537124951e+01
4.616073732383098616e+01
2.938264601709748902e+01
2.856938557255573485e+01
4.100025050241773528e+01
3.570865604499286405e+01
4.702823317011614535e+01
9.901186059542325779e+01
2.410443359679070952e+01
5.261117334533872025e+01
1.533666946526555535e+02
2.992484389277610290e+01
5.650195643515895227e+01
8.736358977521457803e+01
2.835737596575690134e+01
8.850334833649486654e+01
8.551668373775699195e+01
4.244991895085448164e+01
2.469684859570950550e+02
2.652250345176202373e+01
3.696714184724859109e+01
5.827143363211812499e+01
1.025785402259105155e+02
8.620867886404303704e+01
7.391538792054613793e+01
3.035820256928189664e+01
9.120795077414240382e+01
4.898935154084001908e+01
5.145316374519500613e+01
5.369581281648588345e+01
2.248609759322033028e+02
6.330327524380444970e+01
8.497807596565078825e+01
1.007631689685028675e+02
4.944094800989081051e+01
5.528373474519868580e+01
6.479173463574613834e+01
1.009356574820874499e+02
4.132541779635931078e+01
4.521102611123645687e+01
4.241820678385739285e+01
7.524060939281042693e+01
1.878627191321596115e+02
1.486405321326455180e+02
2.724028750158610634e+01
9.235129158632226165e+01
4.412080487268242734e+01
3.962170127530937691e+01
3.029858634305954368e+01
6.626469800024482026e+01
4.156920470350236485e+01
7.038674557159004053e+01
6.461965540924374807e+01
6.990117663893813926e+01
3.902178030629587369e+01
7.865407822780922231e+01
1.047121603231024096e+02
7.006202087989525751e+01
5.429760458497133158e+01
3.672756621840360935e+01
6.068777329408199961e+01
9.608805053884715619e+01
3.645258818698999193e+01
5.371406142467196076e+01
1.606759057186343398e+02
4.566415534263443732e+01
2.277337807743216302e+01
1.219926269662569212e+02
3.456888022418927875e+01
7.062344462737527806e+01
5.067656863678674029e+01
7.100597529757389736e+01
7.155915494186906756e+01
8.281345478827745410e+01
1.586820963845188430e+02
8.782158333850770759e+01
8.162372530052704178e+01
6.852702479629142829e+01
2.241092724640369482e+01
3.544076599712134623e+01
6.528972255771081734e+01
1.226933357292357130e+02
1.242538947210587565e+02
1.894088817317560469e+01
7.890443594320082354e+01
6.611934268923241120e+01
6.287169628888690198e+01
5.472800580536570436e+01
2.233946795752365233e+02
1.292729333650502781e+02
3.732166297124085474e+01
3.982108505921301855e+01
9.995348004052101487e+01
1.356897096868455890e+02
6.477411658078439416e+01
1.296121783775727465e+02
5.944764527696781897e+01
4.617586958248123352e+01
7.989580909483537141e+01
3.108228572795805178e+01
2.442537621389314140e+01
5.813672888451529985e+01
1.093904763942407357e+02
3.108744289960827345e+01
6.956808806982054705e+01
7.700372928869433053e+01
1.053247499654295893e+02
1.283029301641754785e+02
6.823819027846319329e+01
3.296370677223460177e+01
3.158238156303474753e+01
8.025383306066126465e+01
4.836638998506527543e+01
7.034417361192222984e+01
8.262785855885574904e+01
7.626898598321609768e+01
4.276354180246450198e+01
9.792977855820069522e+01
5.058051753796210903e+01
2.721845746281005418e+01
1.201780918168933852e+02
6.042716483929046234e+01
3.140676562365863944e+01
5.671441922093903543e+01
6.958958989887607061e+01
9.489896685940063037e+01
2.107740118883689888e+02
3.746678663325948833e+01
1.708362090936970219e+02
1.223514612464575890e+02
3.676002073276317361e+01
4.380371628854307886e+01
6.380939952584385111e+01
3.061462306409529788e+01
1.978349856588611289e+01
9.779383349484190546e+01
1.655453045717827649e+02
5.515027487439056131e+01
1.260130733055341068e+02
5.250906271112500434e+01
5.179224723092134042e+01
1.274548492573673144e+02
5.057391701373110493e+01
1.685034949996126841e+02
7.279476383757211977e+01
6.887520345736156457e+01
1.170509266768428631e+02
3.258713595432302412e+01
5.462642358629747719e+01
1.817509881509687375e+02
2.212832832853629270e+02
9.712103268519609856e+01
2.329794157624682782e+02
8.776908947932872707e+01
1.033618560001206248e+02
3.834789818853850818e+01
6.548555054362110184e+01
3.984389155870029242e+01
2.199853994567032345e+01
1.849179036142622579e+02
9.104992898251023803e+01
9.977158460168033116e+01
3.552954663666324109e+01
6.097633126072617671e+01
5.299625414176408356e+01
1.140427156924855439e+02
4.373474538309162085e+01
4.169349204495625827e+01
1.170218991753603888e+02
9.328560192628526693e+01
1.147434882742107476e+02
2.459463487415372995e+01
9.405344611807336719e+01
6.972874427398673447e+01
9.093812464277523588e+01
4.807817121827488194e+01
3.134205108963928410e+01
1.184371234161017838e+02
4.735921378595364928e+01
5.169696855375823930e+01
1.557095477821995075e+02
4.857039778721239998e+01
1.144475140362326613e+02
3.449715603911736395e+01
1.127520769338133704e+02
7.117885639947608922e+01
5.721670638612037862e+01
6.891399862362226258e+01
5.537209716351189570e+01
6.311275365815605198e+01
1.766003870018147666e+02
4.791132339733159284e+01
4.805205384538548685e+01
1.360778622598516847e+02
5.608799530484019868e+01
4.945224552927993500e+01
1.475275584491332381e+02
4.407150162472196087e+01
2.020411841169784850e+02
4.398284589479070661e+01
1.274704601412077807e+02
1.692437529996088017e+02
6.943804109087787424e+01
6.483439380114396045e+01
1.314579717100504865e+02
2.127491577054783818e+02
4.888168562569167364e+01
7.616012804887684240e+01
6.412789782149430096e+01
3.602640237367155862e+01
9.428584283152075329e+01
1.517133348269720443e+02
2.108355770595732892e+01
4.060215778371807716e+01
1.111749403073840909e+02
1.043418033504849376e+02
8.573190818442034811e+01
6.707151826669250738e+01
4.213788826327020587e+01
1.933428385219858683e+02
1.185964768196384682e+02
3.919899495285231694e+01
5.166835286360972646e+01
5.991307703979638433e+01
8.004762127645898317e+01
2.624474196102760004e+01
3.300409947127621280e+01
3.722969123630176824e+01
2.334540564088716863e+01
1.138950863511753653e+02
3.072389952360353149e+01
5.992422144524392280e+01
4.496777757003511056e+01
5.772364681603026071e+01
1.915884684663066651e+02
3.450788950925971932e+01
1.033282702717669110e+02
4.138599126885119261e+01
2.756768618710778540e+01
8.533807779346581412e+01
5.313991880226154052e+01
5.301955234138451090e+01
3.658902764392220774e+01
2.537436828980055736e+01
2.598237012311880179e+01
6.545099829404617253e+01
2.791020173060702447e+01
6.711260524741067002e+01
7.368468112992479746e+01
6.023840840382030137e+01
6.020833041265885299e+01
2.257031841557271079e+01
5.293991393051248906e+01
1.244451632561545011e+02
6.757399123143468955e+01
7.193238567539795270e+01
1.034735098092931338e+02
9.178361929660772489e+01
1.516109952844968802e+02
1.263152475513266353e+02
6.571630032536243959e+01
2.635991382504958835e+01
1.420100442886301373e+01
1.218040327371775362e+02
7.504240167203316503e+01
3.767540024664555176e+01
2.059914243139339476e+02
4.859330655853102598e+01
5.489576590427327574e+01
4.779403087663092720e+01
3.810988825435369876e+01
7.594837580171140701e+01
3.146127558198490348e+01
1.034489375977266263e+02
5.316425010382628358e+01
6.251479219119023867e+01
3.316112317086680861e+01
4.554170959069885072e+01
8.296830099364015609e+01
5.184519015495197891e+01
8.019269624736728019e+01
1.135084017310010012e+02
5.572568609256959604e+01
7.663170121492147757e+01
1.901966831587087370e+02
3.295119770415555394e+01
6.139407022186671270e+01
2.613233997294996769e+01
6.658117637364047425e+01
3.132279857472509832e+01
6.333405669710466412e+01
2.706156251690235592e+01
1.763643532025271199e+01
4.517203663428941951e+01
2.114260884454909615e+02
1.084718006693341295e+02
2.656285818227457085e+01
4.768647293396271181e+01
1.472829634508829777e+01
2.820481106674381877e+01
5.779520329875160201e+01
2.339897280696157011e+01
1.284239885123457157e+02
5.732587074507112845e+01
1.082929386475533420e+02
1.454551297867680830e+02
1.336711976242671938e+02
