7.363499437112839985e+01
1.041294221736237269e+01
7.540816885662448499e+01
5.442717319064404080e+01
3.804805918450292523e+01
7.925030165602687759e+01
8.312056310497483480e+01
3.764177933868140968e+01
2.369705891581781643e+01
9.523683882988680693e+01
3.855474870193836523e+01
3.323798445508044352e+01
3.420421419719625078e+01
6.134813500410533038e+01
2.724984182964526269e+01
1.103343992761411130e+02
2.455036325450938151e+01
3.328667304491241907e+01
2.586646584207636934e+01
3.156919201453370505e+01
4.777521103054277063e+01
3.986614944059782317e+01
5.617626190162722821e+01
3.931596812012696063e+01
9.426151093411810677e+01
4.913643380674277239e+01
3.714751610040141827e+01
2.399314966908155355e+01
8.041842046349802331e+01
4.283338492419377985e+01
2.491732835500382848e+01
5.008020307545571370e+01
4.762315284520001768e+01
3.627064296799255061e+01
1.944365803665501247e+01
2.409354680910171709e+01
4.451698389081441576e+01
9.420764690675609643e+01
2.732851476171790850e+01
1.824888943951977183e+01
4.509200375348224554e+01
2.982175787101911624e+01
2.249235216726424369e+01
3.217064761822399532e+01
5.504388391489789001e+01
5.246769436906703277e+01
7.011256336057634542e+01
1.118206542997269537e+02
4.051793136997953582e+01
3.766919612381452964e+01
1.578447959345553500e+02
2.859993115686658882e+01
9.843544925499206499e+01
5.277596421479086786e+01
5.076432332908471068e+01
8.233133584049862463e+01
3.623176311924301274e+01
3.463992678483644028e+01
9.946839650684862022e+01
5.028651776915848615e+01
1.057791145945458595e+02
6.138686439914081205e+01
6.453957959263317434e+01
1.088349865738799593e+02
2.872010741187589389e+01
3.074773992506290909e+01
8.043113545025912003e+01
2.226957671320180410e+01
7.203131693136135993e+01
2.268805652845917109e+01
3.952982481759114819e+01
3.867100799003146960e+01
3.129336377651705092e+01
4.517421238170285847e+01
6.384809390146412511e+01
1.571682786243609620e+01
4.271326375150294297e+01
7.804767785469206842e+01
6.239356192915614940e+01
3.679570685009067432e+01
7.530780939950089703e+01
3.516376044028969261e+01
3.526037976574939847e+01
4.477949646014327101e+01
6.490347274022175839e+01
4.698418820871660273e+01
5.577269449511373978e+01
8.736595312392773849e+01
2.060641959462817141e+01
2.744376070201300521e+01
2.611499124966371710e+01
5.260531541392994370e+01
5.077393183601621018e+01
3.648722450112544635e+01
5.541098387152042193e+01
2.738086280475987877e+01
4.775083891763986799e+01
7.971654927304355454e+01
5.581713355552157907e+01
3.902137922233089284e+01
6.306987479890466375e+01
2.505817028680455039e+01
2.468029897067686917e+01
6.272140611820420020e+01
5.916086087672520222e+01
3.744809704595632383e+01
6.309365702617418492e+01
7.820364519604179065e+01
1.228483473925552971e+02
6.972381380781681059e+01
8.385745915263129291e+01
9.005391151541043371e+01
6.683920171183034142e+01
4.364914125724364169e+01
1.299240131454225988e+01
3.331633933657745672e+01
3.410111442472157250e+01
3.040268383274416308e+01
3.784648008254711016e+01
9.199122623097967733e+01
7.041289167491198953e+01
5.223851908705073299e+01
7.243703431080427890e+01
2.595234809523683595e+01
3.297494790043799640e+01
5.087756799184897716e+01
7.745281582284142985e+01
1.383139036809776101e+01
2.068827044069472976e+01
3.867580256223337187e+01
2.297847519043800801e+01
6.799086828342805688e+01
2.502106658615210222e+01
4.565609192348050271e+01
3.995714780191124760e+01
6.843780194586257437e+01
2.239029235896368277e+02
6.444904540207927823e+01
2.598046463316752508e+01
7.395223215775230585e+01
1.425443429380456095e+01
4.466083854375528972e+01
7.142462393609682181e+01
4.034489254340169850e+01
2.273489838336242741e+01
2.733257658817758440e+01
3.053727047821357488e+01
7.659144406838622388e+01
7.768021297040129980e+01
5.681251218727584984e+01
7.102217137810008296e+01
1.699129827543957916e+01
5.288463398210028288e+01
1.627567909973637654e+02
9.110790627539363129e+01
1.754442896981303335e+01
2.175749034168833163e+01
4.268757906729745599e+01
4.364666800097764110e+01
5.846994446618280961e+01
2.647645135264624727e+01
9.189713298217496629e+01
2.509502459814366304e+01
3.217926155461790927e+01
6.520392323667877577e+01
5.277841901406380032e+01
3.740287895293415943e+01
4.364283700687447265e+01
7.060022809641652941e+01
8.456044498937818332e+01
9.976891486633431327e+01
2.585384557730123234e+01
4.644118945195164372e+01
5.656217547200162699e+01
4.931397392903271992e+01
2.237359004775665312e+02
8.126038148415655371e+01
2.040013445582497553e+01
3.569739426431028306e+01
5.867300662700122160e+01
5.072812625649218177e+01
5.675089603706860686e+01
3.481478108557194417e+01
6.339733518252335642e+01
2.630490039664891455e+01
5.412391216632549629e+01
1.977386138992442852e+02
2.603802204762763495e+01
3.994676498137482668e+01
6.026059703375439369e+01
3.007094692210038289e+01
3.401343503171433724e+01
3.922113041574056780e+01
5.626644458321300846e+01
1.118330406460244717e+02
6.634316536008371656e+01
4.253377514996973474e+01
4.560102466497663443e+01
3.386139458125446566e+01
4.777880619971097076e+01
6.747627545185281406e+01
3.489634384639276732e+01
3.675551032516587213e+01
3.237977632894218516e+01
2.710920128323581579e+01
3.151277651923825118e+01
6.498973265082788942e+01
6.633984730037502686e+01
6.100011147493946595e+01
1.489024972560545379e+01
3.412668041316426581e+01
8.675101640174530360e+01
2.523650909324420155e+01
3.355694766584753808e+01
3.040850157545377641e+01
2.326728737821862936e+01
8.863990219788600200e+01
3.379760708370213962e+01
9.668220944100433201e+01
3.062037168842513424e+01
1.023862444934702438e+02
2.802589849511456066e+01
3.762598719507980860e+01
1.144556231870256013e+01
6.651632057534411047e+01
5.862433965179486250e+01
7.852828206597843064e+01
2.030196351052104475e+01
3.906751812468778695e+01
4.898202133337791508e+01
4.400242344089040358e+01
4.041474790283805874e+01
5.157586204753415160e+01
3.946496140625389870e+01
2.575992151907000149e+01
5.776522099077122618e+01
5.736152069883523552e+01
4.704475844510878346e+01
1.996383033410387497e+01
5.073795709853317959e+01
3.366277328558415860e+01
5.550759845223524280e+01
7.753610752818372021e+01
1.733794582978570986e+02
3.127812923740779638e+01
4.922611304657250031e+01
7.994835926130784287e+01
1.684674578521059729e+01
4.163178583905040142e+01
1.992973801898389752e+01
4.361018525580738725e+01
9.104639366664621036e+01
9.599528094292175240e+01
7.460555714285460738e+01
2.296068497321808621e+01
6.086115991489418064e+01
2.551042377442212228e+01
2.301652768821623596e+01
3.187508826278947538e+01
5.697442360768330616e+01
9.859436822708889281e+01
8.635066853745618687e+01
3.774571030706113106e+01
5.414661856868934109e+01
7.169147875524090807e+01
2.152849709277335677e+01
1.743143708849918738e+01
3.523049132763792812e+01
5.544590482684551347e+01
6.156388169868254323e+01
6.064824777299700287e+01
3.782455156336352786e+01
1.067727895509659817e+02
8.622972921720091222e+01
9.860418298579843110e+01
9.025191990500481154e+01
6.078853987778873602e+01
2.555494834598648168e+01
2.836328655279552180e+01
2.273529063740046752e+01
3.859624294657039201e+01
5.419138415405715392e+01
8.932899595765650247e+01
2.526190592022389581e+01
1.786490675368774461e+01
5.362858198261985621e+01
7.841527859282831514e+01
3.610585808953359788e+01
3.417817517464241917e+01
1.469454208472795642e+02
1.014407393402740496e+02
3.473167816129201668e+01
9.247398990642652450e+01
2.718199631742070466e+01
3.441733388487516976e+01
4.694075370109023027e+01
1.054396887056835830e+01
4.488630217610995743e+01
7.132088407250786588e+01
8.115385032625619033e+01
2.058822745570894952e+01
3.237299622768571083e+01
2.606566142713636580e+01
9.031641211579815831e+01
2.506721881051698517e+02
1.610844560450415131e+01
4.308426189929048888e+01
3.386212873743644991e+01
3.711865682333046124e+01
1.209240664481808523e+02
7.553622818388284088e+01
6.021310346603313945e+01
7.562178545195371271e+01
3.982698830912530497e+01
2.584773049310753024e+01
3.251508574752300973e+01
2.437460394556965682e+01
9.870127926689673359e+01
2.289353458031480670e+01
2.598672424124968217e+01
2.696246266845801642e+01
6.352433168972424227e+01
8.747877083264430098e+01
4.673502634492189856e+01
2.341891855984287929e+02
5.999286097974862741e+01
1.043016786354528023e+02
3.001316840218715853e+01
1.829167398390833057e+02
3.381128683419061076e+01
2.546940316934636073e+01
4.633748492401895902e+01
2.554723717623657464e+01
1.271940933198635122e+02
2.248705518773262924e+01
2.985076617959171585e+01
1.659689383527288555e+02
2.674223814733799287e+01
1.307738864765815023e+01
5.041091725251976641e+01
2.396287524228018384e+01
6.452028981869963786e+01
8.296449807684282973e+01
3.342334747209070400e+01
6.498483462363257956e+01
2.133736891559571802e+01
6.994668895252168284e+01
4.238349290471283126e+01
5.624976391859703284e+01
8.505148096638575339e+01
3.348154737875228903e+01
7.509105779138387504e+01
4.235407859857441792e+01
3.672827954694605523e+01
3.802480313487629360e+01
4.604460517768325900e+01
5.764550379517173440e+01
5.948554390966882011e+01
9.851483635628441959e+01
4.091113521020245258e+01
6.895538733619716254e+01
1.496166598097477873e+01
6.658004667625461082e+01
1.528348823206941276e+01
3.428509854699615289e+01
8.721965422131424361e+01
2.070159028391343981e+01
8.016451169782014574e+01
1.928791317398330918e+01
4.443276915344152656e+01
3.169142566057049848e+01
9.675148397271340173e+01
5.469620705595028198e+01
3.473453815056882377e+01
3.027665545707676031e+01
8.846756242489354349e+01
6.995211589756856085e+01
4.893438272276396361e+01
2.874767106463566080e+01
1.044800869547183737e+02
2.580453731214569402e+01
1.065303991642320369e+02
4.599670923788657717e+01
1.192386846897166066e+02
4.191769141256487075e+01
1.014616750388159829e+02
5.200353007683845874e+01
3.107714773911582284e+01
1.049853430093202888e+02
2.850492703071542167e+01
2.853410832254039420e+01
8.295865836273668492e+01
7.999793668002246250e+01
2.216129345419938090e+01
7.614870036517604035e+01
1.026425049680114654e+02
3.981899552224593464e+01
1.232142917243726146e+02
1.708230014977507949e+01
8.212362738134980589e+01
3.171594048873967253e+01
3.583866055027015562e+01
2.907313461948108468e+01
2.580912132529306646e+01
4.357238668665168291e+01
8.766385256667024350e+01
4.341115407423254169e+01
2.260819398074442432e+01
3.609648618722395952e+01
8.185230832104443266e+01
1.034901089945770707e+02
5.671709006433645328e+01
4.990310693384775220e+01
5.166911694160026514e+01
7.062459870282019381e+01
7.241078791984543273e+01
3.265240133940544354e+01
1.774502350941253326e+01
8.510921935979249042e+01
2.650456103125878471e+01
2.949358674459687535e+01
4.803716386173677932e+01
7.017727567801304644e+01
9.280530105687068954e+01
1.833503263866197130e+02
5.274627746018799712e+01
2.758946006844897525e+01
7.664014994204300990e+01
1.283545458324211666e+02
3.010096732240778294e+01
3.701938287277301498e+01
5.836437696038400702e+01
2.264741055480719822e+01
2.046065494434096621e+01
4.791636641906386274e+01
2.582387724833644427e+01
1.286060553745713264e+02
5.972467717039827306e+01
8.542340482028237147e+01
9.895198274104848224e+01
7.490742325841458182e+01
7.340364955968159677e+01
4.811842522108291575e+01
3.649687632819549776e+01
1.094785353015267333e+02
3.845172875562242609e+01
1.949446280705925361e+01
4.509177268326002519e+01
6.040144772122550165e+01
1.222960419004396826e+01
5.388064797553466434e+01
9.431774517880351993e+01
4.922141432180179521e+01
3.602600968760189204e+01
4.910522194479701596e+01
3.678544296629107180e+01
3.549718856157033287e+01
2.834779153788297279e+01
6.542697234780079896e+01
1.209424053630374090e+02
2.215811922102786369e+01
1.799138178408397692e+01
4.964385128277186965e+01
9.258398292315057176e+01
3.604247707355378338e+01
5.019445683075242925e+01
1.871275651962733946e+02
2.315515608090435506e+01
5.448840547179822380e+01
7.224108281500679141e+01
2.965340737550699401e+01
7.334466622079769138e+01
3.353406262074748412e+01
9.332862852601267889e+01
3.597879380781716208e+01
4.350652547150141913e+01
8.181177764982383849e+01
1.086051121558051022e+02
6.077175765669758079e+01
3.864338744993083452e+01
3.230353151515813437e+01
8.140085982020808331e+01
6.115547793802515741e+01
2.277211871844914981e+01
9.923215171894887021e+01
2.638565869601647407e+01
7.226095228526939707e+01
2.872419327821326362e+01
7.064642424865655812e+01
3.002208832789707671e+01
1.528313167319074850e+01
3.210935771684351892e+01
9.123443885455546365e+01
2.040380543161525395e+01
3.113095333228959305e+01
3.862871675864474952e+01
3.613884034392477673e+01
3.138011967015400572e+01
1.277379494136868630e+02
4.789659458371177436e+01
7.884423728737384351e+01
3.919341266700347859e+01
4.255328485654663240e+01
1.006001394495198440e+02
5.290112513911905978e+01
4.953884653838099439e+01
2.412316477425405381e+01
6.582562774316652110e+01
7.277935758867329241e+01
9.126957811089827999e+01
3.211674108706606745e+01
6.566181093941480640e+01
7.521717575905924491e+01
3.428755957206415417e+01
9.113433393936527693e+01
1.586937248324286998e+02
3.220812662039808316e+01
4.800418751340811241e+01
3.741507089135422603e+01
5.167297454376068089e+01
5.887787068542199620e+01
4.887249431788247023e+01
3.080202293873610131e+01
3.869972637999259035e+01
4.440649456837437725e+01
1.906412234237389214e+01
1.367054364665562503e+02
8.703611565429424957e+01
3.667535899691029755e+01
2.392627097990795448e+01
6.330247262158028576e+01
1.008140156358222441e+02
4.436294237963211629e+01
5.863310682582634570e+01
5.732718437707074344e+01
1.618817134307698211e+02
4.903356652481515709e+01
7.041270521098941515e+01
6.979596190282387624e+01
5.969681493840054287e+01
8.530471949521050590e+01
3.656759909449920087e+01
2.544588658045832119e+01
5.528518057020222187e+01
2.399063074885557256e+01
1.808547153580855849e+01
5.406256235923841302e+01
6.680140018770364918e+01
1.614258585504758869e+01
2.844448455379020757e+01
8.603597354613640391e+01
2.657501460681711691e+01
2.524296098096162666e+01
3.324882600101867780e+01
5.943653788376936831e+01
1.865015930286468659e+01
8.116521849356099949e+01
5.003797400335390222e+01
7.210521546577190577e+01
2.766604315849071938e+01
3.495087632410776735e+01
6.270099677827467133e+01
4.918689303566010551e+01
2.417638297674319858e+01
1.076246175986661342e+02
8.278671103109573437e+01
2.573532939802062813e+01
4.120560916149848651e+01
2.820648549521574822e+01
1.394221697236475279e+02
2.385393053442036049e+01
5.868628183952073130e+01
4.075995151948815476e+01
2.462402257887488233e+01
2.708061997285886946e+01
5.129036942886383343e+01
8.139146119081759423e+01
8.468095910073797938e+01
4.967465537406652487e+01
4.188024018337960541e+01
3.743389562206397869e+01
1.350953440482972923e+01
4.799203518004516411e+01
1.034430442914668618e+02
9.095242542721869938e+01
1.249146811612194341e+01
2.969800778162513666e+01
5.512010056596241725e+01
5.779934168750732226e+01
3.554281934547225319e+01
2.534420236283446570e+01
8.485035511413731513e+01
9.253558121018950544e+01
3.969430231169796031e+01
9.238308921234838067e+01
1.040469734625911684e+02
3.566629037355141918e+01
1.093693918924523558e+02
3.697278183339800250e+01
4.367835094506012439e+01
9.989618871912874454e+01
4.426650898700283676e+01
4.389530933122257750e+01
4.197378887573113815e+01
3.057606001526292161e+01
3.077141413720457663e+01
2.854921881548274598e+01
7.729381588042122075e+01
8.258856915749655059e+01
4.892433783186820762e+01
5.652440346860871756e+01
4.224941955731974019e+01
3.006511643520312660e+01
3.388570782162195627e+01
6.989903695431840447e+01
3.769363114759130440e+01
8.420643914899585525e+01
4.825800331433979551e+01
5.630844010055197657e+01
2.206398828222247488e+01
4.649923717412393387e+01
5.026148086195740206e+01
5.626383338536046352e+01
5.472638377970069712e+01
5.996131594180765489e+01
3.512352977226076689e+01
6.820059873093217107e+01
2.447176737594541507e+01
1.051738722654127685e+02
2.123250487443509371e+01
5.612135583494709579e+01
4.111847027602583893e+01
1.292170754570259703e+02
4.638167064084955626e+01
2.263454075139116739e+01
7.631957291312710367e+01
2.375347606686386825e+01
1.383305724672369195e+02
5.722932962793785094e+01
3.919648053153864709e+01
3.512064622618750320e+01
9.281521516389517501e+01
4.303934837507657818e+01
2.789681167868503309e+01
6.660073490080274894e+01
1.650912392074941408e+02
5.746483225274776174e+01
5.779153661684028265e+01
1.080257905778738632e+02
2.320532537671708440e+01
6.466327034106016924e+01
3.327272983641640991e+01
6.605006991163739372e+01
5.969564864655116310e+01
3.639137114182022970e+01
1.563582224598564778e+02
4.049870485972105882e+01
7.970600649144743954e+01
6.042409599021967637e+01
4.662919327558676486e+01
1.228869703899002133e+02
3.683017954166720642e+01
4.145525298820727045e+01
5.357505090037470552e+01
4.698515161272904805e+01
5.035884318426599293e+01
4.623069761153515600e+01
7.594029742160502394e+01
3.733313084721050501e+01
5.927432656311732728e+01
5.050252482294055767e+01
2.473034291556280095e+01
8.139981247474116799e+01
5.178957789295439085e+01
1.397674137978775661e+02
1.118499758974642333e+02
3.658257648874342038e+01
2.361063734088828525e+01
2.307929736415387723e+01
1.637848632654489123e+01
3.751688822198372719e+01
4.521752192567383588e+01
6.827006517891696546e+01
4.256316863302947695e+01
5.730313270294738004e+01
3.792391741300443897e+01
8.279779553419650995e+01
9.226241202038973199e+01
6.579139597777499660e+01
8.262242400589036606e+01
4.719923025743818101e+01
5.414562112168749763e+01
2.773468179923140298e+01
9.897999152714889703e+01
5.984509785770533341e+01
7.830523362975259261e+01
1.303244003060624721e+02
4.078540846576547096e+01
5.516614410134675950e+01
5.954958939815495000e+01
3.357416933683742855e+01
2.424512602878429135e+01
1.041568194776234293e+02
1.943937187263817066e+02
1.641330803169252661e+01
5.247048557369276267e+01
4.986958110562903101e+01
9.784490152109773575e+00
3.306512321314704650e+01
2.581747340053175890e+02
4.152672495526601892e+01
3.918333549519019243e+01
4.328664685016104841e+01
2.134472889666974282e+01
2.465553650772523753e+01
3.631535261452146557e+01
1.497862550503251953e+02
1.080855757483910367e+02
2.924109721833622189e+01
4.345550613558810937e+01
6.142540722755422422e+01
3.770424906889788019e+01
3.103158657039560708e+01
4.114505852067512848e+01
6.163272205696880235e+01
3.764282082069070157e+01
5.595140217770644853e+01
8.552501322436482667e+01
5.708179082167130503e+01
1.245751305624571756e+02
2.670620244355963280e+01
7.575974944376727649e+01
2.788866993279638962e+01
6.280139142413440112e+01
8.869230489107172843e+01
4.293769917080136622e+01
4.998848391058713503e+01
7.821533599710957674e+01
5.548872958056961124e+01
3.580765265738229175e+01
3.283519452943203021e+01
4.337542033170891642e+01
7.110742164658208253e+01
6.585077559719178453e+01
1.066488152913592842e+02
1.154381680939500967e+02
2.486984253942084422e+01
4.691699529387594936e+01
2.606373051339102531e+01
6.706526111406054724e+01
2.723774448324792274e+01
1.200673547391872944e+02
2.348416534724947269e+01
6.416489238334703771e+01
9.656404365879551221e+01
4.840265061978151095e+01
4.378894499370426985e+01
5.852106371425357878e+01
3.784996502412221275e+01
8.668239689369654855e+01
6.217077546481819894e+01
3.938618678621034519e+01
1.578091988789918609e+01
2.451315150964000722e+01
3.957949590379271143e+01
1.702597037782332379e+01
9.169915342828358007e+01
2.139173107889913439e+01
2.625034679218455835e+01
4.602258635631422123e+01
4.206810916529323663e+01
2.557331602818535643e+01
5.759528001557953303e+01
2.719666813055023979e+01
7.877191708205019438e+01
4.953581849627299505e+01
6.074455986043901845e+01
2.924005576676639961e+01
6.336116126702355444e+01
5.625156065976618436e+01
6.169316700597382663e+01
6.670859751914329649e+01
3.460877374316559951e+01
1.165435951131534438e+02
9.886401157207163237e+01
3.808819969137266526e+01
5.742264141156403667e+01
4.382980321338796159e+01
4.463233483412444969e+01
3.470305373293457762e+01
6.531163159261079443e+01
3.891230773127137610e+01
4.972653179783551280e+01
6.724819737294117772e+01
7.497365529862541678e+01
5.080774004219819062e+01
3.473650015435759286e+01
3.185202937133075807e+01
3.531844673004619750e+01
1.346741680644892014e+01
3.255776322404042844e+01
1.988704230397791051e+01
2.266263827277506238e+01
5.443786534009605305e+01
1.163556245622995533e+02
3.136377352825036624e+01
7.522113039167916781e+01
4.466067582912956624e+01
2.854584964483398224e+01
1.244798350313365205e+02
3.513810254578704217e+01
5.018883504599985912e+01
1.547072297493147452e+01
4.431591261512711100e+01
2.856822749438528319e+01
6.794789375755118499e+01
4.629774321429531625e+01
5.715463115716056564e+01
1.219036493535163430e+02
3.238673594799293909e+01
4.271362363430005615e+01
5.772256570826547772e+01
6.314240972118693662e+01
2.586152428999063702e+01
3.349560806463217233e+01
1.081902203824350437e+02
4.507863487648115353e+01
8.902598564400115322e+01
6.594540003615547619e+01
4.395344032494533337e+01
9.106544488698850159e+01
4.503777537672409181e+01
4.793549720886745291e+01
3.403749220170195144e+01
4.895822833335130753e+01
4.592453261722139501e+01
7.847439407297110847e+01
1.616020720968958528e+02
3.585126944522494341e+01
2.653293311540885924e+01
7.079894014730110996e+01
5.769505680387987212e+01
6.705442328942113761e+01
5.129570337884809561e+01
1.499662035194501755e+02
3.228391972665664866e+01
3.395903412755163231e+01
7.168489063374001091e+01
3.504855542076443697e+01
1.235887137176981696e+02
5.034058448739668279e+01
5.333348027262423585e+01
2.597227632041460765e+01
3.867742232213266362e+01
1.659186592585659810e+02
3.879471321672756545e+01
4.872448001546404583e+01
4.679032097422049219e+01
1.941717950093071181e+02
1.290427136280881548e+01
3.685149191456341811e+01
6.215305315375246664e+01
2.768040021079365332e+01
2.081699527585188747e+01
2.919503061355557705e+01
3.681253897870990244e+01
4.796961124072691973e+01
2.306163621375017314e+01
7.335107260537354534e+01
1.189711275394221701e+01
3.069354810661406319e+01
1.926685040368527524e+01
3.277948519923285886e+01
4.120012286153651360e+01
4.048111328916606766e+01
3.469100339728446158e+01
1.856777042721262916e+01
2.479920675481925940e+01
7.203076510993899717e+01
5.036259661165406953e+01
9.019804010296864760e+01
1.577735536062436594e+01
7.416607733931969904e+01
1.346111066161391818e+02
2.933225462093414038e+01
8.074260336920539771e+01
6.873424590399136491e+01
3.829890461987098860e+01
6.941876601002380198e+01
2.856021044267367159e+01
5.814531749520060089e+01
4.616532574583604287e+01
3.012501614504835246e+01
5.659122169792356516e+01
4.616718529995733888e+01
1.536317438991303241e+01
6.025689495976222076e+01
2.560535720583514774e+01
8.488785314142428717e+01
4.511493668276876434e+01
6.759722759368207790e+01
3.182354771866563681e+01
3.228920641069638009e+01
6.090040016559276381e+01
4.769626225397210106e+01
3.592489526994264537e+01
6.702457757510475744e+01
1.281430811315449034e+02
1.681094228722344610e+02
5.941720526212426989e+01
3.482070119584290779e+01
2.409020547870475681e+01
2.511248622301562250e+01
4.038510632179085746e+01
8.237739084558999991e+01
5.551910603030993485e+01
3.635921645390629209e+01
3.317777076638066092e+01
3.821260076922472138e+01
3.680087302099980207e+01
5.498150673497443108e+01
4.835878953202968233e+01
5.008754459660535474e+01
2.053060650551606159e+01
1.326997174726126971e+01
5.507542462319282350e+01
2.507152949582528123e+01
3.423014319506818737e+01
6.817738398402606492e+01
3.107753695298551833e+01
5.150575243101470591e+01
1.110959629419789252e+02
3.949751333796358921e+01
4.678263033954998207e+01
3.036131984312291721e+01
5.031300394366853368e+01
5.319692419211835244e+01
3.715182955210841698e+01
1.012914681896886862e+02
5.074637862234660446e+01
5.614499884740592250e+01
6.356592516972177975e+01
8.796269942859258606e+01
2.226452450539682459e+01
1.426502321798609501e+02
2.991946477766580514e+01
6.335645226047140000e+01
2.794827689347258826e+01
5.159799277427250530e+01
3.153321627422400297e+01
1.260764984265126145e+02
1.055843811239081873e+02
3.561786991648725831e+01
5.148056187039270526e+01
1.703611499988185329e+01
8.486186580249190570e+01
3.014382178495352704e+01
6.880026625395069573e+01
6.275310018268706358e+01
1.184769421951795465e+02
5.839892283802772255e+01
3.433624606439205706e+01
5.287040562426941648e+01
1.723978869632176725e+02
7.892454023005468855e+01
7.095635351511003819e+01
5.774334842491449393e+01
8.264886658494795313e+01
5.035695256723405322e+01
3.256231639096459674e+01
6.187209911788681893e+01
9.034911771607421827e+01
7.362391764805830974e+01
6.491922896631233186e+01
2.408459921824660199e+01
9.743043677857389184e+01
3.456960530198815462e+01
3.607766570985195642e+01
6.631298496577133506e+01
1.243211343241188871e+01
5.097767106460913311e+01
2.695850238598199411e+01
3.992072303336103545e+01
2.607871148632452218e+01
2.358173996151509044e+01
5.314387965602644925e+01
1.601240833282478491e+02
2.138152283293861444e+01
4.580163640930674518e+01
3.792251678522608671e+01
2.657101838002988359e+01
5.724041174333929405e+01
1.920148019490918045e+01
3.023613548820428321e+01
2.731244520424763778e+01
7.038606579844505973e+01
4.336489747690265517e+01
7.354983247389580470e+01
2.707459200607504002e+01
1.995596166260671112e+01
3.892137640635777984e+01
3.182753050054726884e+01
6.621543677610566192e+01
7.992981318991077444e+01
9.273932857374452965e+01
8.142375279823565393e+01
9.225654726212522405e+01
1.021030512274545003e+02
