7.838242899220874449e+01
1.186922837187744477e+02
4.608844420565606725e+01
5.699184010350233365e+01
7.922555759974343914e+01
1.017831299778444247e+02
7.736253781682817987e+01
7.201877878739783512e+01
5.468016525039689668e+01
6.136731448749613094e+01
7.065217600274985443e+01
1.116684065071498537e+02
5.485106550968124850e+01
7.313224937415797910e+01
1.270253230694860065e+02
1.206454911759153532e+02
4.202070287476434629e+01
8.636723949907327835e+01
4.002355458679526379e+01
1.931949778720131974e+02
3.283857418012676277e+01
6.445827734284274868e+01
1.046290887360192556e+02
1.365919741176243178e+02
1.522593685490240603e+02
7.047764788753667631e+01
4.536958568352973487e+01
5.349276300233025694e+01
5.929035169009051032e+01
4.157877285785443888e+01
1.414910333317990592e+02
6.524658741333189482e+01
9.601073595790154513e+01
7.788920745229451370e+01
1.434975090677058915e+02
8.387156921069806970e+01
9.481379484692055826e+01
9.589007657768225101e+01
4.291685122770328320e+01
3.705624504763385403e+02
8.320018489289098795e+01
1.740636545176047889e+02
4.555314273624937016e+01
9.970934891660182586e+01
8.167929814516364218e+01
5.642938961315775259e+01
1.524990834432333315e+02
2.435210282158571360e+01
1.667111325763385139e+02
5.612125572207225588e+01
6.323769850491666489e+01
1.416276621587415718e+02
1.293877327512219040e+02
7.227467111436607183e+01
4.861096000712691989e+01
3.091125058101673631e+02
6.773625521726265220e+01
8.801668190931457048e+01
6.098880395781361585e+01
9.948459279644916364e+01
4.507687285737178939e+01
8.738341013940787150e+01
7.586468089390723435e+01
1.401359223675505348e+02
1.537080669409800180e+02
1.603103155078258624e+02
7.163571703390392997e+01
4.695165736875156171e+01
4.955394487259614067e+01
6.360428266869205771e+01
6.978725611393828387e+01
1.020486236820278236e+02
7.160538255249599615e+01
1.685666515075933489e+02
1.535921170868055583e+02
5.216156764510576238e+01
6.419476469295423726e+01
8.426018660041600583e+01
1.807846996191809126e+02
7.899929782642844600e+01
1.509705537502208870e+02
7.644979662881249283e+01
8.324452214976334119e+01
2.496220460613486978e+02
1.762992269081742052e+02
7.634344833086514370e+01
2.771942170602319493e+02
5.201798328826357221e+01
7.298598882547348410e+01
1.137953839550098110e+02
1.019305059113144125e+02
1.021148103084760521e+02
3.973831135248628499e+01
6.511116778118780246e+01
3.266824283926674610e+01
2.190362958708201973e+02
1.219282045306979398e+02
8.295902143749509605e+01
2.517662353671016149e+02
5.035784149120768660e+01
1.292530538123878898e+02
8.974466806725949652e+01
6.063885099826374869e+01
7.977579750740625286e+01
6.494717107431188197e+01
2.131462206197487887e+02
8.677401325604895987e+01
1.754697601918635428e+02
3.973292694420359084e+01
1.195685621449931517e+02
6.431178503542753333e+01
7.652101989750812550e+01
8.806928388949648934e+01
1.109037600613862082e+02
6.191989816986997397e+01
5.176982045178219494e+01
2.211977088807176699e+02
4.185941464528581690e+01
2.306112872981928206e+02
5.519176774238489003e+01
9.528175828928613100e+01
1.008048281621821616e+02
1.681832949633586693e+01
2.588193815267229070e+02
1.203903161459107594e+02
5.035222634747989190e+01
1.118669481174994331e+02
6.498262486652832592e+01
8.467863711627298073e+01
1.606249977531497279e+02
8.966478129214755199e+01
1.096884644813229812e+02
1.551728091072774021e+02
6.585701999448905042e+01
9.095251716026042743e+01
1.137548069182564490e+02
1.394971160453183927e+02
8.255700822080957835e+01
9.731681416471268165e+01
7.570435237953300600e+01
1.584009059430749744e+02
6.857661991328831164e+01
1.142637880405238775e+02
2.612060837227313641e+02
1.069789950857018113e+02
4.922315088101076697e+01
2.064026328225450015e+02
4.807473802776699756e+01
5.105292869428784996e+01
4.076642541977626166e+01
1.841882453441258178e+02
6.734590352329757934e+01
1.057826342193114613e+02
1.020130408943092704e+02
6.294623165064697190e+01
1.094237463535926338e+02
2.881160255552691751e+02
7.362482796826995468e+01
4.496023472461094883e+01
9.238348975151011189e+01
9.099173862163262072e+01
1.990001604261490797e+02
4.927805874146787346e+01
1.825702324232606486e+02
5.407649620715486094e+01
6.753306736363470009e+01
6.103604832134036684e+01
3.175429861528037279e+01
5.634920465774624176e+01
1.279894608146809389e+02
1.396075756877147853e+02
1.224087299404806544e+02
4.708268543907664139e+01
3.385446917023421065e+01
1.801809550797079282e+02
8.345928963862068883e+01
6.425679725875832560e+01
1.561887728395972488e+02
6.647911781340425819e+01
7.507961627129481030e+01
1.070708116369928433e+02
1.690036895580492740e+02
1.140862154470437133e+02
5.617854737820385935e+01
8.899478705826223290e+01
5.232842904211131696e+01
1.781629069663063802e+01
6.008091065675954212e+01
5.695643621451563376e+01
1.198904467587435079e+02
1.877977916826692137e+02
1.411746092797760070e+02
1.243579753954920477e+02
5.455059642880004844e+01
3.592438130322588563e+01
9.611643859606701312e+01
1.266825358122543435e+02
4.683834370922329526e+01
7.828752984841453610e+01
3.314771675628431780e+01
7.649400764153571686e+01
5.243221557624003992e+01
1.222318392703501786e+02
6.484525093666381679e+01
5.948455843085651651e+01
1.000511545992589646e+02
6.780536561946641427e+01
1.985661348745091175e+02
1.005239818630378750e+02
1.056386785871454350e+02
5.414086717380215674e+01
1.046320121376949288e+02
9.825085587243060559e+01
7.597520475824596531e+01
1.846383024676808873e+02
1.975979311535786280e+02
1.198710952630740962e+02
7.880895499320858733e+01
2.119050393134609465e+02
8.631953537684644573e+01
6.808846739841266071e+01
8.420975092607493195e+01
4.409191820330846667e+01
2.144086097186345796e+02
7.295663451421444279e+01
1.177191752791653272e+02
2.894734651509658363e+01
2.236430981182825803e+02
9.491245451898544161e+01
2.052704630123184302e+02
5.433930634174190288e+01
9.260751564150183412e+01
2.349296594103199141e+02
6.922670664744805435e+01
7.118769330293416431e+01
5.821621740202323281e+01
1.405150924275654063e+02
1.344559142562546867e+02
5.621450586762964718e+01
6.858647965335256913e+01
2.900645786625925737e+01
8.235037066127118521e+01
5.684002777790312422e+01
2.018672298625192525e+02
1.715206408226431449e+02
2.576041976059727290e+02
4.416633743064497963e+01
5.988036773142195557e+01
8.930978636777987845e+01
4.652766309816720991e+01
1.115339704892423072e+02
5.276051312474434241e+01
6.297035870005213098e+01
4.555809283551823796e+01
1.277369139940732623e+02
7.492408344863474667e+01
5.840185419843231074e+01
1.202941336385019753e+02
2.822265415197913967e+02
5.477911841652612424e+01
1.073535957461989625e+02
1.145421026869589411e+02
1.965300229074975675e+02
1.046348487687565125e+02
3.124608985820294151e+02
1.585558461178640925e+02
1.956185845174078963e+01
7.792998877851479733e+01
8.987817291707823131e+01
3.402675334589387290e+01
2.100326403700885578e+02
5.880166719129431385e+01
6.575609166379207693e+01
1.463969688902290329e+02
4.692398672127809078e+01
4.384215081437022832e+01
4.931609813122301489e+01
5.947789684197587690e+01
1.044371075358506147e+02
1.442447525782592379e+02
4.933973457649198480e+01
7.608689981722359619e+01
1.761209840776653834e+02
9.503038238145217065e+01
1.429526794225026265e+02
1.173091274551379968e+02
3.147788184203942663e+01
6.012442436563634374e+01
7.232236189610055987e+01
1.278510195453780653e+02
1.253867943146339883e+02
9.114777280293344575e+01
1.273008170544089239e+02
1.660960569845484827e+02
9.783018851214809786e+01
5.025871355232484206e+01
3.770953800688245394e+01
2.090536864974903892e+02
9.384474964381828954e+01
7.859311257994080790e+01
1.178199156756501935e+02
1.154043350747543855e+02
4.219652885520969932e+01
2.045024819616107692e+01
9.394337055370141343e+01
4.452071136044040145e+01
4.135708909654402987e+01
5.793935812492230042e+01
1.415554689827553716e+02
1.468243414485874894e+02
5.363301614239119885e+01
2.308436198594195901e+02
7.153567021610969334e+01
5.820542260141618129e+01
1.168255734467737028e+02
1.407505565818837283e+02
5.459584744649180976e+01
7.361528777591887263e+01
1.596913178686510832e+02
4.995937188260783302e+01
6.242006834981938823e+01
1.155664775520854590e+02
7.416619203749050371e+01
2.341398554097180096e+01
6.263233624458777626e+01
6.065170010422779256e+01
1.290482753472928721e+02
5.628204732716536540e+01
8.521024972556608645e+01
4.769475570803595588e+01
5.957967382769786013e+01
7.382491506133462167e+01
7.248870616552729018e+01
5.133598286953873924e+01
5.374804262017827483e+01
2.248274116958621676e+02
1.079941195882314702e+02
1.374680101586239118e+02
8.744162879576158787e+01
1.293295938491455956e+02
1.063275799817211151e+02
5.529285095724224419e+01
1.046645610399571069e+02
9.886532405824904401e+01
1.792535357917995782e+02
8.015866017851129754e+01
4.762630008718009123e+01
1.838783671870320404e+02
1.663791660221247355e+02
1.109998099699877372e+02
8.007710098153617650e+01
3.082784474203748459e+01
7.499264516163930239e+01
7.290002171121884089e+01
8.236052568147374586e+01
1.040390332533759619e+02
7.892613333202824322e+01
2.070267203501987652e+01
7.853218634255522090e+01
7.455076989818734035e+01
8.762936521532451195e+01
5.273462713561236370e+01
5.052327706227287507e+01
4.303429998274095425e+01
9.977276177381074262e+01
3.502410615486380152e+01
6.597249753646553927e+01
1.419985689969452665e+02
5.824588486899377671e+01
5.179098834962087494e+01
7.899783513728536377e+01
4.052099488366125968e+01
6.151176559269892863e+01
2.441542615987884517e+02
3.848002571177826781e+01
6.091207348538899424e+01
6.734361914356234990e+01
6.429399046892163483e+01
8.781319512935695570e+01
9.300348222038061863e+01
1.527642124385526756e+02
1.510697378857908575e+02
1.040919894627322151e+02
3.647399199585439789e+01
8.957736430709955755e+01
3.297067708977769485e+01
1.169922171541126943e+02
1.867681842015389861e+02
7.577874144586630223e+01
1.297094808899719851e+02
8.994758483503937896e+01
1.312140119281741306e+02
6.890944870377104792e+01
3.210458934286673411e+02
5.016772152904741944e+01
3.357372858868475873e+01
8.425519015286656099e+01
1.275221599660616363e+02
9.777453474975180825e+01
1.137755627450979290e+02
5.425563253406074438e+01
4.712609125998136506e+01
3.198256009640602215e+01
1.044736142887523869e+02
8.512072308699544010e+01
7.434081702931264601e+01
8.789438977737769676e+01
1.041884862871891499e+02
6.813592678866304198e+01
9.690740288703796068e+01
6.797285605036952916e+01
8.602973561919553447e+01
1.236087615233060433e+02
5.569713137717785401e+01
4.117632122249414550e+01
5.019297854333348852e+01
8.339463324583832105e+01
1.153702225687473089e+02
8.537608393298732778e+01
1.007641490645868743e+02
1.342572906418284333e+02
4.598271402545199038e+01
7.199572199921212245e+01
6.795828493720813412e+01
3.148982469451573607e+01
1.492590336937009283e+02
1.198156019869775406e+02
7.681098855369525324e+01
8.480234164276778586e+01
8.906923569172400335e+01
4.771765281165297523e+01
7.323455239270394657e+01
4.552798154563785005e+01
8.359814634002995604e+01
2.317627409821464823e+02
2.377275319540948999e+02
8.507203163572951610e+01
4.963867188011541032e+01
1.536596218707791195e+02
1.266359378062231400e+02
8.257113300384047250e+01
1.202117784237172344e+02
1.457569087034528650e+02
5.749949355134369711e+01
6.653040129881541986e+01
1.206605672817173485e+02
6.578486927703386300e+01
3.211431348248667916e+01
5.517374709408976940e+01
5.300142919649101003e+01
2.418308443222525170e+02
1.067941607563564475e+02
3.257816785529961976e+02
2.150095444445491353e+02
9.339929405544069141e+01
3.226021149699273138e+01
1.029860872583300022e+02
4.221554703149343624e+01
1.268743725184410636e+02
1.022048858834612730e+02
1.391560248750662936e+02
2.913105586638212685e+01
3.488999010115644950e+01
8.546364665043572018e+01
3.491343664690068067e+02
8.738792529613439797e+01
1.180880181953086918e+02
1.872309854134234115e+02
4.359683376163184221e+01
4.483389039046893743e+01
7.932477505232178316e+01
1.105374242187793783e+02
9.509865098589503418e+01
1.171894464500421265e+02
1.490259978296460304e+02
3.939807829303620679e+01
4.714076118497047929e+01
8.787691566785319708e+01
7.816835475429198254e+01
7.484162977360513480e+01
1.196036093921006938e+02
5.820820735246658018e+01
5.915344228566772955e+01
1.454513913828915577e+02
7.569122363309712398e+01
7.869130917358340582e+01
1.480472809268340200e+02
8.800449943816643383e+01
5.845318771364203769e+01
6.741488345118375491e+01
4.202598224689764805e+01
7.244251628852303782e+01
2.788733033208835721e+01
3.415808748548518565e+02
1.260699442260327885e+02
7.705665839892331803e+01
1.365421195313128919e+02
1.009403429639883711e+02
4.828040948914882335e+01
3.151408500589741024e+01
6.450532027685076741e+01
1.152387878997172237e+02
1.189381187560460376e+02
1.193744375342476474e+02
7.828596033669761312e+01
7.235080140594722309e+01
7.963416048025590044e+01
1.323231503453670257e+02
9.786243951942920205e+01
3.218414136741068177e+01
1.962579648574257760e+02
2.211436900694578185e+02
3.672704556553708244e+01
3.024328957557607467e+01
6.616566509420435693e+01
9.447705628365177688e+01
2.958556774281653361e+02
9.004391105453842670e+01
1.358194660501388000e+02
8.088007760445918848e+01
1.115524541210984211e+02
6.458952986490112380e+01
1.574466952454608304e+02
6.947645200199215765e+01
5.079355317946664883e+01
8.360704527342828385e+01
9.624551244490645274e+01
2.134551260727986346e+02
1.204703409819552036e+02
9.606373457359950407e+01
5.414987079040831475e+01
8.693270004053309208e+01
6.738462912558115647e+01
4.484733111368918657e+01
1.053822564504202433e+02
1.425833553186719200e+02
7.198458738519697420e+01
3.866674712235248990e+02
6.705846256483917500e+01
1.509074816284518477e+02
4.239969096787602325e+02
5.329354725575525009e+01
5.112512483663004303e+01
7.714320341882110199e+01
1.662181785308352460e+02
7.538763148698454586e+01
2.633424193415661421e+02
2.115528269845200953e+02
8.845138970059092287e+01
5.479717126748083444e+01
1.272164936357092984e+02
4.036458130720858861e+01
5.596246979398535615e+01
7.218242036127936956e+01
5.269553353149439801e+01
6.764039761442079168e+01
1.051580537113993756e+02
6.471092539705108493e+01
1.324766886890241722e+02
1.799964187097992294e+02
8.730385595233072138e+01
5.841946924551734099e+01
8.427931516656013855e+01
4.748617089931331492e+01
1.180576796391636520e+02
1.844351515927548348e+02
2.112519247478118416e+02
9.773250383644651151e+01
6.384195512093156566e+01
1.338779241886035436e+02
1.245597181214327662e+02
1.111550168331826711e+02
4.262200501739374658e+01
3.772195895096290030e+01
8.152017740333383244e+01
7.076688271857011614e+01
4.259301708915021578e+01
1.179555041160599842e+02
5.876635070749493650e+01
3.697637014666962330e+01
1.313790428094525566e+02
4.418566096344479632e+01
6.455533325006936707e+01
5.336255852465437499e+01
9.086948028828822999e+01
5.292081261397477476e+01
5.773378099584378731e+01
9.340422083087197791e+01
4.819721001029454044e+01
2.146738781756180572e+02
7.389569190054162107e+01
2.039945573859249066e+02
7.563150274958519503e+01
1.115627909005718266e+02
7.015481590105035536e+01
7.458171012445143333e+01
8.999897420782868096e+01
1.080956832126467475e+02
4.893808699805521911e+01
4.628689004168100496e+01
1.201915569588155677e+02
1.033524463383422329e+02
1.657906486016628378e+02
9.369207596188667253e+01
8.003188285378627143e+01
1.481307495308440707e+02
8.918308048186497672e+01
5.494589275278892870e+01
4.251537161530539777e+01
3.543516935566604786e+01
1.669684693872707442e+02
1.363041652225760174e+02
9.228354803432031872e+01
1.598110017954040529e+02
1.430144422001857549e+02
6.056558312054546889e+01
9.043713074888620440e+01
5.071860136492180970e+01
6.383053263470851135e+01
4.966147682942796848e+01
6.508066136317444261e+01
3.460101501911463373e+01
8.767565993527965418e+01
1.389176657420100014e+02
3.538003831405913502e+01
7.964199517244837523e+01
1.799868250221933295e+02
1.441233340583914639e+02
7.111658672629239675e+01
1.171258614174634687e+02
2.273947228226743675e+02
2.187971509475881930e+02
5.574502599239578160e+01
6.480046471082660275e+01
3.681002412270210300e+01
3.110796395325742836e+01
8.164645178595377217e+01
5.747212206336351414e+01
1.039391273077934841e+02
3.292846483598017215e+01
6.258352804747455167e+01
5.946677765448238517e+01
4.242775670262659560e+01
7.217424727077541036e+01
5.566658507461507099e+01
6.585167958837240576e+01
1.906460234756550776e+01
4.277202592414880655e+01
2.069364015229524796e+02
1.025489931556910221e+02
8.901208140022305315e+01
1.556989800335618384e+02
3.015812097899914335e+01
5.306267627656405494e+01
9.908029313035204666e+01
2.575294888664624082e+01
1.417930159790280982e+02
1.879380894778443292e+02
1.094646511008452165e+02
4.262045541453870356e+01
2.103528379257118672e+02
6.164470977561916243e+01
1.000303607947033981e+02
5.756619444461909296e+01
5.630404243259487629e+01
8.893578855416934914e+01
1.910438380504762392e+02
5.792022268567139065e+01
4.058460715810483777e+01
5.768341375191889142e+01
1.161714779281377048e+02
3.125752140828914776e+02
5.649830125303095940e+01
1.541598417162574322e+02
6.239588878865841792e+01
1.158455760670301515e+02
6.195476706824957347e+01
7.458807766265822181e+01
2.116143016539539303e+02
7.196431702839116440e+01
8.668622885360232999e+01
3.415549448958299195e+01
4.090606063349891741e+01
8.394516030532025752e+01
4.000925255561215721e+01
1.080719969304464882e+02
2.663859599987007343e+01
2.263910932185708873e+02
3.138386268635833076e+01
1.317637639210169880e+02
9.234457113951276597e+01
1.220039202119705948e+02
5.334891433295047136e+01
5.032651190221117332e+01
7.933169406214713604e+01
4.277758280635108434e+01
9.296875398386093536e+01
6.743137528993722185e+01
1.065983595994833593e+02
5.934579974959562065e+01
1.040422954016296444e+02
6.528094227858895238e+01
2.921179135996252967e+02
8.009366328308169614e+01
6.320750227149748923e+01
2.214780906296244609e+02
6.198576813317421141e+01
1.605769220991226121e+02
1.228820611629190722e+02
8.591831158997763396e+01
5.050931869024579868e+01
5.917519605712883646e+01
4.129029395580219841e+01
7.500045107616462303e+01
4.794455281372032118e+01
2.016406190936208702e+02
1.077466512010652053e+02
9.170484392341343494e+01
4.320955650903822232e+01
7.328761091595033861e+01
2.541877586168211849e+02
5.476395060466771270e+01
1.026572301194809853e+02
1.240321481668599404e+02
3.890274073698191160e+01
4.970616618358944550e+01
7.474724590563825188e+01
3.416559599255181467e+01
6.894745268021648599e+01
6.073781634276996755e+01
1.069125500811973950e+02
9.798846428490959681e+01
7.921940975675902052e+01
1.451953336857451120e+02
9.812480366125664943e+01
3.441359791991519046e+02
4.110892339627454817e+01
9.348786032542400903e+01
1.309510382985834269e+02
3.625235241843058276e+01
1.025417009862955098e+02
1.599084340903145858e+02
6.142383233176611412e+01
1.774070410949273651e+02
1.072162854430711008e+02
1.707864968038908273e+02
8.054896980214105895e+01
1.137197845732475088e+02
9.982776160541125421e+01
8.277641929945551169e+01
2.151494395196554521e+01
2.985539981799900744e+01
2.625528224440442671e+01
5.948076329298916676e+01
6.569514515288832968e+01
6.732312122271396504e+01
5.718184755289869514e+01
6.706383228177674027e+01
1.440335819549898986e+02
5.487948399835840263e+01
1.068720127732595699e+02
7.793212970185955157e+01
4.857463591022725069e+01
8.832497861003648154e+01
1.208960333892033958e+02
7.696839340765821191e+01
4.396306349669595193e+01
1.262508309087242253e+02
2.038667273148842014e+02
5.920483436613557160e+01
6.845761154962033856e+01
1.019230821082402372e+02
1.307034468737741690e+02
1.083850165530229503e+02
5.079964367597083452e+01
2.259754569710400744e+02
3.920139694910979955e+01
7.761256108102956830e+01
1.186349177010352065e+02
3.153938567157976536e+02
7.318906122903972289e+01
3.456294001985948938e+01
1.685637783774348861e+02
7.716402090925215873e+01
1.152014036444615499e+02
9.253255260834119156e+01
5.699168765063773634e+01
8.208863820413898793e+01
6.603791283291107561e+01
1.160350119694344926e+02
5.388583462254602807e+01
2.279457743764029658e+02
9.352941661451906441e+01
1.036651799229726549e+02
9.193526367010449007e+01
1.234799773429002698e+02
3.909208712162105570e+01
7.970849969925809830e+01
6.363482528561625884e+01
2.160836398019228000e+02
5.976897372176684087e+01
5.993509875946924836e+01
1.961426438937639034e+02
1.179019876133732652e+02
9.967702084852582800e+01
9.692336192234137116e+01
3.781681784823702230e+01
6.651581503609624235e+01
7.471563797996796552e+01
4.839724270747302626e+01
7.742947206804508653e+01
5.013409482797410988e+01
1.022592199790466196e+02
9.294356854702986936e+01
1.334202269959636169e+02
8.233437930735560428e+01
8.633312713862098065e+01
8.158150822478285136e+01
7.393628664372630510e+01
1.502737730035819652e+02
8.705184357778270510e+01
6.188120941011536758e+01
7.232003369028825546e+01
9.361806616472885878e+01
1.386925578867467550e+02
8.834707770831339246e+01
3.014685158681550092e+01
5.744365403121426539e+01
7.293809427803827816e+01
4.844090623083911140e+01
6.302857781074144583e+01
8.711746957451605056e+01
1.020994683974987538e+02
7.819810427694662280e+01
1.190764614558766255e+02
1.589141868013777241e+02
6.032790159688843090e+01
7.303534291150909041e+01
6.641167693232227975e+01
1.305298173473221368e+02
3.768859795712916849e+01
8.045720137154062002e+01
9.646043812969945463e+01
8.903109361265163102e+01
2.917424742864411087e+02
1.752609496029295855e+01
2.932634258381618153e+01
9.344600312812154641e+01
2.225931496232008442e+02
1.152065371250812547e+02
6.759665064974201698e+01
3.127560680155943729e+01
3.318118071526629365e+01
1.880520027796936233e+02
1.305771136439987004e+02
1.155200488017317468e+02
1.426801681363182013e+02
7.586420397157544926e+01
5.428968641537527873e+01
4.819879341147117202e+01
5.684062280731420458e+01
2.996573774573365156e+01
9.198637422568253896e+01
1.643749783121054122e+02
3.926752081538041494e+01
9.817408195348757260e+01
1.143862687948176671e+02
4.213436486984876694e+01
7.465254349889028163e+01
8.059552632420391660e+01
1.478224955939735992e+02
1.093268315102098285e+02
3.342120968220240940e+01
3.805159674555427785e+01
2.651830320904799265e+01
6.444407633431744387e+01
2.422783762807661105e+02
1.345017751138475433e+02
1.311648337144873153e+02
2.136900220834987252e+01
1.082888659585820648e+02
6.890784453905642692e+01
5.632733547194266066e+01
2.992110363503423187e+01
3.334608500603382453e+01
2.465004606387503117e+01
1.934490922003556079e+02
9.645440405404188766e+01
1.192918484824177909e+02
4.302189844326522206e+01
8.850355358622987012e+01
1.425472037464386119e+02
4.247588819220791834e+01
1.309391683170771046e+02
1.329714887544911051e+02
5.233203969512503306e+01
5.449286524706627688e+01
1.581414344419749511e+02
4.587371117433738732e+01
3.230965349194120790e+02
9.971679604945114761e+01
1.254480347658222286e+02
8.777949195308779906e+01
8.790260492008398785e+01
9.967740196578981227e+01
4.821378818758370244e+01
9.754962819670036822e+01
1.203442377224188249e+02
8.673408162984817693e+01
1.016838352038230653e+02
5.261869665473667368e+01
4.211412082294256720e+01
1.840452804505337383e+02
2.593753309122547890e+01
4.077713702380605554e+01
1.429766548883177961e+02
1.081124421824185333e+02
8.246608744463904372e+01
6.782704014668902914e+01
5.860009705196353025e+01
5.512989929141788537e+01
1.166872678280513753e+02
3.514142656465524084e+01
9.565440155442249193e+01
1.044837564378625672e+02
3.661958287184579319e+01
3.122170036860381970e+01
1.195517334756116554e+02
1.931137627023429388e+02
9.003907069231200921e+01
5.277319732154326459e+01
5.760520893818976873e+01
4.481294035170760282e+01
9.223758614833377578e+01
3.820863743567506532e+01
6.852845890650590377e+01
6.384432528664454054e+01
6.198976997964867053e+01
3.809742086946874906e+01
8.195441716489195016e+01
7.125617245147671497e+01
1.711271641386462363e+02
5.445013443582863033e+01
7.267270560318749517e+01
3.467981525503598164e+02
5.865918173709783190e+01
3.657251619808298670e+01
5.296734179077838434e+01
9.650879607202797672e+01
1.470563593656798389e+02
3.002511903267376425e+01
2.154357294985775582e+02
8.660531739638139470e+01
1.674328392220456578e+02
7.794653395168413113e+01
7.800033940666193644e+01
5.712854240329801314e+01
7.432820707353678813e+01
2.090749856034584013e+02
1.210605177421829808e+02
5.555864055545075786e+01
1.108077067981743369e+02
6.210929290213997689e+01
4.293262515037088178e+01
8.498118774128690234e+01
4.968411935992753570e+01
2.227338467506328641e+02
2.402906257895116582e+01
7.001623289392465210e+01
2.849188385466644036e+01
1.010047453807861757e+02
4.091562180277165339e+01
7.993764158591665137e+01
1.593889990382320150e+02
9.641428668233193378e+01
1.268701871357670257e+02
2.142384738336214127e+02
6.618922305808806072e+01
1.588867731815016953e+02
2.012048691215893825e+02
9.083161327305880661e+01
3.449966965640636118e+01
2.629719853372013461e+01
3.213932207585642686e+01
5.266125851599276331e+01
6.144347277467064572e+01
8.332068783678018065e+01
6.364776824875951888e+01
1.514607350185339385e+02
5.835280822471532503e+01
6.308504771931110611e+01
1.059158831082877583e+02
3.767495668605394599e+01
8.874273184287912386e+01
4.009117005331712846e+01
2.106871499583597895e+01
1.038354685329075835e+02
6.256161692134255503e+01
7.542840638017932520e+01
6.625230519922443762e+01
7.889567782344150260e+01
6.168680356514016694e+01
8.241979479679201859e+01
1.047653383818631454e+02
1.975361687178293266e+02
2.190735598206916279e+02
