1.445524272635898022e+01
9.701697441558740920e+00
5.891927352072996626e+01
8.408088624685255752e+00
1.359387249608171189e+01
6.240969049385905265e+01
1.405135035981557579e+01
7.661986390913281753e+01
2.364638138436129466e+01
1.342409776807345878e+01
1.338434386821292321e+01
1.611097855383156841e+01
3.199792999424825624e+01
1.783212498398839685e+01
3.352056511321667642e+01
3.477037952451584601e+01
5.063126672036656117e+01
3.386023527846852943e+01
1.396965491701247686e+02
5.299079093380732530e+01
9.223409546431772910e+00
3.694264640029862079e+01
2.345032286630148732e+01
2.027556016219044821e+01
9.927944723616508327e+01
1.057622440354248639e+01
5.652106686236385258e+01
7.660668304354262936e+00
2.878924726449218952e+01
1.111985236243011030e+02
1.330307405019420131e+01
5.344430812698791300e+01
3.496366722162629515e+01
3.052326825405671684e+01
2.310077491367859892e+01
6.972853811579234673e+01
2.445846668749573638e+01
5.067807897312500387e+01
1.931979132857609471e+01
2.114636494370276054e+01
2.711475477062511459e+02
5.007645537650275713e+01
2.828056251360213480e+01
1.414628000587832162e+02
1.460824032851371079e+01
1.944094110507749917e+01
3.038365177983039800e+01
1.053768352930047492e+01
6.765825091825080051e+01
1.890349877753104408e+02
1.227677572326401929e+02
7.524512125184318734e+01
6.709368557636516073e+01
2.523970688817601626e+01
4.476003271928897220e+01
5.262924609612939264e+01
2.257644944418145627e+01
5.898764355991345099e+01
1.331568704088427353e+02
4.571415354710121193e+01
3.193830422143158643e+01
3.813348516712136416e+01
5.838337730975633377e+01
6.946751992365980399e+00
1.571619485632476199e+01
2.305906499702665968e+01
6.051559075080027839e+01
1.573249633848771900e+01
3.295124527056286468e+01
8.127202307928354230e+01
4.229288088101295529e+01
2.102419329685078253e+01
8.161773959264779776e+00
1.488993662193104939e+01
2.767731802746133596e+01
1.158786914899422626e+01
6.393778153399706099e+01
4.210232130572693166e+01
8.246783525050115315e+01
2.526049748888650015e+01
8.567163891122638120e+01
7.036888378237594566e+01
3.419624267491938951e+01
1.133734485207712197e+02
1.401894720135364203e+01
6.015387422279042795e+01
3.171355663732200014e+01
2.099976079698509324e+01
2.707294506105102627e+01
3.956915206674408125e+01
2.299130983302271503e+01
1.402656263217368746e+02
2.825490842871309027e+01
3.252219606751660308e+01
5.348941052361165305e+01
1.119006522474359855e+01
5.348201429928579387e+01
1.501298224750662769e+02
3.024296408108795475e+01
8.100627310712475548e+01
1.651657965541995310e+01
2.939526886004986395e+01
3.556097473143463361e+01
1.238066175836256022e+01
4.449619799438121959e+01
4.554582431659364161e+00
1.297859237956294862e+02
2.231720178797582932e+01
5.453947685991353822e+00
2.964647637994296048e+01
1.318818031366627253e+01
3.515286815744401849e+01
4.067945260029841847e+01
2.104060531791751743e+01
1.404348380244365480e+01
9.997767392098209527e+00
4.969826496035590679e+01
3.173377719635018934e+01
8.528525510438439028e+01
3.923363808566946886e+01
3.746720751849075270e+01
1.886338463777888563e+01
1.051205597365030684e+02
5.909451053879391402e+00
3.226753997336430047e+01
1.053322601413108117e+02
8.900339815154184819e+00
2.846166762168229880e+01
9.328861913127921923e+01
1.495807384127520834e+01
1.332668051953139070e+02
4.414844022139296698e+01
1.144613118788556250e+01
2.259386692911295924e+01
2.322760306195515412e+01
8.494660716196051453e+00
5.963630182063572249e+01
1.469308646028545873e+01
8.907266928551679541e+01
7.402903966516224443e+01
7.283683829904197182e+01
1.353653829886111737e+01
1.180519964066080973e+02
3.588305000497879149e+01
2.657158099370985127e+01
3.345472190471946305e+01
3.391947506121103828e+01
2.545730102780145643e+01
2.329157304971550104e+02
5.954769599747344699e+01
3.690137566835390714e+01
3.732737716425567243e+01
5.244104794659665281e+00
8.641667140442552864e+01
1.027088939794768407e+02
8.152402725375092984e+01
7.221330325303136988e+01
7.062182371810465042e+01
1.884536153456906789e+02
6.963321034078615135e+00
1.496100578831468830e+01
4.542865047249250665e+01
6.549671865527125192e+01
1.627972784445686472e+01
2.865773465059960401e+01
2.562123750056214178e+01
2.927831314144699704e+01
5.469025468725087791e+01
1.192786453930545321e+02
9.393167088117881747e+01
4.265746522980643363e+01
6.084861861488995061e+01
4.399972059420113624e+01
2.616721612599042501e+01
3.854734945231613352e+01
7.476497184472907520e+01
2.477405907080678560e+01
1.148839333149592505e+02
4.600726211837027790e+01
3.085319491263778602e+01
3.005297896184956130e+01
7.477244795288521573e+01
1.168723862405303038e+01
4.950123383702091928e+01
3.060243979758086752e+01
2.255099914187114152e+01
3.668108855683841085e+01
4.458308669746508457e+01
6.469344643457037591e+01
1.120018414209326494e+02
4.033124685211699045e+01
4.632884496650048334e+01
2.396416020833636296e+01
6.212730152910815207e+01
1.182873149026730459e+02
6.489511788145471805e+00
1.892824955855633107e+01
4.198005670816910850e+01
1.526197551062712954e+01
3.675591903274682437e+01
2.666760820231198181e+01
2.894153557279299349e+01
1.470712099522696192e+01
8.733751967749880407e+01
4.835938528819150406e+01
5.620177849372399947e+01
8.781899163952724052e+01
1.174660058545468466e+01
4.634649085489792242e+01
1.526384501922070314e+01
9.355068252815611629e+01
3.027169273903287561e+01
9.865447808257938433e+00
3.766093909400455431e+01
1.862891033394805262e+01
2.483637675755922558e+01
5.433490949438598250e+01
6.553079649125676553e+01
5.853534193657426954e+01
1.434946751536969067e+01
5.230370784628068748e+01
2.036010515252332453e+01
1.374099339492437011e+01
2.271876784409937500e+01
2.315657754191036943e+01
2.178262645661823527e+01
3.965956744284676461e+01
1.591309738564500798e+01
4.155868908932263395e+01
1.700424917161903693e+02
1.010748042814012138e+01
7.978862624088822031e+01
2.059194072056412494e+01
8.408000159107279714e+00
1.851969274497738027e+01
3.729381693656992525e+01
1.193700708282959688e+01
9.086090454955741791e+01
2.086246320240668339e+01
5.963929894743807125e+01
2.454204980833333138e+01
6.949335363690597944e+01
2.202324033847621720e+01
6.449946788253330965e+01
3.126698429244254029e+01
1.384383260232614177e+01
2.867625586775450230e+01
2.478031503923167378e+01
9.226375615924717977e+01
3.222453250582856299e+02
1.752153231135129374e+01
6.770609945431392163e+00
3.753676782295832481e+01
5.736686221794391116e+01
1.376168090222948592e+02
4.049378616506790962e+01
1.080708590888275751e+02
6.599822030775474957e+01
4.081250384286773425e+01
4.663033980559253422e+01
1.237904125011530887e+01
1.148540384298626194e+01
9.298132704349070821e+01
9.310848207946709465e+01
6.326516447706884350e+01
7.991190279881206493e+01
3.181208686292036347e+01
6.807828492285636912e+00
7.886458513251665181e+01
3.011166797705108777e+01
2.896804309233026586e+01
8.069287498863809560e+01
3.629007699456523284e+01
7.572403134408260961e+00
8.533317521591655463e+01
3.623072394741824098e+01
2.691589235836439542e+01
5.087079549532450073e+01
3.619164188391891201e+01
1.720525639735776480e+01
1.023753414247559306e+02
3.148348077453901084e+01
4.967157247034264600e+01
2.969997510150707143e+01
6.588422503590855683e+01
2.357444964665674547e+01
1.919559546729255928e+01
1.254572329387701224e+01
7.561606075307142305e+01
2.079226982780057753e+01
1.628812140401579356e+01
2.945635705919627156e+01
2.657427131216876148e+01
9.374290955967497041e+01
2.209348253333996581e+01
6.935287080625423073e+01
3.583418403598932400e+01
3.976328411029249565e+01
1.412485065205132528e+01
2.777904286410965540e+01
5.047634662403392269e+01
8.620950480687790218e+01
7.207051568863909097e+01
2.269971151115715813e+01
4.637206389670978268e+01
6.205802817466503285e+01
2.197604109532665007e+01
8.334166099576496123e+00
3.020553412598848908e+01
3.856711741795687232e+01
3.592110305758290423e+01
2.189096187687656325e+01
5.071811742407718526e+01
3.542575924906086726e+01
5.775519967580114411e+01
2.408662396307700249e+01
3.203312787218599311e+01
4.781812078033001256e+01
6.278930193239407487e+00
4.351229389176096163e+01
7.984772003223960724e+01
1.208809231528403316e+01
8.898616836892783510e+01
6.949383917239022423e+01
5.099061925117974958e+00
1.562925412758831811e+01
1.145487097052076422e+02
2.903368938325946402e+01
5.549583849707914851e+01
6.722469734216735660e+00
1.062189173938671445e+02
6.221647448438841366e+01
2.474509081189961179e+01
4.272743211181295919e+01
6.137034942601908227e+01
1.169863026463504063e+01
3.042438312574617143e+01
4.552379978780645331e+01
8.317191519653237108e+00
4.900400470947051446e+01
5.263116199765821790e+01
6.498860304396526999e+01
5.329646135825562681e+01
4.035390342016101783e+01
1.505718048048085222e+01
3.891710351651952493e+01
1.730250094691243987e+02
4.840898238213055293e+01
4.769840182924088623e+01
6.789798125087887115e+01
7.622194395134633815e+00
7.774220510867267819e+01
8.746394588172671547e+01
5.718440423868072742e+01
2.579652531254367531e+01
1.666661718844417095e+01
1.039150296776101889e+01
5.492303672244798207e+01
4.749820242305109019e+01
3.376377052988016914e+01
5.339200851374749135e+01
1.180673465032497376e+02
7.385623790754472395e+01
1.589412178542449539e+01
5.560333265210147857e+01
7.478889536327059773e+01
6.046665267051277048e+00
2.517556569645193321e+01
5.105899392287442140e+01
2.450878795808671029e+01
4.788943633737853389e+01
8.091882633125132429e+01
6.692982517687759980e+01
3.978112005909368065e+01
1.332352831992681530e+01
5.232482336885428253e+01
6.244535918939254060e+01
9.310466075116839590e+01
1.442091161006661082e+01
2.076971655020600949e+01
1.251006052414973091e+01
1.716078125377960006e+01
4.286681653424810179e+01
4.798075306905148096e+01
2.407811998252910257e+01
3.140669939311299075e+01
1.171431504561598302e+02
4.804110948196674968e+01
2.715794490945325634e+01
1.948224683277267388e+01
3.100967982690889713e+01
3.402785138430110834e+01
3.002559977970624061e+01
1.361365393615192829e+02
7.540555093592598013e+00
9.135719550682603085e+01
7.960207706753163848e+01
5.645132655683512013e+01
1.702620775909677064e+01
2.507499662451674283e+01
3.808145451182111429e+01
1.088792546556261520e+01
1.433913093079589274e+01
8.992292493882932547e+01
1.787731449686780039e+01
1.412052664769877630e+01
5.999840586388253172e+01
6.083681262098720310e+01
8.630212316351586921e+00
2.764276799353105218e+01
2.069752389418324867e+01
2.314498991286540175e+01
3.349872165833404125e+01
5.073059198924685376e+01
2.298254596202542288e+01
3.081326022577251678e+01
5.746012392893877774e+01
7.621162415281602875e+01
2.149044231154040929e+01
1.599678239893774467e+01
4.649206812022818980e+01
4.130971337771892138e+01
1.258793599455400170e+01
4.344805701615771198e+01
1.464156768527898222e+01
8.410219122913140666e+01
2.028114966906386130e+01
1.132598443079327240e+02
1.925785121606469730e+01
9.354525265925754951e+00
1.942994670497391141e+01
4.027368590007169047e+01
1.829531450647815305e+01
4.157375122487018615e+01
8.167704485084979638e+01
1.359734920628410748e+01
3.223646999173694638e+01
1.070747772739203896e+01
1.552427011407009694e+01
3.415728116003511161e+01
8.695182557639537890e+01
3.938701435834150288e+01
7.301851357655468000e+00
2.667772098610125653e+01
4.492802744499031320e+01
6.291696854237908809e+01
2.259720729597091449e+01
9.740811411338353309e+01
9.611668439001425313e+00
3.658803271165283633e+01
7.873312869327797614e+01
2.945412470120894710e+01
1.955755749633498297e+01
4.054902029106514050e+01
1.815421061581419693e+01
3.986741933865837950e+01
1.820158008437893216e+01
1.161023614258062508e+01
2.519335861662156617e+01
7.224269568787001994e+00
3.889498656982238600e+01
5.319784267999626337e+01
1.587465856398455877e+01
2.349648498320149415e+01
3.349132623406795517e+01
3.610893095158458266e+01
9.158497538597052312e+01
1.477989698936538687e+01
1.011991004584534259e+01
3.704676087687653308e+01
2.652186384648310735e+01
2.927620846466409432e+01
9.113184844828674969e+00
1.448636847371934522e+01
2.057719303103474218e+01
1.758678438669332778e+01
7.042307789024724229e+01
5.190852738267492583e+01
6.798273552213173332e+01
3.676861612768922072e+01
2.819509133121964339e+01
4.305373167532159329e+01
5.071497836662705083e+01
1.973804057747033269e+01
2.559580058054718776e+01
9.587771760786957032e+00
1.075579323492323454e+02
8.320974481422366864e+01
4.149381945034584618e+01
2.636895970700182374e+02
4.872504425702853581e+01
5.107372493486127496e+01
2.071282086988335536e+01
9.051289123995842090e+01
1.702350978725137409e+01
3.990531266165981350e+01
5.226444981278334012e+01
3.874619650041246643e+01
5.488490276534493262e+01
2.598660090556395019e+01
1.884267629227091234e+01
2.203627701461652677e+01
2.212843120518112983e+01
7.462209125473343363e+00
1.691959811834019689e+01
3.581633497905825436e+01
1.469305691848075135e+01
2.055232296912351231e+01
4.149729298591594784e+01
1.398763226227178080e+01
1.509395198625790258e+01
1.762117989301779275e+01
1.304458729655386406e+01
1.080523451742957519e+01
5.131067421534130801e+01
7.253652051816466440e+01
1.214298770313660469e+01
1.508193965281205529e+01
5.658491236233975030e+01
8.879459972882689556e+01
9.441473186166078335e+00
5.603904975373202291e+01
7.075427171342755628e+01
8.231450618130112673e+01
2.590787148135853002e+01
1.516122491205529066e+01
3.460262470751974462e+01
4.346615500215531824e+01
1.564734703739259380e+01
4.052388327559722114e+01
4.050233364511486656e+01
3.658550438722384257e+01
1.984130901723604623e+01
3.401718948913063656e+01
3.005387618358873780e+01
3.797064665789691418e+01
1.059875677075669671e+02
1.652971978408853460e+01
8.667616666815560222e+01
1.049196176254717372e+01
7.540786442365778441e+01
9.626412122153351447e+01
4.963394795500193624e+01
2.307853256461880420e+01
2.808485471979238923e+01
8.270396097720458783e+01
8.535127020548006271e+01
1.236399129655367517e+02
9.240745976587817268e+00
3.611960309017678838e+00
5.191275443878364371e+01
1.039536605206013320e+02
3.158239092916058866e+01
1.037030917972443156e+01
3.842277995333451912e+01
4.352384503862614196e+01
2.696001521909969156e+01
6.162352040125242958e+00
3.266156469925517314e+01
3.507283995004139854e+01
5.477558303642073412e+01
5.460367166099662484e+01
8.195383175748841609e+01
6.057935346115031905e+01
8.014454969624681269e+01
1.629382634537936880e+01
6.770569914332467931e+01
1.914376499669056031e+01
2.553141569110073306e+01
1.292961636466697257e+02
1.631065267652497042e+01
2.877736867073893023e+01
2.156966905909573029e+01
8.302501839765690761e+01
5.347183368763459299e+01
5.866410524480659916e+01
6.894227338504848035e+00
1.843008924979000440e+01
6.379928491584886530e+01
5.867755808163317255e+01
2.065637091235401357e+01
1.503844299848614696e+01
5.702475221681480377e+01
2.544460384990405899e+01
1.924419245656703481e+01
6.155611264653869341e+01
1.754063761700772872e+01
2.722221296195612794e+01
5.459323044844067141e+01
2.526345727725941614e+01
3.765282478747808170e+01
2.722030373121056712e+01
4.023718553965530731e+01
9.304164095109074495e+00
2.685213441436830806e+01
5.569694209847839517e+01
1.112155505022591839e+01
8.368295408920438661e+01
1.125206775240391295e+02
5.755093670406370165e+01
5.133247763001108410e+01
8.013441592551453496e+00
1.513276383101287159e+01
1.124823666799826327e+01
6.106426613230905076e+01
3.364228820712943246e+01
3.734355705196183095e+01
6.015010688188542787e+01
1.836113119489085577e+01
1.642181971329820556e+02
3.262731455798754610e+01
1.759841876809980832e+01
4.492744442067189681e+01
2.346900524978838476e+01
1.382023267626321328e+01
5.194061601480045454e+01
4.485066648467068262e+01
2.527889220420384575e+01
4.721279329870853303e+01
3.877136588818252960e+01
1.246194729334801643e+01
1.076060968782808231e+02
5.398652200976883364e+01
6.604489411622392936e+01
7.631214804608691793e+01
2.670818323709470832e+01
2.501926921276939453e+01
4.272016358536475877e+01
5.623634521516851237e+01
5.444080902191147153e+00
5.532194308361621182e+01
2.435153066921012055e+01
3.224657477781592263e+01
2.384421958877824466e+01
1.166305845369127603e+01
2.500617884897454957e+01
9.602181529184674957e+01
2.707813446508315280e+01
8.037700526259477840e+01
1.995200845796613009e+01
1.415591785231798028e+01
5.878571133437724683e+01
2.443446778505481021e+01
1.240951788374760589e+01
5.201411506144476959e+01
1.423219414269222050e+01
1.757503008964125613e+01
4.061340516503530296e+01
1.618325972190850948e+01
2.382186915515719861e+01
2.816089852346132716e+01
2.053476861844737300e+01
1.554871397031940639e+01
6.871745084705355566e+01
2.050959628242535615e+01
6.692100960320375691e+01
6.739232253753526436e+01
3.024241666381208304e+01
3.413936154810637902e+01
9.427303863833317621e+01
1.979059500906624791e+01
9.923982524446582687e+00
1.503878099182702321e+01
1.852454881363193806e+01
6.546890899341300951e+01
1.017722113702214841e+02
5.840273693784786779e+00
3.194511910881281125e+01
3.956946693719233110e+01
5.205919812907228561e+01
2.971312141248405680e+01
3.834585079373047023e+01
4.401991658578296551e+01
2.160346108260164044e+01
8.205694896437799457e+01
2.705949684007400080e+01
4.930882985448189260e+01
9.633892529923930681e+01
2.909380622509735659e+01
1.269412831989973824e+02
4.153410209213142679e+01
2.146860129157142794e+01
1.225270772744213446e+02
4.431326929613146604e+01
4.155299255997289265e+01
3.413437035500587058e+01
1.899826316890449363e+01
5.594318302548921906e+01
1.375941283006189053e+01
5.639009070064017237e+01
3.382827680139192239e+01
3.498495954873754954e+01
1.095153760979818003e+02
4.517030670656627223e+01
1.335251200318100828e+01
2.011239135213381246e+01
7.863020452633344348e+01
4.693783483649829691e+01
2.603350174959794003e+02
2.468746915339527703e+01
7.161441796920352942e+01
2.059064610668360018e+01
6.378118914408468676e+00
2.747522681037845160e+01
2.503186122225398691e+01
1.032589732021886277e+02
1.045268776372321895e+02
9.290421421810459890e+01
4.298219705512474320e+01
4.278971868082583541e+01
6.358472315434600119e+01
1.414074213203588570e+01
1.976792365235493421e+01
4.001757042897718719e+01
1.303314314340265128e+02
3.447814292126238200e+01
2.141420718171816517e+01
1.181192158010042448e+02
1.134736998682251397e+01
3.526310274478426976e+01
5.800808346486164879e+01
6.356494861394317297e+01
1.383590127938455083e+01
5.148570048219315254e+01
9.618029671048340390e+00
7.441834547753405360e+00
5.271428074574497913e+01
2.997665891204824717e+01
2.270168574778108805e+01
2.273299060896590973e+01
4.504714178411628467e+01
9.980069129980876141e+01
2.512588700881996573e+01
3.121948987581403046e+01
1.772715696401288099e+01
4.957652272789524517e+01
3.846477235945167195e+01
6.658652329616437271e+01
6.201911140699129987e+01
3.957858922311535821e+01
3.927380832102764430e+01
7.566944577817875484e+01
6.946811036745353363e+01
4.023192430946287601e+01
3.905488758509180514e+01
1.421218760641182755e+01
1.053833676215708870e+01
8.743386954381452369e+01
5.813027627430935951e+01
2.745167524354263122e+01
6.092530354064071219e+01
1.275207631648411706e+02
1.216468950630119927e+01
7.427903417179325629e+01
2.215030990858488025e+01
2.977052056409580771e+01
6.523725298095276237e+00
2.163882207419506543e+01
1.920984528188882834e+01
9.971552093044467213e+00
3.354265455345822033e+01
1.790994843890051058e+01
2.147628680157695413e+01
3.776130193675728464e+01
3.987015053377873652e+00
3.853515816619069057e+01
5.553096493511150555e+01
1.336092981558322101e+01
2.531046613925879996e+01
3.443646949568473303e+01
6.495968239340878370e+01
3.814853770459938431e+01
1.064548348196439598e+01
1.610166787938369026e+01
2.582618196923233711e+01
1.293089261490004738e+01
2.472820658945878236e+01
1.034962593980335015e+02
9.752707531607374136e+00
2.978342578915166783e+01
6.510140583533681991e+01
2.274767851187069923e+01
1.165858019493072248e+02
2.510356238235263859e+01
1.043349678254039503e+01
1.451600455130463629e+01
2.126468834198237090e+01
8.289216224684284384e+01
3.355822903159697290e+01
8.436144526572529401e+01
3.136948045573796051e+01
8.181630606859519261e+00
4.358617756576749969e+01
9.111504871661010441e+01
1.363392614216339993e+01
6.408411687469970275e+01
5.234886803385750653e+01
8.601260743696980171e+01
9.046387530732898696e+00
5.954680872062846220e+01
3.681167422799654787e+01
4.933438109800789562e+01
2.079763231354493769e+01
1.258518599317567244e+01
1.995338589420754971e+01
8.904873956616929931e+00
1.802780200858811455e+01
5.816074088986094637e+01
9.201285655449472856e+00
1.893343138701845518e+01
2.942314654752220093e+01
3.869334486357968927e+01
6.218529205327397591e+01
1.558313358442148733e+01
1.492407215598738013e+01
5.274977488129325565e+01
1.060672359077548492e+02
7.824942861935876692e+01
5.907497647604461122e+01
1.966191139231827378e+01
2.049553038358697421e+01
6.278227018558810713e+00
5.676360630764512649e+01
4.203519370596961835e+01
5.452986470615419279e+01
7.465761774809085694e+01
1.477091451835015619e+02
6.857712595171146575e+01
5.404454650810507133e+01
3.589346537877025156e+01
6.252315620009333230e+01
2.327860511024974244e+01
4.080485840148023158e+01
3.299722065404845495e+01
4.858340606615394819e+01
5.441588479364349951e+01
2.352546673210451189e+01
1.321090802378187057e+01
1.846156263569057643e+01
2.161470986984088682e+01
3.747521128375638000e+01
6.635468836289973638e+01
8.279075400161683262e+01
2.189166608060488528e+01
1.409162469553112196e+01
5.887154799529347571e+01
5.894198976130207512e+01
4.910446977731337626e+01
2.329773387488439695e+01
2.239788157084921139e+01
8.906850479660397468e+01
4.432591384511818688e+01
4.308207528616357962e+01
1.011521256716236934e+02
1.850515921440180023e+01
1.757467346394043872e+01
2.170947691409772773e+01
4.605866905341856210e+01
3.056235551201547551e+01
4.042976221476190091e+01
2.230486327011728065e+01
3.029252098454730557e+01
2.130260276053695989e+01
1.054745002437799783e+01
2.758844321160572122e+01
1.212884434409644641e+01
6.659598837273522065e+01
2.731213182810776985e+01
3.346547468680522996e+01
2.825147520437465332e+01
8.801583545504514916e+01
5.689157509884972796e+01
2.128866095676602299e+01
5.815920641872828156e+01
1.191660095356933198e+02
1.701024653312082080e+01
3.255134398989238775e+01
3.294812721471230077e+01
6.377017910668931755e+00
9.028592796396397091e+01
5.889040927767924316e+00
4.909854613138532642e+01
4.445991414531535213e+01
3.880129494075341512e+01
1.887755083970519010e+01
4.213640757609849175e+01
9.974865604526962670e+01
7.320888776112741425e+01
1.690267373363550973e+01
6.562629025019174556e+00
8.576094969037299620e+00
8.716910514723491588e+01
3.905155274670692478e+01
2.468687189478574950e+01
6.536880698060342354e+01
4.322294759085879434e+01
2.659376473113539774e+01
8.445808144801546291e+01
9.756634782994237298e+01
1.558068823512935275e+01
7.963277486488030377e+01
6.420548578116020622e+01
5.423542862631065731e+01
3.354080636461667808e+01
9.357782980906149461e+00
7.443934439280747029e+01
1.096375144163225883e+02
1.313457937129551922e+01
1.519220583767413579e+01
1.421767232071180587e+01
2.827160889710352265e+01
1.061668425050221742e+01
1.342487424967040965e+02
6.545183311326130138e+01
1.152965065111651199e+01
5.369556272311250922e+01
5.641625260274836506e+01
1.785157717235659547e+01
7.046319757785731497e+01
2.823217859163774790e+01
7.765602123982964677e+00
7.646421873230862332e+01
2.567128365193815753e+01
7.402390183131761603e+01
1.404607309953678751e+01
4.929578344734600392e+01
6.428733609820777239e+00
8.547292083042879085e+01
3.076513870180326293e+01
2.976687243538028582e+01
2.752216159012624175e+01
3.611182069694449837e+01
4.669886500696912890e+01
2.982577060131754010e+01
4.543412195357105077e+01
4.446716597694980777e+01
9.351448282857522543e+01
1.498559889428230996e+01
7.043051502732571123e+01
1.455344022435669160e+02
5.871918281715913679e+01
5.570941271349594359e+01
7.949668139067687100e+00
2.747948083643557382e+01
9.996407219862604165e+01
1.630225384753972762e+01
7.314694347839857613e+00
2.737533027537141095e+01
6.574948332336421686e+01
3.009576951212140727e+01
3.207468270470959482e+01
1.764526009777735993e+01
4.630965814807934322e+01
4.610490965639868222e+01
5.025403656465885049e+00
1.277103640520579475e+01
4.091997235919402698e+01
1.516658941780158543e+01
4.321663095408083421e+01
8.251252502083994855e+00
2.437652107401389046e+01
9.510827272371095376e+01
4.922293967422842798e+01
1.053524452729594429e+02
1.195814237875865516e+01
9.837789659464529279e+01
6.081682007748256069e+00
5.344705882478534065e+00
7.928299524727904668e+01
2.306671030273956546e+01
2.388357822161642829e+01
1.172721705895532551e+01
4.638765651027376435e+01
3.919291048293743529e+01
1.909638493983630880e+01
3.174112180261337102e+01
5.091173981977526353e+01
2.630321245447516176e+01
3.910479018173945320e+01
1.542304319459331552e+01
1.590890417676391699e+01
2.180504170336928027e+01
5.534017191398409352e+01
3.710874672419684117e+01
1.804637690878454848e+01
4.052068047126491734e+01
2.046743175688631311e+01
1.671585178878164868e+01
5.006239506761846059e+01
3.121021781654992111e+01
2.575232003015375071e+01
2.907028137917534139e+01
8.174028402443923369e+01
8.053318959543346978e+01
2.431022539468937893e+01
2.146418537335075172e+01
2.814627239620268284e+01
1.083364236569484440e+01
2.390251134125181665e+01
1.109238830310135882e+02
5.514428151487439145e+00
1.675920835477447923e+01
1.841314419756078635e+01
1.684202386743470115e+01
3.932342480593313638e+01
2.641196645588621905e+01
8.178763742757486455e+01
4.337691922331418937e+01
6.261262781957267265e+01
1.851831406463353460e+02
