1.428343967217784325e+02
5.242506903093023851e+01
4.998144377973880381e+01
2.246788239801610416e+02
7.011441658903819985e+01
1.428217393121470593e+02
2.882283535318294412e+02
6.642930362240842612e+01
1.581268804471784222e+02
1.361724587746837472e+02
8.078246530943822279e+01
1.438469726373591300e+02
4.833400136538971736e+01
7.247780493666017776e+01
8.524363762593326044e+01
1.731983958288585654e+02
1.275374030855702614e+02
1.407457554131974575e+02
1.573513218783880347e+02
1.469131135024792627e+02
1.337988664506903547e+02
1.732614125998394172e+02
8.729624103395485690e+01
8.822817314906910724e+01
1.432934474024688711e+02
2.104253694783247397e+02
3.029253224444134958e+02
7.120530244567780187e+01
8.683899197766487532e+01
5.259686208547580577e+01
7.387376150688893972e+01
1.044416370715893123e+02
6.143578855056600929e+01
3.677883022586350847e+01
1.314271214369314293e+02
1.045123527659800402e+02
5.504474101171011569e+01
6.081354765334913282e+01
8.418920006980182791e+01
1.503144450664618432e+02
6.791671872450309877e+01
1.824529044988532291e+02
1.753487948262310567e+02
8.481619972181499634e+01
7.354753500472710925e+01
1.342153715140648274e+02
2.182696725536395661e+02
1.021914954836770590e+02
2.626850424961807562e+02
1.115985102497200927e+02
2.206897803577533637e+02
6.097236566427469029e+01
2.359124705776672215e+02
1.053705586223410791e+02
1.345859575377574231e+02
9.123591686370821208e+01
2.121611385603248152e+02
2.371940645379069963e+02
7.215773149683450072e+01
1.284167796309674543e+02
8.288535307681915754e+01
9.092230008015539511e+01
9.219726825207430920e+01
1.908057867397845655e+02
9.851118487562541759e+01
1.748852611106514701e+02
1.040437549981007948e+02
1.491831138084106101e+02
1.222409459416757613e+02
1.568850264282990565e+02
4.338694581935297379e+01
1.783876791204396852e+02
8.790497178559019176e+01
9.160918622142779100e+01
9.095613393501490407e+01
1.828486298515292106e+02
1.010889380522569354e+02
1.571364348629355732e+02
1.132806186184795081e+02
5.929614232246646566e+01
5.965342010293110064e+01
4.454003047611159900e+02
5.504954587572184721e+01
1.860970586322898441e+02
4.376073474917487260e+01
1.159029976357019933e+02
5.226868062797547054e+01
4.377649178922723650e+01
1.284776187333245900e+02
8.054481978587834590e+01
1.300630732765226298e+02
1.260881301360115572e+02
3.056095205377072830e+02
9.370624123523340643e+01
9.385061694272444299e+01
9.194686156284853951e+01
2.069396756442638434e+02
1.176402340365159063e+02
2.761613170825332872e+02
7.513388642940900297e+01
3.027714166598956353e+02
2.658270850222526178e+02
1.482740383611236723e+02
3.437545699383734927e+02
8.261776127680322190e+01
4.306428522389946068e+01
7.846112170023666010e+01
1.257676399459601839e+02
8.947184441343259209e+01
4.953088880413353934e+01
9.668070570677818409e+01
8.119291625725010420e+01
8.679563177943957442e+01
1.853195269100756377e+02
8.492678730811365995e+01
5.549508580026049742e+01
2.919693903701846693e+02
1.221801033430412105e+02
1.380780021291004118e+02
1.226247398188117756e+02
6.859229022730565362e+01
1.285180461337637610e+02
1.168545506850016551e+02
7.581461344489014209e+01
1.241522627001161112e+02
7.531039794681926480e+01
6.536430416095123519e+01
7.997746633320279841e+01
2.054759969389868672e+02
3.844731387545324708e+01
1.495871638877668204e+02
7.375872641422850506e+01
2.500748858249491491e+02
1.153157074075937203e+02
1.269097639329511935e+02
1.299715103961051739e+02
8.403199326573655981e+01
1.295141895855761049e+02
1.091338866152520239e+02
3.118303627931150501e+01
9.890084034727610174e+01
1.097082034224658145e+02
1.825942564493882969e+02
1.679098939964050032e+02
6.759439464790918350e+01
1.728280239023262368e+02
4.351448829719173972e+01
4.084580228993408468e+01
2.289297944179296849e+02
1.212512938397630506e+02
8.892933648915663980e+01
2.469669385971487827e+02
7.512051444139467549e+01
5.531713380819478942e+01
2.791501846366975883e+02
2.240544482921446559e+02
6.467992025606746154e+01
2.040174969136561174e+02
2.762880897108156546e+02
1.002897754821059095e+02
1.422772838712740509e+02
2.153555504548131694e+02
6.959702857962622602e+01
5.071951855401404146e+02
4.643831387869587246e+01
1.190717194785680988e+02
6.726316294458412415e+01
5.848230148509837534e+01
1.357751176623490892e+02
7.717450153335984453e+01
1.300441316641430660e+02
7.473848643996801400e+01
1.100797293062126556e+02
8.793373526891163294e+01
4.716608646936423810e+01
3.155039423341248153e+02
1.127558381151774682e+02
1.142836719365883482e+02
2.224078202238889901e+02
1.160343571867795731e+02
6.284928067036639021e+01
7.923618015238805867e+01
8.126415975169445005e+01
4.051410199888925945e+02
2.544038324796058248e+02
1.242847997983519122e+02
8.035614549235222626e+01
9.761759827311378501e+01
5.633976412940022271e+01
7.821760516916316419e+01
5.192581806195654792e+01
2.015850049504348362e+02
1.883207260754114998e+02
2.902572659103143451e+02
8.438880885379488461e+01
1.585431206686181156e+02
2.952793088157985153e+02
1.499304409284607686e+02
1.896636106423147794e+02
8.493191520449519771e+01
2.042110161839487148e+02
1.853867477347909585e+02
1.314758650754864391e+02
2.582420804945135373e+01
2.602781776032138055e+02
5.323920603937619944e+01
2.579280596580958331e+02
3.236474980012380911e+02
1.130544030025166080e+02
6.397012593284822657e+01
7.073963852308210676e+01
1.493105552722643949e+02
2.526690219205675874e+02
2.479558335885344036e+02
1.140988769592891146e+02
2.123151558191581216e+02
8.665185404694179283e+01
1.496474306184402110e+02
6.620391711376485944e+01
1.556217348237724423e+02
1.299965429573169899e+02
2.954221240008171776e+02
6.895126926928982414e+01
4.418411760313672403e+02
6.896514379169890674e+01
1.163967402370359991e+02
1.377224146529560471e+02
6.722467013262124169e+01
9.948773047370559652e+01
1.853956646196903932e+02
1.709115199774608413e+02
6.633226355754808878e+01
3.186093272946795310e+02
6.825475640115048748e+01
7.018268328852985860e+01
1.177394915917910225e+02
2.326094612201906955e+02
3.847077846470414642e+01
6.712990841409083487e+01
1.691657964604669075e+02
7.406582618239433202e+01
1.808075292868984150e+02
1.764357076430288203e+02
3.053506779808597003e+02
1.049996433133873524e+02
5.363450024988370757e+01
8.751947783548931170e+01
1.448785276365679522e+02
3.206244415519579434e+02
1.073942261925335657e+02
1.068301500118804057e+02
1.114247227334525121e+02
8.570017067643509279e+01
5.338117116333965129e+01
8.013486169002466397e+01
1.571410312297593919e+02
1.780664855715186832e+02
9.792363145935573243e+01
2.194018181127710534e+02
3.701099118417208444e+01
1.301039449869979592e+02
8.031724573608380524e+01
4.954382818159224655e+01
1.791941389605594850e+02
1.077398050498143931e+02
3.763668729499838150e+01
2.358109338461383970e+02
8.959588755311267505e+01
1.828125645258176633e+02
1.067981698752765283e+02
1.422118564925114015e+02
9.731984476162982389e+01
8.170840715584864711e+01
3.855042077097285613e+01
5.955938665466011628e+01
5.892977014156930693e+01
1.866567898517726576e+02
7.348926564134613670e+01
8.758514122304995908e+01
1.301879597524311407e+02
2.155603055395072261e+02
3.517180642747473485e+01
4.339405798100337108e+01
1.184530086776962463e+02
8.700842280833950326e+01
5.121259427046851442e+02
7.116790771753191791e+01
2.012739032198740006e+02
9.006273378328504009e+01
7.540687286556136826e+01
6.283433970078309727e+01
1.916635628789714190e+02
6.782506300292257606e+01
1.189566880016936778e+02
1.291079059365350759e+02
6.362128372272095334e+01
1.425504490791686294e+02
2.289115382244577290e+02
7.123989775571857308e+01
2.349356711966275100e+02
5.563240124841437506e+01
7.292621937561368384e+01
4.334662565473976770e+01
1.923108014580570568e+02
6.533890424960148380e+01
1.422564587820252200e+02
8.810189562257011175e+01
2.095563457597738193e+02
1.390785657507916824e+02
1.473039609113584731e+02
1.079435026669726767e+02
3.691626342687832363e+01
1.579589304922663189e+02
5.109360924147018324e+01
7.655336579005539477e+01
1.471264424629944472e+02
2.811429139729225994e+02
1.040211746313221965e+02
1.502232997371443446e+02
7.224288635039022211e+01
3.286509766543333200e+01
1.042123054557313111e+02
9.293637871028903419e+01
8.513394393149685868e+01
1.255193741925254471e+02
1.365453886861011199e+02
2.473863619856386151e+02
1.933144570829502698e+02
2.737682331473291129e+02
8.320631369997410332e+01
1.843298993209954233e+02
1.085974614550425912e+02
9.578264671833936461e+01
1.764034192131126986e+02
1.127229731399928738e+02
6.004728833028912049e+01
1.802492010045027939e+02
9.508268831262319054e+01
4.799259278404621654e+01
1.138984020782301627e+02
1.570332282287485839e+02
1.361544070350555558e+02
8.979712270896912685e+01
2.532883873611145873e+02
2.718152289208781553e+02
1.303089065386270988e+02
1.521930519462435996e+02
5.078728488757754889e+01
2.485376959154783094e+02
1.870158375303060154e+02
1.296978660190264918e+02
9.354691681413447668e+01
9.756677371324184378e+01
9.373456069480181441e+01
9.520952697063570724e+01
1.134385042110317698e+02
3.230526421744966115e+01
8.043027784818725934e+01
9.033357204596528334e+01
1.081409743940601089e+02
1.090017502558855824e+02
6.160489113296453212e+01
5.712681634402786557e+01
8.685522214537563457e+01
4.620712265615001257e+01
2.576985831782350260e+02
9.656842784022371973e+01
3.547629121793954710e+01
1.031349094623074336e+02
1.995685514516963224e+02
1.786939361362437637e+02
8.484062635201776459e+01
9.520511344540493326e+01
2.262903506295232035e+02
5.521681150905737212e+01
1.168222941251438698e+02
8.665629744736250473e+01
1.036904663224578087e+02
1.054074359483765875e+02
1.834195867177731145e+02
2.472397583247278590e+02
2.105985275278875690e+01
1.014242764596010744e+02
1.110510319048069903e+02
2.196566451728738798e+02
9.737405534238973814e+01
5.366557730595268083e+01
5.438569327308809420e+01
1.239952798844203841e+02
6.524911194075471599e+01
2.266855690802860863e+02
2.167453553373817385e+02
1.076781073546794119e+02
9.495436449685992386e+01
8.799360928840424378e+01
1.538283757167961312e+02
3.723557262643788590e+01
1.768532639510582385e+02
4.785993682750297751e+01
2.481358382785793992e+02
4.913524365411250727e+01
5.623895859758577132e+01
1.755265008954993675e+02
3.970526076371282187e+01
1.773338267463353475e+02
5.125898235548362436e+02
3.953379069769087550e+01
4.418830498950700303e+01
8.345012402382815253e+01
1.397761413326639683e+02
6.913818480583441328e+01
1.265473284534457008e+02
6.111052246521719411e+01
1.079969814799776060e+02
1.524058459019389886e+02
5.653586340402139854e+01
2.331982822449236039e+02
9.127760714599017433e+01
1.397478075670383362e+02
1.146840206835741043e+02
1.942934574619499415e+02
8.245136904207194561e+01
1.055529711156547137e+02
1.031271011839398426e+02
3.787881178499373647e+01
1.213173992060453230e+02
1.784991493457087017e+02
1.944848561713211836e+02
8.953193744671101229e+01
1.339461731223652805e+02
1.359770294944374029e+02
3.238997272482222911e+01
2.279090803675086363e+02
5.436880975009812289e+01
3.732034518083244734e+01
2.200711005225967654e+02
4.714832656911409003e+01
1.192385706889928088e+02
6.949467058155332211e+01
1.129191538521213403e+02
1.601740109286519669e+02
7.602488518611622226e+01
1.337059645705762421e+02
2.120496001769111558e+02
1.778273211043663196e+02
1.206009744831074926e+02
1.450473254883871732e+02
1.911113687100079233e+02
2.247093094317628754e+02
1.450060970614694611e+02
1.202303361176246881e+02
1.457981445116368491e+02
2.978353069762520136e+02
5.025070788073468009e+01
6.925259990142190247e+01
1.378502735672596202e+02
3.213877155748039627e+01
1.338464038799478146e+02
1.408654324166265894e+02
1.566720776585018200e+02
8.395005696232830417e+01
1.694483792829083768e+02
1.436901682220974124e+02
8.130316829894826469e+01
8.087443299648397499e+01
6.999535664250520028e+01
8.874871402919062291e+01
1.148298544446798957e+02
3.609675346232717743e+02
2.104562520687832432e+02
5.957559613133552290e+01
1.723199325680668039e+02
1.374859204925297149e+02
9.386631048321650894e+01
1.637612225728491353e+02
7.358616775221294404e+01
7.716638722932755456e+01
2.813330459217237376e+02
8.185056393256438412e+01
2.143438035305037488e+02
9.167484778336826423e+01
4.705231311011859248e+02
6.786492334093695433e+01
1.510860202672590447e+02
1.110718541323110600e+02
1.305229143166765766e+02
1.665535733370523701e+02
1.009942340597974919e+02
7.048944643580097136e+01
1.480349786557696063e+02
8.136632512320068145e+01
1.716606844708267658e+02
7.346014346670484940e+01
1.488900337036444625e+02
2.416061373993307484e+02
1.743491826570705427e+02
9.954459327458943108e+01
1.647050630179575421e+02
1.325835644885104330e+02
9.387550659714335666e+01
7.845403029523360772e+01
4.860433841904760044e+01
6.096065839423558685e+01
1.412570865347907443e+02
2.283200856135278514e+02
2.379369731443849219e+02
1.125222875790605599e+02
1.142143796878177540e+02
6.428720429628261002e+01
1.470520441658963477e+02
5.092290780229573954e+01
1.399207923654378192e+02
8.995386124885290258e+01
4.124312523018632959e+01
8.747490194633468263e+01
4.332238421550394492e+01
2.578262453201469384e+02
1.844740970258494031e+02
2.626634797259815741e+02
1.309924432591632524e+02
6.095292207876509138e+01
3.119641355019312456e+01
1.706826207384884526e+02
1.075908900146499008e+02
1.286187782928654713e+02
9.807784964846598541e+01
5.710995606060424734e+01
6.788338082611726065e+01
8.565299749830776932e+01
7.519159152652002831e+01
1.091076041280200997e+02
4.143432537658291182e+01
9.416213289136823050e+01
1.167374436949006764e+02
1.970725797638172594e+02
1.483316027226629217e+02
1.805449914892300853e+02
1.012445980559932934e+02
4.383494261605592612e+01
5.549317186374556599e+01
1.408777575209363704e+02
8.271867796171622444e+01
1.901119905607435783e+02
1.599620655416961768e+02
8.444229373709838171e+01
2.287080533111788156e+02
2.371921231644109582e+02
2.282772668931855264e+02
1.692617404491888351e+02
8.055784431472848439e+01
1.425746516363246883e+02
9.941227781397881813e+01
6.326482530432551954e+01
5.865078053902417565e+01
1.043637590226252598e+02
4.101789168490755344e+01
2.336915340479025360e+02
1.171081972662553738e+02
7.983630505743860795e+01
9.669229163286406958e+01
5.971778848847208820e+01
2.464038726859508444e+01
8.337416523284433367e+01
8.030046645339513134e+01
1.367936153544815454e+02
9.774049508446537970e+01
6.633183379148100300e+01
8.246019369761087603e+01
1.276954082230940486e+02
7.050797173237624804e+01
1.112744332163063632e+02
1.063958712935699396e+02
1.195021199312720341e+02
3.413968503834879016e+02
6.006395843633232090e+01
1.776397821106227468e+02
6.541794419293805731e+02
1.422462320685924908e+02
1.262097273661203047e+02
1.315574951568915765e+02
7.221857853380508629e+01
9.225896091606304594e+01
5.504498728536115948e+01
3.978559396331534685e+02
4.110996211601325712e+01
7.570260447968274775e+01
1.409921902534092339e+02
2.456201358452485408e+02
1.756746393125893633e+02
2.456126388043888369e+02
1.454391618609934653e+02
6.832800889001812550e+01
7.033716768148484277e+01
8.816545907197641441e+01
2.442914329419639330e+02
7.603141624874081117e+01
7.693834161585367326e+01
9.316213201628356444e+01
1.312525388054230291e+02
9.444805449982065682e+01
1.763056760064077082e+02
1.874153287809949973e+02
2.974112984264488091e+02
1.423678182990491052e+02
4.305654317967130851e+01
6.490746552559041049e+01
2.057882690502756873e+02
1.944330053535645959e+02
5.162619226066364320e+01
1.815434212653120483e+02
7.542842644465537205e+01
5.598930497633040915e+01
8.193115982860140889e+01
1.409533274204980842e+02
7.573659162229435537e+01
1.175904577514160394e+02
8.120578745879062410e+01
5.487387562179294065e+01
3.017909271553128292e+02
1.209891715186330998e+02
3.161800517399847195e+02
1.502262230125423628e+02
1.006802660167694370e+02
9.266674534646286077e+01
1.067534528297289143e+02
3.941207000644837422e+01
2.123257764649015655e+02
1.109911153398968082e+02
6.541334056718474699e+01
8.370796721235122106e+01
2.203750235969185383e+02
1.738036422450512646e+02
1.522139044384622366e+02
3.232923619094317047e+01
1.347281739765086002e+02
1.110097202908012548e+02
1.523462818771466516e+02
4.855648102679300848e+01
6.389484991386388657e+01
1.716458135245480605e+02
8.363010742460093638e+01
2.807865704670823561e+02
1.015054893024112488e+02
1.681849922779078383e+02
8.857448812795684034e+01
1.632239868206963536e+02
1.122704008937118800e+02
6.212562854519979538e+01
2.906398138991631441e+01
1.757456392604240705e+02
1.717076682648498718e+02
5.194881741264872232e+01
5.637888414880036692e+01
5.462655046030312178e+01
2.005128397382851801e+01
7.282647979568139363e+01
1.047908529828068254e+02
3.000909911248581352e+02
4.225745168307014410e+01
4.154443088436050857e+01
6.455733365693382098e+01
7.865807666576777990e+01
7.703783080477933254e+01
1.692388893891676958e+02
9.066866731203873542e+01
1.528945692381938954e+02
3.854946091715987677e+01
7.402545325849105495e+01
1.510065264740496787e+02
4.329458735399175140e+01
1.042484361507759729e+02
7.240393819846801193e+01
1.744735515078694732e+02
5.272786093558072906e+01
1.979831292776619023e+02
1.297597878620222502e+02
1.545908981242070865e+02
6.548745940023727030e+01
1.425774200998286858e+02
1.647521014990288677e+02
1.067666607248436605e+02
6.046950197109158154e+01
1.710648066778730367e+02
1.130585367069023306e+02
1.290360886607365103e+02
9.970671195266727693e+01
1.626248246320431576e+02
3.371692633215684509e+02
2.697099419425493352e+02
1.039403936028838018e+02
8.832845634358356790e+01
9.412038977746657054e+01
1.090808218532428668e+02
9.725754174215067849e+01
1.979003020533907318e+02
1.485098330785416749e+02
7.852739612667883762e+01
4.595825477620003596e+01
1.042521014659214131e+02
1.580003618889289498e+02
7.570285515876945226e+01
6.675899076273461219e+01
1.931418220527244216e+02
1.485125255348739302e+02
6.796889783698919985e+01
2.174238474040361098e+02
1.234418977438254217e+02
1.313771985486392566e+02
8.933410134692900328e+01
1.488225636890309715e+02
5.204360059293413343e+01
7.354772774637163479e+01
6.782045684348727832e+01
2.610887169037945199e+01
6.788633523979784457e+01
8.844461807635198625e+01
1.551338484349011821e+02
1.211584080727691770e+02
1.911219899702382463e+02
5.585082236906042397e+01
9.518971447149297660e+01
7.260100317288872418e+01
7.187629310596327059e+01
5.351104708098417007e+01
4.449651875235036158e+01
9.092391610412769865e+01
1.833199533558946541e+02
4.779563623094730218e+01
4.969394016894300137e+01
1.030079352885404234e+02
9.929699546918611475e+01
1.049188231790244714e+02
1.509172007880849833e+02
1.419185350515080017e+02
2.941195554523613254e+01
1.183898542508065077e+02
5.774036466442957050e+01
4.344931057545953195e+02
3.538296794849168947e+01
7.654727454272584453e+01
1.066660978387881471e+02
1.280160083256151324e+02
1.873108539456637232e+02
9.449948288003595565e+01
4.541839946318322774e+01
1.200695220262497571e+02
1.056955807237240492e+02
1.562346787917084612e+02
2.959777081016196121e+02
1.320101564988488576e+02
6.187943423816345501e+01
8.446610897017362163e+01
1.815378409002074704e+02
1.755438818482541024e+02
1.905575350220319137e+02
1.330039466351244357e+02
1.269218819962628970e+02
2.439642982746165103e+02
1.326062944584102183e+02
1.799182874973680839e+02
6.640047773072760151e+01
1.227828559819873959e+02
1.426412056729381277e+02
9.405657032643161131e+01
8.354368856251538489e+01
7.530098115967030026e+01
1.366141143850238677e+02
9.730585724821288807e+01
1.157012050405390085e+02
6.400231226223530712e+01
6.854850165644317883e+01
3.489503687675110655e+02
1.251391637728409449e+02
1.801415359308628013e+02
8.374897260942805133e+01
1.195850777690256876e+02
7.538907810888011340e+01
4.642786733888772943e+01
4.059509847147283779e+01
2.808827043053603916e+02
4.018542573487189173e+01
1.145138706321390458e+02
4.929589739349096789e+01
3.720980418400154122e+01
9.233057498642644134e+01
7.720071359134404076e+01
4.911993408779756578e+02
1.677162378737898791e+02
1.804553092299657351e+02
9.713636553252780459e+01
5.078322719467308133e+01
5.490923482594717342e+01
2.848225513111957525e+02
1.385112993911029662e+02
1.141776564223388704e+02
1.697474005145313640e+02
8.863694893426672650e+01
5.953508980345379342e+01
1.565135972161041877e+02
6.586897557283334947e+01
1.242382702304540629e+02
1.603982053309743208e+02
2.373362833983017026e+02
5.746749112855102481e+01
1.232345304546278584e+02
1.102663031642430838e+02
8.726294143068912490e+01
2.476096006058711509e+02
1.777027588521234236e+02
7.374866624460693743e+01
1.038948923330108727e+02
1.889977321161766781e+02
9.531575998791950610e+01
5.561350947526031518e+01
7.474745812749473828e+01
8.058451522488560670e+01
1.240722297684271638e+02
1.355655479475908578e+02
1.758038950121595860e+02
5.140732017157409928e+01
1.551864897631738813e+02
5.559751801340075161e+01
1.683323827975737856e+02
3.491892404389672038e+02
1.096333032083508243e+02
2.319357388025476041e+02
2.082009153542295792e+02
1.088549210661385587e+02
1.685364733590304809e+02
1.059231167676538803e+02
1.169782547017110943e+02
5.699091562016781864e+01
8.838566426874599813e+01
7.682233327758407881e+01
1.213785337451248125e+02
1.523679017079574862e+02
4.496725434227815299e+01
1.870130228263278411e+02
1.167109252547071918e+02
8.560437661445683943e+01
1.713995517454821993e+02
1.185346107111309095e+02
6.022804501243119546e+01
1.461563154200714223e+02
1.900896055686038153e+02
8.873502665744624096e+01
6.144303729032862549e+01
2.812755634926932657e+02
7.014308315888105483e+01
1.828089263782967180e+02
1.431504785251124758e+02
9.098691238246452428e+01
1.639309557393005434e+02
8.291234458927563367e+01
2.072100975437548414e+02
6.050756469799962645e+01
9.118078325719740462e+01
8.305043814772260191e+01
2.402183779072989580e+02
1.527654425551808117e+02
2.823382500635184442e+02
1.044925025418427396e+02
8.273073987420971775e+01
9.020674258003195689e+01
5.797562852052941906e+01
1.215417153210954666e+02
2.089364410757923167e+02
1.221408111435982846e+02
8.618946871838929269e+01
1.161244710469623129e+02
1.012260613654592731e+02
1.136316580126149347e+02
1.024619606100158080e+02
2.526255313185303351e+02
8.865468241110308156e+01
2.434805721336064721e+02
1.308490140990764701e+02
1.232143195135765410e+02
1.547105355812567211e+02
2.167266473556318829e+02
1.101948723764533895e+02
7.757566750311086423e+01
1.782374569642985875e+02
1.166812452612294067e+02
9.595772722554701772e+01
1.065126689282400889e+02
4.244373182469401229e+01
1.302454131304820635e+02
7.371891106092584778e+01
1.783369597101039119e+02
7.706079978720846668e+01
2.101268679684695826e+02
1.066916799227585386e+02
2.027449199114634837e+02
1.316185415629529984e+02
1.380495386360617260e+02
1.659736950560626667e+02
8.631503316817723714e+01
3.893511653409343154e+01
7.534723568213841816e+01
1.813676404090101641e+02
7.975487475031920326e+01
1.080816005555190742e+02
1.372417217056838581e+02
1.347764191849440749e+02
7.210013686553871537e+01
9.781250292733066942e+01
1.634667686824652435e+02
1.625025080252725900e+02
4.375763758525226876e+01
1.650026577259250473e+02
5.654973092037380411e+01
7.770586954178037331e+01
7.281363095139846564e+01
8.144925609675090072e+01
9.296188723115167818e+01
1.739510875288818568e+02
9.454272667716924161e+01
7.025936657198927549e+01
1.869589375627155050e+02
8.494116687819548872e+01
1.394591772321476810e+02
3.587445491564643874e+01
6.783622569050071149e+01
1.560986598422621512e+02
3.226568260171395508e+01
7.950399639703100263e+01
2.295411096146408170e+02
2.313371440740970968e+02
5.978620731156888013e+01
7.074712701551793259e+01
1.575003179931655950e+02
1.070707726872841334e+02
1.087611052931077325e+02
1.880847086409602582e+02
7.638943207222955323e+01
1.217911498553188068e+02
3.021805508591132821e+02
2.792537975417822622e+02
3.344628614677517930e+01
7.379262968758473562e+01
1.184495201086451743e+02
8.681699250217153008e+01
1.694524153391984100e+02
1.195483260348540284e+02
7.630731315711172158e+01
1.436989514819251781e+02
9.887664265009037479e+01
1.070815688814079181e+02
2.021630720891335500e+02
9.198154646882952079e+01
5.263212069643428492e+01
5.318853271735485322e+01
3.590653556716731600e+02
1.191368779974179830e+02
1.599297524289755756e+02
7.364232890003756893e+01
1.170185313200208412e+02
2.339297238503566518e+02
1.795266493105937968e+02
8.892054124207575683e+01
2.201638193035416293e+02
5.095685455535200248e+01
3.497944947637045487e+01
7.018039698221386402e+01
7.881748681396896927e+01
3.757048245112371632e+01
5.286490047825737548e+01
2.127748182937707213e+02
1.448561577595324081e+02
2.550822895672476704e+02
7.294940171298081566e+01
7.992741134999826613e+01
1.038726636882717997e+02
8.671727752725269056e+01
2.815315885384812304e+02
4.497776081296402850e+01
4.726985489630386894e+01
9.808456880666163613e+01
5.636107031480465679e+01
4.881533250127462793e+02
4.239689976046602027e+01
1.536215932876611419e+02
4.093162118549096817e+01
8.981960126244845810e+01
6.612914691112023036e+01
5.250950792852549398e+01
6.091997953085025586e+01
1.300532423975130882e+02
5.976484095569644950e+01
1.739821785700328576e+02
5.307907581076993893e+02
7.958046469194502492e+01
2.696801884509821434e+02
2.008334423007802343e+02
7.698036119923678200e+01
7.648089570446563812e+01
1.038490159239096613e+02
1.327547057550889349e+02
5.585822120256617751e+01
4.273397025259082227e+01
8.014711597795002263e+01
5.745059980537921973e+01
7.075741186122571946e+01
7.383971026014476990e+01
5.464546723373005932e+01
9.295404588418475100e+01
1.048648105764753637e+02
2.529856831051168911e+02
