1.228141229848605036e+02
1.794736847747750517e+02
1.549673790306854642e+02
1.947592428747604458e+02
1.050460815366253797e+01
7.569663715794486336e+01
4.086682295943732868e+01
1.825772720322922567e+02
9.728069356215543451e+01
2.874479756253734877e+02
2.144472451374845434e+02
1.598948393448947058e+02
2.027866068083737900e+02
4.077930155395889074e+02
5.096645577727504133e+02
2.127604262288516281e+02
6.421580185692253906e+01
2.906236383719573837e+02
1.784479836945971556e+02
2.539883841538332376e+01
6.372089728928160213e+01
4.202172920423733871e+01
7.909752376852669897e+01
4.401296628450093351e+01
3.563899307116153636e+02
1.755435847046823312e+02
1.889706134680122602e+02
1.427877093245776337e+02
2.878519691857671319e+02
1.105131400693447574e+02
9.028241843827210289e+01
7.770658316330695925e+01
8.991540540051150288e+01
2.305346609044183595e+02
2.910302045800360133e+02
1.527741287009714028e+02
9.213470550212669252e+01
8.362025671405146454e+01
2.019589704279970022e+02
1.445201032143092164e+02
1.388696097813673589e+02
2.448379249015358994e+02
9.624050233499410467e+01
2.720713902426507858e+01
1.135551147419078433e+02
1.640439774181883195e+02
4.201187188932350836e+01
4.151387684890167407e+02
5.514196577221613893e+01
1.420892514878584336e+02
3.311399663569557106e+02
6.372002929380126091e+01
3.510827957616590425e+02
3.720575640904326633e+02
9.174620483776379842e+01
3.955780463163248584e+01
7.834393014378036924e+01
2.092372267488347504e+01
3.762993694386731249e+02
2.889655201932867499e+02
4.067113440036697511e+02
9.255470326839157735e+01
5.105115558557149313e+01
1.323089766567790662e+02
1.897722742679424925e+02
1.448208380144982641e+02
2.710924333579927747e+02
8.568983196434999172e+01
6.798281947483357612e+01
1.147306661197143001e+02
2.105947798081787994e+02
3.107477012071851163e+02
5.079306503869955947e+01
2.117865192982071321e+01
9.072299177929899372e+01
2.231700374185366087e+01
2.411641665639913299e+02
3.094723893608374397e+02
2.810419359427936001e+02
1.165807513579264594e+02
1.713650244584938775e+02
7.138966118833755559e+01
5.605177895277789446e+01
4.069718242703616511e+02
3.451723121639720659e+01
3.208995739421183089e+02
6.356445493253843892e+01
1.742975998503240760e+02
8.410262872283378499e+01
1.141313560432447360e+02
2.462363254207967032e+02
1.644447473862697677e+02
2.164693353747632614e+02
3.507275149316734542e+02
7.590804166564591071e+01
2.475201133672128435e+02
1.492965498415432251e+02
4.371076212275569901e+02
4.475234519112823506e+01
5.017693006926106847e+01
6.433366855278765684e+01
1.828942646888267376e+01
5.363476742582280821e+01
2.519988648765336450e+02
1.440880738951891544e+02
9.392387034958034064e+01
8.266816055150602551e+02
1.194270031087015695e+02
3.636890233479976331e+01
1.326730460661070197e+02
9.414056456128122363e+01
8.871289197654323289e+01
2.222556082506665973e+02
4.525956450277942054e+02
7.451362080088107120e+01
8.943355881894881065e+01
1.624040716407744469e+02
4.389226476011604916e+01
2.031754245764866198e+02
6.438299282017982250e+01
2.468754319516057194e+01
4.160971772345962449e+01
3.286682489473462283e+02
2.681665903890836375e+02
7.202384791009157539e+01
3.419880841629463220e+01
7.689459316614741624e+01
4.401827688066411497e+02
1.070583797949812066e+02
2.292338726761698524e+02
3.526188896176154230e+02
2.654725648449018536e+02
8.263550722798603942e+01
1.586949965618250076e+02
1.265022255773259587e+02
1.101634446083916004e+02
4.396508457323763537e+02
2.965865834244601160e+02
4.650534511471892074e+01
1.451458236867703988e+02
2.991670029802167505e+02
1.054723844145381833e+02
1.745351362125439323e+02
3.122588230208780260e+02
6.613894942394736631e+01
1.948914179268467137e+02
1.476250223504667645e+02
8.924036630023427108e+01
1.807408279631155494e+02
5.373013143063786856e+01
9.764904961713776288e+01
4.655282211587199725e+01
5.916904234189320988e+01
1.428690657697553092e+02
2.367843525918736987e+02
2.791116927909580170e+01
2.502001210711636361e+02
2.104218352939494423e+02
1.837281242389618683e+02
2.590808604783349622e+01
7.297277628503182711e+01
5.062330010720959450e+01
6.469282066307989680e+02
1.520569020288429307e+01
5.596910575016289613e+01
9.557762443815971665e+01
1.129235473849906839e+02
2.408349721561750414e+02
4.317570691016234719e+01
1.482432562563686531e+02
1.201467479810791019e+02
4.202704881633007403e+02
2.048882858804367686e+02
6.692814815195323490e+02
2.443801771353886210e+01
4.041141468943347377e+02
1.967822267839461006e+02
1.634757499945018822e+02
3.623084255067368531e+01
7.253380801321578986e+01
4.573477102952447382e+01
5.000722873859632500e+01
3.881901201482859278e+02
7.098605575374060095e+01
3.345850244075648448e+02
3.249887761207557446e+02
9.688977689919313718e+01
1.095801103616619372e+02
5.314930420994259919e+01
4.425538838967740389e+02
5.911825957557776690e+01
5.438952662489123213e+02
1.619616082645401889e+02
6.130903668959101083e+01
1.167100837926626014e+02
4.719269267881728780e+01
1.092129025639983695e+02
3.123661411049127778e+01
1.613594476116262797e+02
2.970187765317910689e+01
3.043836183377512725e+02
8.730138689944435271e+01
1.161222061010623179e+02
2.179232757264031761e+02
5.570229666167360705e+01
6.227833255277244007e+01
6.236704529337368541e+01
4.502544723180981379e+01
2.990620422455122593e+02
5.222254305289246901e+01
4.262333508742000845e+02
5.053224078516640105e+01
1.011718022025840185e+02
3.829462425738709044e+02
5.347248806930635112e+01
9.105525334413218843e+02
2.725240481643969588e+02
3.884878303473736878e+02
4.075936472268434159e+02
7.592952554587721181e+01
8.278447867111131586e+01
3.330037038956817241e+02
9.611020339656853650e+01
1.629010821587390865e+02
4.406421500789210199e+01
3.744367905420506872e+02
6.718286277066626155e+01
4.202668000278593041e+01
2.170405918679732338e+02
1.532303108348934586e+02
1.926163010046312252e+02
5.052447167712254554e+02
7.716132497317488514e+01
5.664230587577882403e+01
7.619845298406417555e+01
1.851380253943476930e+02
2.033354543136021420e+01
1.247419810268510503e+02
1.167327244824509052e+02
3.017119341899046248e+01
3.735548614560715919e+01
3.101028274497709845e+02
4.210924738437848447e+01
2.208675190501904808e+02
2.714405862779087784e+02
8.874949043117821645e+01
1.440703867302639374e+01
4.269166814099531848e+01
1.278028029166673747e+02
1.824432081303203290e+02
4.380182220971869924e+02
3.927631066109255187e+01
7.956757105762982292e+02
1.867956499766510206e+02
2.927272145658010416e+01
2.284183131236370343e+02
5.296069453623675116e+01
5.276674656088634947e+02
1.804183385075100432e+02
6.758310979934375951e+01
2.208814236584772175e+02
1.531615281722563680e+02
3.903670790438652460e+01
6.333005335704056051e+02
3.199245158028507490e+02
1.510640112005095261e+02
1.299861948108036245e+02
1.490692123257785795e+02
2.438067219653156315e+02
1.935985698947928881e+02
4.432013525254249657e+02
3.432702131150309128e+02
1.318692406468822185e+02
2.146479208976977873e+02
1.733574385096817139e+01
7.995923373093017972e+01
1.020508842093010031e+02
4.432260135599000961e+01
1.017618661583933175e+02
1.823178333656483687e+02
3.075999040501750983e+02
2.546339946696027425e+02
1.564358804233569913e+02
5.965083640750263072e+01
3.811817689155290054e+02
9.228032457661277022e+01
4.072101180436389001e+01
1.453222357443012243e+02
1.587975399169247055e+02
1.499003178033591155e+02
1.872629173136116663e+02
1.827548482843475952e+01
3.905806175685906965e+02
2.899179910649667136e+02
4.257644322000832915e+01
8.780106605398140118e+01
3.420750311664141350e+02
2.187180181618161896e+02
6.861266271221535362e+01
3.604121557661101178e+02
4.587183644431708984e+01
5.087135694905874317e+01
1.629174000516549086e+02
2.581579764656099769e+02
1.204434696432903365e+03
1.519702265382447877e+02
1.100856047755117686e+02
4.029480222126528588e+02
3.171006876457423687e+02
9.498948863800656284e+01
3.916542387288633620e+01
5.944254941646838830e+01
5.715360861967386654e+02
1.933582871663281537e+02
3.679120978455889599e+02
6.749836672388816794e+01
7.431709811395984389e+01
5.584708728657415122e+01
1.093495180169248471e+02
2.903558927472325735e+01
4.730280593678094192e+02
1.463940002041847492e+02
1.325375170087530563e+01
1.095978315901402880e+02
3.235635526898376213e+01
1.120997422100465144e+02
5.604459738966210125e+01
1.502800483293709632e+01
2.651878985281489349e+02
5.190263057659481092e+02
1.785191978392884948e+02
7.094826544972655711e+02
2.961602268917462197e+02
9.230687790544416771e+01
4.647080364806312218e+02
1.240250522684995076e+02
4.547037498949121215e+01
5.297924622909713221e+00
6.967671327033820035e+02
8.743429738392124762e+01
7.753976395102928620e+01
1.412556486856501294e+02
2.452317005008950446e+02
1.006763910657718952e+02
7.782891648276041963e+01
5.968990899293564922e+01
2.897341213915104845e+02
5.638460465568437030e+02
1.727243670481099969e+02
1.549750117531770286e+02
1.064009303271777895e+02
1.072251576369518347e+02
4.257251507345085315e+02
1.323250274063624090e+02
4.415691508163408230e+01
1.576995427089574662e+02
1.068621030739525111e+02
5.923894316901335344e+01
4.984845540408858255e+01
1.742762443287946326e+02
3.774889621851253452e+01
1.215162739435344150e+02
6.800708871282887458e+02
6.038310128855770245e+02
2.095702767364613521e+02
1.305608590470081367e+02
5.552967593717097117e+01
5.862982937852329712e+01
3.354342777689230957e+02
1.615511166114191255e+01
2.490169771396294323e+02
6.112447996453087029e+01
1.230945331272867378e+02
3.581742570081959798e+01
3.893055448364254545e+01
4.005373522862339541e+02
6.010495991647522906e+00
4.401995471293762563e+01
2.016671536677415872e+02
1.540026646508618740e+02
1.132549821183102949e+02
1.533993936765488115e+02
5.386160351421771963e+01
2.193244261654188563e+02
1.949428006294020861e+02
6.899875582424293725e+02
1.627583141289591424e+02
3.712318426635386004e+01
1.728924212536369396e+02
2.650288001479524382e+02
4.571039799487332544e+01
1.499138401834157150e+02
6.254909861783974065e+02
2.316008097735977458e+02
2.069701820259522833e+02
1.507387970596491016e+02
4.758083252387355344e+01
8.212497705137054993e+01
5.426127520844157459e+01
5.370843871559206946e+02
2.624392265215834286e+01
2.340261246879184398e+02
3.108462230810815896e+01
2.158929884713534193e+02
2.908576331420807293e+01
3.172369547227035014e+02
3.371195806898212055e+01
2.567060562974725002e+01
7.271539135904814088e+01
5.269120676709025020e+01
4.135612224385252489e+01
3.496754638803174657e+02
1.636348057040229946e+02
2.415438170539845544e+02
5.049282450745743063e+02
1.101714726076093456e+02
1.378580202994446040e+02
1.210645106874888768e+02
9.572504406759949802e+01
2.792169041572171864e+02
2.903861272338492654e+02
4.061941956834294842e+01
5.614489669490122878e+02
1.151659561546238564e+02
1.517364455062658806e+02
1.278416290651448861e+02
1.522620630980112253e+02
5.056514557979793523e+01
8.042744355575479176e+02
5.568692714275104549e+01
5.727358657304687313e+02
1.999965247874388012e+02
4.382391697216224458e+01
3.182714998929031367e+02
3.357839867247066081e+02
8.667205709421349979e+01
2.909847128688249995e+02
1.042478894445464022e+02
1.413079241480175767e+02
2.250281990757575272e+02
4.086864092977053815e+02
1.961212716236360976e+01
4.078214819695047026e+02
5.409718542303296829e+01
2.151449938072766344e+01
3.363904941728246172e+02
2.449591144222373771e+02
1.337398082785361737e+02
6.162210121363577997e+01
4.617129554951461614e+02
9.979361434100059114e+01
5.066679039828239866e+02
1.002206836703011987e+02
6.891354137766919052e+01
4.603079361857480478e+01
3.877505476217720570e+01
2.267175413206587393e+02
3.407276645475796784e+01
2.502939501744589847e+02
1.327106546438897681e+02
2.214570188588875510e+02
2.255029103734253511e+02
2.070966924440304240e+02
9.106962916046900602e+01
1.493297781469462393e+01
1.674600375319096202e+02
2.347567113807917281e+02
6.247208773652604350e+02
1.353209431966300826e+02
3.913767747022753696e+01
1.027208004927718548e+03
8.538069641736505844e+01
8.610255753542085699e+01
4.643283641512370963e+01
5.361208030621856580e+01
1.294550998553096690e+02
1.665101833244914076e+02
1.578971438416168667e+02
1.844405100515115521e+02
3.163984645365575687e+01
1.341892664857325599e+02
9.871348806490395873e+02
1.329765393954729120e+02
2.549448913369763829e+02
6.613702210464424525e+01
7.244303998936902644e+01
4.826816639380070484e+01
3.712452866598667356e+02
6.693101141878612736e+01
1.500906125867002459e+02
9.367531103110481183e+01
1.322437187684066942e+02
3.810934032910829927e+01
1.553230039201842771e+02
5.328955752000114217e+02
3.331513190756045333e+02
2.358294829541635806e+01
1.325909679126254730e+02
3.446121559480409360e+02
2.215385269755778808e+01
1.873448895884346257e+02
3.047902115184265881e+02
1.608399338688400917e+02
4.507344131524503439e+01
2.492211521547793893e+02
1.904479887306964656e+02
2.535140670085550596e+02
3.005437129846710604e+02
6.999738062104565017e+01
3.072748395144640199e+02
2.184936607677234477e+01
1.291532611124598020e+02
3.261472431234212621e+01
2.103865708734443558e+02
4.773801329204709987e+01
1.538375144475375578e+02
1.129369332410440734e+02
6.513044544869086394e+01
3.086996316448658462e+01
5.713296606165339426e+02
2.016593189211550907e+02
5.196220357131635410e+02
9.866486956385345763e+01
2.064225163717943872e+02
4.392750225129350383e+01
1.802938427129849401e+02
3.481767956066507708e+01
1.227846857964871958e+02
2.023766629419287995e+02
1.769879537321496628e+02
2.296380475872643387e+02
1.562822789097307350e+02
3.060039731038808100e+02
4.099955215357819327e+01
4.466740175262317081e+01
3.445257895253182596e+02
8.231883184267267950e+01
5.487789570203580780e+01
1.935966353575111896e+02
4.238033800335845172e+02
2.510628918926036022e+02
2.108792691996336259e+02
7.161024907056805944e+01
2.904534715581580144e+02
6.190367490802471195e+01
3.418254118348620523e+02
3.856305442238468828e+01
1.082253911375768922e+02
5.563656705414435777e+01
6.232039994492602375e+01
9.503381818795868696e+01
2.330843651628809710e+02
9.522139127715298912e+01
4.539229998413603084e+01
2.742442629386232511e+01
9.161457386141009351e+01
5.136412585558284718e+02
4.743682449571251141e+02
3.033574124431505226e+01
4.089426615278308930e+01
1.612528621315926785e+02
2.786625693890670732e+02
1.013259978354406172e+02
6.265471658207435439e+02
1.257540289250332961e+02
2.711985517486123172e+02
7.969962824289494563e+01
1.458052299844780464e+02
4.490321419245810119e+01
1.939960341294394297e+01
2.454036795132465159e+02
8.939970944451802382e+01
2.130751615515646620e+02
2.983430096801113791e+02
1.922142850826126050e+02
2.919689535896801047e+01
6.305716977845584381e+01
1.214443397618148595e+02
3.975071900533981051e+01
3.844621079098710652e+02
2.589387074614775202e+02
1.381275060286128848e+02
1.730305282503241529e+02
9.904161987331488604e+01
2.716453161668359826e+02
1.899330251110131940e+02
4.670869139842908453e+02
6.310273006579777899e+01
2.954223603045336688e+01
1.734663199575355463e+02
1.531446177079059510e+02
4.532235868887267429e+02
7.683072212774857235e+01
2.448779188127678026e+02
1.517232067724672007e+01
1.991564580324330791e+02
6.102696947637614358e+02
1.271666167811465300e+02
2.037311326707211663e+02
2.731693200785015847e+02
1.592605457351971268e+02
1.608184884083536019e+02
5.310156436865926821e+01
9.027736385377988881e+01
1.448629941415642008e+02
4.087466577809557577e+01
4.963593691334583582e+02
1.113465072620761447e+02
5.252095110646663301e+01
2.173839628725673663e+02
2.458747954985807382e+01
7.389790934331847438e+01
2.660088804258560344e+02
3.676488143234442418e+01
2.855654685115906091e+02
1.018843687412840353e+02
1.531321002770653728e+01
8.964730106886116801e+01
2.381414107202477339e+02
1.605063921929724984e+02
3.090434000238957069e+01
7.497160071277104976e+01
2.791660144985112311e+02
5.591420132247243373e+02
2.037963882053698228e+01
6.911307198351660475e+01
9.836683719684710070e+01
8.561452061770457078e+01
4.772253538387209204e+01
1.007040646976701339e+02
1.046077786329027788e+02
6.574646588395761171e+01
1.134243707800169005e+02
1.436781403604380216e+02
5.365903380789278572e+02
1.216271775437188865e+02
1.736651003225900354e+02
7.132844777964170362e+02
2.125985813241177880e+02
3.596901266589239299e+02
1.473614612695444634e+02
5.895216966422085534e+02
3.889055484309209305e+02
3.220131636498238663e+02
6.284049170953594654e+01
2.016185239445890716e+02
1.052936556814651823e+02
9.384231516341263557e+01
3.530545178391191712e+02
1.129813471174720547e+02
1.443832134313326492e+02
1.457272759478995852e+02
1.008918323017462200e+02
4.765142994193085002e+01
8.977499057918423375e+01
6.406933083520596028e+01
2.293330009987172105e+02
1.577991821738386307e+02
2.950399741407079546e+01
1.355863813004037297e+02
3.175752403648174038e+01
7.859044610656729901e+01
4.039334603849520136e+02
4.190469672517822914e+02
1.235071357176435640e+02
1.653551646751276678e+02
5.189925294808280398e+01
6.451550909751945539e+01
5.028898401411129271e+01
4.107892161607100689e+01
3.314575611485737738e+01
1.087521003882820594e+02
1.025562825096831432e+02
1.761658454146837727e+01
1.129435288925423180e+02
1.560635444525782702e+02
1.622424310501306479e+02
1.591040334409199772e+02
3.392980489197727678e+01
1.230586459356407829e+02
1.987728079119073357e+02
8.170437586071133751e+01
5.582583091528713481e+01
2.020849521863894722e+02
5.578423466508890272e+01
1.258773388783221918e+02
2.794764047266263560e+02
1.506647997757149824e+02
4.083745151150385482e+02
1.055113772374021721e+02
1.373751581378466540e+02
1.539574814287961146e+02
6.891185256767456622e+02
4.474565426106287305e+02
2.283078328234658017e+01
1.203333548075434862e+02
1.664646975720312980e+02
3.277574524819229396e+02
2.422469165791750072e+02
9.091695958676629630e+01
6.676347706630748746e+01
2.798118509699769447e+02
5.765870637184531233e+01
1.039443425328138346e+02
1.220652872435876475e+02
9.758257692222497326e+01
5.817925075621054702e+02
6.781763639264349308e+01
1.590247991477046412e+02
9.874099567242454611e+01
2.744218241432533318e+02
5.206300828412440751e+02
1.367710204978351385e+02
1.317380330372737092e+02
3.883416275118247540e+01
4.219337207258014644e+01
2.618719901821640050e+01
2.289439815256953921e+02
1.731643610230596835e+02
1.787081448105600998e+02
1.544568116049229332e+02
3.843342953384459548e+01
1.094964974143584584e+02
3.254257456090473255e+01
2.625319394498006886e+02
1.102237640832211980e+02
4.169246464178601741e+02
5.815506294504581319e+02
3.017394079067451003e+02
7.279804481436229935e+01
1.925190342462214232e+02
1.274813554979967023e+02
7.965176911235933233e+01
5.536734755224728843e+01
1.388243054574822963e+02
3.059541762040861386e+02
9.561139824673767862e+01
6.534306958831741667e+02
3.215839481395501025e+02
3.241328433466807724e+02
1.552934725760732135e+02
3.556071916173304004e+01
2.651742118295651096e+01
7.852247388089757862e+01
3.288464460195166907e+02
2.183414083692662189e+02
2.897192861560841948e+01
1.025376180368177472e+02
8.743689020210798901e+01
7.945848310557664718e+01
5.985202051344470675e+01
4.677849852675878850e+01
3.071930955107034151e+02
2.374137437138190023e+02
8.497369546438041255e+01
1.939620652590644454e+02
8.271869375698851456e+01
2.979362181763183912e+02
9.743254711906045884e+01
1.780728908363797132e+02
7.523523966922108741e+01
1.012730933981623451e+02
5.521071712084009420e+01
4.721505603787341556e+02
2.550041140426321462e+01
1.400418457875049683e+02
4.632505134921011631e+02
1.343517264047305275e+02
4.627519832654102316e+01
1.681771953851300054e+02
5.319520480314989754e+02
1.365487953191775148e+02
3.943770908940430076e+01
4.440684817087046667e+02
6.140517118908912408e+01
1.269278970955790697e+02
8.220900670150534495e+01
1.042205933560163089e+02
2.811924980970636412e+01
1.054874760414080583e+02
1.659420788218570806e+02
1.317361647498114223e+02
9.651105915797820956e+01
9.240586967231929520e+02
3.396948662535481844e+01
1.427915854756237479e+01
1.213177601458609018e+02
6.896561535984362479e+01
1.849489536170752331e+02
1.438746184487486062e+02
2.859334687158693100e+02
4.746517047697241765e+01
3.445387107708504004e+02
2.460040612606641730e+02
3.364122324828402384e+02
2.706713632865458976e+02
5.488514625664831783e+02
1.000838700545658533e+01
1.234221550423586820e+02
2.258921742167311209e+01
9.251157600441075601e+01
5.100344906685901947e+01
1.922597256272024424e+01
3.381876666061492642e+02
1.155713077934410649e+02
8.548113457843165008e+01
5.784126809154079751e+01
3.036520537100922468e+01
2.793032129725112327e+02
3.001918177189367043e+01
1.838299641618483520e+02
7.828245679105798160e+01
6.070359524841157395e+01
5.759187067074127953e+01
1.455291403500118861e+02
5.584356016276745294e+01
2.136230826380593157e+02
1.659262689684350960e+02
5.179756324857648053e+01
1.867953138857516251e+02
1.745012942295736593e+02
1.619742097633235858e+02
6.913259520328428209e+01
2.879594452436242591e+02
2.860742488548984284e+02
3.214727418966724031e+02
8.946981192126607141e+01
6.703848587443279712e+02
2.177362636831376506e+02
5.988001093343363834e+01
8.799201507227719787e+01
6.241788260634611163e+01
7.115692345738875701e+01
1.729658694525707574e+02
2.227463052187850394e+02
4.381692095956719868e+01
1.201672927717798345e+01
5.512935949826084681e+01
4.783843413297973512e+01
8.454680630459063195e+01
4.264345750803346959e+02
1.728954461256271031e+02
5.357609965903941429e+02
2.386188093421849885e+02
1.329856944303946875e+02
7.709756365718760662e+01
5.743544238946738290e+01
4.694258588619707950e+01
3.393153424308840016e+01
2.981017254416396440e+02
2.384708671432505156e+01
6.927607881265028311e+01
6.808673215691185305e+02
3.564010845876305780e+02
3.557847246721174201e+02
1.231642955274864306e+02
1.560711723372108679e+02
7.620718687593748655e+02
1.135569730267079791e+02
3.959893535445077077e+02
7.570848062753779573e+01
3.299423463810272210e+02
1.876044470836931666e+01
2.487355531128367758e+01
1.546276755542266415e+02
8.129222694493573727e+02
3.650077309433763162e+02
2.106421139624531520e+02
1.297596291302754992e+02
1.095811957086269928e+02
7.230089556155363653e+02
1.307292684384154313e+02
1.296573321576727835e+02
4.326024832629202592e+02
3.447781337169499949e+01
2.143607124995532729e+02
2.443717131498743527e+02
1.355009415289654555e+02
2.877131600884175100e+02
1.158757671922859060e+02
7.450493495359161500e+01
3.211110984009508940e+01
6.084704043292837241e+02
2.526669065142976081e+02
4.541360276521574235e+01
1.952002880824605597e+02
1.921481900618867655e+02
5.766416800333844606e+01
7.270046533491075991e+01
6.280682927706033070e+02
4.012239661410499139e+02
2.973418722836641450e+02
2.718891781545351591e+02
1.260355185749031790e+02
5.220018319658426975e+01
5.391152890851356005e+02
1.815418410163350416e+02
4.670954887031900427e+01
2.628596340126608766e+02
2.868919723621259266e+01
2.097095877189414281e+01
1.041136826012266425e+02
2.688970151222014238e+02
1.058521155486455996e+02
1.622398489406471072e+02
7.670566166949814146e+01
2.642357853977973718e+02
9.610104538289409959e+01
4.857975820295469305e+01
1.034415714916395501e+01
2.344634120773960717e+02
3.073509196998235282e+01
1.645223076817736683e+02
1.200296643229740852e+02
8.991430509534639270e+01
2.064997891911948003e+01
2.688358972367201360e+01
4.017125049371861678e+01
5.297293847927477373e+02
2.370002326896522220e+02
1.403521221138838087e+02
3.677251454324072029e+02
5.986350129057098002e+01
4.970937993849522485e+01
1.780473080945847641e+02
1.497827705063953658e+02
4.135428935888463116e+02
1.563875285022256492e+02
1.156535492893494848e+02
2.487949983656217796e+02
2.647909121624442150e+02
2.415370711228632388e+02
3.137212973715950284e+02
8.501498133250231604e+01
1.774891981868030655e+02
1.010553637071027566e+02
2.043993714791679963e+02
1.530107013417730286e+02
2.062678244017444484e+01
3.365728034344294315e+02
9.401369177956968315e+01
8.929087167492674837e+01
2.197864501307564922e+02
1.242514940374374959e+02
1.281481048820207889e+02
1.081734250582089629e+02
4.740513713111797642e+02
2.315398168263082539e+02
1.248048257679174640e+02
1.071613247973201481e+02
2.389216494699975044e+02
5.430282500315370271e+02
5.128377959693519728e+01
3.184759731229699753e+01
3.127996625888594195e+01
8.554236680659946046e+01
2.637745655767596631e+01
2.026051904587555725e+02
3.262068061619783066e+02
5.371414747786653265e+01
2.812793975082470297e+02
2.293060568961311674e+02
7.923958710733620592e+02
2.062420491267911586e+02
1.291350080287106152e+02
7.450477272941468527e+02
5.792517993157242984e+01
1.457383029679321282e+02
1.932467632775057211e+02
3.303698542878999689e+01
3.687226444296867385e+02
6.425089396891644355e+01
1.103203402630120848e+02
9.360873583918080953e+01
8.479770559965096766e+01
1.644404110499884553e+02
6.084567661814429584e+01
2.305085901385914440e+02
7.279817911778106065e+01
2.132195386745335597e+01
4.370627738864515521e+01
1.547917554115329608e+02
1.369010463912179318e+02
4.333041560407212955e+02
6.382291737302348338e+02
3.011079653395837568e+02
4.189552844776571305e+02
3.115298192501779226e+02
2.488659769197851119e+02
1.630488904719017000e+02
5.182271755826782282e+02
2.399302659798822788e+02
2.752672394801944051e+02
8.655123515368977394e+01
1.258132531970025099e+02
5.553145350976551242e+01
4.519965682624727492e+02
2.280417568374193422e+02
3.673830304342615705e+01
2.355970455092780469e+01
6.187625667023453957e+01
7.342912076087107209e+01
1.188754038425330464e+02
1.187563308235326218e+02
1.506929573134545137e+02
1.545350301732365779e+02
3.560411561851324223e+02
5.485542734728769574e+02
4.557440577196547338e+02
