3.867688982186218993e+01
2.200794313319650897e+01
4.662816333708835259e+01
2.272725244364239359e+02
3.957348761040471885e+01
3.483388620603281538e+01
3.708828288705294085e+01
1.793632346171929157e+02
1.988255286654241161e+01
5.710501277582211799e+01
9.352515739253909999e+01
3.136120454428757398e+01
1.153099630352523519e+02
2.072390474681716626e+02
3.298391579993412392e+01
9.985450508436571226e+01
3.152188258742858693e+02
7.466632839031682067e+01
1.483082644877160305e+02
1.729146007037321056e+02
6.505952958477365655e+01
9.125959967420644148e+01
4.136791251908794464e+01
1.350827023862315990e+01
1.798164550600083089e+02
3.271409975257766689e+01
1.873814444781442745e+01
7.903625432053044619e+01
2.254384804342760162e+02
2.634581434762839791e+01
2.256980743306522470e+02
9.194024504919163121e+01
1.278423793166190947e+01
5.970855141852892700e+01
7.008176704418852410e+01
3.396739409972176560e+01
1.015969096336169883e+02
1.291446700265344987e+02
5.772417401802623971e+01
2.031436081690073934e+02
2.122257054501205573e+02
1.762688213737539655e+01
2.981216649632859017e+01
5.889665250040029321e+01
3.677947821973357634e+01
4.438592808062050921e+01
4.325596293349371280e+01
1.032435787302558623e+02
6.011096262397659729e+01
3.179273398454146360e+01
4.979901042157187163e+01
1.344459853247290084e+02
1.377364776504057318e+02
5.990671032942470475e+01
5.906696371189767092e+01
4.234107188949860756e+02
4.027101730743648318e+02
5.630750412950263240e+01
1.080510260668139040e+02
2.194673321237244750e+02
3.483737648562252076e+01
8.090551807744348878e+01
5.293877986736125507e+01
5.532332725039049848e+01
4.469378039443284223e+01
2.175310135009532075e+01
1.968310197996753175e+02
1.595228114835234408e+02
1.917998878996470324e+01
2.318077409980459436e+02
5.105566209651067311e+01
4.799113565277014004e+02
2.562064951767695220e+02
1.166316926879426461e+02
1.883439011252007447e+02
5.061536714223792188e+01
2.563064176481913137e+02
9.790178428779121589e+01
4.256280437482691354e+02
8.986231191512007399e+01
5.399783608689772052e+01
2.312840677093915929e+02
4.837660682359293673e+01
1.755042388927891750e+02
2.659971161346909412e+02
2.422235227072003383e+01
6.542902395585895192e+01
3.014092738936000515e+01
4.254219373883181987e+01
2.308883159524918938e+02
3.145299262959197222e+02
4.202317841667576204e+01
7.597560521444005133e+01
2.353036238414098236e+01
1.066566196470298138e+02
5.217096413767689711e+01
6.431211902622094101e+01
5.034526311133009813e+01
2.397218805600992084e+02
1.944284422432835413e+02
1.462941046196282286e+02
1.487389692944689124e+01
6.038876300314659318e+01
1.056128393485061849e+02
2.672319720781500223e+02
1.318726368342907733e+02
2.469013579804598351e+02
8.264576680367324002e+01
2.279237608203458478e+02
1.843126659765738040e+01
1.449275626861255830e+02
1.946153300030980304e+01
1.979221914855081366e+02
2.227238258086238716e+02
2.554356950779953550e+01
1.562199893486218514e+02
3.228308983055525516e+01
4.750930404714181066e+01
8.166764827237940949e+01
6.934638958755753890e+01
2.753568776718756794e+01
2.833719683761025863e+02
2.170419820616297955e+02
2.251322678766951313e+01
1.961290659590079599e+02
5.178603978913182715e+01
2.497156617971657226e+02
7.790642642936703055e+01
2.397179988491398035e+02
9.143179624679216033e+01
3.637113812645166178e+01
6.590064308105334590e+01
5.682984540838182141e+01
1.531433737216042630e+02
6.904423638414635889e+01
1.883458255676294471e+02
4.402580405232368577e+01
4.485198601749165448e+01
4.649645951503337216e+01
4.878205840615841993e+01
2.400414782974220032e+02
1.511768487226928528e+02
6.383610462808486830e+01
2.738333001718371307e+01
4.867148328072614305e+01
2.206248994327961839e+02
2.155708110078267623e+02
7.926172492339043174e+01
2.112611998739545527e+02
7.094208427553722629e+01
7.293160222948100113e+01
1.152961388627138888e+02
1.621513705570909281e+02
6.640364648642109557e+01
1.138932029018384355e+02
1.619706608766446720e+02
2.564176853230418018e+01
4.508785844093972628e+01
1.685105469822909896e+01
3.325715674078381312e+01
6.863676772518957137e+01
7.950848022888234823e+01
1.492924698063582696e+02
3.206806958700543646e+02
8.341517346037804259e+01
1.067544863375492525e+02
4.325281423215366061e+01
8.395263537059692283e+01
2.706773707472458455e+02
3.013745560735024398e+01
5.102679414124203277e+02
1.327360354525555408e+02
8.101579465187863605e+01
1.215365144696187372e+02
1.647506061738899916e+02
4.745083967110073075e+01
4.585151174739196023e+01
4.771005075184126554e+01
8.993311154373762406e+01
6.306866635271420307e+01
4.509514283422642933e+01
2.171748157993875594e+01
3.136753470440410183e+02
2.020011024447302646e+02
2.606347762950815650e+01
1.216377432952372999e+02
2.372320442033336008e+01
5.773488803651048329e+01
1.125243700952943442e+02
5.279425728880062252e+01
1.246393856329270022e+02
3.204856181258641357e+01
7.450594339074106642e+01
2.571929909740329094e+02
6.594609541170284217e+01
8.200575889450431077e+01
4.774607735976323397e+01
6.195533465841437248e+01
8.302490313142976674e+01
1.058884674272281785e+02
1.163831705198542323e+02
2.765055499884042334e+01
2.296777731629425290e+01
9.753241224681562471e+01
2.570746973038219494e+02
1.864911751058621121e+02
2.967079085328172283e+01
8.264658106581380537e+01
2.993774290196465060e+01
8.257184052377911598e+01
1.186757356440466893e+01
1.051071398579213536e+02
1.791117854454102769e+02
5.211550418471856574e+02
3.702204534737020367e+02
2.332233237775023724e+02
1.815148195615295492e+02
3.901744831333467545e+01
2.460466567550209760e+01
3.727074681874049844e+01
3.803248900176939173e+01
2.584169804089961531e+02
3.682311113885705254e+02
1.985520138336058551e+02
1.120474058011247109e+02
2.600705380199451611e+01
4.659842037726126307e+01
7.770937007929020979e+01
3.079546954331634652e+02
1.033632205543562605e+02
2.651399101277650061e+01
2.376825521489091386e+01
1.723798643374742312e+02
1.112033596573758842e+02
2.352630474137638927e+01
9.875163426842946990e+01
1.288051825488182942e+02
2.186841526725027407e+01
1.294334882527316211e+02
2.242254541834841746e+02
5.507186127539398512e+01
2.980643665891861360e+02
2.861187508102771559e+01
1.487828159450959333e+02
1.281494402574534064e+01
2.980072394108178742e+02
2.125968080311314523e+01
2.359930565880968700e+01
6.913052280045855014e+01
3.713461821546042785e+01
5.455224351793754778e+01
4.474193160559354254e+01
3.889277424891335500e+01
3.828126410444594399e+02
6.610449099905230241e+01
6.388533745016432164e+01
3.995286056842840594e+01
1.607562859876928485e+02
5.433479522496450898e+01
1.766802336084527170e+01
1.187902256039939601e+02
1.302828182184453851e+02
7.457137341576672895e+01
9.356728862018975690e+01
2.808015812624751817e+01
7.746765305248806044e+01
1.817873269529221432e+02
1.895284791837728733e+01
7.043138531957917792e+01
1.182191222322790480e+02
1.998178017097981751e+02
1.827255282259504554e+02
3.038396840196267021e+02
2.678216122508925423e+01
1.104887376557284995e+02
4.401786836264957259e+01
3.388597512077928542e+01
2.598015967180239727e+02
1.028246322294339450e+02
2.048669125939573732e+01
1.538333182273352122e+02
1.464911573995335345e+02
2.607891038946889140e+01
5.431663282490070799e+01
2.387969526389125861e+02
7.264555650058224501e+01
1.063400224357504840e+02
3.420125430906085029e+01
1.042171763746827651e+02
6.579018760799985444e+01
1.332947079454385175e+02
1.067818611136386053e+01
3.501240683433234580e+01
7.400777352626899130e+01
1.034668800820178234e+02
9.531897597602983296e+01
1.977630529702834110e+02
2.913029742542961458e+02
2.070846081185989078e+02
1.351314420135334728e+02
1.153924682390622820e+02
2.248877085273935279e+02
1.992094652735694638e+01
2.476978922833818046e+02
1.782929077061307623e+02
2.901787624045950409e+01
4.570633943215216988e+01
2.387972041397792466e+01
4.918584412077494790e+02
2.050474700326737434e+02
3.335412875327875071e+01
7.451879848007881435e+01
1.620377032738525358e+01
6.533364532652963419e+01
1.810258272948817648e+02
1.409585908076734597e+02
2.516990179114542627e+02
2.071266026632690682e+01
5.746325407549786490e+01
5.324859753320299660e+02
9.098995429496892484e+01
1.150049420168454617e+01
8.859975946861973739e+01
2.892560057667958517e+02
6.592414213418551583e+01
9.012088474628690449e+01
2.451624920456335985e+02
9.605902488553557816e+01
2.092321789596493531e+01
5.786909474645410256e+01
8.722307341973190375e+01
6.977581262488691038e+01
1.098848485046761425e+02
1.879429876981306791e+02
1.620529422563312139e+01
2.148838754420691899e+01
6.019288256724177444e+01
1.331333107435391696e+02
7.176101674862577795e+01
2.244862857685002382e+02
2.050671872322938682e+01
9.175793483256673255e+01
1.074409139217732019e+02
8.688592794898502447e+00
7.839110455727387716e+01
5.293571558707547808e+01
3.984950555457877641e+01
1.042275921111023820e+02
4.291104234661148098e+01
3.029277395445989995e+01
1.045940483338496847e+02
5.860635869249116325e+01
1.026817854230433227e+02
6.169552497733446472e+01
2.164088097697992907e+01
5.227092655467954785e+01
1.042655120868213601e+02
5.342832084695309902e+01
3.170696506129431214e+02
1.427410713523287598e+02
2.363866514337668789e+01
5.548882165226568475e+01
3.615846939675630978e+01
4.560233680652901711e+01
4.734591815412422733e+01
2.010127436697356416e+02
3.260860553571254172e+01
5.051360042602873079e+01
6.799850205569543959e+01
2.455509620049645036e+01
7.309536948995069849e+01
1.153926716510337371e+02
6.248255882902240899e+01
1.996929926439594638e+01
1.627003120878205209e+02
3.303983555848384412e+01
6.857159399825059154e+01
3.817127905722466608e+01
3.334006890249367672e+01
9.231830426339341500e+01
5.132435030829493172e+01
2.255399835477859654e+02
8.831156054073701966e+01
1.512749979796091679e+02
4.935056155042322246e+01
2.144313891804055459e+02
7.124057597139395170e+01
7.266274697644327318e+01
9.117554936302921931e+01
5.652177027631809381e+01
3.801062576361259460e+01
1.229907276326505468e+02
1.194360220552784284e+02
8.981109809212954076e+01
4.541711221270313104e+01
8.569015571834556511e+01
2.827264089784559076e+01
7.425730647308162702e+01
1.588854881548907940e+02
4.004146086916965146e+02
5.734667365960905272e+01
1.001100444352149310e+02
3.781562078855147320e+02
7.824888647988612433e+01
1.415082810265259354e+02
4.026413116548122417e+01
7.053128740842839761e+01
1.170751708611027482e+02
5.078479220560503649e+01
2.923799296923915136e+01
1.132245939657740479e+02
1.031644061207613845e+02
1.661742794299774673e+01
1.994873964447963317e+02
1.331317951070060985e+02
3.091757036831800320e+01
3.343394925663087491e+01
1.448356642343163969e+02
9.097264425087121253e+01
2.822932542421198150e+02
1.272011143116926348e+02
6.500047594944162199e+01
4.222589236596586915e+01
5.716055679367899245e+01
6.347198178364104848e+01
4.010060232452821793e+01
4.328724015502198341e+01
1.476888703984336004e+01
1.614120992256422653e+02
1.028454623865561359e+02
2.797726834228110420e+02
5.750268147466664459e+01
9.651237782964703626e+01
1.987846686710714152e+02
3.557694594318709846e+01
1.684905825192739925e+01
1.127707560253913357e+02
1.455565094865146492e+01
1.329423228144961513e+02
8.371340303304062047e+01
1.813074135710472490e+02
2.207697971618461565e+02
7.731186337077113535e+01
6.989384023768398890e+01
1.048588381727187908e+02
5.584794525025437650e+01
5.611334362400483400e+01
1.109058204993656602e+02
1.545964109541676805e+02
2.370897734047095184e+02
2.815178532870902472e+02
1.009800202895326393e+01
3.162573067137916283e+01
2.980796535988744154e+02
8.775303756774310671e+01
5.396843786508875240e+01
4.119774481996235238e+01
6.419539325911273409e+01
1.375579501981436294e+02
3.801970213067079385e+01
1.194329969517450110e+02
1.503604140363209183e+02
2.528607768036995296e+01
1.060667645240975645e+02
1.088383698717862416e+02
1.171758501606414029e+02
1.924099041076647438e+02
3.695871951175885073e+01
8.526297419890352103e+01
4.612936360094963817e+01
1.376710469021953998e+02
3.049384115678757468e+01
8.023499615291963494e+01
6.201481961132301990e+01
1.073682008450677046e+02
6.775329829283612071e+01
7.475811390107720911e+01
1.636994470775804800e+01
4.510469821136720014e+01
6.787349926635253894e+01
1.383890321664805185e+02
2.903999571642734168e+01
8.343189182483128263e+01
8.923368016400286251e+01
1.108705762152367527e+02
1.898661494945861818e+02
1.005566720778655139e+02
2.868703445150293163e+01
6.256430600733285274e+01
4.957421089799790082e+01
3.627580422412411565e+01
1.548881517236246275e+01
1.980956024132667608e+02
3.093889331336967885e+01
3.986467569149772316e+02
7.730841089001262390e+01
2.985913821976577154e+01
4.784049157315254774e+01
1.520072936858091737e+02
1.035401993443299915e+02
8.236332540252276146e+01
4.802399716263257545e+01
2.069698836854094282e+02
6.330239923870274765e+01
2.242422848988375961e+02
9.762779312208817828e+01
1.680338198811049324e+02
8.541553301396892550e+01
8.652730139269930021e+01
1.224790267711085932e+02
1.680805129812090115e+01
4.195468092607720934e+01
6.164712905988840674e+01
1.426222325729921181e+02
2.074989990400991928e+02
1.251475438567768492e+02
5.036517940175704666e+01
1.846409496619089907e+02
4.046163571647196022e+01
9.670784336345818133e+01
1.124800904489443241e+02
1.085782684824205546e+02
1.884124180360931575e+02
1.011448669434315093e+02
1.344364139701830538e+02
1.838850631453882301e+01
7.571421741778063108e+01
2.135150328900717298e+01
7.243376326565895340e+01
3.986609259354155199e+01
6.026591706855352015e+01
4.570435509988969613e+01
2.802059846438655200e+01
1.521237696778602526e+02
8.919688014902860118e+01
8.052415615499484147e+01
4.554352594350645234e+01
9.167330814000644068e+01
3.067260164900902453e+01
5.125894818519173413e+01
2.317679383953262970e+02
1.465442279354419064e+01
1.486574309218309331e+01
1.002030747585813657e+02
5.333630695195269027e+02
3.383117189307289152e+01
1.529380920638652128e+02
1.668027429729458788e+02
8.242666454164928780e+01
7.799359127737500330e+01
2.886674320412152994e+01
6.766623930119864383e+01
9.334453948998657324e+01
1.481482107751152988e+01
3.989302072222185984e+02
8.454050519573858935e+01
1.928636195564665456e+02
6.312680461099773765e+01
5.197609728322797906e+01
1.439911899878165400e+02
7.894417421688773118e+01
2.493669794537371729e+02
8.979335574502546535e+01
3.250136131155178987e+01
4.552701073727769909e+01
5.510191843633117514e+01
1.035444733558297656e+02
4.167003570731692008e+01
1.042236797604895315e+02
5.389508309996247704e+01
3.742417187834467285e+01
1.918986272642532356e+02
1.075360491991886391e+02
1.702816105414100605e+02
1.573271640284370143e+01
1.348152236008951945e+02
3.600654413373305829e+01
6.733713252310390374e+01
2.246777054509168750e+02
6.610389175946097851e+01
2.879059013147936525e+02
8.167706910842606760e+01
1.273164930984433738e+02
3.906644757027080317e+01
1.356837749466809839e+02
5.023391238175472040e+01
7.489176209331138523e+01
1.408958718154706560e+02
2.556997223202254688e+01
7.220106428996059478e+00
1.191473343428018836e+02
4.067642758417573390e+01
1.370462851694663016e+02
3.081596740973135695e+01
2.518840983314820505e+02
1.648564012551873503e+01
5.821237487616405559e+01
6.205456007788508543e+01
4.945514625585555990e+01
6.975341620080575922e+01
3.082988379882953822e+01
3.605989244041985842e+01
1.853774466385913655e+01
3.469508573396582847e+02
1.445491677310170928e+02
2.579990083916210892e+02
3.779616827236398535e+02
1.502236472566744396e+02
2.373674848836706630e+01
2.875590819317640623e+01
2.424983895630767350e+01
4.094776135233761494e+01
9.174762083246898214e+01
1.321981906669680029e+02
6.164422098330108923e+01
2.022948800724220746e+02
3.839127743903064527e+01
1.982508732511663538e+02
7.334718787669459061e+01
1.816664528199600284e+02
2.259246914377336068e+01
6.396993371986698662e+01
2.230293508044593409e+02
6.219699150794772180e+01
3.757639792076626577e+02
4.001008772502452615e+01
3.476054284537160299e+01
1.526498222871767325e+02
1.349608568302892309e+02
4.014974216521073345e+02
2.565494796862548696e+02
2.257666308902306014e+02
2.718728775111548543e+02
1.061848287966834761e+02
3.108945933834150992e+02
2.118863335811852551e+02
5.233875081784477601e+01
1.694894382613205153e+02
1.423642544923033597e+02
4.264545320320513042e+02
1.538071722351813833e+02
5.611021687562318050e+01
2.064914749145164308e+01
2.853343959409734154e+01
6.060156002157157928e+01
6.325884016789011355e+01
1.459045160559984424e+02
2.597242789870410462e+01
3.201259570118400575e+02
3.507448635568101025e+01
9.502296299889574982e+01
1.103374504192848917e+02
1.104255550366881238e+02
3.445955656579984634e+02
8.860759510798176564e+01
8.310863892975048373e+01
2.593901429290108496e+01
4.831056382411650247e+02
1.578358948580561787e+02
2.775498198689241391e+01
6.963381757945460038e+01
1.314866933224419654e+02
1.393895532838860447e+02
1.183729958474665409e+02
1.750459013725121054e+02
2.997042822432129583e+01
1.858401595916461986e+02
5.586311836076228587e+01
1.496303378183841062e+02
1.284501598699152112e+02
8.659286188339702051e+01
3.822116193287265418e+01
2.773653362545374890e+01
1.937372853556265113e+02
3.167589603715525186e+02
1.357815621516961642e+02
4.709702800761004227e+01
1.312941211257006735e+01
9.435848914329643833e+01
2.601912250339026045e+01
7.975465451797509786e+01
1.879418785276457982e+01
2.947066389867582004e+01
1.246755712370554505e+02
4.708721274880505092e+01
6.659358768575793874e+01
5.788620071820341906e+01
1.005080024300494017e+02
3.780721325441581371e+01
7.425524143918809727e+01
4.721192202185559239e+01
4.127656076084481640e+01
5.074548933303252340e+01
5.348093774704888403e+01
7.734042442942023854e+01
2.571977597694564466e+01
2.005236985511431556e+02
1.631656913840521099e+02
1.920144785480288974e+01
1.184089405471446526e+02
5.906382861181769783e+01
6.196443246879260158e+01
1.844617716862837398e+01
2.917765477113842465e+01
4.642611070391964745e+01
3.233530228090989311e+01
1.864636720716159743e+02
5.825547662393376669e+01
9.645266540124050891e+01
1.825113379295916261e+01
1.038879108423488020e+02
1.926796368646626831e+02
4.524406086893877443e+01
9.269339791406740403e+01
3.791609896922101370e+02
1.197897530437233229e+02
4.233150699401389261e+01
3.301856959645535028e+01
1.940576258971600510e+02
3.039934536380793020e+02
1.007361167799186035e+02
1.199556340909819738e+02
3.724591235264863798e+01
3.656977541653209585e+01
7.588946151223269432e+00
1.584227924842389541e+02
1.910506137426154680e+02
8.736119926552314041e+01
2.420934738041588901e+02
2.424770883753706840e+01
2.520764911746401822e+02
2.699765882472194676e+02
1.749646536569573243e+02
1.820394400933097856e+01
6.601830981020459888e+01
2.597252631061157047e+01
2.088200509850867803e+01
1.695566185659062342e+01
5.326482227770080868e+01
9.664082416531513786e+01
9.780876757900188068e+01
8.635010276360320347e+01
4.336502201692070457e+01
6.844859928309054453e+01
1.869104242633162016e+02
7.660737723526688114e+01
6.313949267031551926e+01
3.721044404725186894e+01
1.326501954701834052e+02
3.078965905532311353e+02
6.076627262452110045e+01
1.429721832637835917e+02
1.437376895342615626e+02
7.650591472215000977e+01
5.001871286350716872e+01
4.024658246160253583e+01
6.396687691109814295e+02
2.406295647724130404e+01
4.915752072220794133e+01
1.184086078163141025e+02
1.427776015403034293e+01
1.679795816976708522e+02
5.744323246499183711e+01
2.763864553296059867e+01
3.289452783912717848e+01
5.880744470903544396e+01
1.529998796004084340e+02
1.631808484943928477e+02
3.576959404327420344e+01
1.365011236063034232e+02
3.071332633586594696e+01
2.969819383305050664e+01
3.318205841621618646e+01
1.143958009793513924e+02
2.077172069434558921e+02
2.731810901309998840e+01
1.040596070294181530e+01
1.550942105546705250e+02
7.078759141686028045e+01
8.069721089934646443e+02
1.308576156484571982e+02
1.018422083564760356e+02
2.190449038413835581e+02
1.615122375864719828e+01
7.008704820200995300e+01
2.969888122603406799e+01
1.746458702996740442e+02
1.762801648729715680e+02
4.177700955883159395e+01
7.825077482090343040e+01
1.019238003619498301e+02
8.376067548877847457e+01
3.407420660605300782e+02
5.986399708026265643e+01
1.215750959203020898e+02
3.905373786410948611e+01
2.436223347690964047e+01
2.277439306636675269e+02
1.632610450402090692e+02
2.727475117517287728e+01
2.339688609201878577e+01
4.890991039838718279e+01
1.067726395816009415e+02
4.154349849030359820e+01
7.553485580239699004e+01
3.646665080465834308e+01
6.873233276273320769e+01
4.225595700855965475e+01
1.325892122067381251e+02
2.202829885904143907e+02
4.430994986176550299e+01
2.387054728261762193e+01
4.618455852554794205e+01
6.856518623761360232e+01
5.248158571621659974e+01
6.604754706852109791e+01
3.017602849361894002e+01
4.136099891300950304e+01
1.341776676691663113e+02
1.826888416925047238e+02
1.274156854814353856e+01
3.238455544560262211e+01
6.048216392520325968e+01
5.552565801583976679e+01
3.807445477491561547e+01
1.326039996280076139e+02
5.345547829116880223e+01
9.448635066563210216e+01
2.613367569489070661e+02
9.547785958254436878e+01
3.926224747098009971e+01
1.450611182511769357e+02
3.063221668609441508e+02
2.542060442290808453e+02
2.107332917988988754e+02
2.850922794487544820e+02
1.203410699675583544e+02
4.923119392958040663e+01
1.198571184830321101e+02
4.134425651353109288e+01
1.321403665228216084e+02
5.645230764182399241e+01
4.679639538195223025e+01
2.867311278943111574e+02
2.055141646675010634e+02
8.617029167914418508e+01
9.525126810606147387e+01
5.387037329316498102e+01
9.755855282257925865e+01
1.009775830683395839e+02
2.958494048134334662e+02
3.935487161348120821e+02
8.165110850723381475e+01
1.063459119649246389e+02
4.983065674111892207e+01
4.487369215143242940e+01
1.249057059504496578e+02
2.072487911186009626e+02
2.024531452700213379e+02
2.570860645704605076e+02
5.699821114380363696e+01
8.924644192806823639e+01
1.286291112321173955e+02
7.154530735597747082e+01
1.079549018886929161e+02
2.458444194435297447e+01
7.344508808410063239e+01
6.553298173235533852e+01
1.364318975266963889e+02
5.517349026941415246e+01
1.831245056138128007e+02
7.046518703325867250e+01
6.569918644409248998e+01
1.774014410995912883e+01
6.459295808896196434e+01
3.112622529487036331e+02
2.000806352159952439e+02
1.903910577873457726e+02
2.008598015330998408e+02
8.178544992735878338e+01
1.347030125280211621e+01
1.054157279352319279e+02
4.043758989784492428e+02
1.376315276795986051e+02
1.298675816344319855e+01
5.349944254893923556e+01
7.495006801931700657e+00
6.708653406214469328e+01
3.633649854337993190e+01
3.295973710787625777e+01
3.109969707770332903e+01
3.868959653751824135e+01
7.519850656740544537e+01
3.988237216031584609e+01
5.522353533327989084e+01
1.622540020502719926e+02
9.092096625966760826e+01
9.213155142660757235e+01
2.544664242706075754e+02
2.110417456769447995e+02
1.224750781206870158e+02
1.576550945480207488e+01
1.787933262392472216e+02
7.428376369610323593e+01
6.316748165362512424e+01
9.978772840439393121e+01
6.482373801094439614e+01
6.249435462020763055e+01
5.104714530129930239e+01
5.500175745303507568e+01
4.563414050139010669e+01
1.690174639954163069e+02
1.038016265421425430e+02
3.108862744120504473e+01
2.714507342982440008e+01
1.286385346262008795e+02
1.047635059616038120e+02
7.106797851605291427e+00
4.832407647753590254e+02
5.982033604748036026e+01
6.718881095550251814e+01
8.580481269960593238e+01
2.787703546333225404e+02
3.274723980635125997e+01
7.021732282768306277e+01
1.923520431478038120e+02
1.163696631381461088e+02
8.202958810640123488e+01
6.561786082566523248e+01
1.327767465838053056e+02
7.502195797338715977e+01
5.452585888417795701e+01
7.139865779489930731e+01
1.119759670382731969e+02
7.583213991096720008e+01
7.653844031468111098e+01
1.559182890287654857e+02
1.604923127082475673e+02
1.633573251834199027e+02
1.426033785382755070e+02
3.710708770252472846e+02
1.142703164991801401e+02
1.599703603688179854e+01
9.268095162950298516e+01
1.224753753886517060e+01
1.285870786710877383e+02
1.635944484690159300e+02
1.895726701772804006e+02
1.424438100832136627e+02
6.664155885790010814e+01
1.778643896318724273e+02
2.849372237780695727e+01
4.242550090388031947e+01
9.152676292366338373e+01
1.848755431037065833e+01
8.966798078127412452e+01
1.093111342091052336e+02
4.700808282282352479e+01
5.897335472341126206e+01
4.120035604695490150e+01
2.725841230068534671e+01
3.603329537131588012e+01
1.432507902904753792e+02
2.515621872577751716e+01
9.874080869778973479e+00
8.731568465180873773e+01
2.050602771171419292e+01
9.503481352046344455e+01
2.730838034084648029e+02
2.387349548472184892e+02
1.823962997368976744e+02
1.464543296789917122e+02
2.378920439494493522e+01
1.798845574790569657e+01
1.180319773298629116e+02
2.305866553390947331e+02
2.739418179507358886e+01
1.657525488871620780e+02
5.880859964004592655e+01
1.595168129228088958e+02
7.145596815345344410e+00
4.000625505401215491e+02
9.399890925624610816e+01
1.587864072285471764e+02
6.225673842249662471e+01
1.194829017768769859e+02
7.128277582025911840e+01
7.836462348222977425e+01
1.176838871395319757e+02
1.050574805032523500e+02
2.463702412853582047e+01
5.968431919151848319e+01
3.688211022739746170e+01
3.794511126542288366e+02
3.974126728655490126e+01
2.133526326148385266e+01
1.770832940240115079e+02
4.811888774687182035e+01
3.609401611911695085e+01
3.452678893476301170e+01
5.150329108165639269e+01
8.612041810670238817e+01
1.047421488647335650e+02
1.041123094317781863e+02
1.082122581669777617e+02
1.253309660734496873e+02
2.122950946985174028e+02
