7.303902770908753439e+01
1.062918466768041554e+02
1.043248659110318641e+02
2.667854236209801684e+02
9.055071006273367118e+01
1.080696216939844447e+02
6.188943652508526583e+01
1.071130111326004908e+02
9.318131604158513426e+01
5.084383431544141274e+01
2.092872405451136331e+02
5.611760503189676541e+01
4.705382712734416373e+01
9.759703063517969213e+01
5.407245374823267525e+01
3.052860699146642673e+02
1.005565846319128127e+02
2.201299922826989643e+02
1.860733922617021392e+02
1.779506329541430318e+02
1.109098728490850618e+02
2.482195516336360868e+02
1.579066253909955719e+02
5.130868979105832750e+01
1.464112747989181571e+02
1.270268574843125009e+02
1.375768420553265514e+02
1.955186427076353084e+02
4.959010905010348580e+01
9.690607763734374203e+01
1.136271147418714094e+02
1.099348411276334190e+02
1.140016237880163601e+02
1.445176180531084071e+02
1.474760636142391945e+02
4.202519580105919061e+01
8.702842468505818374e+01
2.159938710691397716e+02
8.488117674665973311e+01
1.130584781515430848e+02
1.045232170401743161e+02
5.662842322933906303e+01
6.592587699748310115e+01
6.955422100801592933e+01
5.741939772189456193e+01
1.180426078837085981e+02
8.318739046587525365e+01
1.489850406364700461e+02
7.998719673422840515e+01
2.568175160056495088e+02
9.310496223788453563e+01
2.076399615124467459e+02
8.882135376307540753e+01
1.186841535698744110e+02
1.569340587066263595e+02
8.483930952178424434e+01
8.230764313902386675e+01
2.637672682549090837e+02
2.263780079083973078e+02
1.605194636672936213e+02
3.505391710473564331e+02
1.146169854867458042e+02
1.637693871980866049e+02
2.344259412503180613e+02
9.061922994772967854e+01
8.855654666071681902e+01
2.160187040417989977e+02
2.072055952069135571e+02
1.159617444781091535e+02
1.774233337462746931e+02
1.753011978154730173e+02
2.671988158548793422e+02
3.740301967485126511e+01
8.539125640525769256e+01
8.082430602927578889e+01
6.164832079262205156e+01
2.787739321618753365e+02
9.958789070513377339e+01
1.973629509934991404e+02
9.357830238901463815e+01
2.415727607533223420e+02
1.496795707793006898e+02
1.062204306911478255e+02
1.426289102279217218e+02
1.112031954977419304e+02
1.839598040361297819e+02
1.124987196533311078e+02
1.653593431596183052e+02
1.194786959165022324e+02
6.199109432506165831e+02
6.655768238643069878e+01
1.211648908263766344e+02
4.633377409186571327e+01
7.342205150129942126e+01
1.035971017885673575e+02
1.358631503543728343e+02
8.924104366374862707e+01
1.181904945478420927e+02
1.204847883026445743e+02
2.033320064496089685e+02
6.332871462606544810e+01
6.422254017855888719e+01
1.028835983680960595e+02
1.890019342958674997e+02
2.058542200005537666e+02
3.682998418591624841e+02
5.381645572659479626e+01
1.553260629505155634e+02
1.814888773965867586e+02
7.580638768135931116e+01
6.881653482935109878e+01
1.490969912253661107e+02
1.346191053968613289e+02
1.200550658491341380e+02
1.006690543354378775e+02
8.297171213831173020e+01
5.855789631638702986e+01
2.859081341182118763e+02
2.548461513808550194e+02
1.768468170674549924e+02
1.253205954212129143e+02
8.250239927048266964e+01
8.030844930651777247e+01
4.494201141132793964e+01
1.281308456312848421e+02
1.120987587824299112e+02
1.150207872885775799e+02
1.842876480587516426e+02
8.584168800513408826e+01
5.377831063591344929e+01
2.381960386063975363e+02
2.228289844829133131e+02
1.887634633441911944e+02
1.481278360083411485e+02
2.645450909185910859e+02
3.314484762358160879e+02
1.252152568980534681e+02
1.046044575824935379e+02
6.372476212841806387e+01
2.240810576419400491e+01
1.137890446287106698e+02
9.035106469642062166e+01
2.181483428215426841e+02
1.637981356299379456e+02
8.628533679027184178e+01
1.949863893404286443e+02
1.364885126990099593e+02
1.018350474135313419e+02
3.522919702084789719e+02
1.264123678116384326e+02
1.072642715755536216e+02
8.431670822942886900e+01
1.222954071141443109e+02
2.836083772505402294e+02
1.724610353286569477e+02
1.557960163321723428e+02
1.109306685633373633e+02
1.820906006194281872e+02
7.758901309205008090e+01
7.955305258964902748e+01
1.091752287429663397e+02
3.973095251916683992e+02
1.709095352435973041e+02
5.010967596306252858e+01
2.378831425825106862e+02
8.591568220647495480e+01
6.591499743827971258e+01
8.093623278246391806e+01
7.551220268779871958e+01
1.134779432003575010e+02
4.094936313090076396e+02
1.313550408160093923e+02
1.202697425071533104e+02
2.087824439241022390e+02
1.074660422646910831e+02
1.099601553199617001e+02
1.053133294666779989e+02
1.593963837761634750e+02
1.506795685454055160e+02
7.965909219377459749e+01
1.082605519677806427e+02
4.009076871354748164e+02
6.359419349445169445e+01
1.740220105743901229e+02
8.942360854985011542e+01
5.542819348685159042e+01
6.335505604515720535e+01
2.371884854277498960e+02
5.102786885309715359e+01
7.818192777886604006e+01
1.026707155824149140e+02
5.454152367747400376e+01
8.684790600156786411e+01
8.151125988095068919e+01
2.050956934709354869e+02
2.311537662621046820e+02
1.189163637538215426e+02
8.149225780556839993e+01
9.254140030687392482e+01
1.236523984023412339e+02
1.730414715435182984e+02
3.074333023309132500e+02
7.758851100656140432e+01
7.069528808704322387e+01
1.597346179029404709e+02
1.195787539943562052e+02
6.454682946003698873e+01
8.972625682084020582e+01
2.184030435360348577e+02
1.228171733077362120e+02
6.651938667786681947e+01
1.390484071125578964e+02
2.370439104460178328e+02
1.137152880158677561e+02
1.771896036319705274e+02
1.117670883475150703e+02
9.337581869240632670e+01
8.570844991510040245e+01
9.308354030458330897e+01
8.757020023718388302e+01
1.319512666706317248e+02
1.211732690358440721e+02
1.832275427352660415e+02
9.854632814703714416e+01
9.442439185921352873e+01
1.470900254823834246e+02
3.212661931267547857e+02
8.248630948552384723e+01
1.129445424444493398e+02
2.992872423650016458e+02
1.626091303653534510e+02
8.609145330666632390e+01
2.444762499647029301e+02
2.817866413200852094e+02
8.137122810575452547e+01
9.959274060104903015e+01
1.326598946902754221e+02
5.944589993483533163e+01
1.207748808146025112e+02
1.434718548428966187e+02
1.065506795828492841e+02
6.859460494670088337e+01
4.873854041969349993e+01
1.341224396598864530e+02
1.753642611597426537e+02
3.608134679827419973e+02
8.011601596672890935e+01
3.042436713230964642e+02
8.544265546124826471e+01
7.047198369541295904e+01
1.423405769192909247e+02
1.067937525555759919e+02
1.345956576466901708e+02
1.665943520986492103e+02
6.968774815447011406e+01
3.800779149467243769e+02
1.251234796303022563e+02
3.102980014933112898e+02
8.106014055842254606e+01
9.799802182606975975e+01
1.321814017284560805e+02
2.621643428988615483e+02
5.270681638800319888e+02
1.193640012676840456e+02
2.654328960288844428e+02
8.869425082032879004e+01
5.457341287074617497e+01
1.742928981310654706e+02
1.040848320708110037e+02
4.832322434235946673e+01
4.498700909490079169e+01
1.121358206752468050e+02
8.723884401962561697e+01
1.189831612723719161e+02
1.237308695225890034e+02
1.040445753598481531e+02
2.343249660331931352e+02
9.510452604417100986e+01
2.949868852754826207e+02
9.997023008156449464e+01
1.966457605644439184e+02
4.984308916541432950e+02
1.370099002074835539e+02
2.609209792008444992e+02
1.610162614366683442e+02
1.174807087256517235e+02
4.669010051959664764e+01
6.643600367971585285e+01
4.046584947305805713e+01
7.550196506771945337e+01
3.074379794517725486e+02
1.476728143038462520e+02
8.229432533227030433e+01
7.631482807534800372e+01
1.148091235424023751e+02
1.300033417767213564e+02
7.426574503373831249e+01
8.157140125047318691e+01
8.653795731282590964e+01
4.790233123235218926e+01
1.349298149559650994e+02
1.034276654162029701e+02
5.307379014144115814e+01
1.072308295346417992e+02
6.164379663705285139e+01
4.318871641663496064e+01
3.695759947758501340e+01
1.458941114816105937e+02
4.608018291093915764e+01
1.381294532074123538e+02
9.831146764371649738e+01
4.236376794548272642e+02
3.359559579590198268e+02
1.227737441700684400e+02
9.637378283771911924e+01
1.200151764838860231e+02
7.049985490694403723e+01
1.292483212692235952e+02
9.905643790396887027e+01
1.277841435637581213e+02
3.173732323845517840e+02
9.068985089603548033e+01
1.735944573884122235e+02
1.136561241067757493e+02
5.025352284947324222e+01
7.326695129876669910e+01
8.060261557432244217e+01
2.128112982899049257e+02
6.175049485146561068e+01
1.006748580325891993e+02
1.740394570122501534e+02
1.595599973229098794e+02
1.012246362063612253e+02
7.613781370602798404e+01
1.754924777988147184e+02
7.089173046682287804e+01
5.178919361796772591e+01
3.893369173531181104e+01
1.077600194591549609e+02
5.826318388247733537e+01
1.689397873937786301e+02
3.415512926394550277e+02
9.379027757182856817e+01
2.369286967879081089e+02
1.441421587583402868e+02
9.672154783298849168e+01
2.988494262371694390e+02
3.721757857160422844e+01
8.221554269257174496e+01
1.119045760740332582e+02
5.887832086724595371e+01
1.348024466257567724e+02
2.205306013276566546e+02
2.959311043576534530e+02
2.521844876553965378e+02
8.161792218659843456e+01
9.955122963781383305e+01
1.223405595266532089e+02
1.259715816742358641e+02
1.138760821024090717e+02
1.076754725526394765e+02
1.281192567743218547e+02
9.905861296917306902e+01
1.750150471342188609e+02
6.588793771234421115e+01
1.012886590943944611e+02
9.321086700370953793e+01
1.041213581525637437e+02
3.872197112006227826e+02
2.546808536387975153e+02
1.333808193023969579e+02
2.042034036744852870e+02
1.618388862385264417e+02
1.744216383812331799e+02
1.694484831606784780e+02
2.682836910455447992e+02
2.545364720731357266e+01
8.485004318909136600e+01
2.253726840276567600e+02
4.354604005130992306e+01
3.214807050581196535e+01
1.384991560198674847e+02
4.780778604125004705e+01
1.562675386016771313e+02
1.482872135266389932e+02
6.579064225808420474e+01
7.647562432609831262e+01
5.184470300795307907e+01
1.300231457740476344e+02
8.482125438933434225e+01
5.050564341542531110e+01
1.075671578068010348e+02
5.345244738642646354e+01
1.482035170934749999e+02
6.562998095292840617e+01
1.168821374851059574e+02
9.114533855514663685e+01
1.522302230592959802e+02
2.781567283969708271e+01
1.503042001268737806e+02
7.566089466403869324e+01
6.919835390048505985e+01
3.910936155089386546e+01
1.408529916556596220e+02
7.741735668785015889e+01
6.985732620603090481e+01
1.386878483217901135e+02
1.334913239889603744e+02
2.228325235837567391e+02
8.942204254931895946e+01
2.011350154198972007e+02
1.307768594265211846e+02
1.171747989636070884e+02
5.451358788412044021e+01
8.222230870465634212e+01
7.330238327123315401e+01
8.318007897850328902e+01
1.038625052941360849e+02
1.352762732619642350e+02
1.561542038458533455e+02
5.403544318765352727e+01
1.084287609968808539e+02
1.373499401788941441e+02
1.136555445777097333e+02
1.106330119521387019e+02
8.922096524011197971e+01
4.125560901070204523e+01
4.986767616112403800e+01
7.685604626084949587e+01
1.734327390108750535e+02
5.031734961731294220e+01
2.027540467824487394e+02
1.701195750215647422e+02
1.485746350851827344e+02
7.254302638117427193e+01
2.343956265510716150e+02
2.118416046213206698e+02
2.066777699500499352e+02
2.139484482838544750e+02
1.536994648227839093e+02
1.548244191206376854e+02
1.222195844847441464e+02
6.205139326117126330e+01
6.615445724153012463e+01
1.639780855608275090e+02
1.856653773295637393e+02
2.473489459746216141e+02
1.132616403115682147e+02
6.732560696127117694e+01
1.662709436087679364e+02
1.494426405661904482e+02
1.390246055951283779e+02
1.221409893386299785e+02
6.710475110582935088e+01
7.011840504882053438e+01
5.772456919522004881e+01
3.112684174626463118e+02
3.029405286631888430e+02
4.424189962960841882e+01
1.015362503632841538e+02
2.226391766309774880e+02
1.180296501578905435e+02
2.535715249192481622e+02
1.612790208071279210e+02
7.623534358034522995e+01
1.417436287477898986e+02
8.704349996043758608e+01
2.065599433834062779e+02
1.357913723398649779e+02
1.401174388739862025e+02
6.180510738401802229e+01
2.986307012696090624e+02
1.475006666545014866e+02
9.453521393390117566e+01
9.262967560069405693e+01
1.823844691103241189e+02
1.180546138184683258e+02
4.925946896330295743e+01
1.042684115681237955e+02
1.377786354331092298e+02
2.208700134533359005e+02
1.431649270567853307e+02
3.523332664013820477e+02
8.261159487401120316e+01
1.010154529472778506e+02
8.675105633904884428e+01
9.651594207237685907e+01
1.332633518402560355e+02
3.210527838994642025e+02
1.569496440704369604e+02
1.580974234112644581e+02
9.090305060156990180e+01
1.499364735879435102e+02
1.385471980186227654e+02
2.030941084332360447e+02
9.011933795399698965e+01
2.373858427453675972e+02
9.430797167810607107e+01
1.151368859385102752e+02
2.098975443033514807e+02
8.573312420177590809e+01
2.049461492368209008e+02
1.814784177362095363e+02
1.022569389043806893e+02
1.395907696293950266e+02
3.181546215594287830e+01
4.087167404535207993e+01
1.090358767989331739e+02
1.104719761641236175e+02
2.246723516773360529e+02
9.915967824980936030e+01
1.527858516738036769e+02
9.174498889496136655e+01
2.233816579152548627e+02
1.166134088275479286e+02
1.849704674838505412e+02
9.159241253297551566e+01
1.449753673729976242e+02
9.452611236123462390e+01
2.640572731171895384e+02
1.211294468324848026e+02
1.199761354707789138e+02
1.121360576409915950e+02
1.050738784068271201e+02
2.369086735300914768e+02
5.585209805442532627e+01
6.058598189437311277e+01
2.223779054827961659e+02
3.995717272538757214e+01
1.368174062700111620e+02
1.648817526096425752e+02
6.837155827269882025e+01
7.962504523224627917e+01
2.796903358681856275e+02
1.377929136700892059e+02
9.270645826528135558e+01
4.289015760748396815e+02
6.775251156720477752e+01
7.049392833809312719e+01
1.462180967278478931e+02
2.016822637923029617e+02
1.541599439061841395e+02
3.417785692913344064e+02
2.197059747891691757e+02
1.596172809933744645e+02
3.351678532947564690e+02
5.486783638907723315e+01
8.055677943186751122e+01
1.116595133134096187e+02
5.912963795890307495e+01
1.208696953740607256e+02
2.143705120329106819e+02
1.099217227210842509e+02
1.147471416200511527e+02
8.197576295729354001e+01
1.266872099870736150e+02
1.727791555383133186e+02
9.535195331312861811e+01
5.820789796645468073e+01
2.044652652934898356e+02
1.175818751561513835e+02
8.663488096317706777e+01
1.727582874132185680e+02
3.610008083114014710e+01
9.098647893729305736e+01
7.361649553125587886e+01
6.755161049028241393e+01
5.651168817187675586e+01
1.899480793803079450e+02
1.568632083110683482e+02
3.005932768710483742e+02
1.467072819102499750e+02
5.945589799281995624e+01
1.518379999863232968e+02
1.229368034953368323e+02
4.664060702588956531e+01
1.140859714149780473e+02
7.844334559533943718e+01
1.391004198891495207e+02
2.689055697466261563e+02
1.427856245396107795e+02
2.377062027831678961e+02
4.539010180695095187e+01
6.249191444370330117e+01
2.185194457369547365e+02
9.304624476706563030e+01
1.508858263315188708e+02
1.461488415661209217e+02
2.156475660153148226e+02
5.244005696757216839e+01
7.578354569315469291e+01
6.789353825247476948e+01
1.450361646337164814e+02
8.525254445770067946e+01
1.321444192387716043e+02
1.400858573268591272e+02
3.831611885389120857e+02
2.692921878136470468e+02
5.041546014308522103e+02
2.694848019571184068e+02
6.941731011157506259e+01
1.551036123496930088e+02
1.498314959103140893e+02
8.356154413877959541e+01
8.306775099465018286e+01
2.465793313696679263e+02
2.771037908837939767e+02
2.768797672021619505e+01
1.122029823294213884e+02
6.551311298108858239e+01
1.125763564213363566e+02
3.031955285982577664e+01
1.341537494228040543e+02
1.369690230278631589e+02
2.334497706376555186e+02
1.105753278174846201e+02
8.219159930753514232e+01
1.149799966507909517e+02
9.080712032879499418e+01
4.490570863580517624e+01
3.225586292253677101e+01
7.076755404076740774e+01
1.676259945949449843e+02
4.068562646298916974e+01
2.838500734479745802e+02
6.437129311922848274e+01
8.810454440092884454e+01
2.387293859548619253e+02
2.115174388356874431e+02
1.113798740571006789e+02
1.548101696325826140e+02
8.157701220972700185e+01
2.237181919193104420e+02
1.050959018541103518e+02
2.420013277845033315e+02
1.728811950317758033e+02
2.267078847071099119e+02
7.405908319688596464e+01
8.717643515731997184e+01
1.238644376544071690e+02
1.492800258024905133e+02
8.362014954185998761e+01
1.584914292828993894e+02
3.516096604740427978e+01
5.784026158587890620e+01
1.156857184390356110e+02
7.403426498877763606e+01
1.373133112515874359e+02
5.066243041763847543e+01
1.614381220465055264e+02
8.251074803087534804e+01
5.104298229183152102e+01
5.587033859283917536e+01
1.089439455841027353e+02
5.705603849747980405e+01
1.240867224839200702e+02
9.399027518730861175e+01
2.078609838266475833e+02
6.955839560410559841e+01
5.984055139375667665e+01
2.265020791261913757e+02
4.812812213099946490e+01
7.872956488996217672e+01
4.616824110998238950e+01
2.082902212222619482e+02
2.111318955458452820e+02
6.504908091498241163e+01
2.355021587933966032e+02
1.432000522878031461e+02
1.530473667022967845e+02
1.739535020981271032e+02
1.868128979151820488e+02
1.323085349194272453e+02
7.030762418589117146e+01
3.768509183898157744e+01
1.757208131971198952e+02
9.443030246250938831e+01
5.764680493326878974e+01
8.749545522833167865e+01
1.887510951566289918e+02
1.703433425491996331e+02
1.430244385820205935e+02
2.224239526823400581e+02
1.530948540140155103e+02
9.143970510055386569e+01
1.768770788011575803e+02
6.399815328215831300e+01
6.630443255788625834e+01
3.780009386980061095e+02
1.533099712188954982e+02
1.011460487470976091e+02
6.441073874706003721e+01
2.180293866996645704e+02
1.120472884663537911e+02
1.067625531722892021e+02
1.608248764101730615e+02
7.147823777404596512e+01
5.484709463776869853e+01
7.802427308908369241e+01
6.370644599383685147e+01
1.332803181383251001e+02
1.015663248382636965e+02
2.840291402568884678e+02
1.030559723151523599e+02
7.963402925971634261e+01
8.440383454636206295e+01
1.456947395358195649e+02
1.223779504682863859e+02
5.257041911121623912e+01
1.728250140300597479e+02
1.466813543882531974e+02
8.547768662481587398e+01
1.199210182331835171e+02
9.707675624606987697e+01
2.309758236693243987e+02
9.194991578858183345e+01
9.418906840253592350e+01
2.459933675305111365e+02
5.440818180233205226e+01
7.810062058448785649e+01
4.506458922212418372e+01
1.240738176275247753e+02
1.073429782416379368e+02
7.168557142832860052e+01
9.794334884481958170e+01
8.339254944315712237e+01
3.365543651464130193e+01
1.303613372937036559e+02
2.024099290559601627e+02
5.385170964610247779e+01
7.694742715511229392e+01
9.292391057639116525e+01
7.835880441423822163e+01
2.620968563434094563e+02
1.644500631820677654e+02
1.330085525469841343e+02
1.209517388724826219e+02
6.618469527330485391e+01
2.153174157671952287e+02
9.946366876276087510e+01
2.918780757248071467e+01
1.793225727121166813e+02
6.409292420401656898e+01
9.846566743497905350e+01
1.534271692389816621e+02
9.928221718415092312e+01
5.633402516083231859e+01
1.128285639913343203e+02
2.589866634777415015e+02
8.628849541648035881e+01
9.102954148924719391e+01
8.072909085242645233e+01
1.083701025109479019e+02
7.121279462422410234e+01
3.112160090316574568e+01
1.977903783326119083e+02
2.067274360578604728e+02
2.127554314495137078e+02
1.299414899541034742e+02
2.585067295461863068e+02
2.050152229938957475e+02
3.641991583917900357e+02
5.266095168600888883e+02
9.944034916042704708e+01
4.362278766950632303e+01
7.053290621476311628e+01
4.565977551126429290e+01
1.308743054566017179e+02
1.934516201469419059e+02
1.617452048547185086e+02
2.066889089210426675e+02
1.250371714881099763e+02
5.287196164852960578e+01
1.309633157810682178e+02
2.405913060867186175e+02
8.419006761725565013e+01
8.191652414190630793e+01
1.026107856381535157e+02
7.733900145265825188e+01
2.877449405774308389e+02
6.032198484361295954e+01
1.627691887973668656e+02
7.727443563666027160e+01
2.772297999148166241e+02
1.266351331005904370e+02
7.049771606959969006e+01
1.986108639965096359e+02
1.853260252939091401e+02
1.100692161364519706e+02
2.892153010197922072e+02
1.358445249572392584e+02
2.083446730980101620e+02
1.663625907518758709e+02
1.469003740990098663e+02
6.545613252173087915e+01
7.961666356401435962e+01
1.022308786711298438e+02
1.635163006221812338e+02
9.304557787314909945e+01
2.027914691818602648e+02
6.239337513360011656e+01
1.587497455861001185e+02
7.956634042489480407e+01
1.006024878623659049e+02
2.703798297192961400e+02
3.783071844788870521e+02
6.745398571954970635e+01
7.368260456370407496e+01
3.181925180851753225e+02
9.565181517646914244e+01
6.931976111996206669e+01
1.776153933226304389e+02
1.075933404678140164e+02
7.218509664364384548e+01
9.686275248427084250e+01
6.962383488658574038e+01
1.513238136552721471e+02
2.721702490044845604e+02
1.606793698267704826e+02
1.610218205816449881e+02
1.593463990770400471e+02
1.145208493485367853e+02
8.015730353075407777e+01
1.338193042005830762e+02
9.111684262322151540e+01
2.986777011336436658e+02
1.138331998501499243e+02
6.280342690535913164e+01
7.106924669413068330e+01
5.126275276964543792e+01
9.083860708480399637e+01
2.977189227863885890e+02
6.019228694473726193e+01
2.199132182362084222e+02
4.246079873515868286e+01
5.646156318132132412e+01
1.537100229054268254e+02
1.212599698613482815e+02
1.080412339629354079e+02
6.670921612059198935e+01
1.677611779364161180e+02
8.220661707839217058e+01
1.615526663309703679e+02
2.003627624842333717e+02
1.919456223612428118e+02
1.188174552968416862e+02
8.416836547426308357e+01
1.837876525373806373e+02
1.151427885385436838e+02
7.996068429644311948e+01
5.080831879006918683e+01
8.776446101728615190e+01
1.487649068209505288e+02
7.564560104450414713e+01
1.334424292896836164e+02
1.013070181431833845e+02
8.741013188117342736e+01
1.980896688285073139e+02
2.072064413848679578e+02
3.491639057504978183e+01
7.574856466626917495e+01
1.027275841821166864e+02
1.831529024891329414e+02
1.019036618656375737e+02
1.852506979339146369e+02
1.902464611959336764e+02
5.989899146189230805e+01
1.622804428201700375e+02
2.066819209446586001e+02
1.615254043455408350e+02
7.973522078748000297e+01
9.635473462063717420e+01
1.315209979502610622e+02
9.459639700463898748e+01
2.835476215906400057e+02
3.761333492593404912e+02
8.881894802589144433e+01
8.342455575820184777e+01
7.903933447482533836e+01
1.320782057474535804e+02
7.273286438684804978e+01
7.488224947594243019e+01
4.721406010395629238e+01
7.813076486113943986e+01
6.179071233997490964e+01
4.675927983425185630e+01
2.069726555390389535e+02
2.539562213325770870e+02
3.765084526202364827e+02
3.308816611239098506e+02
7.170782797514971207e+01
2.333069852792584413e+02
1.262261746704581356e+02
3.707050277320209943e+02
4.517194655744933698e+02
1.632671665002546320e+02
9.908862671441416126e+01
1.523715968437285824e+02
1.646874010218184310e+02
1.432472869695792212e+02
8.788112035041808667e+01
2.918868142336611982e+02
6.481360988775296050e+01
1.687379376708155689e+02
1.765849122902600357e+02
5.494471291367634080e+01
4.959973346404716494e+02
1.391081273089648676e+02
1.179675446555667122e+02
1.644621534658318751e+02
1.116780575197658578e+02
5.548391247753563960e+01
1.644897990883517025e+02
1.186561577625213459e+02
1.011085091020385960e+02
1.416607355257102085e+02
1.354642071876635043e+02
1.674582453843121925e+02
2.352216509795588593e+02
6.391211414403320390e+01
1.092506495575854757e+02
1.518779433664302019e+02
3.207811661801763421e+02
1.353777726879378065e+02
8.060171078871948680e+01
1.429807637390535717e+02
7.969547725910895508e+01
9.526885375477168338e+01
6.764123933646592945e+01
1.156787223004706675e+02
8.034702204361695976e+01
2.316604642797813085e+02
2.471798231313542544e+02
1.598365066589060746e+02
2.782745764769376819e+02
8.554099027729819227e+01
9.841741764571088424e+01
1.280220387766690919e+02
6.076229747461261610e+01
1.457817767018589734e+02
9.840620219690424619e+01
2.650329330238521948e+02
8.224400363546405401e+01
1.145506914342457776e+02
2.405270608683394471e+02
2.231872983660219063e+02
9.826154457087477567e+01
1.945440902291615828e+02
3.052878637609132397e+02
1.178456591256257582e+02
1.528292649536990382e+02
1.987346199554464192e+02
1.668614940290648860e+02
5.267856900215492288e+01
2.793952046824981039e+02
1.233495225387350303e+02
1.461873501957354904e+02
2.062155457863919708e+02
3.917206999032958947e+02
1.331166437686314907e+02
1.610508984504558896e+02
2.149405151308244228e+02
4.188474911837136716e+01
8.239871569005629226e+01
1.303114101890360246e+02
7.004480347441305810e+01
7.239235770253561952e+01
1.119141904239071437e+02
1.564831348940597593e+02
1.866655308049967914e+02
1.161361785556425588e+02
1.519484720529963511e+02
4.783279411542123682e+01
6.212389540696973711e+01
2.925516789172024232e+02
6.626370981782940817e+01
7.170669573375107575e+01
6.330862510215131778e+01
2.739878202514458962e+02
6.194819586101431241e+01
8.201962406119152149e+01
1.627512543264841440e+02
1.243155312371661125e+02
3.140873553119656094e+02
3.145126358007799467e+02
5.747444543255121374e+01
9.944340202240819337e+01
1.366076284331193733e+02
7.955990887471416784e+01
2.094361835386915800e+02
2.011968561691140565e+02
1.324417911019698124e+02
2.152534038734081889e+02
2.124059881004775718e+02
7.341429280478321573e+01
3.509832390836032090e+01
7.082179176155707978e+01
3.572019347477939988e+01
7.268628333483938775e+01
9.695938204662900262e+01
1.217163020225691383e+02
9.567692049585028258e+01
1.585932514020452970e+02
1.285486343380202356e+02
1.268156310122840580e+02
1.050475133370324698e+02
1.393587486699117619e+02
