7.563877249116191592e+01
2.938015300173723077e+01
3.585622669787215244e+01
1.186302047767284904e+02
4.274241319425635055e+01
7.191188789383319602e+01
1.117463378546073471e+02
1.003707235215630078e+02
3.723228527835532020e+01
3.390862015632984594e+01
4.375073233618218183e+01
1.362552736232342170e+02
4.111872349906148827e+01
4.123386741656492660e+01
3.452386715015522611e+01
1.213248926514457793e+02
5.968478715340901886e+01
5.241156453762110345e+01
3.966899270075430195e+01
6.224782724862247107e+01
5.931008970649024548e+01
8.571794552046836202e+01
6.711608404805244277e+01
4.677817763540097928e+01
9.810759557778706608e+01
9.060969107253909272e+01
7.772557433459273568e+01
5.866757764194563407e+01
8.718042422356379006e+01
1.269114073907103943e+02
4.218473204690560863e+01
4.349071429848451231e+01
3.769149384105855916e+01
5.173152098811217314e+01
6.432617772972568559e+01
2.471576633711526085e+02
5.040224147019351619e+01
1.005482927440140912e+02
6.884995090333748635e+01
6.919055855664717569e+01
1.184056639709813652e+02
5.036678852591168720e+01
1.420065182662434040e+02
4.939329931792951811e+01
1.084408302877503729e+02
2.965055563851861464e+01
2.802949275891587888e+01
5.175351073737968477e+01
4.017034332821468468e+01
6.383157928189208974e+01
8.661896805750053829e+01
4.311156543404212727e+01
5.645227413258182736e+01
3.442572305433891700e+01
3.611937758185140979e+01
3.014145329167422815e+01
4.630624144798017028e+01
7.843436841914919455e+01
2.075103728075454512e+02
1.050094838574146365e+02
6.460331227608645577e+01
2.857955730262343863e+01
6.751343290645600348e+01
7.003617932379546573e+01
2.504272950417530907e+01
3.185304312487258471e+01
5.910311597786272131e+01
2.851309594657756108e+01
6.712183489020370075e+01
6.949568249387155561e+01
3.634821908152691350e+01
7.913115435700193245e+01
1.111449564043571741e+02
1.219075168784741834e+02
5.335225869309810065e+01
2.725343047551191944e+01
7.865345529685664872e+01
9.674484546602525370e+01
8.695789605843459924e+01
5.648431649572624025e+01
1.622392634821149784e+02
2.408886210216397927e+01
2.761607669011750943e+01
1.755007672216036241e+01
7.698914637527302318e+01
1.170378578971445478e+02
6.229213149671821981e+01
2.578631481846815987e+01
5.863189753765666978e+01
7.748227524225441698e+01
7.944969377141677569e+01
5.810146227643636507e+01
6.387241802701210958e+01
3.182370141322084578e+01
6.443130095119578016e+01
5.388882804770176449e+01
2.757905414973281921e+01
9.918955279359086319e+01
1.634117889706076880e+02
2.572904957900216516e+01
9.429214189748905994e+01
7.848499636476405783e+01
7.992384471994122919e+01
1.359431478814917149e+01
5.465160178843478889e+01
1.344855555153072260e+02
7.537114163760756469e+01
8.755693108813896686e+01
5.192238696425912536e+01
6.467416674877861738e+01
2.819456048467259848e+02
9.394132435953075344e+01
1.921726315058367618e+02
6.538915090513498285e+01
3.977380895984121878e+01
1.433398826311480718e+02
5.083373379957885874e+01
7.262966628662482549e+01
7.337150453024578667e+01
7.255944608755481795e+01
1.235525766411086721e+02
2.595363571072248376e+01
2.314197236274161185e+01
7.528496660963948273e+01
3.449972262817264124e+01
3.099560789180545584e+01
3.205443550302106814e+01
1.129623803482814850e+02
4.616916080917937393e+01
1.406321012519512159e+01
1.273444539752819651e+02
2.990554369906423204e+01
8.551753957220846303e+01
1.227188523471706674e+02
1.156425166504426869e+02
5.577770602439292702e+01
5.348259624801914924e+01
4.865540057965652210e+01
6.569883262143294189e+01
7.972214863612336444e+01
1.200797836545009147e+02
6.242774606641486912e+01
1.323281848442220507e+02
5.489210277640207636e+01
1.150038907589568851e+02
2.764985915626602875e+01
5.022093970745459046e+01
1.788432123105204994e+02
3.529861360693961814e+01
5.005429206246498097e+01
1.389812630377347489e+02
4.143574426816473277e+01
4.413525164040853355e+01
3.308713350794668173e+01
3.273793708725064278e+01
4.986037187257621639e+01
3.265641768329803085e+01
6.433439183179729071e+01
1.167060291984564202e+02
2.116098452141813979e+01
6.805022131910395444e+01
1.552768361743059415e+02
2.046885407305488158e+01
1.920932523478224851e+01
6.239871681156123628e+01
4.056532210106240655e+01
4.809639966155836532e+01
3.815584773736331670e+01
1.003572689931872333e+02
5.837253636466883222e+01
4.569645795347482675e+01
3.129602933931434094e+01
1.037297723462082928e+02
6.476645414672759671e+01
3.990913758762163610e+01
3.840407273784993691e+01
3.752279913079705409e+01
7.653716164795979182e+01
7.830415940081672943e+01
2.409817793716404921e+01
8.913197183496579612e+01
1.821527257326326890e+02
2.993790629771569556e+01
7.990077727953236320e+01
9.627866806783514164e+01
4.782645049051907904e+01
5.130370362412353558e+01
4.054129115089752844e+01
2.075325593375707172e+02
9.833754018703208999e+01
3.940188574923308096e+01
1.270221127234867424e+02
3.831607766535282167e+01
4.383967596188460192e+01
7.021998379470697671e+01
3.849672732160815514e+01
4.447564946661182717e+01
1.124173567345186484e+02
4.677015184651257584e+01
5.016954429018063166e+01
5.372538918835304145e+01
4.948174877809194072e+01
9.381108673782537721e+01
6.825525405188942329e+01
5.825649113221954423e+01
4.516323333830987252e+01
8.418207015396525605e+01
1.443652601323362461e+01
4.199988399773071279e+01
2.590618526968441415e+01
3.474995524710367789e+01
8.663075006757277663e+01
4.530355891370017218e+01
5.653495382803615854e+01
2.560149387564742440e+01
1.587518206166640766e+01
4.073999787189897148e+01
3.186207865515339677e+01
3.473230592536270223e+01
6.674946752666865279e+01
5.608228305461522467e+01
4.513629312248099978e+01
1.292864706923159801e+01
8.901328436446250691e+01
5.559969962943003452e+01
3.328015692780531509e+01
4.149070287378813759e+01
2.505646627134496285e+01
1.960894847939422050e+02
7.453648081963464733e+01
4.965651641292316754e+01
7.779034552934099622e+01
1.084965230965279943e+02
7.957127622703124814e+01
8.155966146158583285e+01
9.983848583921451336e+01
7.657478430632670552e+01
4.344002406666907490e+01
6.356258916372781442e+01
1.008292838642417593e+02
5.117348845004330826e+01
3.825912078805010452e+01
5.643794390087398227e+01
1.118484162921047300e+02
1.404057707168243780e+02
4.013479997622550854e+01
1.148353944142408380e+02
1.734492615585694750e+02
3.716222769427277228e+01
3.557986078747455849e+01
3.073744799204374445e+01
5.913583695001911167e+01
4.905743856675671566e+01
1.378106913760428256e+02
3.966975007895473482e+01
6.721720581156959895e+01
4.612466929093719870e+01
2.862923648527187481e+01
1.089801287064116337e+02
9.711961958653866134e+01
3.324036637371317937e+01
8.043827731669189518e+01
5.654105954947926449e+01
1.074217117292685941e+02
3.694780709260535900e+01
9.038590981324469453e+01
7.956930398147625283e+01
1.967392206208082683e+01
9.304853882579858748e+01
3.524190059303817435e+01
7.333285394974699045e+01
1.412615997093145666e+02
7.957256305714753353e+01
1.454580626150990099e+02
4.362688182223488553e+01
8.858375355166192833e+01
8.404131700682044936e+01
2.482301111862585330e+01
1.266446346070670614e+02
8.328060458442955394e+01
1.432484684995222040e+02
2.657329039827321182e+01
3.183007874520000513e+01
3.564916734778412888e+01
1.031471287043410854e+02
7.171837266954912593e+01
3.010877985176714589e+01
3.277385161223333654e+01
1.146661267356841023e+02
5.882445014292102314e+01
4.169967384066306693e+01
5.730316319589022100e+01
3.424236397363960549e+01
1.335841587142242588e+02
5.085361383645488331e+01
7.426218067244705878e+01
5.700787072622624407e+01
8.872853906031691906e+01
3.437531274676823756e+01
5.413975339615085858e+01
4.695760820680948200e+01
1.388864289924839568e+02
1.324281340722327798e+02
7.170736875695838819e+01
7.596407678379317474e+01
1.939104981026430963e+01
3.762821605771060263e+01
8.647542026180640562e+01
8.883747315137428302e+01
7.353113658693639820e+01
2.939048326225800878e+01
4.867933330001657311e+01
4.555611463334569322e+01
1.433238532846686439e+02
4.908909375325223579e+01
5.546632049125020103e+01
1.009471621754588995e+02
5.824383766968117015e+01
3.499444346767390357e+01
1.425328895537526819e+02
3.961351716693098979e+01
5.288704041426230162e+01
3.309225014227232009e+01
9.724639980911184978e+01
2.034789434945583153e+01
7.845765811614133156e+01
2.680652825449750054e+01
6.095343572040268043e+01
9.908769048470692553e+01
6.621906444918991497e+01
2.786585493781175060e+01
2.543808516507013096e+01
5.552498415515969299e+01
9.407250365100043155e+01
3.331191933126298466e+01
9.189704052345969387e+01
8.164827100035105900e+01
1.156481063383145766e+02
6.904063434076790884e+01
6.903073088225926313e+01
5.945073223518514283e+01
4.472665566104179646e+01
2.233894188012615345e+01
1.567206191513029978e+01
1.453662053486541481e+02
3.196140131401007523e+01
5.495634185015845219e+01
8.047842521076805156e+01
5.633305562819022327e+01
6.267436435181045340e+01
3.293887082818633871e+01
2.310643448335810390e+01
1.635920393372562955e+02
6.788154397604623114e+01
3.717454290258814353e+01
4.846865455199217365e+01
3.438415326060250266e+01
1.163293082568428503e+02
8.421220958173272209e+01
3.777734590994744934e+01
2.825719995298600296e+01
6.027771769445347161e+01
1.373799002156119400e+02
9.255511388953704000e+01
5.229348829530901099e+01
1.206080493568289853e+02
8.469221042221828100e+01
4.626908961639824014e+01
8.416710163744474471e+01
6.408834809424867274e+01
3.299146312394951508e+01
8.272243340753232133e+01
8.105396496499612624e+01
9.608291265137448534e+01
8.841593005981223996e+01
2.512614068874494322e+01
5.212554396021176473e+01
7.616971866582710504e+01
3.706682135981402837e+01
9.126258591202613957e+01
6.047372481495769136e+01
2.061869776918110375e+01
8.881100901909975676e+01
4.792694287169535272e+01
5.149284357774916998e+01
1.427875519779623801e+02
4.139241479892466913e+01
1.205141475343564537e+02
1.287786724016090147e+02
2.181364900894124048e+01
5.173469503869712582e+01
3.164538647480309663e+01
5.398207991824712337e+01
1.379759061080182505e+02
3.878963928724618881e+01
6.610843517577569628e+01
4.239493148777334852e+01
4.821549733027796236e+01
2.137807981802417245e+01
5.712940973988540350e+01
6.762855387416553299e+01
6.292314929618954267e+01
5.064297664202403126e+01
5.381250867543028704e+01
5.177881461182803946e+01
8.234948094760744652e+01
2.984410684958105620e+01
5.384228495935375491e+01
3.352564009921015753e+01
8.545621460523936719e+01
6.277005147186151390e+01
5.067827378457612753e+01
8.247115462940249131e+01
5.608689328835401255e+01
9.715056913406523620e+01
7.285607279583834384e+01
9.890852389866853400e+01
1.838088301776021893e+01
3.820090884259441566e+01
3.170706251243416318e+01
1.056833372314161466e+02
5.493454783784479645e+01
1.203766195105089736e+02
1.289997163605040100e+02
3.866470328783411503e+01
3.287619421806280684e+01
7.288849666356010459e+01
5.340448166066274638e+01
9.154847518965232211e+01
1.614920561639916912e+02
1.915322616855816307e+01
8.227355328395418610e+01
5.478807332861606483e+01
9.282633647122800369e+01
7.296787151407421845e+01
9.589792832604933892e+01
9.799546661952545890e+01
6.981715302044409555e+01
8.718456277629969975e+01
3.717456850159571502e+01
4.623286889670354327e+01
1.161096628501772017e+02
4.504945599720751659e+01
7.109610348044277828e+01
9.185973944288309667e+01
2.985832234893486259e+01
7.450494131445988444e+01
8.261932666773196843e+01
2.866906172232071981e+01
3.663775490885388564e+01
7.559717670533274259e+01
8.000695353751852679e+01
6.573538726600716586e+01
9.110411342869181794e+01
4.689908866857783210e+01
2.915589055474509905e+01
2.631548489801983592e+01
1.617290472840027746e+02
5.309318273233856189e+01
9.054128315587860243e+01
3.999797956972669510e+01
4.460503655587544358e+01
9.096581662423849934e+01
1.663149123630084887e+02
4.321706031567225637e+01
5.393584403618206835e+01
1.868915997745510538e+02
9.633532956257346314e+01
3.468566074766215479e+01
8.522236875130953138e+01
3.167440850656421603e+01
5.165651181442853357e+01
7.134839371679456121e+01
6.297128226064932477e+01
1.349022392200001264e+02
4.787654641318724913e+01
1.476634766146720779e+01
9.738755511771869067e+01
6.638965097337991494e+01
6.042221612457063173e+01
2.199292385165349017e+01
1.407976754218503572e+02
1.077443142820837068e+02
4.257838484389814937e+01
8.704529257360069039e+01
8.760886250202881342e+01
5.026891358818059530e+01
5.842869715901500882e+01
2.122892969307702913e+02
1.488954360177504554e+02
9.599382657244630934e+01
5.995038210920742472e+01
3.176853895325189470e+01
3.872125856805568134e+01
4.785069554537271586e+01
3.343422426907568479e+01
5.780025565738574755e+01
1.417969990233364967e+02
3.883413885250527642e+01
4.855851765744126425e+01
1.069868039802419162e+02
6.871996811437632857e+01
3.065510943356933282e+01
7.410827258793389660e+01
4.169702040833439582e+01
5.676846321596784861e+01
4.884254709197482214e+01
6.671308835083955557e+01
9.613599620858005323e+01
6.138181622046669617e+01
6.190852253475689793e+01
3.689298294688915547e+01
1.349807779679383657e+02
2.845036850747895940e+01
2.541934157307579056e+01
3.328838547459542951e+01
1.104184424264623203e+02
5.101187953368076222e+01
2.965386470868923396e+01
5.534697842170199777e+01
8.034403534284649595e+01
1.144434659515312518e+02
5.918148313315885645e+01
7.553893477921077704e+01
2.468414302012655170e+01
6.747856078393684243e+01
4.166540484403482481e+01
4.967964613304658883e+01
9.385425069455934022e+01
9.874549774661525703e+01
6.481350442386738564e+01
4.966321870401775129e+01
1.292319980691110572e+02
2.923954409914606245e+01
8.733375359626928969e+01
2.014686791783232778e+01
2.546208111490443926e+01
2.622183453117994745e+01
3.196190061054447895e+01
2.822653333990681901e+01
1.852491255787134037e+02
9.019194796196188690e+01
1.435057304938723348e+02
4.133579777536234445e+01
4.333711115127290014e+01
9.673530003751540107e+01
7.558597162520084112e+01
4.454733892409063856e+01
5.539966854926739614e+01
7.435967109534392705e+01
2.522037328431676784e+01
8.290229510462647511e+01
1.428637452469288291e+02
5.116263914896969567e+01
7.675129237311193720e+01
7.649350973542937027e+01
3.996375697370114466e+01
6.808342021282305723e+01
8.220681279067073888e+01
1.618297697371667994e+02
5.993457603555926738e+01
4.820366278163145068e+01
4.170017775308394903e+01
8.336630496653859268e+01
1.009695238678940541e+02
8.103369051335741347e+01
8.346980987987454625e+01
1.651052239534265027e+02
6.270175403539285242e+01
5.055478363527777219e+01
3.164820445636568635e+01
2.497346236793793750e+01
1.347134071551170109e+02
9.057032408018433500e+01
8.349271137743137672e+01
1.193310190857839217e+02
5.466039651762523022e+01
5.864470240228659037e+01
9.265894143129875715e+01
6.900987896148424738e+01
1.497867807570821874e+01
3.460114560474038825e+01
8.544008445348499947e+01
4.339017347938550984e+01
4.129635954979982415e+01
6.287174943678904526e+01
8.290792585552458149e+01
6.189042701665214707e+01
9.285214728207357382e+01
9.889836625024824457e+01
5.164226624398748555e+01
5.961647160420759661e+01
4.435220165137520354e+01
7.052202788488453677e+01
2.991428277725819385e+01
2.576785757015161238e+01
2.638850086517037496e+01
6.033854023424671453e+01
7.228240876078626798e+01
2.454922820911908232e+01
2.708167437952901935e+01
2.758642550505664559e+01
9.668057295086083514e+01
4.966738681515420240e+01
3.873935413222906732e+01
1.084733627574466652e+02
1.766005507164018127e+02
9.386030743752512251e+01
8.077442683446422222e+01
5.597790232054413195e+01
7.264520959936866973e+01
5.312528474151563529e+01
3.563579955211361039e+01
8.674613279299479984e+01
2.642259764481677209e+01
7.121832738356609127e+01
4.105495930949276584e+01
6.830412565330641428e+01
3.806577381745005795e+01
2.937251859333729698e+01
5.879055836858328377e+01
5.002623736481107386e+01
1.222219317803432972e+02
2.737000583560070766e+01
4.760060175954053108e+01
4.266056914465956140e+01
6.608787718539771561e+01
7.350380624765892890e+01
3.093140872989940604e+01
7.968305157476761735e+01
3.058772128854882766e+01
1.883377744198778458e+01
8.855997123653661163e+01
8.546545955792045390e+01
1.719330331287073363e+02
6.937295364753187243e+01
2.293926069329754469e+01
8.320669102622630930e+01
2.531819786744687306e+01
6.164139894443280099e+01
5.918218844974853710e+01
2.215494657332653361e+01
5.871502370672931193e+01
3.937022604732316466e+01
1.034974652830080259e+02
4.716129162043099399e+01
1.864027870421606892e+01
1.394716756648744251e+02
3.414054098162890938e+01
3.607448625031537404e+01
5.796568356310155679e+01
3.143208003877370516e+01
9.620644377953807691e+01
6.070565704696335274e+01
2.042864153535406047e+01
6.218207377696580096e+01
6.845044022709413412e+01
1.749680716961762172e+01
1.298186579103541192e+02
3.088433162245544850e+01
6.827525702413818465e+01
5.999163295435759835e+01
7.165119358475332945e+01
4.116074953804000813e+01
9.567241893362826488e+01
9.474698211372725609e+01
2.491057830692533415e+01
3.819418078021238472e+01
7.840133814639879972e+01
1.028951400999391268e+02
5.174595250545925040e+01
2.227354376939352321e+01
4.957712629291238926e+01
4.015477006195852994e+01
2.281811615706048002e+01
6.209086508170198471e+01
3.511177562545865527e+01
3.800886663264937937e+01
3.750305088837104250e+01
4.239794653808746716e+01
2.945938213958940466e+01
7.089448792843700176e+01
1.261562969214596706e+02
3.418494563554364873e+01
3.052385240648999343e+01
2.325410768022912578e+02
4.313713004947160812e+01
2.818777856806575244e+01
1.636704487077116710e+02
6.470548410895725056e+01
6.245412850579707253e+01
6.777025931646750223e+01
2.842841340559484919e+01
3.425550247639494472e+01
6.930647756647843494e+01
1.021124114221668577e+02
1.129989084522815688e+02
3.573901661607505531e+01
9.712295182794791515e+01
5.723585260177566170e+01
8.587716293191057559e+01
1.197128598861460347e+02
1.272656708857812333e+02
6.513675121903693821e+01
6.457708898346007231e+01
1.693538875663691456e+01
2.489876944569774508e+01
4.493815654687345074e+01
9.282260169019390617e+01
7.139570633437043057e+01
7.441534321850454603e+01
2.852157068237001170e+01
3.916406695497048673e+01
1.745527804075372202e+01
4.787831706607541804e+01
1.418747095815810724e+02
3.641217597410332587e+02
3.604252076655740211e+01
5.063015509717133256e+01
4.052351030629326090e+01
5.254507858216236116e+01
5.417926724495798396e+01
5.607152372787039241e+01
9.576371948667664924e+01
1.420058558621301472e+02
1.005367641897083431e+01
2.976123095139650943e+01
3.640246402029382722e+01
8.230304559923921204e+01
6.041235048552574227e+01
1.742994177413817170e+01
3.978868047260215235e+01
5.750547693283592565e+01
1.127742402949876919e+02
3.248672394931764273e+01
4.413081818893979147e+01
2.752415345219039366e+01
3.254633469077847252e+01
3.657840796761983881e+01
7.211122155790474153e+01
8.527792389705469134e+01
4.886306937704093656e+01
5.485660995799862150e+01
4.140870559135583306e+01
9.644113883834008050e+01
6.496119194549069675e+01
6.974970769704769680e+01
4.862466766701179921e+01
3.279138979001238141e+01
6.734355628904205560e+01
5.213811424378777559e+01
3.319884836982289755e+01
1.339623284667254666e+02
6.259226435871786265e+01
4.378097022654047521e+01
4.717844173655224438e+01
6.806847041248019536e+01
1.085443858108477286e+02
4.225694783469147353e+01
4.939609119266970794e+01
5.177435288271018976e+01
5.616970751467623302e+01
1.418669756913616880e+02
3.869937448300493088e+01
5.495036691567563736e+01
5.289343441014452907e+01
8.878920618652919927e+01
5.078093166318759444e+01
4.570462777729002113e+01
3.477101644040513406e+01
4.984229652017022261e+01
7.764941613068614856e+01
9.951377150479837042e+01
3.072638859636684572e+01
1.377665760653571070e+01
1.762476009428729071e+02
1.029028707291693649e+02
4.531400294130364870e+01
6.084539241432634071e+01
9.543215209509783392e+01
9.142194681183860894e+01
7.504995292340281310e+01
3.490909331284342443e+01
1.579743654453199611e+02
7.710654385326797922e+01
5.803914571843306902e+01
3.977791595185897222e+01
7.675793888046425195e+01
6.362902652572581985e+01
3.990124688818724508e+01
1.892073277259347108e+01
4.506526088413483677e+01
1.076689893645215648e+02
1.352267056876704316e+02
4.373387101364580332e+01
1.613251351224186791e+01
4.697708624015458412e+01
2.470891614293917016e+01
4.681428498609348310e+01
2.225970196342999330e+01
9.415926239210502047e+01
6.036727683482236984e+01
2.454694906050819156e+02
6.186932734173418424e+01
9.590934644792021402e+01
6.952171500600061904e+01
2.428375662072390995e+01
1.283122102152915716e+02
1.870372135950082182e+01
1.036091334193821325e+02
6.948785018398126567e+01
1.893785297945944990e+02
3.143222417732826557e+01
2.703536789970871013e+01
9.296559891173335188e+01
3.033969688702150691e+01
4.634514576715486811e+01
1.014190152685397663e+02
1.480946826454699874e+02
4.464549853450087369e+01
3.179343488612898483e+01
5.500289249373871314e+01
1.816465747405948150e+02
4.310395890282890718e+01
2.592846536261563273e+01
2.991196002813714827e+01
9.756194946825797842e+01
3.119941243512380424e+01
1.198926332443408427e+02
1.725435107903331016e+02
4.652833233521953815e+01
3.735300077557472775e+01
2.840619970086262214e+01
4.351886576629672021e+01
2.615415306920478855e+01
5.499292201662594692e+01
1.087993970113128910e+02
2.557873497238755078e+01
1.944615364254220324e+01
7.089082896657221511e+01
4.223706215248640206e+01
2.387366871524821121e+01
7.094690069528428467e+01
8.493287596893340208e+01
3.779489605062944690e+01
2.659322512354662038e+01
3.542546195053967040e+01
2.516804436870243933e+01
6.439594999708775447e+01
1.210088710182937177e+02
7.884263785745376651e+01
5.825908021903681089e+01
8.539536753713545636e+01
2.371902008710317133e+01
4.341456619821970975e+01
7.543714869337703988e+01
6.355736405327526484e+01
4.957873562687808544e+01
2.923719879945480216e+01
4.292141072226744569e+01
5.699248439554688872e+01
6.381137352596858392e+01
6.927981021097595260e+01
2.428039458944358486e+01
4.711923819244589851e+01
3.554906330054355834e+01
5.600001850308386508e+01
6.235000408287326223e+01
6.099084490991056384e+01
2.599086898646585198e+01
3.816453487070612027e+01
8.952219230144838491e+01
7.428938137449954127e+01
2.560465049981982233e+01
2.855851327846567500e+01
8.172212073080075356e+01
5.156843323856148231e+01
2.344039153431280198e+01
3.087426549276785082e+01
7.594755298447205405e+01
1.021432294115604975e+02
5.813667760648787919e+01
1.395123175375600511e+02
2.907017850304821138e+01
4.313455776894511473e+01
7.978496440666580725e+01
3.517593515748691857e+01
6.292939157504955716e+01
7.750916680326994879e+01
9.201028622851433170e+01
4.209731522076899779e+01
5.212895145591517121e+01
1.028297452472585292e+02
1.782918280083350737e+02
8.811473716941952716e+01
1.122923643241999940e+02
7.554534171937949338e+01
1.011675408263804030e+02
4.423955606802959295e+01
1.040858956062397880e+02
1.107261034865425557e+02
4.168502336390965013e+01
6.582596214665865375e+01
8.222661381103353051e+01
3.278419534731389717e+01
5.662998584772886090e+01
7.828514042500410142e+01
4.925139280667525554e+01
3.721777203215987129e+01
5.049954122475875806e+01
7.062455496659670473e+01
5.327499960944945201e+01
1.448811256730427388e+01
6.140047522237932753e+01
3.774099711635085441e+01
6.273338478687096398e+01
1.209240579124841304e+02
4.674666235932814118e+01
9.778061776588079113e+01
9.168209825261372714e+01
1.261087965882081932e+02
8.904393951579075406e+01
4.211533065111684238e+01
8.992524223179671594e+01
6.729554758475538279e+01
4.968345747474172924e+01
2.859250020422581073e+01
2.214054976390443130e+02
9.973443141418874802e+01
5.208168591407814318e+01
1.026385623977471084e+02
4.564082748255425770e+01
5.583441384716994094e+01
2.196890069899883358e+01
3.754733622198192222e+01
8.196265685445487748e+01
3.315350967670960358e+01
9.798238286845982259e+01
4.170721431224495745e+01
6.189632853065074869e+01
5.077625602717065334e+01
4.236206379173052028e+01
4.321066900339257444e+01
3.832776167859012162e+01
5.573740171537760091e+01
1.071963331593617994e+02
3.581582647819423926e+01
3.855216288561626214e+01
5.312823638969651086e+01
1.724680686970119581e+01
4.693504177527697863e+01
2.956501932226773022e+01
1.418724038927642823e+02
8.487459547129732584e+01
6.530109243403087760e+01
5.907088201599748345e+01
4.610671595418184410e+01
4.984481852543821390e+01
3.163475589159728685e+01
1.143547695042692141e+02
7.104031959403343421e+01
3.177481593249008540e+01
4.750475165338404793e+01
1.136996698246572350e+02
7.634429181769840511e+01
8.361379015788247671e+01
1.995651205244990223e+01
7.628380483340372109e+01
9.806444540603078508e+01
4.205330045761601809e+01
2.938039872863901891e+01
7.084923904691804353e+01
2.059692039965210881e+02
6.310085535501182363e+01
7.918217140440221158e+01
4.976042083809634420e+01
1.833182717911512327e+01
2.773294431408324456e+01
2.378472256957299891e+01
1.823294561337455733e+01
2.674494296585079667e+01
1.407555000588862413e+02
1.053419311053749539e+02
6.039538680183774488e+01
5.435272965064496020e+01
3.884454837225015211e+01
6.871607442762343965e+01
8.311168235988336050e+01
5.591552914228425664e+01
7.042829058622211846e+01
1.189811659977633163e+01
3.433298264906557762e+01
4.872420492592527097e+01
4.993087192035632427e+01
5.322574619617443403e+01
5.274573678294909485e+01
5.489385992581110685e+01
6.605863281246132601e+01
8.253669569127320926e+01
9.280715665574771833e+01
