4.008459793713198138e+01
5.167940727644197807e+01
5.598188149827641524e+01
1.859744099488614921e+01
4.543489175389527901e+01
1.827871332995000486e+01
1.109991801462825833e+01
1.185373227019344000e+01
4.150126613479599058e+01
5.211270856456101797e+01
6.323418995905169027e+01
1.067755887098945493e+02
5.190632019227855665e+01
4.544705496966571445e+01
8.830188831933047311e+01
4.014729507345308690e+01
5.269682139706697654e+01
7.030582229194706656e+01
8.793419219269544840e+01
1.944783196318099883e+01
7.195732426813444249e+01
5.694360557188810645e+01
4.752415962824944984e+01
5.468308844318535478e+01
1.832136347715016456e+01
2.256458225190597133e+01
5.640925624744629374e+01
1.512418369604962542e+01
2.975426296199296772e+01
2.563059194135902175e+01
3.508166188631116000e+01
1.925065698773062906e+01
2.706302028085960742e+01
4.226184107887492303e+01
4.949209126613029497e+01
2.381401843383281758e+01
6.484501898245797236e+01
3.375696448516468706e+01
5.347333784473374152e+01
3.200855201430208297e+01
3.077927388532826569e+01
2.232156520661123267e+01
4.506475523128798955e+01
3.576743879463859344e+01
2.090398674743526186e+01
2.821782934366572704e+01
2.559353319137017380e+01
3.449960530132629799e+01
3.588094550439146957e+01
3.145356755381699188e+01
3.577820746691266862e+01
2.639687010077436469e+01
2.455857302234784001e+01
2.992155304248479553e+01
3.463425021198040810e+01
9.244274591705065802e+01
4.694794755559805566e+01
3.909528056200865365e+01
4.108122430590219665e+01
1.148196436116039365e+01
3.649355733989931139e+01
5.875639356163909355e+01
3.529069205659950370e+01
2.664478529816609509e+01
3.315178355083145334e+01
3.576751282400632448e+01
5.476768599264989490e+01
4.914594406909879609e+01
5.922449752798343781e+01
8.704846259112878215e+01
4.885756618792509443e+01
4.016311811364927564e+01
1.160218198375383025e+01
3.536486627144240913e+01
5.440614346735794982e+01
3.121319281066169538e+01
6.113061815689648171e+01
1.904359691623652751e+01
1.331775320552200803e+01
1.887414387528836102e+01
1.533592245549856337e+01
2.939916147225115139e+01
1.265924692768508066e+02
2.009334276870578861e+01
1.012059063866208675e+02
9.262899394644426465e+00
2.719560233427387885e+01
7.826440605898017111e+01
4.972406328842401990e+01
8.829746612222649560e+01
8.479436561646159021e+01
2.904203561245253695e+01
9.256633781774685588e+01
1.293876180366830475e+01
5.961244276376323370e+01
2.440837301094974165e+01
1.858650096738710289e+01
2.550915008040944443e+01
1.232969259282572239e+02
4.644102996866640609e+01
1.922172882987754861e+01
2.073262691661540558e+01
5.341932625220199782e+01
4.948942091178106750e+01
5.543574816493973145e+01
2.213095498603560429e+01
1.931931169428925443e+01
1.756006816023295158e+01
3.668716903140672514e+01
9.662600200372401105e+01
1.253303205506069986e+02
7.929667299307790529e+01
3.998989361182665192e+01
3.265802789252841620e+01
5.894525088069092078e+01
2.543921660065446488e+01
2.156789273463174794e+01
6.241433365265709909e+01
3.402227241857674755e+01
1.318411936707936682e+01
2.164486697147693661e+01
3.635875611639846738e+01
3.917484470851042744e+01
8.983199590553121539e+01
7.968333669334886338e+01
5.855702270036149315e+01
2.378663192353501188e+01
6.511346910333229232e+01
4.030498270532459060e+01
5.240053711452932816e+01
6.300515501555400277e+01
1.700083542175856266e+01
3.385751448970702171e+01
9.847178274149636934e+01
8.435444746796390803e+01
5.582522601002410312e+01
5.881177749807382327e+01
1.907135817025993774e+01
2.254877282339488431e+01
5.205212281896949378e+01
1.185112255049970429e+02
6.607629794042054527e+01
2.499746990234837440e+01
7.840166190556486470e+01
4.211792243333171371e+01
2.813987794532541997e+01
3.985035170588253095e+01
6.880499534430619235e+01
8.439856636709480142e+01
6.324519341116599946e+01
9.615330536780022896e+01
6.832333502764376476e+01
2.315792014500492257e+01
7.138079890302796571e+01
4.945396206819727780e+01
4.800986849078938690e+01
7.259292914959655718e+01
4.893499654225976769e+01
3.145736291877292601e+01
1.734409485817285557e+01
1.091424288847862840e+02
3.940862940674801251e+01
4.878453696694231212e+01
3.789623935498953244e+01
1.052582485186219685e+02
3.130121974923183714e+01
8.004015061317947755e+01
5.553153344168029548e+01
1.152721653102189237e+01
6.248361050621267054e+01
4.207595590595276036e+01
3.028059470832508282e+01
2.808528035861893102e+01
2.314354964685647076e+01
6.615350961260186580e+01
5.024805626999625474e+01
1.922650050408206823e+01
1.843018575588689600e+01
2.064213063354384659e+01
2.916889313505292947e+01
4.360283358289649414e+01
3.054756681768965620e+01
3.797155393956280989e+01
7.040450354580046621e+01
3.807104499755513416e+01
1.653673346982655801e+02
1.042767240892870007e+02
2.751381071043072168e+01
3.899537367485994821e+01
5.075312023159453645e+01
1.554818145930586581e+01
6.086882013854773987e+01
3.146555971122693762e+01
5.391492347051202216e+01
5.312259899734634416e+01
6.668183600782752762e+01
7.115339200569412981e+01
2.122871415489818858e+01
5.986012594013924826e+01
4.032996075828113192e+01
4.311608283735285596e+01
6.255101225235090112e+01
1.091199150543985752e+02
4.214454411741797912e+01
3.071777879791359567e+01
6.186130939436129239e+01
3.259278457345528324e+01
6.295800260780498547e+01
3.115552645442129176e+01
4.859881236474426913e+01
4.092859304868462544e+01
2.542095998634212251e+01
5.902002634659397273e+01
9.953981476241392556e+01
4.465067886586591328e+01
7.864817348294987198e+01
3.547896297450036940e+01
2.788526734145928998e+01
5.251238554513042089e+01
1.506853249215584079e+01
3.386142653521819312e+01
4.325686383007739977e+01
4.307004021152096840e+01
3.018396009532116508e+01
3.553595540683416942e+01
2.311782349262865921e+01
1.498966022829354472e+01
2.521557572284821092e+01
5.775529374966043150e+01
4.213500602142531193e+01
3.294584932736312766e+01
5.916641109592576697e+01
3.033131858692778238e+01
6.883045161636044895e+01
2.804976537915559121e+01
5.332510613760545937e+01
1.824197561446707994e+01
2.275569989492142398e+01
1.968139788843887317e+01
3.587905437154457644e+01
3.991313497674968858e+01
3.023313813711654419e+01
1.983642181073381394e+01
7.901572306020148062e+01
1.044698351918315282e+01
6.245043400104910347e+01
2.158036656015183752e+01
6.288892224942093634e+01
2.956143415850092993e+01
7.400267691260596337e+01
4.107004189054882914e+01
2.141048969845995487e+01
5.291245974847608124e+01
5.841216945990504428e+01
2.457253443038298002e+01
3.628529384972561900e+01
2.118363521684048933e+01
1.975044403624310263e+01
3.913120653828065088e+01
4.816349197822464134e+01
4.307227222075913176e+01
4.549592263709914874e+01
3.682280537025035017e+01
2.108225852557647073e+01
5.553129517404293125e+01
6.514209105425901214e+01
5.285622472231977298e+01
4.406121822551283884e+01
2.218234738907220205e+01
6.656767159372139986e+01
4.567665925145078631e+01
1.998053471189414054e+01
2.530166969812725242e+01
3.842073880037167299e+01
3.305337199645537538e+01
3.401862236692109320e+01
4.739762296653608331e+01
2.396633018142830807e+01
2.975137568942035315e+01
1.877578447705299780e+01
4.114342644853018527e+01
3.515628922658773092e+01
2.402413571462481556e+01
5.220881385765257932e+01
3.562609380982565455e+01
8.354899153790101707e+01
3.040147331227572280e+01
2.195570232078819473e+01
6.714131019135099621e+01
2.502369838063214402e+01
6.384481145383772827e+01
6.059403067269768428e+01
3.828248386372801093e+01
3.873742176559170503e+01
6.190690359327152237e+01
2.952479326741058330e+01
2.990848020660792628e+01
1.609840149656708164e+01
6.356177581531346021e+01
4.142047487041200782e+01
1.289821366757259291e+01
2.442702559889423952e+01
5.599328888541168681e+01
1.090719434118731890e+01
2.966502978791748291e+01
2.370627085467891249e+01
1.811119895462775631e+01
3.566211938486596722e+01
6.316489446468532520e+01
3.092832676704968620e+01
3.996088372508548758e+01
8.681379725330387487e+01
3.178293959735430718e+01
2.371552139574877316e+01
2.522510997581286318e+01
5.141617136991200709e+01
6.905926144742251438e+01
1.212021160009601886e+02
6.274182455528381297e+01
4.663545178647721201e+01
5.543972913557445281e+01
2.696223366844952452e+01
2.888853921976255279e+01
4.804690678155942862e+01
4.755478789604978118e+01
7.401973074073059422e+01
8.240126260343035369e+01
7.688477669358759670e+01
2.155487533013797830e+01
5.254077754981861403e+01
3.378430796414274084e+01
1.796041060627847941e+01
2.839937974807304855e+01
8.212133882968215914e+01
1.878484741954461157e+01
2.044136024382308037e+01
1.884305388795255354e+01
8.829817138662491516e+01
4.902022135676772763e+01
2.305695217593547142e+01
4.724818671045727569e+01
3.556721582080636779e+01
1.400252783319828609e+02
5.201322091991116991e+01
1.904898962181740885e+01
1.437624054562581577e+01
4.629903454632788140e+01
4.467095202134678544e+01
5.358051971404219671e+01
4.355280980048713957e+01
1.492192040672948039e+01
2.650018536496701671e+01
5.355110377460719207e+01
3.232755096324927990e+01
5.637885725301739370e+01
5.218843682239315740e+01
3.975235815242905346e+01
5.447739330605028130e+01
1.465524875316635800e+01
5.245030072405771904e+01
2.425430112664730231e+01
9.767090419323594119e+01
2.247889782973427231e+01
3.646146719180717355e+01
1.820685205006637020e+01
2.997099947536657893e+01
2.470813522946404461e+01
2.852534920834537147e+01
6.185113746583021310e+01
1.463879077832620510e+02
3.012413089863350635e+01
1.939241396295070174e+01
2.597514230764412346e+01
3.902899296078299329e+01
6.580798097267590663e+01
1.588384156136157088e+01
4.732139483426878002e+01
1.184246759511640334e+01
3.802730145668162010e+01
3.401741075549932702e+01
1.430749360109879653e+01
2.928082499624111890e+01
4.325534115424908777e+01
2.154176456649616966e+01
2.087119957338998333e+01
1.632166310080885196e+01
7.150423560375443799e+01
6.504251281087367431e+01
3.079986448278821243e+01
2.549896784975981845e+01
5.911372341106135053e+01
2.103131605993670306e+01
3.218379381676451345e+01
4.415779944705646898e+01
1.627651654950483007e+01
1.311148753391912862e+02
1.757541203127058793e+01
1.476475454204101467e+01
8.158610300027855544e+01
1.255910166503129091e+02
4.580397194361783164e+01
7.323093874030482198e+01
4.051379715001890958e+01
8.102528003636589915e+01
2.180241402619597579e+01
3.947705497255066831e+01
2.073267210904543845e+01
3.934120976057992891e+01
2.722038437127060106e+01
2.904841819864827812e+01
4.836371009850414282e+01
3.342853345126673759e+01
4.162867086798684824e+01
3.799819157930675573e+01
3.575006976129582625e+01
1.815336417456131102e+01
1.559369937586139798e+01
3.368681776847181197e+01
1.299178519113342745e+01
7.044320290615867464e+01
3.454557283989898053e+01
8.864254901931170139e+01
4.071016352526578430e+01
3.779792333661804093e+01
1.200716575791290524e+02
7.443853334894662055e+01
6.284511804810954061e+01
2.338887593645025120e+01
2.428588081927449949e+01
3.354749179716267804e+01
2.124229658706280333e+01
4.600653450446652215e+01
8.209068472747094347e+01
4.392631999409796606e+01
5.531249702959799208e+01
2.790721556508079360e+01
1.337163934715235669e+01
2.615640285745472582e+01
6.734673718770929440e+01
7.442926903723667920e+01
2.408602186385816424e+01
6.551284239488578010e+01
2.037062455173042963e+01
2.080687572449650702e+01
2.043568079885779198e+01
5.461441824056103655e+01
2.399375036721042775e+01
1.511423934106366929e+01
2.442778217895572013e+01
4.974545448051856766e+01
1.296188689600497241e+02
5.609109427232875333e+01
2.960825030356744492e+01
1.196213942446546810e+02
1.369950203087697460e+01
3.808423290795533234e+01
1.371844241940004316e+01
4.209195207031802966e+01
1.625050366270007984e+01
4.349678656237018259e+01
2.561345102422172459e+01
3.805862823203085554e+01
9.542241702611170240e+01
6.098527029966710700e+00
5.289900725986673535e+01
5.639203295878159139e+01
3.120943584165505058e+01
3.817767680926657192e+01
9.909672642770601669e+01
3.035633173092040238e+01
1.742600775075886688e+01
5.947621318386246969e+01
4.521109071476831076e+01
1.765507313588797800e+01
1.524999359244142454e+02
3.561883201842548630e+01
7.665299725048933510e+01
1.461875764962760726e+01
3.724905159543113342e+01
4.937383456645229529e+01
1.185801132892667908e+01
8.691333624914567224e+01
1.251840894584869979e+01
1.032141923146803038e+02
3.539381512117694939e+01
3.359740495480445333e+01
7.642386743345063849e+01
3.958777003975594511e+01
3.322066579962746857e+01
1.083897283006484002e+02
7.047391738813581696e+01
1.733780864792489851e+01
8.666823180383184422e+01
3.165457390530505677e+01
2.018147248653991710e+01
4.728233782607920688e+01
6.347606660078240992e+01
1.336985247947379030e+01
2.254456134578738968e+01
5.450346571401353657e+01
5.732553054986553320e+01
5.891506921716206335e+01
4.418127207021685621e+01
1.705951863600562746e+01
3.813404759503315944e+01
4.791611814652306833e+01
3.096972258454393412e+01
7.207182054911233138e+01
1.840445588651351727e+01
2.085267572037042427e+01
4.406555354278291503e+01
5.726355709447261688e+01
4.567053068748490574e+01
3.144740026862502091e+01
8.588720912623256254e+01
7.222341223876006211e+01
1.624876247264302549e+02
2.165751865088719441e+01
1.787566204030544981e+01
2.483016564976436413e+01
1.038512478782874524e+02
3.985322766285104734e+01
3.664912916454026259e+01
4.965477632808686792e+01
1.212368919566323378e+01
6.326338520647931318e+01
3.498945782341984767e+01
3.443599324668238637e+01
7.107398803312985081e+01
2.194823945122855591e+01
3.940739081924474618e+01
8.267123631592470190e+01
2.651553116418500977e+01
1.631841674407041864e+01
7.993786966333240152e+00
2.331109896329756026e+01
2.639529755765375896e+01
7.190576367459225082e+01
5.476787439057632412e+01
3.777822011617277553e+01
1.803352402370783025e+01
2.801118985588936994e+01
4.589180796745906576e+01
2.667750207303936705e+01
7.078875431149477038e+01
3.366691878254915338e+01
2.346330557137779849e+01
1.033291849129405477e+02
1.893411668204806730e+01
8.123666141289547227e+01
1.991843832824247684e+01
4.541739330227245119e+01
6.272980312072944997e+01
1.125805793889154671e+02
8.275401660638524959e+01
4.142988154248909183e+01
2.676709448612779596e+01
2.417670582744846186e+01
2.821300718826442022e+01
3.061944869182909201e+01
1.331331620512666802e+02
7.167970709642710858e+01
3.035280935265131674e+01
1.249324101126258313e+01
1.012709688581464818e+01
4.028621455481064828e+01
3.240958563650942637e+01
7.491929338494135493e+01
3.136573010813407336e+01
4.369785461321877307e+01
4.137368214720599724e+01
4.083638526687287396e+01
5.672660592045384931e+01
1.045506910440429316e+01
1.261356120570068917e+01
2.779221876676477621e+01
2.672243164546882355e+01
3.330390043592418436e+01
3.188338253830434255e+01
1.421563633693601680e+01
3.603841927578615412e+01
1.635061568622832340e+01
4.244772947888512249e+01
3.357794306655701888e+01
2.324871461477179579e+01
2.286260614629654242e+01
9.246422509841150372e+01
3.080594795625520987e+01
8.536878168030860081e+01
3.893872603331843152e+01
2.515278283645832502e+01
2.151184125756579135e+01
4.522773651650211946e+01
2.723032761501590926e+01
4.133510405959515310e+01
5.007899891802246373e+01
1.184184342830664320e+02
5.994733427220437250e+01
3.251547597930005651e+01
3.708356799364379697e+01
2.441327651786200903e+01
4.226735696754624350e+00
4.937400554328683455e+01
5.643470624517642875e+01
1.810777072570115820e+01
7.657577933468380138e+01
1.852977128215748692e+01
4.434771734413086364e+01
2.007242225038441319e+01
8.648526838027699171e+00
3.402772800693990263e+01
4.437391821216171905e+01
3.732520094217628781e+01
3.512456628845018258e+01
3.547704538405800179e+01
6.135085876021297224e+01
6.897468231918746540e+01
3.253236629395198776e+01
2.161233052244115527e+01
5.502908772262631487e+01
3.682754553485442983e+01
1.194915121389055486e+02
6.873999980087174322e+01
3.300703157876037608e+01
2.191705207883392248e+01
3.501033079237965495e+01
2.169795949506110944e+01
7.617508745586657426e+01
7.511201668338541992e+01
2.422815002418780850e+01
3.610474005866257841e+01
2.777637245809934896e+01
5.026582445146352995e+01
1.978302117294098750e+01
8.987683505152489261e+01
1.339616543917482083e+01
2.172118059040262494e+01
3.622703930101932457e+01
6.328273912438068294e+01
4.704790170111592573e+01
4.462331862912368052e+01
1.746182642808967671e+02
1.576846564869779499e+01
6.194523966888309729e+01
5.267710665124057812e+01
4.612772289582548524e+01
2.562841381178931144e+01
1.001218560041389694e+01
1.111430976904501655e+01
2.114330887268639714e+01
6.059027237982586200e+01
2.933662991524286667e+01
3.164571310706079643e+01
1.365176661571681294e+01
1.933284127350618675e+01
3.947020881234703893e+01
9.821314175054037321e+01
2.829975996934700433e+01
2.768713125513713180e+01
2.269029282478149767e+01
5.689592678374450685e+01
2.853166960598541024e+01
3.742286783550818541e+01
3.134053383305489149e+01
2.103693802243968491e+01
1.328106957339613103e+01
1.006042618233287556e+02
1.978671004706707492e+01
1.443420002055055740e+01
4.053973271738939133e+01
2.245627881699953221e+01
6.052465539427813468e+01
1.944215691146031233e+01
3.281580644715986494e+01
3.204354674001537973e+01
5.881138032550105521e+01
9.604328711924918593e+01
1.142704536883830180e+01
6.780416229932419014e+01
7.347301450865873562e+01
2.011940707138217377e+01
3.625448432285476486e+01
5.199479514556197302e+01
4.565605490686041890e+01
3.163935215940642820e+01
6.674145585555559990e+01
1.534835169558792600e+01
4.308344166637548511e+01
2.380833810599495948e+01
5.480922017604524399e+01
4.236022712752545516e+01
3.135979450541100633e+01
2.506543203990503343e+01
2.301981808465486523e+01
6.518261445730738046e+01
2.411080296800949085e+01
2.419148395516356587e+01
4.677194128429177766e+01
5.013902349100690259e+01
4.504025824061858430e+01
5.142737336793177150e+01
2.433729017774806280e+01
4.566498288341544054e+01
1.417443698902437745e+02
7.180409346967529416e+01
1.882062134687913613e+01
6.776562342941186046e+01
3.012378024590818626e+01
2.116078695193977310e+01
2.932685883759563339e+01
6.363565522603860103e+01
2.609025481453173256e+01
5.492482593054860729e+01
2.548596297785276477e+01
7.495258810546380346e+01
4.896924939772969765e+01
1.229933806676608476e+01
2.549593816890908471e+01
1.112710753145739062e+02
1.990537179330030426e+01
3.561735465937668721e+01
2.108432511969749257e+01
6.540430678031162870e+01
4.028333492843369612e+01
1.816263105054660798e+01
4.583656035443785015e+01
4.800295551542380679e+01
1.339491650742765749e+01
2.809319795904365691e+01
5.000331517551488503e+01
7.090731255771126484e+01
1.044185232841186384e+01
2.004665829197663740e+01
4.963586257048270056e+01
5.695143801288678986e+01
2.819551431732575608e+01
8.311105611762397416e+01
1.835754511084241614e+01
9.801809168281916129e+01
2.475655694352374070e+01
1.884256608408655964e+01
1.694888618112456413e+02
1.639738974049229370e+01
4.217589639054055084e+01
2.760876410711572504e+01
4.553859890171524683e+01
2.153661473246035030e+01
2.192600846221414201e+01
7.743722746680967361e+01
3.437293436864462137e+01
4.210261207549857687e+01
2.390928752316478523e+01
1.258221167267861773e+01
1.794001879809968614e+01
3.273258716538011015e+01
1.806501424162759406e+01
7.017703678281243640e+01
1.501556831897050870e+01
1.414882240581022721e+01
8.886037838506750575e+01
3.831261626819271982e+01
3.997681156289255711e+01
3.239855780161392573e+01
4.018930250453993835e+01
9.303293369858275241e+01
4.683992300021467514e+01
1.815805173641667736e+01
5.220933191094999870e+01
2.181156313794062740e+01
3.381696008338150961e+01
2.209556454023424266e+01
6.249200974339164105e+01
5.725040603907243764e+01
1.539799903964357064e+01
2.671172136361462535e+01
5.350244477744822547e+01
3.329362106328834159e+01
2.328468339871692905e+01
6.957734925823227456e+01
1.855104368440399654e+01
2.378988806867576500e+01
1.212924582310474619e+02
7.627202863367313057e+01
8.721818107848829982e+01
2.790113076424639260e+01
3.696586392205551164e+01
3.888900892217903760e+01
6.014973091991740972e+01
5.515175191581560910e+01
5.944437964544900410e+01
2.862134094776491366e+01
6.495150892567652079e+01
6.461608079942637062e+01
7.756448657141950775e+01
1.310307944616488385e+01
2.801324851081252731e+01
2.273084695727482796e+01
1.636344356936522004e+01
8.296859503362315991e+01
1.497180832984091658e+01
6.948459966728427162e+01
7.757724844693439081e+01
2.513452641808150645e+01
2.538732706382894477e+01
7.019072805195739306e+01
5.611953942352108271e+01
6.639138093900082538e+01
6.909970737811198660e+01
5.242620873723723207e+01
3.142306315463946120e+01
4.217357739140454242e+01
3.341417506519925951e+01
4.180857431730525775e+01
2.276243612699533259e+01
5.287306677462099458e+01
4.267544814208359583e+01
7.695803916382008936e+01
3.167143680484069179e+01
2.919300084750373969e+01
4.153937505498815597e+01
1.835928066731389663e+01
1.571707858690643604e+02
6.414302815377250511e+01
3.363868686797253105e+01
3.754610301349208612e+01
1.782196338890900478e+01
1.344567966390898306e+01
4.308583609068645615e+01
1.563555263325644873e+01
5.757641106525509400e+01
6.713413303668961873e+01
4.000919599177512254e+01
1.391634779026270792e+02
3.416300275840187339e+01
2.595146684407013993e+01
4.189641115927732784e+01
6.145872985446412429e+01
2.080008684927946661e+01
9.549510032323178521e+00
1.943077127789704051e+01
2.670132259066085112e+01
4.081601469359215884e+01
3.771536655563885176e+01
7.327159244412592898e+01
2.057132111280916575e+01
2.644313186432968621e+01
1.550910311110523843e+01
9.637609747716167519e+00
9.517423554675585251e+01
6.539880024982805651e+01
3.339395614818613467e+01
2.266248859179138364e+01
5.006228820104372801e+01
3.261539607162643506e+01
2.193374223493992403e+01
3.318667888895458873e+01
1.684688455183207267e+01
3.450975169600746284e+01
2.559198824698861330e+01
1.118953709369127125e+01
6.263196066917468841e+01
7.181187166399284649e+01
3.399918960618443720e+01
2.867105885205617710e+01
4.167485863406635360e+01
2.307699128071286054e+01
2.090950431636287021e+01
3.127453842914019688e+01
1.117840713201229192e+02
4.450760185517612655e+01
1.685037946996347102e+01
4.117668286861392346e+01
4.289533933707675573e+01
9.217728164100950750e+00
1.012054880554681660e+02
6.525452519300765175e+01
3.185816164495057734e+01
1.545753886755653284e+01
2.914137502023128690e+01
5.190796422262980059e+01
6.196080095492507667e+01
1.744837167178187443e+01
4.865228264577513073e+01
3.154211764454610645e+01
3.262490351563492652e+01
7.407161379373572174e+01
3.333363508045628976e+01
4.311043650385528281e+01
2.557720423280847299e+01
2.923870428862050019e+01
7.719046441508869805e+01
8.019519189782391777e+01
1.024834176661105971e+02
3.619646702667124316e+01
3.597851632654069221e+01
1.354781032072851943e+01
3.005405885934109378e+01
3.071180666680735172e+01
1.560238079020791346e+01
3.601122403173611985e+01
2.601819338025645933e+01
3.520375076921807533e+01
3.111473405501437384e+01
1.171900655597187324e+01
7.074296063897482156e+01
9.698598885767913202e+01
5.795346973085090525e+01
3.775530816356323527e+01
2.961150770178455716e+01
2.364411292623741900e+01
7.528872679758190145e+01
6.372734552515252915e+01
1.783593589640666721e+01
5.230210529904274352e+01
2.245581899901413436e+01
1.799430281817882005e+01
1.769681384755067910e+01
5.283362668979865617e+01
1.318098865696071869e+02
2.441615244705102938e+01
2.736825751490277270e+01
1.468785137533006591e+01
1.182905498286932726e+02
1.194225945828415014e+01
5.568885499942928874e+01
3.590856123654770471e+01
3.177004612082598101e+01
5.461260479327635409e+01
3.149911615673500265e+01
4.170924502834113667e+01
1.321268753936148599e+01
7.040384591930380509e+01
3.010964946507266049e+01
4.032324278224136549e+01
4.343400603122407233e+01
3.641976094940674358e+01
6.597086841034185056e+01
6.992768458206613502e+01
4.466522800433442342e+01
1.131552363736136755e+02
1.424972220257936861e+01
1.230343237393986833e+01
5.646539816583776172e+01
2.835419396015466020e+01
4.878401392595949915e+01
6.514144664679122343e+01
7.246748147637207182e+01
1.192255436216187192e+01
2.535066992946768494e+01
4.895269116219850503e+01
3.644949925978094996e+01
8.199926340058716789e+01
8.207284811931941704e+01
2.599744041336814604e+01
4.333137926787614447e+01
2.540428856707355010e+01
3.913049334163512327e+01
1.022371481190173981e+01
8.127779182534771962e+01
8.678219181871011756e+01
5.365408065202681342e+01
4.387691191120335077e+01
3.826799214614682398e+01
2.119073977192943303e+01
9.698521967898206242e+01
2.317293414026090659e+01
2.114637640554653331e+01
3.832666223482248569e+01
5.730394203780483053e+01
2.331952774700171815e+01
3.405019569585626016e+01
9.082404551110990099e+01
4.084451209222800117e+01
2.942218955563554772e+01
5.718966358299356756e+01
1.011938603867667013e+02
3.602822817570468317e+01
3.199163467708201836e+01
4.139506558485982879e+01
2.637400361820829531e+01
3.569704856446209362e+01
3.580848866218178728e+01
2.459189822069539133e+01
1.731030740543661395e+01
8.033908558780541398e+01
5.160303841675450798e+01
5.555950237375809309e+01
1.892023610371597186e+01
6.401381986963231441e+01
2.232426511400216285e+01
6.035197180486617441e+01
7.360155035937451373e+01
1.693100351403058923e+01
1.026384739127460577e+01
5.430224682382055335e+01
4.012194716750199319e+01
3.313839847866994859e+01
3.985396325570609832e+01
2.824283904647145604e+01
6.667299013364269911e+01
2.113266084132843048e+01
2.609551397687595653e+01
3.940293906871458063e+01
4.021524573703198513e+01
4.638836287755294308e+01
4.546649836924664356e+01
4.803533920313245886e+01
6.200884656518136495e+01
6.287134866702201919e+01
6.073149475963805344e+01
