1.275443349807118096e+02
7.420801152539254986e+01
1.879175088054113303e+02
1.556539347749661033e+02
1.422260804975004191e+02
6.756921765364663202e+01
9.700413364943788963e+01
1.032139384278128063e+02
8.356020967693399371e+01
8.283136233201361165e+01
8.943888681033509158e+01
1.444846465189112337e+02
3.944039916172507105e+02
9.843288969921654541e+01
1.130285627225844109e+02
6.433955331303921810e+01
2.877773448295901204e+01
5.747306187445826708e+01
5.155866003794710650e+01
8.014978706026926147e+01
1.527015507949528512e+02
7.808871284651081623e+01
1.304901928885181519e+02
2.075886027467754786e+02
1.061262823892005400e+02
4.865332552474347239e+01
1.176438014392538491e+02
1.208223181512713467e+02
1.328156030448238596e+02
2.653712079978086535e+02
2.275968608505603470e+02
1.957939095817473856e+02
1.013944204171368142e+02
6.660519023032347263e+01
1.609549157524799909e+02
1.508734400620544704e+02
6.482600633697308012e+01
5.999755823889935868e+01
3.758206893632253127e+02
6.600568740713030991e+01
1.396123479502174973e+02
7.717358641592062440e+01
4.913601150775936333e+01
6.535906687086200861e+01
2.845069193202878637e+02
1.606006312736157042e+02
6.724401449979038148e+01
1.873825972489213143e+02
6.391934983482585864e+01
1.704150795402408107e+02
1.000447593865886233e+02
1.464406175940259800e+02
1.026055748876764255e+02
1.916143801457938594e+02
9.944625590845913621e+01
6.691127251852705626e+01
5.774552706498634080e+01
1.039498602249853576e+02
7.404451818151339637e+01
1.375552618266352454e+02
1.297089897332605233e+02
7.597106380056813180e+01
9.807555021674400564e+01
7.592013867452273246e+01
1.565021709428554288e+02
7.205910797954732061e+01
1.945143930674402100e+02
2.609197534624350965e+02
6.517258951242020260e+01
5.409721531603633338e+01
3.373371700736974503e+02
4.639088203441816063e+02
4.610039035134605001e+01
1.800807036147576525e+02
6.926292967663921729e+01
9.597419535752113973e+01
5.561224977841037287e+01
1.283692120720745322e+02
1.685646089924001672e+02
4.259634537795859188e+01
1.114501942644746890e+02
7.320926598385537432e+01
8.153093602501107284e+01
8.036572548941740024e+01
7.477807667890583332e+01
1.346337005081327050e+02
7.946108342886130060e+01
3.127115624697888663e+01
1.111864962602253968e+02
5.245377182262613758e+01
1.828712892079122980e+02
1.294045513729492143e+02
6.299827875047171943e+01
1.753773755360666087e+02
5.040196249302317000e+01
2.376132276933895753e+02
1.314330760637051014e+02
7.736363944855443719e+01
3.238200842056133979e+02
1.686959320472462878e+02
8.156767822897833753e+01
1.068298123459434663e+02
1.352880127421640850e+02
2.879787694088487910e+02
3.271906716374430744e+02
1.099578903878114318e+02
2.105189177495588524e+02
1.238322238788012157e+02
1.204167092907280647e+02
4.553497117168360120e+01
1.469140293994650222e+02
1.382276199427606400e+02
8.034382124932604086e+01
2.056334693901031869e+02
3.564119524295127803e+02
1.362711263088749547e+02
1.048967968544650944e+02
7.232775019699361962e+01
2.813759734109531792e+02
9.528891994973905355e+01
1.582601929037713546e+02
6.036565913089035007e+01
7.106574898791485850e+01
8.953380712156453569e+01
2.859738565047019847e+02
9.478971799375030116e+01
2.457190338761893713e+02
3.118583480543813380e+02
1.553191242301055581e+02
6.774416848963548432e+01
5.836173795181625934e+01
3.972398913598506454e+01
1.157016802295587894e+02
7.173928629070333329e+01
5.220394110636533469e+01
2.010604526703737633e+02
6.718005902175941912e+01
1.574502431230289972e+02
7.206545305063499995e+01
7.494346488426356245e+01
2.345905109033651570e+02
1.126728035216182775e+02
1.552633957965854279e+02
2.247662975306665487e+02
1.685701860087253294e+02
1.354533322303591376e+02
2.726189524467815772e+02
2.230344523068614251e+02
7.357482446512511842e+01
1.258518813557601277e+02
6.401786453829583934e+01
2.237536772200041639e+02
1.473942132850995392e+02
2.697866040554386586e+02
1.529311407417859527e+02
1.084237966689596817e+02
7.691064722847649193e+01
6.058171165453912721e+01
8.111763376818768734e+01
1.383359806466913540e+02
1.556355273990374428e+02
2.922165392750611446e+01
4.703960976899979585e+01
1.131287347851204146e+02
1.374639784062645163e+02
7.546300143281447959e+01
5.819579750071830659e+01
1.692417500715376093e+02
1.722138349065986631e+02
1.123047397217931689e+02
1.583287499590566938e+02
8.669842253635222562e+01
9.834521249034507662e+01
6.655073677962677436e+01
1.243099080456093048e+02
6.563332731777919093e+01
1.918711425355241147e+02
7.672725606474450899e+01
4.443770002255448048e+02
1.089775809288234996e+02
2.071540902625183946e+02
9.604593149178550959e+01
8.810792236545293576e+01
2.440512929125910659e+02
3.591345090334460792e+02
7.957364932579253036e+01
6.084058953207089360e+01
1.962885388036771985e+02
4.703598854921440164e+01
1.121042892185807176e+02
2.235861352859522810e+02
4.800624907262390906e+01
9.674478024301375001e+01
9.777987565018875671e+01
1.309365792492260994e+02
4.970787491748331632e+01
1.384190468024392828e+02
5.516129020425809415e+01
1.418769775425244291e+02
1.328279689781328443e+02
2.341993384830904290e+02
1.040674388104991408e+02
1.470266123175080395e+02
1.134176630583168048e+02
1.358995141095228973e+02
8.686141481050076152e+01
7.567668880921291930e+01
1.129276076600062169e+02
3.873697373333075120e+02
3.813958533742094659e+01
2.716432150194371502e+02
1.100774155126454446e+02
5.103674406104072858e+01
1.315482830353068380e+02
5.014479411389389441e+01
4.846189077559267844e+01
9.595724063785924329e+01
1.346267989172686441e+02
1.557216515600765945e+02
9.949207654118164612e+01
1.243212055364358406e+02
8.361342184769245023e+01
1.513241393069656624e+02
1.347425166074545757e+02
1.250665749322095479e+02
1.701171194659366677e+02
1.036180085858811282e+02
7.529910724316481208e+01
5.650867146265448326e+01
7.583239879039703624e+01
8.334751883483471602e+01
1.049324789795733466e+02
1.204050600958917272e+02
3.589016475423056249e+02
9.118473791945984885e+01
3.353517667508732529e+02
8.248768962874959243e+01
4.087977445563596035e+01
7.863709453819541295e+01
8.417389202104799040e+01
1.147428025080015459e+02
2.387434939651637649e+02
3.287302997928336623e+01
8.093305970204504263e+01
4.266496659842115236e+01
7.446194720676083989e+01
5.159884117164756390e+01
2.455352338407393802e+02
1.469977527609076731e+02
9.029671054934001972e+01
6.291070437467205778e+01
1.381623721900643034e+02
1.214931753863449728e+02
1.533310871394537571e+02
1.443456017369321387e+02
1.053036747942153966e+02
7.863201102890172933e+01
1.272789649028170373e+02
1.387881131180118928e+02
6.696394435853804339e+01
1.594336557042309721e+02
1.821851664426361310e+02
8.691287746374152334e+01
2.177286457587965529e+01
1.611567592532091453e+02
9.700986402157414545e+01
1.103280230742648911e+02
2.257102571385133274e+02
5.612641653079505488e+01
2.144326985296688406e+02
2.974841764630680174e+01
1.760782510055366004e+02
9.738369889599023566e+01
9.781713708111159633e+01
1.279407744836485108e+02
1.892393328082839332e+02
2.165063907743633820e+02
3.063145168926906692e+01
1.445582074537882704e+02
6.463710189175692733e+01
2.450579654471623314e+02
1.127531096133593849e+02
5.067866760833369000e+01
2.996819589955532024e+02
2.373807081456907611e+02
1.264222323545166802e+02
2.749362652687713080e+02
1.539173559553574648e+02
5.407667735128245567e+01
2.464584698527083901e+02
1.296757174603944520e+02
1.095987241636373710e+02
9.689254027133831926e+01
1.108546168089326045e+02
2.048153571972640563e+01
1.217569635634479681e+02
6.779882574334604328e+01
1.241946377474639149e+02
1.398371218080405640e+02
1.274652441751759966e+02
1.276516620321835092e+02
8.740840847746643760e+01
1.820201260521756410e+02
6.345998217766499465e+02
3.281305272282358487e+01
2.431698400562290203e+02
3.112389146572207892e+02
1.786519774301144992e+02
9.843193787209894197e+01
2.947380470362078881e+02
1.712357031505437135e+02
1.248091336148952166e+02
2.087237599475797367e+02
1.267279476652994106e+02
1.220152541678622811e+02
1.386446399774135614e+02
1.858729061051891165e+02
2.028226858757027173e+02
5.826805203565745614e+02
2.995939685905537431e+02
1.245219886974524570e+02
4.037528357427684966e+01
3.032805707424856223e+02
2.015526209843642036e+01
5.669007478835696645e+01
5.313506588527620522e+01
5.697252583784215574e+01
1.103270678591103717e+02
7.610714945451348967e+01
1.078195456564074561e+02
1.177488586479485377e+02
2.049066078512377658e+02
7.403152813059746506e+01
8.648070213646795423e+01
1.960997217616821899e+02
1.075274542392978816e+02
1.177406886073753896e+02
8.551137828361684967e+01
1.087111653546915875e+02
1.398408644038437671e+02
1.454387374273107412e+02
1.287827777594540919e+02
3.934817355764792524e+01
5.015212225782147470e+01
9.571275168403931843e+01
3.719661681110549125e+02
1.054608131794024786e+02
3.932401979831348058e+02
8.768240549687277507e+01
1.472800592573767915e+02
1.835210509144323794e+02
9.811399686953849653e+01
1.045649287026359815e+02
1.140749073788134069e+02
1.275819455405232503e+02
5.703391360296491541e+01
1.689930767159996776e+02
2.220157091641356431e+02
5.201059550757204875e+01
8.049549264857664355e+01
4.559539630101458130e+01
1.170928146210572436e+02
1.364803158894506225e+02
2.719119501926475664e+02
3.324110232142938344e+02
6.291657722550938558e+01
1.803947018581724251e+02
1.922802181239726451e+02
3.400963100134109141e+02
5.899551558049874700e+01
1.386759343624937344e+02
2.774281911166165742e+02
1.839148989627079231e+02
1.844162798063494506e+02
1.473841783249704349e+02
1.322066776930602146e+02
1.243351107008372480e+02
4.028290000729655844e+02
8.666588082873786902e+01
3.670012022224972270e+01
2.380181942258544723e+02
1.869792283248308138e+02
9.759452261839265930e+01
1.234330656015902861e+02
8.141599051914995755e+01
1.727463317041588198e+02
9.215037157736369977e+01
1.288604751038130871e+02
1.178170873862519414e+02
2.738786041890909360e+02
1.010908608921824623e+02
1.501358938532407308e+02
2.216507092024959888e+02
9.961932723270996348e+01
1.226732814840836880e+02
5.691716437138617124e+01
4.461061957996811600e+01
1.713567863463745766e+02
9.849985650253954361e+01
7.533328672774533175e+01
9.185565295338854241e+01
6.878825315962257037e+01
6.951097011711850371e+01
1.158632785671478160e+02
6.457290890419166374e+01
1.048393297886460545e+02
6.887535985627090440e+01
6.424430794773904552e+01
1.523456358418908678e+02
1.485244757798614614e+02
1.967202441668318897e+02
1.365865441012834367e+02
1.143432076978873937e+02
1.169183670736724849e+02
1.709588257573745977e+02
8.946919067684036975e+01
5.013086717662161504e+02
1.463029930228309183e+02
1.183164824112956097e+02
1.170847636822074520e+02
1.325198806810018368e+02
9.926376201207725103e+01
2.377282365085166873e+02
1.200411091179278031e+02
1.769203351320405488e+02
1.617313822222362489e+02
1.452156626508549664e+02
2.998319940988532153e+02
2.494547335695084200e+02
1.145742768286406061e+02
1.446073331715874986e+02
2.526964947825415493e+02
6.842025185182289704e+01
1.699927779159579018e+02
1.748282839071396495e+02
2.299788626439789994e+02
6.835894649838481030e+01
1.249768053090129314e+02
1.243220346516471864e+02
6.035188615483925645e+01
3.262859677813757742e+01
1.610927190870273478e+02
1.239711101294211772e+02
2.457793338972466017e+02
1.667974117027665670e+02
9.967330504108804234e+01
2.482556945800815242e+02
1.061571743934303100e+02
2.138581480620117645e+02
2.321107143349813100e+02
1.653005635585248569e+02
7.845589359319735934e+01
6.109325783893655881e+01
1.746160662477209087e+02
2.551071103520125689e+02
4.308278984870706552e+01
1.157015650240626883e+02
3.970468630131796317e+02
6.077877658260335636e+01
9.808601093621403777e+01
5.192728428006978447e+01
1.210097697152469181e+02
1.104359437969708466e+02
1.344497195208918470e+02
8.913002699323199352e+01
1.577153163427879008e+02
1.439971636158796855e+02
1.355522333678220548e+02
1.310721154611352119e+02
3.706179651497228065e+02
9.703330723791104617e+01
1.699942443842663238e+02
4.467576269314109254e+02
1.714921453571468533e+02
5.532677068532439080e+01
1.610332932379019724e+02
8.316597009214800096e+01
1.159673940228843065e+02
1.367882388153994953e+02
7.220335611255779895e+01
2.386513954012741294e+02
4.233577616560835821e+01
1.471541603144844714e+02
2.164385501816968826e+02
2.063693733122804019e+02
1.476358834530559818e+02
9.284243860823727346e+01
1.351390670865345385e+02
3.631789589789072181e+01
5.129640991403230998e+01
1.196007093614773140e+02
4.107298950001325721e+01
1.840928938935457779e+02
1.854256126857982565e+02
9.911976608445903025e+01
1.411354119214146294e+02
3.753473341044102085e+01
2.039859220456378637e+02
8.054996017413736809e+01
1.822727228383477325e+02
2.105741391938153413e+02
1.372533538734086278e+02
9.404313555048365458e+01
7.413717578436487088e+01
2.885957796764550380e+02
2.663085693280171427e+02
1.330955993468311362e+02
9.483010943127784742e+01
9.970381650820679909e+01
1.640378871498827777e+02
8.832370566646898169e+01
2.077360737422043826e+02
1.373387652994755399e+02
2.896101902985945742e+01
6.917991365790258840e+01
1.305917172144923200e+02
9.429256801493608009e+01
6.281364706633210915e+01
1.418519673994448453e+02
9.569881082542745787e+01
5.758575075907656071e+01
7.312955348980314341e+01
1.238774662413903229e+02
1.112060401308297628e+02
1.903925131535692685e+02
1.261767678189774813e+02
1.578588536485243026e+02
8.336030896441495486e+01
2.216086621481372276e+02
9.579451825109141794e+01
1.012450597862027735e+02
3.251950502856455216e+01
9.582599665517690823e+01
9.080275634000530260e+01
1.388302153143599469e+02
1.224054167328881562e+02
2.032365311203403166e+02
1.517570680489652659e+02
1.002599833746278364e+02
1.865352486621185051e+02
3.121008547316188242e+02
8.635408677704626257e+01
3.195333469504319055e+02
9.938271184196131003e+01
1.390432502034369975e+02
1.834867578525565648e+02
1.727622237697199523e+02
1.481444143135108220e+02
1.275689561141131492e+02
5.496372280648024145e+01
2.649713731446482257e+02
2.072578598369743474e+02
8.765487949054372052e+01
2.479202663624170953e+02
2.408550217829507645e+01
1.647879721689830603e+02
3.904401185933079432e+01
1.711680318817642785e+02
9.452014252154044982e+01
2.432584931768228671e+02
7.491780662089109910e+01
1.422158993593261869e+02
9.584823944618543123e+01
7.989551804738125895e+01
1.541071496417100661e+02
2.104672451830704745e+02
1.358563003933187758e+02
2.083496566541192010e+02
7.695203688837732159e+01
8.970087130194609415e+01
2.451769596386968431e+02
7.698245901125169155e+01
9.899949600866415267e+01
5.947875651138169673e+01
1.388024989279908255e+02
2.017221149134370819e+02
4.788823466464181422e+01
6.741167770957522976e+01
1.496220217015851404e+02
1.199277699593781961e+02
9.615024222158092471e+01
2.393134710114225925e+02
8.948413172988279030e+01
1.297674424000240663e+02
2.307252899547658274e+02
4.169968267682285301e+01
5.783687220627908943e+01
1.946891346272433907e+02
2.775037181213663757e+02
1.155696846392179111e+02
2.635140606681601412e+02
1.588362550855029838e+02
8.208040447934675399e+01
7.533195739013477521e+01
4.244848762622857521e+02
1.730609334452129815e+02
2.106360023277489688e+02
4.005133971886555742e+02
4.206225170616165343e+01
2.630431891259757435e+02
5.672368960591924747e+01
1.336837528199890244e+02
8.172816248635928105e+01
1.258954731909513498e+02
6.280933262023102515e+01
9.958886305809957662e+01
1.219687626925092587e+02
1.051319848317875625e+02
1.221208844463921963e+02
7.299143991959537914e+01
2.541833544380542094e+02
2.177441298873961557e+02
1.185923424522320317e+02
1.095617815720991928e+02
2.690614582112604012e+02
8.375664965234986425e+01
7.881673479071636734e+01
4.252137731685435824e+02
1.565495362024938970e+02
8.224788297447315699e+01
2.867054338966197520e+02
9.907773270168799229e+01
8.983374400442342278e+01
1.545732970723819335e+02
4.620185188843749557e+01
7.001429563478272655e+01
1.562606499582224444e+02
1.214670688745932239e+02
1.520294277199724604e+02
1.048729778491116491e+02
2.855576314727048839e+02
6.901261853884294339e+01
8.038463827118317795e+01
2.593906550160487541e+02
9.641802100998167191e+01
1.500227300244515050e+02
2.032683477123409830e+02
2.018513434572724918e+02
5.604343772298712167e+01
1.508301582129356291e+02
1.146584755189500271e+02
8.283688116513717148e+01
1.144185185735439774e+02
1.933123656643797688e+02
5.255681292764197110e+01
3.560002403878184651e+01
1.039978751064377605e+02
1.104156702155638783e+02
6.483598173057582414e+01
8.166427857254605271e+01
1.085330279349891782e+02
1.397261435092489705e+02
1.643285875371963698e+02
1.426471762482079839e+02
4.045067537265353508e+02
1.156231575729079282e+02
1.710987683563912469e+02
6.202695512047566950e+01
1.034462515737420745e+02
5.465166934771572471e+01
6.011715856872265107e+01
1.059884359391597428e+02
2.219291642821691255e+02
6.214448684400212386e+01
8.890120331672750353e+01
1.072926151431432089e+02
6.790576384614800531e+01
9.077395336848653074e+01
8.276474418460139759e+01
4.046653919581238483e+02
2.687354483385949493e+02
1.322527014364803790e+02
1.675447359277935959e+02
1.899482697834574196e+02
1.986653893895389729e+02
1.413450221260292210e+02
9.164708417424853337e+01
1.005521159898680565e+02
1.083315760159307359e+02
5.487414634616088449e+01
3.511820126497319734e+02
3.595693634278279660e+01
1.718477459441314750e+02
1.358228397544843347e+02
1.383961835058914289e+02
3.033131434569577891e+02
8.978529914887039354e+01
2.095267697642555618e+02
5.986662113116332051e+01
1.192907754104596876e+02
1.351339554213347185e+02
7.728003636202251414e+01
1.053436154694722688e+02
6.229736165364322886e+01
1.064685991656070172e+02
5.684732081049529029e+01
4.457660781092090474e+01
6.301781151260274783e+01
5.987802434516105166e+01
1.119886805281477962e+02
2.440671160498978907e+02
7.794098946461997457e+01
2.842631515812083194e+02
7.905666409854492827e+01
1.594150807919251633e+02
6.429828331812410624e+01
5.718858401962692284e+01
1.103564113158802797e+02
1.152161399001815454e+02
4.068992413457061019e+01
5.332628497356894570e+01
9.224864016014554124e+01
3.007513057072585525e+02
9.389050738299130217e+01
2.415074743755131408e+02
1.831211635996279483e+02
1.080058367525055871e+02
7.551580117496924061e+01
1.479830968851681519e+02
8.631405143303277328e+01
6.352476125472502133e+01
3.726851195648287103e+02
1.026296620843941270e+02
6.320973843456427232e+01
9.102207019064381655e+01
1.610148959073231367e+02
1.446977148320584092e+02
1.210616180873516043e+02
1.056728761230347686e+02
5.072244533436352754e+01
3.784222300698360186e+01
1.494337809977182303e+02
1.223198041709125619e+02
7.507735269167181968e+01
1.459655175272284851e+02
1.759084961262120714e+02
9.040764287122594567e+01
1.340573827371626408e+02
4.098327572857001400e+01
1.403070362375917171e+02
1.345470005897832664e+02
1.750229799924457552e+02
1.231276514560938864e+02
5.089835502273290757e+01
9.279379260250274797e+01
1.698214533300116500e+02
8.995034021302811311e+01
4.037666319490330835e+01
4.230419792509617878e+02
6.724490667486709583e+01
9.574848703918979709e+01
2.134236175211774480e+02
4.010442900794068066e+01
1.746358475961862382e+02
1.119874999942389167e+02
1.625082393687105196e+02
1.102052228426660321e+02
8.590771013503669451e+01
2.603081322268861868e+02
1.326132191607179891e+02
1.036462646514154926e+02
1.602049571354202158e+02
9.249097338095280918e+01
1.212041970202873671e+02
1.010347087994377659e+02
5.811075634388186018e+01
1.617002307618486725e+02
9.152495716729252706e+01
1.735421460078430584e+02
1.403833379118706830e+02
1.285145889787164322e+02
1.007522895507814980e+02
8.816140658473666747e+01
3.374439757306901129e+02
1.217827159397290018e+02
1.918624718064660897e+02
2.080400522948324920e+02
3.674869221410121867e+01
1.078021717088538765e+02
1.389436084368489333e+02
7.447811166639849034e+01
1.334058799676296587e+02
2.776976039003798746e+02
1.409156806187756388e+02
3.267035087601400960e+02
1.954524880316740507e+02
9.532806741853754318e+01
7.304561433999580800e+01
6.951959693467473755e+01
7.478211382614007618e+01
7.759653496548473584e+01
1.220134605611333001e+02
2.710710832739755460e+02
7.355641912581644704e+01
1.046095242072990033e+02
1.090859172166623097e+02
1.044046926890209903e+02
8.140036092398202072e+01
8.005345296671254118e+01
8.879460404884538605e+01
9.281076291567646308e+01
8.601229502217152856e+01
6.316690681037275112e+01
1.200851367311837663e+02
2.553687373073475442e+02
2.907483984994409525e+02
9.636527526364534424e+01
1.202110733528429307e+02
1.594014805742747569e+02
8.108695720514452887e+01
8.493039674900300895e+01
8.752735289259962315e+01
3.563173283417398096e+01
6.260422688382098499e+01
7.336282403381834172e+01
1.090291264131778917e+02
1.489538549683431086e+02
6.695982158945339791e+01
7.423146289776232720e+01
2.298388917211518390e+02
1.442915974518247708e+02
5.479006561854437507e+01
1.410451643758394198e+02
4.293117674647591286e+01
1.220596948041662557e+02
1.610491792723030358e+02
2.289132515507644712e+02
8.936808663027089494e+01
2.130811834208221001e+02
4.689797675416329525e+01
7.184616656892102071e+01
1.706077549455943085e+02
1.262380061370733415e+02
7.477877945140649274e+01
6.547532631817357185e+01
1.094964560524695258e+02
2.154769493462848118e+02
1.335760127949188245e+02
1.715239396236133587e+02
1.112291851026852214e+02
3.240266395751708046e+02
5.991545398507616227e+01
8.494327747310701682e+01
9.021248873933842560e+01
1.936759413221857073e+02
8.151674558862676179e+01
5.164590011794714997e+01
8.990974811971622671e+01
8.487087348758230121e+01
3.462350149104520369e+01
4.174484594019084227e+01
2.291251040774805290e+02
1.366810979677476894e+02
6.704489236144929976e+01
1.081837466412852535e+02
1.177721104019821183e+02
6.566961905288242463e+01
8.294880202726163532e+01
2.794393271812600119e+02
9.977278902113062031e+01
1.200620663013728091e+02
7.613324720742269847e+01
6.603906478839000727e+01
1.057346522952288694e+02
1.229635689381479438e+02
9.637704306861341763e+01
1.201218252857138253e+02
3.891084382576252096e+02
5.069784325710804751e+01
1.468196395815112965e+02
1.013232414930748320e+02
1.293100561697027047e+02
5.255769409640382861e+01
2.149328641866646024e+02
1.601800454146760444e+02
1.096373055155200404e+02
7.285880111491924538e+01
1.261368898500559652e+02
3.803782638957549977e+01
1.691555199036142199e+02
1.603141701931128580e+02
6.313209887356963179e+01
2.366973195343522605e+02
5.795217875164825472e+01
2.777582852192576297e+02
1.760040328991748879e+02
9.922030111156688292e+01
1.975233292801353286e+02
1.902938155596915237e+02
1.559890507388899152e+02
9.789122190618041941e+01
1.044832067775646323e+02
9.710068230380426257e+01
1.047404296163686297e+02
1.655715653442396444e+02
1.191840229253808445e+02
1.978198195434221986e+02
1.740151916358248059e+02
1.653743712427617254e+02
2.287508462504129909e+02
1.340515622154992172e+02
1.787071600494977304e+02
9.517191298577949965e+01
9.501124612748989762e+01
1.441275297633665389e+02
1.879483706441124298e+02
1.274719430167848486e+02
1.835315195576791893e+02
2.372135532661517345e+02
1.034457070111183299e+02
1.335436836888997334e+02
1.275782468516088812e+02
7.794164706836886580e+01
9.557485933758016472e+01
3.508795931186974713e+02
1.743580919893906866e+02
1.829329295224678447e+02
1.319960827650817805e+02
1.690070319690295264e+02
2.565820727932818954e+02
6.187574813541707641e+01
1.985010829838471693e+02
4.035254839318554332e+01
1.875605350606218735e+02
2.024823564903908277e+02
1.856481947036623126e+02
4.733360310205737420e+01
2.395840988813656054e+02
4.898619616274990562e+01
3.074946832280195252e+01
9.238194460974008848e+01
6.903878816319893019e+01
9.842828399850324672e+01
4.982252905143269572e+01
2.608464539881630913e+02
4.728758023176949905e+02
2.088256127131345181e+02
7.679056547043411740e+01
5.007965916931385664e+01
1.314558012597822199e+02
1.107690619445831572e+02
5.233185184171267679e+01
1.291306433699492118e+02
8.221348833746219498e+01
2.752165493344107290e+02
1.139244869371568569e+02
3.330788689627317467e+02
2.314587532907529237e+02
1.498303271213563903e+02
7.769999848624306082e+01
1.079090755687510210e+02
6.160079265785939384e+01
9.381319459114304493e+01
1.004291957794124102e+02
4.690810787045231223e+01
1.060158345587935855e+02
1.261334121360723373e+02
8.499380692059374098e+01
8.711463255203346989e+01
1.036866453988426855e+02
1.259121599231357038e+02
5.437195303584281447e+01
9.912264517025555222e+01
4.591701946369964560e+01
8.960237305876840708e+01
1.170079855763423495e+02
1.915329023724870297e+02
7.254123517266791055e+01
1.325089850740706368e+02
1.921172572193711119e+02
1.893271383660691640e+02
1.371195184619234055e+02
3.014359481417465645e+02
7.806185304725273966e+01
5.246016620097345395e+01
1.020943272466029441e+02
3.738658908366514879e+02
1.310482351457276593e+02
1.402205260104510955e+02
1.348605745278855466e+02
1.570598775044826994e+02
1.051509011365478869e+02
7.664104544461233104e+01
1.364944578562520405e+02
1.392858504290487360e+02
2.390047009542840044e+02
1.003633376558039174e+02
1.634551660810011811e+02
3.604162330136028203e+01
9.082734728991218276e+01
6.754187838245617570e+01
5.871980168678555145e+01
2.077019716295271792e+02
4.396002754922108835e+01
3.261012541981344270e+01
3.205862104158045156e+01
6.561860843642804753e+01
6.723966564435886539e+01
1.498348463379302871e+02
7.550525877876599168e+01
5.951908691815940244e+01
9.178271431252886714e+01
8.057350674965579174e+01
1.002626754327300063e+02
1.129162241844110355e+02
1.799171852913767395e+02
1.677672830384086637e+02
2.525938346034479594e+02
2.241797367315372469e+02
