3.010938537020823347e+01
1.502217629568640689e+02
1.103560304226747775e+02
3.203378644854208801e+02
1.112868782492388533e+02
7.881777850183689793e+01
5.366251265766664602e+01
1.247319325515643982e+02
8.019480764929160443e+01
4.823899388512672317e+02
1.309454629744768681e+02
2.680027892794320223e+02
1.488822978360607578e+02
5.661926386427180091e+01
1.583966456672382321e+02
3.047622095186466140e+02
9.874655071824193442e+01
3.102526538725023784e+02
3.026410339048252922e+02
1.417749917541146374e+02
3.658284654064928532e+01
8.508485574026546772e+01
1.218191042339787060e+02
7.438079723590776382e+01
1.292341204047731935e+02
1.621621998194617902e+02
9.774202630916514067e+01
1.191067926734073126e+02
1.563009104196108012e+02
9.960620751684767527e+01
2.431752713573569622e+02
2.290969795630275598e+02
2.001915358332158235e+02
1.028636125241051786e+02
1.669280254636334178e+02
1.244821810164376217e+02
1.831674674510903174e+02
8.032051404068168665e+01
7.998351288631266698e+01
1.378364735717756275e+02
7.304783934742826546e+01
1.559545546730640524e+02
1.134053127819887976e+02
1.015380766381807689e+02
3.788508912171874385e+02
3.772992123133163886e+02
6.661900571077411826e+01
6.616409554827686179e+01
7.971511056264328943e+01
1.915644952887706438e+02
5.584850099509835530e+01
3.001351193385200986e+02
1.541667311895945147e+02
2.421274167371958583e+02
2.511979403992587834e+02
3.295730354624958522e+02
9.759045382572065819e+01
1.533101509983904123e+02
8.840679934468063550e+01
1.156571202397523024e+02
3.265083142660760132e+02
1.097270706893182250e+02
1.756196625226019137e+02
6.711861661068441265e+01
2.166469980460571776e+02
1.247573454428434587e+02
1.756646474828943951e+02
1.778630130463544390e+02
5.788563958236765927e+01
1.740487438340037443e+02
1.987416729969052653e+02
1.526014755878641438e+02
2.011710441740892747e+02
1.987452569829969207e+02
1.853036894654757418e+02
2.931276408885044589e+02
2.719539178958610819e+02
1.121530668873961361e+02
9.528937314872823094e+01
1.163239779630450101e+02
9.310382682381840880e+01
6.548143069219290169e+01
1.819550678643065282e+02
1.769821706749884243e+02
2.761834926716667837e+02
1.109940587842983604e+02
9.974040651126620105e+01
1.230465057968131504e+02
1.263292452845759755e+02
9.759094122754422074e+01
3.971820559219724487e+02
3.844813140309559429e+01
1.412938294130720180e+02
3.358073907140617393e+02
1.327466607279032189e+02
7.749045538914607789e+01
3.696410543113186975e+01
1.694465901994273906e+02
5.607540965444189851e+01
2.299154254608468193e+02
6.793217022477168143e+01
1.555121354231954456e+02
2.158205490277614160e+02
7.488340801443504802e+01
7.601202235733151724e+01
1.621540499779022753e+02
4.002629085618908675e+02
1.702945117821039958e+02
1.833218649704106156e+02
5.084171453638541749e+01
1.106225120917670353e+02
1.510657686882162523e+02
1.128327663992692464e+02
6.210486050159579463e+01
1.125720424012498881e+02
4.904292508814361184e+01
7.675822495275090773e+01
1.639552858109773297e+02
1.221811112673785686e+02
7.221474884122339688e+01
1.637118658888378206e+02
3.393841183427915098e+02
3.268468803150470876e+02
2.137862710525654961e+02
1.030941515467671792e+02
1.206544604190412429e+02
7.353163675368682561e+01
2.247535568686878946e+02
2.804420744862274546e+02
1.624937149651402137e+02
1.096450530261903111e+02
3.048689744689439749e+02
4.726890286605562892e+02
1.322009700019592344e+02
6.303644942482418401e+01
1.074970412708689338e+02
2.279516579323691019e+02
6.283676766668862257e+01
9.709357867588774127e+01
4.535546532414983290e+02
1.584197921008036190e+02
1.633213715350419761e+02
1.718700308986685457e+02
3.808530077885528158e+02
1.106306365179789992e+02
2.956922225551278416e+02
1.186924267361760741e+02
9.439798236953890864e+01
4.299717755593554784e+02
1.615263267388556017e+02
6.852571055947791479e+01
7.541937832011893761e+01
9.312434779203979929e+01
1.819389812005283034e+02
1.440547808888522354e+02
1.390468093612415430e+02
1.749880414782638809e+02
7.572755249783614317e+01
5.806110267990599993e+01
8.356817701127862108e+01
9.622803414452100412e+01
1.396774511536576426e+02
4.713437705013899404e+01
5.139878053328263832e+02
1.189059091434917264e+02
2.625400036375204422e+02
2.062544123880272480e+02
2.496640338962117198e+02
1.226175715675194056e+02
5.656272826007518972e+01
3.782318046448391868e+01
1.684720568765185078e+02
9.725594070521522383e+01
2.914215702317344494e+02
9.863455805709436675e+01
6.153956706312618508e+01
1.926612914205339280e+02
1.259285265292606368e+02
9.833980480796915913e+01
1.290078432510109963e+02
2.201656013191146997e+02
2.135261820651251696e+02
7.376734760097208721e+01
3.050713065247110762e+02
7.520760761027678143e+01
4.008368335701621277e+02
2.520255792469022822e+02
6.195457244173411482e+01
9.888279881495644474e+01
2.827845224998815183e+02
1.039002770809656226e+02
1.363622389770608265e+02
2.902485286480355740e+02
1.558514735815489871e+02
9.590732304944417308e+01
1.117004232659884480e+02
2.251487655665925729e+02
1.210985672964300903e+02
1.828173437231058642e+02
1.104851971182302748e+02
3.916596920723409880e+02
2.658689819034203765e+02
1.618500758442142740e+02
1.992298998058267898e+02
4.955402791473455437e+01
1.779292069468218642e+02
1.389798955019168716e+02
3.352702501677035229e+02
6.972666096922003476e+01
1.289887681528323355e+02
1.635954690292978171e+02
2.625709286328919916e+02
2.178282417979207253e+02
9.705764007822222084e+01
4.299189784140593815e+02
2.291342897303312043e+02
2.200751063060996842e+02
4.091795124830794350e+01
1.093443050249798745e+02
2.506705580172637440e+02
1.737038969575694409e+02
2.285739177958909920e+02
1.771584660005431715e+02
2.072497862789247165e+02
2.336459116091062924e+02
4.298246331198377561e+02
7.392210172790790068e+01
1.872712912920479482e+02
8.894590178398060232e+01
1.139594496144539306e+02
1.124985453666966890e+02
6.162079104273360031e+01
2.705736469781774076e+02
1.724675158516648139e+02
2.321934219624058926e+02
1.163020930807503959e+02
2.866999476504648214e+02
2.113002297736766764e+02
5.065434759356479617e+02
1.594085115636537751e+02
5.215620308623314827e+01
5.588211540913311381e+01
1.124855895062220270e+02
4.927911820748516902e+01
8.112798717985265284e+01
2.121863328093394898e+02
9.139364255501151035e+01
1.008548512568575006e+02
6.136178154823132047e+01
1.212403665008159805e+02
1.122161607750681895e+02
9.007654950266318394e+01
1.678216900313784947e+02
4.208031730589163999e+02
1.700340538591608777e+02
1.200278891190744019e+02
2.253164083374421693e+02
1.111680125583471721e+02
1.728897482607633549e+02
1.757138599173540285e+02
1.062280476834345677e+02
2.152264536174184855e+02
2.303131385175342132e+02
3.646642301516342144e+01
2.548444582442018600e+02
3.332316355610165033e+02
1.537067532769497689e+02
4.059534018581732795e+01
9.663447167440023122e+01
1.430323030748581346e+02
9.692564299983456522e+01
3.351003483559661618e+02
1.865541183414790964e+02
2.217187312406427395e+02
1.742342159246082645e+02
2.085982000720242695e+02
1.565499118942098278e+02
1.169852959382109248e+02
2.303370179198340111e+02
2.043949582719137936e+02
4.736909824709663326e+02
8.296497652458698724e+01
3.349845747652514092e+02
3.474633486803078313e+02
7.391363647558192440e+01
2.039812543231334132e+02
2.331202446500272458e+02
2.613796663136146208e+02
1.416356464740465526e+02
1.845358128095012660e+02
2.053814563148308707e+02
1.081732699113352112e+02
2.009648470263960860e+02
1.443478112036666232e+02
1.334496450364976283e+02
1.739565373970903579e+02
1.235373012245181457e+02
1.442682701535026695e+02
1.006976035970094898e+02
2.829517659126702824e+02
1.145886173006484228e+02
4.066986038866272679e+02
7.817732916647490526e+01
1.911828485799562998e+02
6.198964460600112858e+01
9.056157129888441659e+01
1.963386160363816373e+02
1.083661316434680089e+02
1.821545631090288566e+02
6.678073701773703874e+01
1.264857003266959481e+02
6.445027048451841267e+01
2.960249562536412213e+02
1.916476770086473209e+02
7.883445788471429694e+01
7.059029299653485623e+01
1.051529834944368105e+02
7.288856298928530464e+01
3.200397433637618860e+02
2.330524483216539693e+02
1.890508328705531085e+02
1.332254347313227072e+02
7.555809271075536060e+01
1.534662786924366742e+02
1.214994991797595816e+02
2.114111872266344960e+02
1.488103824855432151e+02
1.672239275979862327e+02
1.490253949215351099e+02
1.381885641485482381e+02
2.204077884548279656e+02
2.396540100116014003e+02
1.309448127892594300e+02
7.190767759738822917e+01
1.332081380375484514e+02
2.754226569749562259e+02
1.943711034641304138e+02
1.162601115425737675e+02
3.899439704603177574e+02
2.504080199425583544e+02
1.197682860051746445e+02
1.534248304903668441e+02
9.767551711776508228e+01
8.620981471099385374e+01
3.355819837432888448e+02
2.132279090676254611e+02
1.253983897766307507e+02
1.684939727957768980e+02
1.586529369231777764e+02
8.513065021731870274e+01
2.313038571342046907e+02
4.388845790666376701e+01
2.274137900843338684e+02
1.393845984967019547e+02
6.581502122464955562e+01
1.573433404743480537e+02
1.984170893035466179e+02
3.192930422670154940e+02
1.357920545769936211e+02
9.236090018131457668e+01
2.166594709401739181e+02
2.061672906092626647e+02
1.598210077015764341e+02
2.454951211670378086e+02
1.966523864380947373e+02
1.568807689891234816e+02
8.045372628732486930e+01
1.225293183458177566e+02
2.647952593957222120e+02
4.731520543943366164e+01
1.759844362475646449e+02
2.238041248882403238e+02
1.276199453460433233e+02
2.046565709822234282e+02
1.332623439350670935e+02
9.937586401631531885e+01
1.838064373701357681e+02
1.856623743703924561e+02
1.496025806162078595e+02
1.101196156025942798e+02
5.037719130432351022e+01
8.775405322503031869e+01
5.685999790230216178e+01
3.554046996344259242e+02
1.178001146608441019e+02
1.899750697771184207e+02
4.675500413405787015e+01
3.997808981599979461e+02
1.258211798575800486e+02
1.650049733984487546e+02
4.050456922913737685e+02
1.295323286598609229e+02
1.433446316949819845e+02
1.224570116199849963e+02
1.756392748171292340e+02
1.290712953204142650e+02
2.028197670902855236e+02
1.196054054139629130e+02
2.925985195808227672e+02
2.844453624617794958e+02
1.529170158424079773e+02
5.558076113909591953e+01
1.149125300275288879e+02
4.447209017047481439e+01
2.253989800985139595e+02
2.355889131077557295e+02
1.305941441548914668e+02
1.813042352619155508e+02
7.810377463175338164e+01
1.638982079397169400e+02
1.046386111631506708e+02
1.237567348663202011e+02
2.232052376073952473e+02
1.600342706015242982e+02
3.011613315220582194e+02
1.298488060882957598e+02
5.234467635228884319e+01
1.201935896790650986e+02
5.005024030934259116e+01
1.639368888588192874e+02
1.198898408862446416e+02
4.825454813576330935e+02
3.289608559279615179e+02
1.949414237736039865e+02
9.957184127461586343e+01
4.109792159345216191e+02
2.250983441008362718e+02
3.107358404340092193e+02
2.036249146359044744e+02
1.859766998393535857e+02
8.039589671276610261e+01
3.726990246369067563e+02
4.037933951180392000e+02
4.570713072583594538e+01
7.562813252109667417e+01
2.518881182801666512e+02
1.141563542457954554e+02
1.235012583765216903e+02
1.974413074973073208e+02
9.087407747909270483e+01
1.125728046368959099e+02
2.663781556867757558e+02
1.343954474278095859e+02
3.926178793910555100e+02
1.857571956903510397e+02
1.190719665670607839e+02
1.201085673128516049e+02
1.394169212601103425e+02
4.705665523259754934e+01
8.316603174600038528e+01
2.469002053525082943e+02
9.294800121428190209e+01
1.018156813095922644e+02
1.492567027242240840e+02
1.136703206110282736e+02
1.923362402954850268e+02
6.932554670668541519e+01
1.926135320430746845e+02
2.776501997792387328e+02
5.458227992219001834e+01
1.461037755530011566e+02
1.665299289196867676e+02
1.698981512201497708e+02
1.123788056845286576e+02
9.294122464096605540e+01
1.599765026525230098e+02
4.368524938633089505e+02
7.533696149152439148e+01
1.886816695554681189e+02
1.697041184533711373e+02
1.745591739844201129e+02
3.770876208597370010e+02
2.979553247222766004e+02
2.644698361479937603e+02
1.231688250205631618e+02
8.058067912091324558e+01
2.426533655822023832e+02
3.832196447365112704e+02
3.222903216485563007e+02
1.821119469931940671e+02
3.673515838773118958e+02
1.843599281942176447e+02
1.441211302818355477e+02
8.710359550354020541e+01
5.793391011241209299e+01
2.719080722537982524e+02
2.431482610616679949e+02
7.194363203753032110e+01
1.074543665630270226e+02
2.456373990130981326e+02
2.102216036168782125e+02
2.163540352347037867e+02
1.468395459050302634e+02
1.824365272580839985e+02
8.156313564313239795e+01
5.649838971536578214e+01
1.939699180222692689e+02
1.691575293708386880e+02
9.935433411334206255e+01
1.670522542544418911e+02
1.110933511164818412e+02
6.748236994188093263e+01
1.698942452129316791e+02
4.981004816718522932e+01
1.958158620408805746e+02
2.955359429080834275e+02
1.598879042955209968e+02
4.175419115173546913e+01
1.348011398648559407e+02
1.195593773226508034e+02
1.124569949043858657e+02
1.894977571736527011e+02
2.944430517104930800e+02
1.836848065074912313e+02
1.582516117206492083e+02
8.920306322812098188e+01
1.729561820919455499e+02
2.440821815316065795e+02
2.487518223247382991e+02
2.575603581417062742e+02
2.068547742900259152e+02
3.847072614069759311e+02
7.767038146993077419e+01
1.334149642546013865e+02
1.028303533551180777e+02
1.516965362505222288e+02
7.350483703135944324e+01
1.179228859101528855e+02
7.634466227329637888e+01
1.070000312413038728e+02
3.030998670866726457e+02
4.343918083033857158e+01
1.504348141728259804e+02
1.902590775795663944e+02
3.119937485129257766e+02
4.200949111795342787e+02
1.571814220545459762e+02
1.699026899371252455e+02
1.808010457496751826e+02
4.451427192297714441e+01
6.172207945528109008e+01
8.066035606194319030e+01
1.470523861162303660e+02
1.384872009267230624e+02
9.877878920523997408e+01
8.014429093834876028e+01
1.364129741953775010e+02
1.259606728847818573e+02
1.603369579499372151e+02
1.298026400767144537e+02
1.293699478196801067e+02
8.879459435580376692e+01
1.286907677911113410e+02
1.165137483552203008e+02
1.476882851341651417e+02
2.129367443212314868e+02
7.310464340115161974e+01
9.686424174925454622e+01
1.803012951842553377e+02
2.097769305978291925e+02
7.352519023185357128e+01
1.445057989205870683e+02
1.814826564124237223e+02
3.511531509533378426e+02
1.447038344033486794e+02
2.815872077276765708e+02
3.014894231640360545e+02
9.906725397683160850e+01
1.002480478014742857e+02
1.791144660196668212e+02
1.268848013056806394e+02
1.208381999844863515e+02
1.067069695393841897e+02
2.019777660528665422e+02
9.775764134917417891e+01
1.189299204814506510e+02
2.156997510468534642e+02
1.134276801524667775e+02
2.589526348137989089e+02
2.015547420273945818e+02
8.178236628335265834e+01
1.836143298904815140e+02
1.275657959276973941e+02
1.334914398380148555e+02
6.383980619273598478e+01
1.778213981653976532e+02
1.393041555867422687e+02
1.414669813775207672e+02
8.368836537320072466e+02
2.880768372771973986e+02
4.711727777129213024e+01
1.568889276213060953e+02
1.857550027646826152e+02
3.552779644201609699e+02
6.203586753935537956e+01
2.152190685554896845e+02
1.069135538860424504e+02
4.153817076963971431e+02
2.012418794345777826e+02
1.942051354914566446e+02
3.795499582529432132e+02
7.406131048827739960e+01
9.375468135716019447e+01
1.167744596362398113e+02
1.403147331104746627e+02
1.023899625548868357e+02
2.231891728404007722e+02
1.247181429209293810e+02
2.240118122581588977e+02
5.748568645506919239e+01
8.701322401270255114e+01
1.111347805184117163e+02
1.580318649811245280e+02
2.243678639233158663e+02
1.581061551840149093e+02
1.419339485027423109e+02
1.890615351343472241e+02
7.809901113296470498e+01
1.262924262968854379e+02
2.863711282189262874e+02
2.519570054392261227e+02
1.661258573266889016e+02
1.968023352602236855e+02
5.012564160804642199e+01
1.875450697365691610e+02
9.190985203353196198e+01
7.041270965974064211e+01
2.807911138060401299e+02
3.822729638091451534e+02
1.542253697903669547e+02
7.483361425303563408e+01
2.804416338880849366e+02
3.676900686304895771e+02
2.144348785822863590e+02
3.591848560775493411e+02
3.035999346138783039e+02
5.640600142161437702e+01
1.332139391768886583e+02
2.896438366967526008e+02
2.054573123459999238e+02
2.958307969873043817e+02
3.162019503134575302e+02
9.636996704928904478e+01
2.051766845283993916e+02
1.372602731693560827e+02
1.404250503273012498e+02
2.056304098711743791e+02
1.097672163471208222e+02
7.718986682138604749e+01
4.398912121605491166e+01
1.977016141020655766e+02
3.531507545846271512e+01
4.669995261068022501e+02
4.350085233996802572e+02
2.265614645270485141e+02
4.627112964978724108e+02
6.901477735429482152e+01
1.088103747618382755e+02
1.559787534697375406e+02
1.194186623245876859e+02
1.908337160647460848e+02
2.004664174789181743e+02
2.998914070882699434e+02
1.577598577402397666e+02
1.111794847977885610e+02
9.284242545677288660e+01
1.332912492780120033e+02
1.858458034758851056e+02
1.617148710013212849e+02
1.419408803118708704e+02
2.195469593990560782e+02
2.247532193685356958e+02
1.345421631621792642e+02
3.851484437938067913e+02
1.595115023092697584e+02
1.286332469253744648e+02
1.422912736892637042e+02
1.547518375962585253e+02
1.477415070345445827e+02
1.564864285795380567e+02
1.172153672514771188e+02
8.636370089648599446e+01
1.812284680804874029e+02
5.436710655452888119e+01
7.036881164063267136e+01
1.879441058017632713e+02
7.221292202702974805e+01
1.502463414193124436e+02
4.059818930728231123e+01
2.315235184455210913e+02
1.493905443333366350e+02
1.018339298763052483e+02
1.630390292738196933e+02
1.703373381771126844e+02
2.410984870089299932e+02
1.791874855433660514e+02
1.059586344464461831e+02
5.338865239513387451e+02
7.697138255855750799e+01
1.410136291069714787e+02
1.210476435678379090e+02
6.384812417891618708e+01
7.157729243555942844e+01
1.667359131596581960e+02
2.472845567892362624e+02
1.394906083577158995e+02
3.006618744601273647e+02
1.343376315528355178e+02
3.565521904983884838e+02
7.647703923029678208e+01
1.243802551550925415e+02
1.394806711754098956e+02
2.756706763393312372e+02
1.799826648837194227e+02
1.441468084176581215e+02
4.134509320640287200e+01
2.164288174686006698e+02
4.572564668534450760e+01
9.138038516856069293e+01
5.760119774119035441e+01
1.958044051997738677e+02
2.002987488480957836e+02
1.326685554021681810e+02
2.437921176597689907e+02
1.886070146183169243e+02
5.450106671266109970e+02
1.891694574113022611e+02
6.825875747116788261e+01
3.143690285730475580e+02
1.832978967804644697e+02
4.204337355829529201e+02
1.750487770586131546e+02
1.890422839375487456e+02
2.729942582572819560e+02
2.048733557449771467e+02
4.144104651452523740e+02
4.908204734939612734e+01
1.917195570244813609e+02
1.397932298293359281e+02
1.293424988626099434e+02
4.196962215512110106e+01
6.140898449362296674e+01
1.275060604243568463e+02
7.374817677196932664e+01
1.677669644266253215e+02
9.771592215509379287e+01
2.044211357952165145e+02
2.164438411293624256e+02
1.316829037201455321e+02
1.440790060669730508e+02
8.548146561158971224e+01
1.270922000923988406e+02
1.160043023217559295e+02
2.728563031003203605e+02
1.515992386963735044e+02
3.807183714225484295e+01
1.176964924025757142e+02
3.130590356356645998e+02
1.411577161092471613e+02
1.452602279577693878e+02
6.101236281458725443e+02
2.683130932800579558e+02
7.135798922228012486e+01
1.234948221741619534e+02
1.510628534018523226e+02
1.401917838884563423e+02
1.778856572133232419e+02
2.396672456742478801e+02
1.168155742632889229e+02
3.125938773396605939e+02
8.694028164815111381e+01
6.601397029288693830e+02
2.399244397473035235e+02
7.915358254422743300e+01
1.171705035526497340e+02
2.138575791986646664e+02
3.517833894642894847e+02
2.157726201555784940e+02
8.709075805431379536e+01
1.439069389760858542e+02
8.911545686972083047e+01
6.131711370497590963e+01
9.456807361778648158e+01
1.753800677070123015e+02
4.558977535558724412e+02
6.519310374374228445e+01
1.023208747219796919e+02
9.478521374904291008e+01
1.806456183618755063e+02
2.316462068238532481e+02
8.440057414579722206e+01
3.311621929588301896e+02
1.596704759857934164e+02
2.144666691141306103e+02
4.983131131520847390e+01
2.791436948178501325e+02
2.925660084559091842e+02
9.192000099524264556e+01
1.741615029744159813e+02
1.727280965532535788e+02
3.541669949252022889e+02
1.411595751104770500e+02
9.412959898766702338e+01
2.191054640258876702e+02
2.094678994803546175e+02
6.995930375265842827e+01
1.549557965919701417e+02
1.190974219088988519e+02
1.006151868688166218e+02
2.593097180021830468e+02
3.049558914249842019e+02
2.749132966358537260e+02
2.555991080705423713e+02
1.431416013118717956e+02
7.325845797942476167e+01
1.126637325818169018e+02
1.750072695094349911e+02
9.384138149934132400e+01
1.275070236232708254e+02
1.520987113790821752e+02
1.679941387245781641e+02
1.218004731193670551e+02
3.399226895706265736e+02
1.964463141601238760e+02
8.941842429218641541e+01
7.350136946092958112e+01
3.301342742825948449e+02
9.481614207004147943e+01
8.194754664581475367e+01
2.923953511535258798e+01
1.097260506003609493e+02
2.872467388188793507e+02
1.658687225259548086e+02
1.318779918928442783e+02
2.054408774512531011e+02
2.620231661342387497e+02
3.281501730375709940e+02
4.711362630948852939e+02
5.020772789079477150e+01
2.742925400432306446e+02
1.262059235961099546e+02
2.323297197963435963e+02
2.450404123392580971e+02
1.131970011599119488e+02
7.406695412939942003e+01
4.102191389655845342e+02
2.329841508962104797e+02
8.284806785223055670e+01
1.396551277944332128e+02
1.524182744957267914e+02
1.629850646759878998e+02
6.205438226041371763e+01
3.283393327234593357e+02
1.465947008200501784e+02
2.263444020649562276e+02
1.020877099933029086e+02
6.082452582608021885e+01
2.956348790842826588e+02
1.783534471702051292e+02
2.404991523738540025e+02
1.060293987019694697e+02
1.025562212400350717e+02
8.221521257999251020e+01
1.816058736335247090e+02
2.687245014442527236e+02
1.786641862027527168e+02
8.426015965726818990e+01
6.912033395888086318e+01
2.595415341964888398e+02
8.987506092360412424e+01
2.549500659751187470e+02
8.014772505044044237e+01
5.061704472369124233e+02
1.396178972599838914e+02
1.420761448626275865e+02
3.717822059742223928e+02
3.619437604865071734e+01
2.462691100832772975e+02
1.123943054607050840e+02
7.049585371462931960e+01
1.273729301242459542e+02
1.887122018050122847e+02
1.243334182351066062e+02
5.402256357922842511e+01
1.673878402398575247e+02
2.533407865463365454e+02
7.600644038084794829e+01
1.768677607109424343e+02
1.956089276253358946e+02
2.245363708079964056e+02
3.020670737141454651e+02
7.762176356183874759e+01
5.674155372489906313e+01
9.291553530013527507e+01
1.162694644199583394e+02
3.914829382197573295e+02
7.520017357753926035e+01
1.847228993605559140e+02
1.088981619596203672e+02
2.544321107001774180e+02
1.522588216194004360e+02
1.076053194109200035e+02
2.160166368460734532e+02
2.216627682266440047e+02
4.142314079746925586e+02
9.814456312284124806e+01
8.206453345301275704e+01
8.290802217239313165e+01
8.505147733283182276e+01
4.740759447811738880e+01
8.497572305806124859e+01
1.867481345480427990e+02
1.706042623934833387e+02
2.076974480854678404e+02
1.284786018072714455e+02
1.640868895094401125e+02
6.317826999875804717e+01
1.577519611079281390e+02
1.755904477602088321e+02
3.657131117132174722e+02
4.755921374064151763e+01
1.018985064513298795e+02
2.257826694124405833e+02
6.487396488009450479e+01
1.986087023933718001e+02
1.141440025749055849e+02
1.380597010927528743e+02
9.616516325070959681e+01
1.270181487426588802e+02
1.076714982173610338e+02
2.022142849225377290e+02
1.289511426413107245e+02
7.974563689768702091e+01
2.412506393370797184e+02
3.930916342243061763e+02
3.013183326563305400e+02
6.211145947194192729e+01
4.881564970459940156e+01
2.417425423423695179e+02
4.151453138705251433e+01
1.266358102866426378e+02
8.364970141865299524e+01
1.081205786954318683e+03
3.133092656472773001e+02
6.698300301117039623e+01
1.029489317791550889e+02
1.168090731055909259e+02
1.253995735825436526e+02
2.390076251091603297e+02
1.724034227849273861e+02
1.997675365766882294e+02
1.699944727319855531e+02
1.637666538242141598e+02
8.154921996336295820e+01
1.105622973667663018e+02
6.757704133683556336e+01
1.296142889063231110e+02
1.957763022837332016e+02
5.405280753851391040e+01
3.406011064460318494e+02
2.957095780312369016e+02
2.896960265820481482e+02
3.381830375758347031e+02
1.174226307311252526e+02
1.533452333672519785e+02
1.711577430823563191e+02
8.615246833427283946e+01
4.657592255841378659e+01
8.556487073328024451e+01
3.243611704758486098e+02
2.192571502537576578e+02
1.012769101219921595e+02
1.521732550602729361e+02
1.275530060985935137e+02
9.138481046183839851e+01
6.663375321469358425e+01
2.862165986846383134e+02
1.128222436371104891e+02
1.172822944284249758e+02
8.416641784058492703e+01
2.676419967641362518e+02
2.868978792316725048e+02
1.329050549304404285e+02
1.599173443788575071e+02
5.825785819218580741e+01
3.106142254222334032e+02
9.407555178375879734e+01
1.459014371505085705e+02
3.542546689425174833e+01
1.804501309418890287e+02
4.428917856089250336e+02
1.194924975510134146e+02
1.355789346185272564e+02
3.445441617533218164e+02
1.148575521034733669e+02
8.797694715486619543e+01
1.691527208252686592e+02
1.768269891700138885e+02
1.301245857160606647e+02
9.938000072293615972e+01
2.315024527206392122e+02
7.476109117733034282e+01
1.151634224471653738e+02
1.756325014591482159e+02
1.896420648965849125e+02
2.108405926749525179e+02
