4.096562827861932732e+01
1.255330324721256403e+02
1.304581180308049113e+02
1.265516991261066835e+02
1.080094389708156228e+02
1.700193121379091394e+02
1.911294214422113953e+02
1.416126488061166526e+02
1.600894737309703828e+02
1.466967036457010636e+02
4.091032614367049405e+02
1.817509627429053580e+02
1.821564134379435416e+02
8.453810552557509084e+01
7.215152635677330295e+01
1.276434546977904603e+02
2.154519818425297899e+02
8.135630737222189168e+01
1.050647344352593535e+02
6.182469092315804460e+01
1.130222307672914610e+02
1.133012399947623265e+02
5.323315760436679511e+01
1.046817628294032687e+02
6.808198119733226861e+01
2.308341824814211520e+02
5.560016744303528924e+01
1.918967572587679911e+02
1.884170623487935643e+02
2.506983932262123176e+02
2.743253814464348466e+02
1.306196912164043056e+02
1.184456292663425927e+02
1.303461533026754751e+02
2.954876577678310241e+02
5.046677668239793491e+01
2.485105378118075805e+02
1.109925385029548721e+02
2.220638583614812660e+02
1.144843757066537648e+02
1.476641810014619978e+02
8.311324221680810354e+01
8.226179445531381873e+01
1.937166534354503256e+02
9.415335941443795775e+01
1.521763768898382239e+02
7.461214472620781635e+01
1.918109754631169039e+02
1.863093338663418024e+02
2.236903696762843765e+02
1.357535934722271804e+02
1.034333004634165007e+02
2.049037561796561135e+02
4.763291010208275367e+01
9.436231709943992030e+01
5.091232837462312943e+01
1.162061943435919460e+02
1.311101734234030687e+02
1.821880974887141917e+02
1.476570307360059928e+02
1.718118387617408871e+02
5.892996045536601457e+01
8.487376792543368254e+01
2.021714402947585825e+02
8.025069737956380322e+01
2.917390168280044804e+02
1.524211147683791978e+02
4.196013121844205074e+01
2.390489016392353960e+02
3.868049902436527532e+01
1.031338347577782457e+02
1.456743455813217736e+02
8.658305184397097776e+01
7.480266221454698439e+01
7.043876668584368872e+01
2.229619758972229988e+02
8.988121611409235356e+01
1.256996718178691452e+02
4.550960029294493836e+01
4.805085620881833819e+01
7.679773356258370143e+01
3.704536426244084169e+01
9.639164860290011916e+01
2.038907007914464486e+02
3.032982428549111020e+01
8.249017467879708931e+01
7.026157331909946890e+01
5.341469007638521305e+01
1.359030229832349050e+02
8.554208168317151717e+01
1.440832690834968446e+02
1.812158405109709349e+02
2.112116420821799636e+02
1.218017880320451241e+02
5.677994368879968334e+01
4.426196367728378789e+01
4.749850878089316097e+01
2.069771445363867031e+02
6.421407796776759369e+01
4.873172723910208504e+01
6.366371706383031182e+01
6.274571768281600015e+01
7.099630188524902508e+01
3.568599734340441643e+01
2.274338139320001915e+02
2.629706593774079693e+02
1.005636913322929331e+02
7.745774402201882936e+01
2.024943254581048393e+02
2.111785033514631209e+02
2.049208683277841772e+02
8.349564944583302406e+01
5.856381005007828122e+01
3.327051960594443614e+01
1.546653757753066998e+02
7.661964865418714510e+01
1.018260334826691604e+02
1.034182619976294859e+02
1.118168098376561517e+02
6.513211398747681358e+01
1.261385501849117645e+02
1.738145890895756338e+02
8.666897789448157141e+01
9.642017464242492508e+01
1.261309517417980857e+02
8.019948795247908890e+01
3.073233154256863600e+02
1.858377324871659937e+02
9.894307474928821478e+01
3.408974438220524803e+02
1.361440484819403878e+02
2.007752634520217043e+02
4.723235563166119846e+02
1.701059949695560078e+02
1.449082453671042288e+02
1.196754844604171524e+02
6.681777670354857435e+01
1.045204725660919678e+02
4.541128656174020506e+01
5.119779903420596412e+01
3.957171873827990680e+02
1.389025160013917741e+02
3.951118646006062818e+01
1.011447232942943373e+02
4.947454352637407027e+01
1.851823070734773751e+02
2.310335436203035613e+02
1.042542870164811433e+02
2.054928523990290330e+02
1.048157344645515963e+02
3.399589501844902628e+01
7.042759823319845225e+01
4.252224029104399250e+01
4.696737530684096384e+01
4.705611592322843251e+01
2.300464397066176616e+02
6.328776710042077980e+01
1.103999613866317588e+02
2.089772691989186058e+02
1.089879039953579820e+02
1.807119674551795185e+02
4.460901950551613737e+01
1.050032709891312948e+02
1.384091423724333083e+02
4.796797857522291508e+01
8.649303194938052286e+01
7.945922587653691949e+01
1.677520947094004100e+02
1.174050886753955183e+02
1.217131118765579174e+02
5.549444661345657437e+01
3.958104550682849521e+01
4.940321390867514140e+01
2.118036491469629254e+02
6.134314272074198726e+01
1.347267843532670497e+02
1.187560163962879614e+02
1.216495133750545108e+02
7.282237000974835439e+01
1.115083187297206706e+02
4.792913916029042554e+01
1.037645612750794015e+02
9.050238228097096282e+01
1.718953785000341270e+02
8.413148856565514677e+01
1.133252217075004751e+02
6.928698782411230184e+01
9.022049104713553902e+01
1.152609059184253653e+02
1.655478573146192787e+02
6.722932417709994013e+01
6.954232970994330287e+01
1.944782217617925824e+02
6.849231964648600979e+01
1.990799911799097970e+02
8.694499830654308425e+01
7.057956399775099499e+01
3.626400717157054032e+01
2.374213443749302428e+02
1.673976782166343469e+02
3.542017879669056413e+01
5.118834410431325210e+01
6.138109215353407677e+01
1.006759088943450138e+02
6.579265371180922273e+01
1.480116660671325519e+02
7.015468009307274144e+01
1.299375148720745869e+02
5.570915949320306737e+01
1.148872867799780835e+02
3.743486178578358903e+01
1.783665750844983791e+02
7.240785715434851966e+01
1.197834627598782049e+02
2.065808559315907189e+02
4.777016506199584711e+01
1.793538808964756015e+02
5.599606694594125855e+01
6.638086620449765007e+01
1.043295371580201305e+02
5.954294466885252746e+01
6.950783905095120474e+01
7.515910403722010358e+01
2.000480244355674984e+02
1.758089873939098311e+02
3.614178407191128883e+01
1.732427563878538024e+02
2.537399994405250254e+02
2.804656216982075989e+02
1.892838228987888272e+02
1.931912084899722117e+02
1.764601450193325434e+02
5.589199434161128011e+01
2.419906474471818285e+02
2.902461680951184917e+02
5.199698971946595094e+01
8.289158381823709476e+01
1.090037434276933936e+02
2.025073418326711874e+02
2.434231131292856674e+02
5.783011781707041621e+01
1.458047366251120138e+02
2.194113909749877394e+02
7.195724970560941358e+01
2.262463906093529715e+02
1.986827646845456741e+02
3.206529174610739119e+02
7.062305666625827882e+01
2.501144061237635796e+01
1.474987620831597326e+02
1.532943820543674747e+02
6.756381659154382646e+01
1.694638524185509425e+02
1.272083344057726038e+02
8.730499727285014444e+01
1.074410407408787762e+02
4.737552705572004470e+02
6.632991642364864049e+01
8.385506737458872806e+01
1.093793347093025830e+02
2.304068115751243795e+02
8.349903812384479806e+01
5.652513946885994045e+01
5.666436928081323288e+01
1.933569423917396648e+02
1.147710008922502709e+02
2.188877577496096194e+02
1.964966715176495597e+02
4.891948928686522891e+01
1.449811822116201938e+02
6.137912428180742097e+01
6.904905780383873548e+01
2.784560714613185723e+02
6.498785666283718854e+01
1.145889107499601209e+02
1.828085311104662765e+02
2.535492864264020341e+02
3.429181844634752707e+01
9.134679093301687658e+01
8.265899480674208633e+01
1.162400460634803920e+02
7.972813075557377260e+01
2.383513052720443284e+02
1.051998654688049015e+02
2.585595873266671560e+02
9.065920693602234337e+01
5.183197570356841766e+01
1.920149713938641867e+02
8.922847175320764279e+01
2.672964166295213317e+02
2.290963940191740278e+02
7.082117336854494738e+01
6.234208185482726350e+01
1.951935441596926353e+02
7.298000567556002238e+01
9.811703164990109372e+01
9.115983422413785320e+01
1.258387114810753076e+02
1.314783921251463141e+02
1.279455203979708244e+02
7.065460224921024235e+01
1.279589069866023863e+02
1.454842365139707852e+02
8.964812817564971681e+01
1.948422554041469823e+02
9.611209401985750844e+01
9.903564348504924908e+01
6.706666329902364510e+01
2.612298059607725165e+01
3.932098078845333475e+02
2.871514260798353462e+02
1.543524964886739212e+02
9.255912741537201782e+01
1.563912875856997289e+02
1.021064603103534125e+02
7.750477220651640664e+01
4.336254060970740625e+02
5.588104070266004442e+01
2.329810908780644354e+02
1.272946664613612455e+02
1.033969634127059010e+02
4.327149035890728612e+01
5.032116839293770028e+01
7.099946019109222561e+01
1.046555181750742776e+02
7.287683993071195232e+01
8.194118034512013082e+01
1.155083793495527260e+02
1.004794749910447820e+02
5.926724678758453280e+01
3.689290116088827887e+01
4.493382186627807329e+01
6.193796750736779444e+01
3.412659516251390812e+01
1.064925512642176102e+02
1.293570201521655179e+02
6.918405546320549604e+01
1.160233288513206844e+02
1.740483666726153444e+02
1.031329263157656868e+02
1.738000594851513085e+02
2.332964376227559740e+02
9.448230261748672376e+01
7.009705216385513893e+01
1.139765940947838487e+02
6.072689656457714591e+01
9.085706233223757522e+01
1.647644956951885149e+02
9.138155596944729098e+01
9.599278694724796424e+01
9.931974704667874221e+01
8.966851989197515138e+01
6.764433084265176888e+01
1.046495996567474691e+02
9.060072692541380945e+01
1.282763979435469821e+02
3.931766292179838018e+01
2.482657260025123946e+02
1.784587538086662732e+02
9.533858440925376954e+01
5.147864659844461244e+01
8.789568321530539663e+01
4.506865684491278756e+01
1.202213421169080050e+02
1.865625133284684125e+02
4.175237149043070417e+01
7.514757874345190203e+01
1.309444981386382949e+02
3.993686821254740948e+02
2.430504730005523584e+02
1.080080371258138001e+02
1.503178427077133108e+02
1.171043160687274280e+02
1.661850645637941284e+02
1.382701775558443842e+02
1.600498720549013569e+02
1.937050986123871894e+02
2.656946712785189106e+02
9.763894763619592254e+01
1.003869440295156750e+02
1.620119963386653978e+02
9.358349167277708602e+01
6.209738269769678709e+01
1.487673219151171224e+02
1.381615322389360188e+02
1.330672608433536084e+02
2.320517689212892947e+02
2.278058396190463384e+02
1.110235895379178714e+02
1.016404868259906493e+02
9.866697988835485944e+01
1.094729711910750041e+02
2.886520036082964680e+02
1.057739441083620306e+02
3.934900084852746005e+01
4.965253156818147318e+01
1.853720838304521976e+02
4.341674708005583625e+02
1.007659689110352730e+02
4.726180236386337441e+01
1.000532689615261432e+02
4.192782130808309660e+01
2.449841550899731146e+02
5.351390800945929271e+01
2.847806164528540762e+02
8.355914489870053785e+01
6.607096432152748378e+01
3.800174766866712162e+01
9.634946381649487535e+01
1.934548880746320947e+02
3.565121059212784616e+01
5.544984600680582076e+01
2.158018124822675361e+02
9.257549101436676153e+01
1.288801638186464231e+02
1.446979042831247284e+02
4.624508940638775556e+01
5.424441204733414423e+01
5.420329664073455689e+01
5.691727380879337517e+01
9.050926560646456664e+01
1.281708716734478344e+02
8.523739533347901443e+01
1.249238076063958829e+02
7.942532343635292591e+01
2.372758693878328984e+02
4.029977156000671101e+01
1.040505321000033092e+02
3.890316542433170355e+01
8.093459004941244928e+01
7.847170646428136820e+01
7.128443372190514538e+01
1.229375834033088353e+02
1.162464288335074940e+02
1.233114415827998727e+02
1.058605115756425903e+02
3.786639617804225111e+01
1.566608001281593658e+02
8.976913955995388505e+01
3.075750439536631688e+02
9.449472904343413404e+01
9.544833391985179105e+01
1.429423450488765752e+02
5.473531854360702908e+01
2.343007111462095509e+02
7.472978900846030115e+01
4.993144766905867726e+01
4.784250894094389537e+02
2.507929408572043144e+02
1.047461114227008778e+02
1.328325562579320831e+02
1.373730499034321610e+02
8.890449682081762717e+01
2.468824115828151093e+02
3.744370923210801294e+01
1.887292754821399967e+02
7.285518889656964348e+01
3.443637140198674160e+02
5.933358347685915390e+01
1.191199617480004918e+02
1.544694999344835367e+02
1.258840435701253142e+02
1.047982965918550207e+02
7.768234594168586682e+01
1.887197929353696395e+02
1.044406841947406974e+02
7.742057352712765805e+01
1.449753436912579332e+02
5.559741152027049083e+01
7.970651469235680509e+01
1.105803188744472720e+02
1.040556143747634223e+02
1.224771643550263036e+02
9.002194513726277592e+01
6.025050749083232660e+01
1.767833588459165526e+02
9.044975950819460309e+01
9.990289161372361093e+01
7.744499780632482100e+01
5.240150520364552733e+01
1.187251405923164498e+02
9.448745843435791869e+01
4.377834187232161867e+01
1.440569611190331329e+02
1.168619877587146476e+02
1.007717919303006227e+02
9.386405774912641675e+01
1.220692489401062772e+02
9.916647647707151236e+01
1.394841649317426402e+02
7.661581951383581668e+01
5.582055942240997126e+01
7.963079011678536290e+01
3.481245502808836250e+02
1.897686485000557468e+02
9.945540811826374750e+01
4.183163366016120932e+01
7.619343108412027732e+01
1.796161848718619751e+02
1.754204866743118316e+02
4.226134726813069165e+01
1.349056486004708404e+02
4.431020272786837211e+01
7.653860526531521202e+01
8.774690869063672949e+01
1.455620781766630216e+02
1.210225385272772485e+02
2.072800055403306487e+02
1.846295212130903280e+02
1.495904397257280607e+02
1.224710217854650409e+02
6.192560362386209505e+01
1.018017703058966674e+02
5.035258726243979055e+01
1.335972857422983395e+02
6.922223215327022672e+01
1.176718478865493012e+02
9.830268619710507494e+01
1.232991275707318550e+02
1.556879319744290058e+02
6.599940387222376614e+01
5.576520273982048082e+01
1.482241871396179249e+02
1.105263605303857730e+02
5.906914489082619468e+01
1.960103521683732595e+02
1.546748559341942837e+02
1.078728099689673741e+02
1.576851346163577716e+02
3.120131044662420194e+01
2.705063650083077960e+02
1.532624701789460744e+02
1.070813005086917968e+02
4.227313867464100383e+01
1.623452579627814032e+02
1.608384936810294050e+02
7.732432343077975645e+01
3.864561453012348835e+01
2.051654367658347837e+02
1.114163474806023544e+02
1.702515599802121642e+02
4.599856168979506776e+01
1.493383003765339652e+02
1.009871242559301834e+02
7.342328316039923664e+01
1.399350335305010731e+02
1.190006067917040582e+02
5.529158378456938294e+01
5.676156004553191536e+01
9.543604752695657112e+01
1.968699338947926947e+02
5.878156166114158054e+01
5.268928635000057170e+01
2.201306973521571990e+02
7.073279004831832140e+01
5.230448829013950984e+01
5.303133179572235889e+01
8.631311986396445946e+01
1.337116119614753984e+02
7.315300557863938025e+01
1.643237812518092653e+02
2.177556209773241847e+02
1.064625526328215130e+02
8.726557788847718200e+01
7.883203636158363281e+01
6.340409209537050828e+01
1.009917781058179855e+02
7.239431794968977840e+01
9.189356069299992669e+01
1.394165843221200589e+02
1.922379271118144004e+02
1.343980401277283079e+02
1.251883163943013102e+02
1.204024486756647860e+02
1.841217005267083096e+02
2.659375556553599722e+02
4.482384229440605594e+01
8.978433144345554240e+01
1.098030923872245523e+02
4.818031704287583494e+01
8.561012997476817077e+01
1.770865692320886353e+02
1.956121202382505828e+02
9.616319278518506053e+01
1.225255396451454715e+02
6.054949109580785205e+01
1.299233261398505590e+02
6.475827814460680543e+01
1.532115304666334055e+02
2.252115785195086346e+02
1.071144726737984030e+02
1.667396422651198975e+02
6.807527371883331568e+01
8.673782975002980322e+01
1.817913346937154699e+02
1.299121030895248623e+02
1.006519464953329646e+02
5.506280148555892850e+01
3.551695185343925942e+01
9.777848607618265930e+01
7.232769874301182256e+01
6.860164270378906792e+01
6.971758840359790099e+01
1.554993795577595961e+02
9.398274840005102249e+01
2.212673069326428390e+02
4.829067552652244188e+01
1.447002261449207765e+02
9.237494612240604397e+01
1.293569190375252447e+02
5.974042247612271694e+01
1.453291975468765145e+02
1.001962314691582634e+02
5.478376183759261409e+01
4.925318836872377659e+01
3.929468582964031498e+01
1.151149116574009099e+02
2.551268915225359635e+01
9.271296896487082506e+01
1.036829693574285614e+02
9.008618836945230157e+01
1.209826711234924090e+02
8.545089751977971559e+01
2.229161121279425402e+02
8.847939779503326463e+01
1.287724538708044122e+02
9.738714692480489532e+01
2.598401866855499520e+02
1.137034837706784742e+02
1.338028120975862407e+02
1.211438267380417386e+02
1.598353207237438198e+02
2.084615287659429725e+02
1.371208875185537863e+02
8.325923981947688901e+01
6.784261005728855309e+01
6.066366419963118517e+01
1.723443772578569337e+02
4.365378425098298010e+01
1.309397274330507059e+02
9.194262322173273105e+01
1.619849381987750121e+02
5.574919257035355713e+01
4.786894871853509414e+01
1.353102067871867007e+02
1.309439779412913367e+02
1.844612065533829082e+02
9.656976895796350391e+01
6.029653415674391681e+01
9.459730445149074285e+01
7.298360015176245952e+01
1.729957334861916252e+02
8.966011288914171473e+01
1.399481956923821713e+02
6.701959141716076829e+01
5.865860844593490953e+01
9.064895633108650941e+01
1.602948919395261100e+02
2.266277791639585644e+02
1.620456799576012088e+02
3.522290296650891150e+01
9.013899639349868664e+01
7.261210018981651615e+01
2.082912171588918966e+02
1.718403739837424951e+02
6.312983113567451454e+01
8.675599462035913234e+01
1.909799015341318125e+02
6.190133085403150659e+01
3.175293849065688505e+02
2.506434971313354652e+02
2.121218081351815101e+02
8.413006668768953489e+01
1.204654351280366313e+02
8.330853148151453524e+01
4.765518015980362776e+01
8.485940988611861258e+01
8.875681437776422911e+01
5.573231669882317618e+01
8.893061429083275016e+01
1.230182054827736948e+02
7.918801952048971771e+01
6.535319711034000534e+01
2.100611506512077256e+02
1.163995902384200321e+02
4.897486556402616742e+01
1.531025092471732592e+02
6.143175938429609317e+01
1.953104599313958829e+02
5.000681487639159428e+01
8.497166905912773416e+01
1.319347044723349995e+02
1.125240337359454088e+02
1.341598983096330926e+02
8.361160843659436637e+01
1.617712900042303374e+02
4.821148244184691123e+01
1.014915083473233182e+02
1.008149231319488450e+02
1.185056859881784703e+02
7.508410016333670001e+01
1.076317062270195350e+02
6.661245871933178364e+01
5.194366651941247426e+01
1.710907094386886911e+02
5.084873372730039875e+01
1.661266602969969597e+02
7.435220147300269389e+01
2.210813627726380162e+02
4.694888022072471045e+01
4.938673543426892110e+01
2.861170935414418750e+02
1.467238775339667143e+02
1.806389219289712287e+02
7.548494880230092008e+01
3.007617433868534818e+01
1.083226018524590586e+02
9.364101497037012223e+01
6.628756179689216310e+01
1.123400859484625016e+02
2.561216558226994948e+02
1.918997711399486832e+02
8.564063998852084580e+01
2.351392239134966360e+02
8.816766180974494205e+01
6.177655720013874685e+01
2.618855763164556265e+02
8.572805292293666923e+01
8.468116136010569051e+01
1.139607690595130833e+02
1.063594155883357928e+02
8.527114209994572036e+01
1.916892182015278934e+02
5.213328762164257313e+01
1.110482269347211712e+02
1.147785429574352349e+02
2.174302212921433295e+02
1.697200809582251111e+02
4.583251244294369542e+01
1.003262638970540195e+02
9.213936782298399919e+01
5.696395193690173642e+01
5.441172031405145759e+01
1.082556716889285440e+02
1.405968534169624036e+02
7.170165962437884843e+01
1.847983104288178993e+02
5.919451583521247784e+01
1.300604275161689429e+02
1.832645611355335973e+02
1.035582211630885325e+02
8.781951581904039017e+01
9.736120651254984182e+01
1.983295418783328330e+02
9.354899654781780782e+01
7.870999490326195769e+01
7.788168822175066452e+01
2.295151301289939454e+02
3.105338547739927435e+02
2.202783517680031480e+02
7.734362154108143272e+01
1.489063907712357775e+02
9.744349782245149072e+01
1.379831926924618415e+02
1.318853880653608996e+02
9.190385574784959033e+01
5.254298672610482157e+01
6.985841859849402624e+01
1.513063474614965571e+02
5.492857998702480415e+01
1.868531132572013291e+02
1.090019114794333177e+02
1.986537652090739243e+02
1.111621633666362641e+02
2.390895281408311632e+02
8.599564984894023212e+01
2.309596954251050249e+02
8.959581473974887444e+01
9.425788629597951740e+01
1.297491059939731315e+02
4.791543315659685476e+01
6.673619918790009820e+01
8.925695537421233894e+01
1.185725612953043822e+02
6.076356932908783648e+01
4.833827910503431724e+01
1.776574631791299055e+02
1.148279857268293540e+02
2.348319620942819199e+02
1.702575962865892905e+02
1.865365343214849361e+02
1.098810028748400782e+02
4.671362872819973973e+02
1.250729489877531790e+02
8.513026399692604684e+01
4.439957399790248616e+01
1.943205123057328478e+02
3.250828741234643076e+02
4.455196901065861681e+01
1.052762428108414667e+02
5.207470286814164240e+01
6.066851021157710022e+01
5.593394171971990403e+01
3.962742193696874438e+01
5.979160013909960725e+01
2.195845149794244833e+01
1.035176763753362223e+02
2.175268403808247797e+02
1.775103701479138181e+02
3.257341401519303190e+02
7.080078508898678535e+01
8.850376408333090694e+01
6.968289973493740774e+01
3.188416362052839403e+01
2.657095916110986309e+02
1.010125080693944284e+02
1.794492228489176853e+02
6.561140380570154207e+01
1.147783177408007163e+02
4.620623658721421378e+01
1.109492993432547507e+02
1.578888134447092000e+02
9.526800128965352599e+01
1.602317946109246805e+02
1.386117953572326940e+02
1.058914420777608001e+02
1.640574901793928575e+02
1.255808334687964134e+02
8.193551263720127054e+01
1.773998615369477818e+02
9.821829113212886853e+01
1.379313588987943717e+02
5.462992202625787286e+01
2.089636663958769702e+02
2.400549063319896348e+01
1.094321593968820281e+02
1.519168481698498852e+02
2.299747124592705347e+02
1.318487757008069536e+02
5.891227093718627117e+01
2.854323095756605611e+01
7.410945410733557992e+01
3.866256706113312447e+01
8.707131499241195627e+01
9.892317147649292508e+01
6.217172878957973836e+01
9.204444558409056754e+01
3.505601725019690207e+01
6.772900928846867430e+01
1.128040750130951579e+02
1.317268887403489259e+02
1.950822671874935850e+02
1.061995988427524367e+02
2.564650331498530704e+02
7.861599609204799322e+01
3.741870940050905858e+01
8.160106110684463943e+01
1.141420864045406489e+02
1.057681251600622971e+02
8.436457184543633048e+01
9.791375296331870004e+01
8.794401751239237797e+01
5.674939798113651079e+01
5.553332735935847353e+01
2.736046687557771975e+02
5.755599412572767193e+01
8.149544543345184877e+01
1.390211718136964123e+02
8.795461577501569650e+01
2.473838348557668212e+02
1.356210782744768437e+02
5.892615564332623990e+01
1.443039124966923339e+02
2.386435473357470016e+02
3.525658631623571893e+01
9.985682954493577768e+01
1.381440753639103605e+02
9.466692764710109032e+01
2.257456381587317367e+02
1.494787173823305011e+02
1.174643029053725627e+02
7.581024130232643188e+01
8.728178269118672006e+01
9.159277813161916981e+01
7.157222024370551594e+01
7.745022242914446053e+01
3.698993519082852544e+01
8.191454740010304647e+01
2.816011743566173209e+01
1.315933141332658920e+02
1.398988105055916833e+02
1.319504113852115665e+02
1.779691005320115664e+02
3.863873839174584646e+01
6.004574895737663809e+01
5.275529647176475123e+01
6.749896356079241855e+01
9.926761755865128123e+01
9.356668833793536066e+01
3.188508839898483416e+01
1.656299240173294152e+02
6.221094988922762781e+01
8.054411731503012106e+01
8.210888668295942239e+01
1.353615388115700284e+02
2.629212998999977344e+02
6.171455367910004242e+01
1.613853076686025361e+02
9.986383879411064868e+01
6.573711752318067170e+01
6.918617907647025334e+01
2.638665216837462708e+02
3.311853997295407339e+02
9.666708806926230579e+01
4.452684080747027906e+01
9.680989754709978001e+01
2.853783346679942383e+02
8.702554893223181409e+01
1.620807102211858819e+02
2.380044450193395846e+02
5.848442844602494972e+01
4.199049365556043654e+02
7.230187667665232709e+01
6.725624656352900388e+01
8.217624643942619400e+01
1.737756520132936089e+02
5.082615181666338344e+01
1.602532616377748980e+02
7.087897249611910411e+01
1.933179469035667637e+02
5.988636118529888819e+01
7.492718436341218080e+01
9.240667152811091967e+01
4.032368453670238182e+02
6.031355433924510123e+01
2.693350478775249712e+02
8.975305631663849226e+01
2.222683061669988831e+02
2.280743218857514876e+02
2.281086067566028817e+02
1.255279524075950235e+02
2.204575665731874210e+02
1.513568083539460929e+02
1.001897340275103261e+02
7.578818998837407150e+01
7.853968474718067228e+01
9.736395053908964314e+01
5.465389023480097563e+01
7.299740988304385780e+01
1.355624847847254557e+02
4.371965739552851460e+01
1.830838760030733567e+02
8.187060640004128231e+01
3.060680132025528337e+02
1.661570077545460151e+02
9.021380840862252626e+01
1.211446641396223214e+02
8.365739967520890730e+01
1.188226897353482912e+02
7.195230044677705905e+01
7.970072658968392432e+01
4.612806203966457019e+01
1.396905526093247261e+02
1.380726013047197682e+02
7.133380958166051755e+01
1.006773048894969804e+02
9.740407196498127007e+01
1.321353362197752688e+02
8.681736995057077877e+01
1.072949687883675125e+02
5.609267758387358782e+01
8.460312862751555940e+01
3.718834106259607353e+01
7.816624460539614461e+01
2.368238854716178423e+02
1.061792508698244006e+02
4.311463877136775125e+01
2.198008472939619082e+02
5.637650840773770256e+01
4.781733083327695510e+01
6.726605142766753431e+01
8.091887442852700474e+01
6.870053326163372276e+01
1.135412514019488981e+02
8.118028944561589810e+01
1.211885827383180185e+02
3.056341542988061519e+02
3.826642546754329999e+01
3.835569715280242917e+02
5.631601152625122353e+01
1.475888653738429639e+02
4.054044399210597476e+02
1.153613492414683748e+02
3.880652231031968569e+01
4.868267607118612261e+01
6.907091172438732940e+01
4.403879194141205033e+01
5.809762380612145449e+01
1.083089574342047143e+02
1.167524257978570716e+02
1.149121345084694354e+02
1.637430861387948937e+02
1.712103591245412701e+02
