4.422254908055791134e+01
1.021393374687711315e+02
9.225839050734217039e+01
9.475699302705511684e+01
4.741734297545695398e+01
1.539904169644697163e+02
3.683116149708478559e+01
1.360513766072959072e+02
3.128050907706139583e+01
1.158348303174193603e+02
6.672732681997514703e+01
3.540223056792770961e+01
3.251981901598743718e+01
6.710043282756835481e+01
5.435969031921645467e+01
5.106120806435593806e+01
4.802700049165722618e+01
4.923023128858162067e+01
1.271071563736037291e+02
5.655539571555797806e+01
2.393737209851196326e+02
7.462457223380258142e+01
5.618542613889424331e+01
1.042485793677926580e+02
6.884656007564915114e+01
5.297783180872824715e+01
9.310038195851180376e+01
3.957517306586613159e+01
2.987399606174415823e+01
5.098053469746329114e+01
3.991103810254119821e+01
3.543480028268987070e+01
1.050733765211945894e+02
2.229736370608732443e+02
6.306927053734428767e+01
3.587426199467557808e+01
6.896268659776539778e+01
4.786825433696246535e+01
1.596120311356587820e+02
4.895805973238551445e+01
5.405258201251863426e+01
9.018863105236468414e+01
8.095910066336675470e+01
1.810477606517625588e+02
1.012489594172052705e+02
3.455216505406533400e+01
9.554492849425059831e+01
3.730052434482814760e+01
9.296239958523345592e+01
4.421140007820801543e+01
1.014020501014809810e+02
6.489740850980523135e+01
3.075301708810802097e+02
7.873312187638309467e+01
5.393297293760032574e+01
5.710930186850261947e+01
1.363197468716828666e+02
4.264545871242840747e+01
1.140454295630837436e+02
3.548074196122971813e+01
6.208049099305400631e+01
5.730494592553971245e+01
4.507310691571244377e+01
8.285345230691569895e+01
6.825346482457318587e+01
7.599420518522261148e+01
6.359081758816351027e+01
1.836152004564908395e+02
9.014828471055210457e+01
6.877670668479458982e+01
1.014249248603016866e+02
9.353669789857795536e+01
5.447444766565958929e+01
9.366632096669047769e+01
1.317290427981998278e+02
5.886091472599093777e+01
1.446104792235631180e+02
1.225781488739119567e+02
5.835485985222005212e+01
2.626775355624724995e+01
6.263351788409728726e+01
5.852379215485886732e+01
5.532564320887071574e+01
8.106692286473217735e+01
9.078698591165723997e+01
8.418442790850330937e+01
6.782925290194403090e+01
1.114452331060552694e+02
1.091664699043033266e+02
7.201367922056225268e+01
1.350585777375535201e+02
7.985101573258644692e+01
3.217226795742340784e+01
1.447326672180564060e+02
6.825863279940584505e+01
6.319265166213657636e+01
6.758424567670019201e+01
1.141621463334390825e+02
7.940314873542565977e+01
2.170977261599846315e+02
2.089992598974035047e+02
1.226390253701773219e+02
1.304383309214889550e+02
3.466106360959130228e+01
7.493012559132793626e+01
4.044251678428644681e+01
1.142097000658395558e+02
1.374147491148844438e+02
8.807332744242084743e+01
1.050504544812993970e+02
1.882215336359577407e+02
1.264992566609134741e+02
6.809526115188359086e+01
5.292273818052989043e+01
3.967176905701280987e+01
1.105791665209304711e+02
6.453443189972828975e+01
1.101903398373413268e+02
3.578783743738539158e+01
8.476571641177149274e+01
1.777301292648783715e+02
6.920509181474774607e+01
4.711696326889057218e+01
6.644018092915992213e+01
1.528746965979532604e+02
6.874639894954069064e+01
7.055101104857668304e+01
2.970288735532154334e+01
6.860371105743297448e+01
5.504156719920948859e+01
1.705051162869432630e+02
6.675032522430099391e+01
8.654930809261341551e+01
8.368230905969541311e+01
3.245143684065953238e+01
4.374436114887082283e+01
8.928624576187672801e+01
7.901793835290160928e+01
5.132165722747713232e+01
7.050882245894931089e+01
2.115483471273503113e+01
1.811949951040865869e+02
3.664299315177746053e+01
3.357796996859475769e+01
7.564871996597619841e+01
1.020140090913820217e+02
8.331975530758533921e+01
9.430098856844118416e+01
5.249576290996432704e+01
3.085213499322992092e+01
2.166087971019770180e+02
6.284012745809542366e+01
1.378447864955501814e+02
4.198109378295968241e+01
7.642106358569625968e+01
3.932069013216833753e+01
2.121915002409488977e+02
3.935206220214569584e+01
4.599180852781018984e+02
1.854161502025350217e+02
4.424936770658524665e+01
7.276380593713797396e+01
6.630549976269999490e+01
8.676473556448023317e+01
8.204319039263867808e+01
5.196980452732520916e+01
9.999843833709907415e+01
8.131027538530435095e+01
4.578292842846311572e+01
7.933641958435927677e+01
8.738897127038917745e+01
3.476577070180236717e+01
8.288515011673183608e+01
1.898326856183581413e+02
7.083348822990792826e+01
5.545871172347558797e+01
1.335181276674083790e+02
7.323071774675277368e+01
2.353407829220380449e+02
4.652441119886746890e+01
5.402830059480184133e+01
2.950364623737582193e+01
8.163479084982672873e+01
1.867019741681784808e+02
1.035653135081509788e+02
1.784310969972270584e+02
1.578868170378952414e+02
9.658432170948988471e+01
1.056020110789984301e+02
6.866538383235464948e+01
4.654360599564996193e+01
1.631128994389779905e+02
7.818212333931941771e+01
1.240893852045804948e+02
1.126166264054541415e+02
4.368098149108003270e+01
5.764161049449474916e+01
6.843622710643262508e+01
3.021200695568857952e+01
4.480324685229853543e+01
5.456651143342853061e+01
4.318136368947858728e+01
4.494855605845276614e+01
6.901606559962129950e+01
5.083114870230981808e+01
7.381884592237612708e+01
1.309449534431965958e+02
7.093825183608470297e+01
1.367864753563067666e+02
4.677559996047902047e+01
2.417932166518503152e+02
1.467963476867849408e+02
1.103498235124305609e+02
8.661879405585838754e+01
3.443095980055191063e+01
2.720579020263545900e+01
2.049784887346364712e+02
5.490179918117245705e+01
9.557407156500019596e+01
1.095952054585984712e+02
7.949076327489584060e+01
1.580926403938525198e+02
6.392104549750648346e+01
8.047707370964590723e+01
6.928797171722874282e+01
1.127368825359113060e+02
8.831996904512494950e+01
1.184015900978198630e+02
3.838426987974336413e+01
8.503794483885559430e+01
5.612209956511152598e+01
9.922415344388454628e+01
1.532564611646805304e+02
6.558644991458126583e+01
1.108914242852020635e+02
6.655784198051577505e+01
6.514569633374684088e+01
1.018543154862778692e+02
4.338633783754567474e+01
6.658511751766387476e+01
3.249127034869838582e+01
5.134550736922371783e+01
1.020489457169884986e+02
1.501574412080843786e+02
5.920406644057512580e+01
4.870799014496259360e+01
6.421351747137335053e+01
1.037918923759171577e+02
1.000357234124236072e+02
3.825501192079845936e+01
6.915812367567139063e+01
1.223125224094019217e+02
1.334139471047607799e+02
3.185406273984022008e+01
3.434000749429087307e+01
4.038782917288040863e+01
8.204679866838530700e+01
3.275506100837980483e+01
4.367547756518699487e+01
8.052862008421590190e+01
1.151039598544086431e+02
5.411481019779527202e+01
2.618218545708604665e+02
1.114043948390468586e+02
3.259393183768749935e+01
2.232501916942475191e+02
9.635395868739509240e+01
2.662515214816103821e+02
3.710702469414773219e+01
4.497271287509561688e+01
1.166876159831657986e+02
7.271989769171945284e+01
4.949494596709089933e+01
1.440715285555700973e+02
5.348352271145947867e+01
3.515828726535184501e+01
4.171233652627083188e+01
8.497319776252420809e+01
4.196598735371964750e+01
4.263017657049240938e+01
1.115673394137489680e+02
8.131326637803906010e+01
4.872245956983095994e+01
4.166748419401027093e+01
7.400335230023696909e+01
1.027373366413090992e+02
4.106368185673147764e+01
2.615983850534850035e+02
7.316692208953480758e+01
7.345005379723424710e+01
1.843574646545123130e+02
1.829396246767159369e+02
5.625465607600767726e+01
3.931048860055766170e+01
7.877303951215436939e+01
3.904379994635906570e+01
4.354348565155684270e+01
3.415598183043452707e+01
1.030556703422326308e+02
7.540859580292882924e+01
7.916163611501967523e+01
1.386834627035414371e+02
8.543295975471485804e+01
5.391779001451261877e+01
5.753715140474129441e+01
8.224783576258168694e+01
1.294238534299926755e+02
2.757003086446219982e+02
7.669239798516768758e+01
7.950200444471472849e+01
5.487758332729885780e+01
4.703651415787034296e+01
9.932570233782988112e+01
6.556981516888014028e+01
2.122535717542234934e+01
3.554071640309973645e+01
3.578476838901519130e+01
2.358645972985351946e+01
6.639218490614092616e+01
1.123582753523122051e+02
5.157446825386819711e+01
2.832591158706612333e+01
5.882530791695738515e+01
8.007485441380687519e+01
3.855782876022826144e+01
3.678292415990623709e+01
3.286380515572443528e+01
1.173917737700563748e+02
3.227556554130440958e+01
1.822167010547803727e+02
1.137129986762898852e+02
5.423702914372296391e+01
3.502485482204737366e+01
4.745911427981677377e+01
6.025758161284853287e+01
3.479943514238058810e+01
5.681700001258224120e+01
5.771212365925579491e+01
3.793000914198546525e+01
9.097363146513237098e+01
4.792088890081104324e+01
6.301042828359964432e+01
4.033274602672572939e+01
3.791965351650246419e+01
3.314581884445717463e+01
3.321160035329111793e+01
3.753460965440959285e+01
5.930973720715748954e+01
3.197785457206701665e+01
8.760731147106724848e+01
7.293899042019602064e+01
7.100808323743403605e+01
3.688120253681039173e+01
6.153824206467990621e+01
1.383128395127584724e+02
2.155968621023351375e+02
8.395065805170702333e+01
2.327403256933070566e+02
1.758814817148932548e+02
1.219865129830699715e+02
8.531290572233008618e+01
8.693627313111078081e+01
7.093380414424041192e+01
5.247260594333481265e+01
4.851004976999384155e+01
7.069707953131099032e+01
9.268669249772848673e+01
1.467507323381342417e+02
6.371115676527661265e+01
1.920139342662595183e+01
6.814406360430142229e+01
8.794504280328030177e+01
5.343596006465856618e+01
6.064873510811239044e+01
6.129269659766725198e+01
7.220214608929046562e+01
6.316245662487860812e+01
7.866413639923709411e+01
5.552556179225786082e+01
7.527572468666274119e+01
9.288048279216855008e+01
5.152058713547534552e+01
3.180270742395958550e+01
5.120539748817627412e+01
4.435376669635618896e+01
6.412247187946502436e+01
9.115834036857788192e+01
4.843508734043796693e+01
9.279617879291127736e+01
2.006534802823261430e+02
1.184786295794864515e+02
6.275531016592248079e+01
1.616733138234751266e+02
9.713339763689984352e+01
8.715712550725847052e+01
1.005002368013306864e+02
9.459223803725086555e+01
6.092462166210307117e+01
5.625186110049751420e+01
3.887925683268210264e+01
5.755762225147065436e+01
3.187743444107907820e+01
3.321451794798720414e+01
9.495452611965336587e+01
7.883596460249881943e+01
1.075773034585466377e+02
3.199735963640622316e+01
7.828960723392029308e+01
3.708623782604736618e+01
1.500612511444408028e+02
6.274645937106765103e+01
6.540238221762552939e+01
5.934191182206790671e+01
2.177602458074439653e+02
1.396166304004057395e+02
7.732541351711172695e+01
9.384406222947239939e+01
1.190550905951667175e+02
7.854775107324050509e+01
6.109136925807939633e+01
1.031334448079982451e+02
1.424604769361741603e+02
5.453786706662474870e+01
2.690856214454546489e+02
5.914181134077843183e+01
4.812673849926850522e+01
3.040040157143282329e+01
9.369481469534518681e+01
1.724480210424211464e+02
5.067122783766480154e+01
1.102059955160049327e+02
8.977617017033004743e+01
5.690926941408217488e+01
3.825793510459787683e+01
7.641936424320390131e+01
1.373929311449971920e+02
6.732238810361972980e+01
2.496084390197264824e+01
6.942290153263719787e+01
5.116052000492145169e+01
7.747781438366760653e+01
6.941691626679610749e+01
7.394975493077994599e+01
1.490771688161016186e+02
2.559005436171107135e+02
5.933821332225961243e+01
4.097842941650753801e+01
1.377610515831978830e+02
7.777240716717068381e+01
5.352008024823674504e+01
1.060137199599616338e+02
3.229966850500105124e+01
3.561412916555357810e+01
4.763578476255799643e+01
4.023618368111453236e+01
1.082160017793542721e+02
8.532733760207166540e+01
6.246174384325671980e+01
5.351412265444227501e+01
5.022183026831483232e+01
9.455903810169817802e+01
8.740534395056639028e+01
1.177653965432547949e+02
1.380381115277140509e+02
1.202974426807727752e+02
5.949144116310385044e+01
8.543332919477724374e+01
1.740055296934035596e+02
9.548357825116138997e+01
2.000058094167057448e+02
7.171802548064967198e+01
3.467557918370657148e+02
1.076543623379446615e+02
1.017718080148528514e+02
7.561413060718865609e+01
1.040961633672889946e+02
9.146071186798296537e+01
2.105732461630314560e+02
6.961696924248815321e+01
2.000136953165359728e+02
1.083391789374360172e+02
6.393549903880701635e+01
2.782001737365056826e+01
1.774568713066659882e+02
5.922089919299479277e+01
1.039785426912570898e+02
3.540971404381251375e+01
3.991864900385099446e+01
2.474066988903636144e+01
2.732998770281930092e+02
1.399473513986972932e+02
6.147289963656722733e+01
4.803783869527018879e+01
7.050573178993390400e+01
3.911368475615187634e+01
5.257910886249457860e+01
2.482337101341175867e+02
5.793337173058900902e+01
1.189383441227407445e+02
1.206574075269095374e+02
1.161708366015078582e+02
6.460678324311449217e+01
3.344196966713793699e+02
4.184659154524354108e+01
7.228531652743190250e+01
6.019652243186535401e+01
3.963144334300199034e+01
2.723008199420562292e+01
8.584228397347813200e+01
5.090057609147135054e+01
4.592270943819983842e+01
7.564573358800660685e+01
4.545962423934325614e+01
7.595078172411008666e+01
2.863208093430289836e+01
6.888188276707771251e+01
8.135491038811177589e+01
3.693734915532300533e+01
9.217963367354222726e+01
3.263352135089381534e+01
8.762535465000165402e+01
9.251639331616483730e+01
7.508724612302233936e+01
7.597672256097135346e+01
3.593481463836828738e+01
2.813893413922833133e+02
5.068184994749581307e+01
8.398868657141937888e+01
5.866503161268152411e+01
1.007664840973871634e+02
4.063707797264363819e+01
9.621018220754204719e+01
6.794621762533422782e+01
7.739185085007227372e+01
2.308464892606737351e+01
6.052176340722229497e+01
9.749791758476149539e+01
7.848760819871647243e+01
1.104500493993426460e+02
7.553858631673018920e+01
5.412242762655336037e+01
3.685351560260987469e+01
7.025719957064855237e+01
7.364537754217431598e+01
3.967620424445760818e+01
9.424830880082809870e+01
7.732250414925020721e+01
4.080223393944118015e+01
1.361726540039042561e+02
5.064838845725407879e+01
4.983915303225785465e+01
6.459018791951719152e+01
3.058586488548874982e+01
1.199172816181143588e+02
9.416269815413303945e+01
1.944434999671211699e+02
1.290954747443536803e+02
5.375464911890204434e+01
7.698152803289562485e+01
5.235350158325429959e+01
8.646991630446569843e+01
5.508024327970355927e+01
8.951218480438156178e+01
1.972924248352943550e+02
3.270712631560982686e+01
8.293814568484077654e+01
4.161687277860782075e+01
7.749828227241469847e+01
6.971500225184372823e+01
1.006144735148971563e+02
4.683349574356051193e+01
1.536305357891398842e+02
9.447486809644435368e+01
6.262337882119456367e+01
5.010350695573588098e+01
9.160109089674448057e+01
6.496523947692818979e+01
1.041417236004165403e+02
4.809740124731263222e+01
1.229029699255057864e+02
6.755180245111370141e+01
9.672615647132863614e+01
6.476978454817242437e+01
3.298067532112278144e+01
1.434995506110668089e+02
4.053107747376945724e+01
7.867910083384788322e+01
1.130701886660490771e+02
3.856440058672239246e+01
7.947350911037671040e+01
4.090490893687722007e+01
8.708812627247245075e+01
5.900643339153632638e+01
3.533287163777622908e+01
7.528230988716912009e+01
5.989273596470276573e+01
1.694587077825647157e+02
6.902303985228110150e+01
2.280748410160906019e+02
7.261650711177099993e+01
3.576169423845374240e+01
1.217421464560742947e+02
5.876188236858352809e+01
1.612351571136355233e+02
1.488994685603024095e+02
1.095439181801730797e+02
1.401897076756860940e+02
2.638011077894424261e+02
6.765305161280794266e+01
5.066075380182283538e+01
6.409589449516585091e+01
7.374492998685126111e+01
6.964505392414700680e+01
5.869936480789526456e+01
9.410016279547244267e+01
3.668151718493537317e+01
7.060646369887871288e+01
2.134755608021921489e+02
1.406232383167359785e+02
2.128746895320782642e+02
1.083731681240783331e+02
3.302473315268806431e+01
2.649192135259338343e+01
4.804496433975194236e+01
1.364553657757025462e+02
7.212301666685262092e+01
6.053761883474979300e+01
4.337198582902331623e+01
7.414430249710369480e+01
1.106204005647007165e+02
3.539016850543629999e+01
6.202257349323562607e+01
5.849680150880957541e+01
5.739916665891666980e+01
5.910678393593945401e+01
8.534652960431725432e+01
1.384232082872255489e+02
4.951171618487000359e+01
1.761309718416899557e+02
3.344687381490319922e+01
4.044284369052982697e+01
1.248749321554947898e+02
5.233898499495235512e+01
8.993697185190107746e+01
5.562885130085144425e+01
2.734288776465651267e+02
3.389611083697774063e+01
3.881969038040108444e+01
4.032004265979460200e+01
5.062225092913208613e+01
6.515990221415273709e+01
1.177117194777487725e+02
4.184378914134094885e+01
9.591684934085884606e+01
7.105842864044126372e+01
8.356948129933161340e+01
1.262598593216698788e+02
4.907073994665675087e+01
4.527414918067160698e+01
4.020961410477421794e+01
4.339285619487620238e+01
2.814449806457013992e+01
7.744302851156392364e+01
7.616535886194165528e+01
6.864836673076152351e+01
3.425125559685092469e+01
5.230251658291197714e+01
3.251490859715679704e+01
8.026963541190815477e+01
1.478367918030191674e+02
5.246948760369175346e+01
1.420719274630341431e+02
6.427691439717769128e+01
7.987408977350027328e+01
5.082080293464755982e+01
1.517488632962286488e+01
5.351079569872545960e+01
8.011974599055704971e+01
2.050101128295881665e+02
8.432327622250464572e+01
5.388940189687669857e+01
3.492310504621152489e+01
2.965889779790632019e+02
3.290484370012667625e+01
2.594524058172811465e+01
2.016311333749680443e+02
1.363766028348236716e+02
4.973405235984130712e+01
1.348773390850379030e+02
9.454597395781361513e+01
5.517401654148345358e+01
2.819197297614475062e+01
5.088806752961540525e+01
3.124664763684883440e+01
2.918269101175856122e+02
1.435250122208449852e+02
8.154551532771641575e+01
1.446576182043112908e+02
3.025150954548439231e+01
2.307844076567206670e+01
1.297039915035890942e+02
4.827281819831503640e+01
1.076724948032336329e+02
4.068852161518338306e+01
1.846677039256951787e+02
1.181012323813747429e+02
4.742239068901902499e+01
2.979573444609835775e+01
8.202922178825656374e+01
9.639563240084800100e+01
8.853022697745949188e+01
5.966943444202168223e+01
1.489686375604792943e+02
2.237844958764151500e+02
3.440258543068678421e+01
7.529924871878392878e+01
9.696322760778183181e+01
4.202557700734576684e+01
4.867104991928646740e+01
4.619741436929452760e+01
1.697429243752035077e+01
9.170695783970845127e+01
3.643330868817074730e+01
8.162066785722589657e+01
5.700161736497008746e+01
8.300444991508281589e+01
3.698917190696557356e+01
7.427353816712320622e+01
1.447876057835824497e+02
4.303936811648292604e+01
9.372537638358326717e+01
8.677636404270661785e+01
1.072664447087758077e+02
6.940246311033065751e+01
1.120560321709074714e+02
3.672223229472144368e+01
6.251284690228547447e+01
5.994370576849163257e+01
6.336219423719727928e+01
4.179134600594064608e+01
1.996109887948702806e+02
9.929804802055522828e+01
7.518106575219707111e+01
8.557224644367774147e+01
4.945489645808705603e+01
1.225045812003021126e+02
1.337816612610528466e+02
5.037170965953568214e+01
7.008282595866074871e+01
4.312235565296968787e+01
4.861139342214021752e+01
4.859470459286261246e+01
1.652749552483691673e+02
3.484042580462442373e+01
5.695193968190005052e+01
5.035132542272141620e+01
3.561908332765980134e+01
1.422718793295868522e+02
3.691974210247204269e+01
8.570039513551195398e+01
6.220672363887189960e+01
8.613247344632368652e+01
1.622980035346074033e+02
5.373449406289638830e+01
1.080334043048050177e+02
1.741343938263723317e+02
1.386596925772913096e+02
6.207575612449961966e+01
7.490528261731181203e+01
2.110443131174796250e+01
7.778340961307009138e+01
7.403500871747131384e+01
7.815299522941840848e+01
1.108586279722981089e+02
4.493214471150909617e+01
9.168488252843424391e+01
1.628461032614569888e+02
8.684309551410441941e+01
4.497682960419347609e+01
2.581753631253328862e+01
3.071694981965574911e+01
1.521993939368057056e+02
6.156148862005136380e+01
1.017207191320996458e+02
4.570567361463707101e+01
1.004675003559364512e+02
1.187851226902766228e+02
6.799291869124543553e+01
6.786269732115376030e+01
5.488552721310004046e+01
1.020808115013024207e+02
1.948290874269745530e+02
2.352103588632106153e+02
1.138962777780745768e+02
5.865319916543188583e+01
6.915219441283132085e+01
7.729825363394780879e+01
6.820718518130217944e+01
1.340852823440907287e+02
8.003065772830034064e+01
1.063472230318774763e+02
4.973704297022379706e+01
2.509743003191843229e+02
9.056357017061256443e+01
2.532465029872319917e+01
7.421794979819406990e+01
6.816994827101436272e+01
7.852431446079374666e+01
5.172580676989492332e+01
1.707672393469146357e+02
9.393332919957950367e+01
4.767343933568484715e+01
1.823484117180838666e+02
5.165955253414286119e+01
1.239112118463603451e+01
7.300021282033897307e+01
7.265844814390474937e+01
1.311791633900140539e+02
9.268379313302564526e+01
7.707930982002245912e+01
3.090775495352023938e+01
4.301338591648281806e+01
1.337154594685274276e+02
4.267285480110011520e+01
4.351031002030153871e+01
1.541438883450758226e+02
9.702869919524241027e+01
3.808647376110626936e+01
8.756072463451226895e+01
5.527399238770709644e+01
4.449715794147477510e+01
1.332995453706534192e+02
3.351658518644710227e+01
4.467900248654881068e+01
3.640227923876967964e+01
1.398157302764559233e+02
4.332210982044783520e+01
9.241033573077416463e+01
7.094191904655836822e+01
1.120814978267564612e+02
8.987937345419607027e+01
4.740514370855625259e+01
6.786416251173653791e+01
8.665913078693914429e+01
4.418380500633745100e+01
3.718101346820892417e+01
1.436356380594078530e+02
4.008788086693412822e+01
3.372577996065396633e+01
8.571720830905204025e+01
6.588966267505404062e+01
1.082395174734948142e+02
4.731448635513360301e+01
1.285288679813480144e+02
9.202037358758694552e+01
7.413625648470576834e+01
2.767553465925618639e+01
1.522892254477556548e+02
1.708072340799255073e+02
1.203351059313360878e+02
1.106549037061488434e+02
8.992966156719101889e+01
1.016989081316931589e+02
1.354020601953540393e+02
6.877168154140943557e+01
2.880120208328288811e+01
3.190401681727284426e+02
5.490470154039467587e+01
6.675207841321132207e+01
3.161535563610168609e+01
4.003149342909881625e+01
8.925768214351741392e+01
1.640573026791429072e+02
4.723725153466082105e+01
6.900984617361932294e+01
3.743526983836532906e+01
7.377403151870461784e+01
1.617218845607010280e+02
6.906841049607567129e+01
6.235530515509172034e+01
3.539331857588601338e+01
6.603756384339010310e+01
1.264215864708967985e+02
3.277068147526662045e+01
1.285552440313585407e+02
1.980713564499615984e+02
1.605201738148286097e+02
5.082048743665222190e+01
7.980668025104226615e+01
4.969111206518566348e+01
5.860361010620101752e+01
1.040697580406515925e+02
2.840399539990102440e+01
3.303274285066040505e+01
7.373728529202510629e+01
7.732968813784445672e+01
1.695488083255890217e+02
9.512121670030552423e+01
1.056330413065468434e+02
8.956322703366198823e+01
4.647745423581782376e+01
6.814476825970540119e+01
1.139632075418501955e+02
7.950229721628016932e+01
4.146477876666626372e+01
7.810373482459692696e+01
7.310379897325557863e+01
1.139588462474050203e+02
4.105643664776224000e+01
1.115245421892028759e+02
1.018986780379100452e+02
6.670793926882686264e+01
4.245482992645989384e+01
8.563426216517974865e+01
1.427072032363371079e+02
1.093467478496081924e+02
7.922843477625571040e+01
3.141830813872675066e+01
1.179986221475939772e+02
1.060469557627773440e+02
6.914144120427931739e+01
8.977480502587491173e+01
7.251164559379007812e+01
3.765719997189711421e+01
1.311493292570263236e+02
1.421952644922925799e+02
3.944672791063624118e+01
6.342973655080967887e+01
1.227274620299204457e+02
7.365796402544737020e+01
1.306032995897386684e+02
5.392094571970338990e+01
3.350151194047146674e+01
7.472936821686850806e+01
1.820449663860044609e+02
4.366355284279637061e+01
8.017650817824190312e+01
4.068077769230758634e+01
9.679471730789268236e+01
8.786406969654312604e+01
3.393644477078781563e+01
1.750066454156358304e+02
1.115658164121508662e+02
7.547013162802996078e+01
9.199442137251632801e+01
2.391109634637683143e+02
6.089063424827217830e+01
6.871484807153983354e+01
1.200803111605022906e+02
7.981247857952325830e+01
2.378740732120348866e+01
1.165436757999837880e+02
5.582772719458626653e+01
1.115118425567431899e+02
4.293295010730962247e+01
6.288594330105131291e+01
5.935580249403283659e+01
6.187721409232824499e+01
6.751602606073302582e+01
9.393321685558547074e+01
1.662051612171597696e+02
7.032789735843486767e+01
1.764550588495297347e+02
4.333637863454757166e+01
5.186427621846051039e+01
5.445958820620946739e+01
1.250499121433201850e+02
3.287691401777015017e+02
7.704177107702007277e+01
2.829332262896987515e+01
2.082105257782841647e+02
2.899998022347282358e+02
9.509080375864985513e+01
6.867584952807722232e+01
8.495525023851644164e+01
7.463426832119837684e+01
2.243409679587140815e+01
1.016220652459907825e+02
1.784860100478200877e+02
1.162240947211115127e+02
3.478231406379823909e+01
1.051127878706545147e+02
5.738816560727580907e+01
1.372672289496722442e+02
1.538701560460741007e+02
7.066366417536420386e+01
4.382672893991642127e+01
8.332402327421155519e+01
1.528719530679388754e+02
5.082584785127082228e+01
1.970362298231048044e+02
9.142094650961499269e+01
7.730783227957518022e+01
9.796599774591297205e+01
3.256466461027577708e+01
2.369785579462428018e+02
5.683536712000020685e+01
1.948310540669104896e+01
5.110880472054553536e+01
4.040106861248238346e+01
5.840684034150285697e+01
7.240128795451001054e+01
1.319260372701966162e+02
1.374361637263058924e+02
1.539147343068323721e+02
1.871389144127194868e+02
