7.035320717631445575e+01
4.903815186637228862e+01
1.425771884225417985e+01
1.722934057349993253e+01
4.242810394195112167e+01
4.280862507410802920e+01
1.100678222755776829e+02
5.196899057490962548e+01
2.071232435789738702e+01
9.640640419722478782e+01
2.302113457944083663e+01
1.587765277746500203e+02
4.488788619039414129e+01
2.500782712387272966e+01
4.941714681084802407e+01
4.514387411748148793e+01
1.293768546011603178e+02
7.739548811525413896e+01
5.312394385628862636e+01
9.721361310891975904e+01
2.111959082057710191e+01
1.959957896154978130e+01
5.006680445646508559e+01
2.618834741425516910e+01
5.123372933093795467e+01
4.416139615790560669e+01
1.943667152315036972e+01
2.001880166736134115e+01
2.185864107943979562e+01
1.351272469052905123e+01
8.681330598585127234e+01
6.394515810014277690e+01
4.576775039144212087e+01
2.860581979437395717e+01
9.237462747364858728e+00
1.092957100645481461e+02
2.249132930927254037e+01
6.981324945178616304e+01
1.080926680901007586e+01
7.838436792996243696e+01
3.970624317121669833e+01
1.462931218807779885e+02
4.833316341473699396e+01
2.588179825920420640e+01
3.495346706314605711e+01
3.808762520360905057e+01
1.441272435160536958e+01
1.643807245237263359e+01
8.066161513354578005e+01
1.492590977227611049e+01
1.810211266377960015e+01
2.015777530198675649e+01
3.010485908351899909e+01
3.175659234845563716e+01
1.550150086667937046e+02
4.902696028512925608e+01
2.935971373624304448e+01
2.479151832190302684e+01
1.075686582629826518e+02
7.604703261165077777e+01
5.394972673618649139e+01
3.354110677105430227e+01
8.447215661063640368e+01
1.692548448297647212e+01
3.672031705847297189e+01
5.782815275796523480e+01
1.259361370789502814e+02
4.284279360049923469e+01
6.579536039909199019e+01
5.101228926090868754e+00
1.130069288793756144e+01
1.928397866700775580e+02
6.698490468176429147e+01
1.039865768785127926e+02
2.602212758034729134e+01
3.508643901179114977e+01
6.807009520891547538e+01
1.622674350125690523e+02
4.768811974343874738e+01
2.590141486196263187e+01
3.443104955824694713e+01
2.453821273552922477e+01
2.578630481489194182e+01
1.732991474587534597e+01
6.027606486075237058e+01
5.774000278481456405e+01
1.073371784254229588e+01
2.723497767589444152e+01
2.163892006133099244e+02
4.346634337223397893e+01
2.784776718080106548e+02
1.695202931799251189e+01
5.795884781828396370e+01
2.757250706980395094e+01
1.593936173182324865e+02
1.290980805807267018e+02
2.058509521183447077e+02
2.048701691782527590e+01
5.524096291656801583e+01
2.141967837699261779e+01
3.585371476164910831e+01
5.607867965130381549e+01
2.403079091023392522e+01
9.968637501084420194e+01
7.140926294138998287e+01
2.802347062424291479e+01
6.906275302802175986e+01
1.756009162713644045e+01
7.686582275915625928e+01
3.827237533365123312e+01
2.815740190191251457e+01
1.798377790587795744e+01
2.226801289005874551e+01
6.299175566832158069e+01
5.021333113833643580e+01
6.527382551200425098e+01
2.205123857514993446e+01
3.190536226510574025e+01
2.165113136896122015e+01
2.769945864371186417e+01
5.866939858802723506e+01
3.078011582116062073e+01
1.473282302379529973e+01
5.431825978830924839e+01
3.336647089597411053e+01
2.649845039187488638e+01
7.370471074490677665e+01
5.021520565496798127e+01
4.021911493847428432e+01
2.702136959289122586e+01
8.633640635631950033e+01
1.536790455616897866e+01
7.489478473159802263e+01
4.425706980245070099e+01
2.167222450809451928e+01
5.281945126951609382e+01
1.864950645255918715e+01
5.345584906814188741e+01
8.937341928368307720e+01
1.237275340838874094e+01
3.132732758524304728e+01
7.809693042552119380e+01
3.283770705903042852e+01
4.489755222136219004e+01
4.094001650484756283e+01
1.320633684777569954e+02
1.484014095746710780e+02
1.974905353836294353e+02
1.842760871716514970e+01
4.737050592205130783e+01
5.294530306258700847e+01
4.194866332764750183e+01
5.731543578259555716e+01
2.440527088637751874e+01
1.710829762173050028e+02
6.404343606218749585e+01
2.085771416408618109e+02
3.445767028473331095e+01
7.327394497200613444e+01
6.781912622722461492e+01
3.727917111296220298e+01
6.821684932218941810e+01
3.274816380014350869e+01
1.665413767503436304e+01
1.341570954647314693e+02
1.177127335696961374e+01
1.971881986204538606e+01
5.212378804685925360e+01
5.020807184147548696e+01
1.368647777189874262e+02
1.009584193377982473e+02
8.192687029367266405e+01
1.353026363346938297e+02
6.599835033189462763e+01
2.616405889021273268e+01
4.088655366212586983e+01
2.200081316795446469e+02
1.457792711794322926e+01
4.741597430619025033e+01
1.467210615616156986e+02
1.444636646536794728e+02
9.415878594269369017e+00
5.802441315042810466e+00
3.988800474396850859e+01
5.597144822508066397e+01
1.148349315650117148e+02
4.874324608576412032e+01
1.556057669224177786e+01
2.103654477367132003e+01
4.271675584451828911e+01
1.297547017288264328e+02
3.728062424103967487e+01
2.763171840574052496e+01
1.676131008574157590e+02
3.770620258063837582e+01
8.262441534067481541e+01
5.127006371454449152e+01
1.733753604923833223e+02
7.719223103316795687e+01
5.190975834568045144e+01
6.658520790173352566e+01
1.059963406946915683e+02
9.843129787297108635e+00
2.742610441537540922e+01
2.776076601675197608e+01
4.110328364112211119e+01
3.529147218697057298e+01
4.185451030591684685e+01
3.742535302417175558e+01
2.741589843556493520e+02
3.076311640317521778e+01
3.711816942091630978e+01
4.523030571582162906e+01
2.163498406117472328e+01
6.537389566062641677e+01
1.436088733715631172e+01
3.825058990050614227e+01
1.362405310378496779e+02
2.229429158805517375e+01
9.479180572288586859e+01
1.525698189733259902e+01
4.693508045942351004e+01
3.571741549758638712e+01
2.316076336341173203e+01
4.938193038844282512e+01
1.284252456161678957e+01
2.249777731691998994e+01
5.094555164391356072e+01
5.339906414710456062e+01
5.595882392338964451e+01
5.353539335542973987e+01
2.106099674709745884e+01
4.500976601926672060e+01
5.717682612862213176e+01
1.240805720135049199e+02
1.479606388789388518e+02
5.045729498993679840e+01
1.795553269843539113e+02
7.710011398703184682e+01
2.737625413047999814e+02
2.150994614676463925e+02
2.819509866269631004e+01
2.989168464550582627e+01
3.028960685932137409e+01
7.147985008339342983e+01
2.803745686306151441e+01
8.370167516689589604e+01
6.154205957495091184e+01
6.067906107983814934e+01
1.127442729386028759e+02
2.890734583365187405e+01
3.383135722779672250e+01
7.681236014508179721e+01
3.227768608005966655e+01
3.038233999696049992e+01
5.242140631319703203e+01
3.964292614474224052e+01
2.140190255124806384e+01
1.417165921258588526e+02
6.031632571985898750e+01
4.899557054199930661e+01
2.066312245295356149e+02
7.712273625708196789e+01
1.009811722502729197e+02
9.218561029292000342e+01
3.090753676826168217e+01
3.406573928420659314e+01
2.480806922016008542e+01
2.682684487712303323e+01
4.523720152837015007e+01
2.332809695019375340e+02
3.253587520800977018e+01
4.782700047038482438e+01
1.766034830394264077e+01
9.639018710788586475e+01
2.955720427872762812e+01
4.790090196673571654e+01
1.636634164518643431e+01
1.892145466524274298e+02
3.140741680737010455e+01
9.208000214215468304e+01
3.390614974011819527e+01
2.526118501872825206e+01
2.109623936958412571e+01
1.050765233671248637e+02
5.390546928858261566e+01
2.778414113724114998e+01
1.460629554429862651e+02
5.288472994207736377e+01
6.183474349701805295e+01
1.050722891618522965e+02
1.093857102978652023e+02
3.639599440936428465e+01
2.766240787115765443e+02
3.459447570536065086e+01
7.085019460725605711e+01
5.920508108903941746e+01
1.020658468634765796e+02
2.371297875383805831e+02
2.119028174835062472e+01
1.633507104000488397e+01
2.928989201600137449e+01
2.583268370218524623e+01
3.179246936774677224e+01
1.534956910929792606e+01
2.357085244709793059e+01
8.088053392833840860e+01
2.506933118144029393e+01
3.513776821487245883e+01
9.132146873785077901e+01
1.920231279611828157e+01
9.511693355123340154e+01
1.058379391936386682e+01
2.021736144333519292e+02
5.781135085829406961e+01
1.340693317701430765e+01
1.572457877318912551e+02
6.633664533298617982e+01
8.467965803932081315e+01
2.584703082075402847e+01
4.093300070198235119e+01
5.478436560502363761e+01
3.747375682368635808e+01
5.054199363554344870e+01
3.684842327988975086e+01
2.175248569625259165e+01
1.389801142518527115e+02
4.354184899836673850e+01
3.356637382710847817e+01
1.286950991733089609e+02
8.253489347228783402e+01
1.986420202629285114e+01
9.400189105224936270e+01
7.774470927543416288e+00
3.571572100065100841e+01
2.611898114175811969e+01
1.641130728183541621e+01
1.769195199273899988e+01
2.372647186034819242e+02
3.254903172053575133e+01
1.395357177588478237e+02
1.604387872265400006e+01
9.027365476119574339e+01
1.519221568702856118e+01
2.636295383523003366e+01
2.912638080668458684e+01
8.559154463236228594e+01
4.018656493882574665e+01
1.208889568375059582e+02
1.156345636653573337e+02
2.509585843054639298e+01
1.392962337985816248e+02
9.004891263109108479e+00
8.344343653837007935e+01
4.773592619818236926e+01
6.113960660185727392e+01
9.488626592318209418e+01
5.804460240913579128e+01
8.701496474384593682e+01
1.240029734667566998e+02
5.008996529526814356e+01
1.312624833497850219e+01
3.668010704551423373e+01
7.319033952430025636e+01
6.141097866273360495e+01
9.162613782466100076e+01
1.246987417619063088e+01
2.750117392552112250e+01
4.774785989219626003e+01
4.278753773314166864e+01
1.927296474633917001e+01
1.049816849211322420e+02
4.958670433984599413e+01
1.179490786141440424e+02
1.246289791160099725e+02
9.898401228238654426e+01
5.510133703751048984e+01
4.087252421714301676e+01
9.455722442437618724e+01
1.350110475080314814e+02
8.938316391021946572e+01
3.930240622174395781e+01
2.084360763242646186e+01
3.664467095982656986e+01
1.075097063575210399e+02
3.966569162333733800e+01
9.647969957267615371e+01
1.924012102156554249e+01
3.239766951263708705e+01
8.482399246273057969e+00
7.957346676454925216e+01
1.193669186456409506e+02
5.640854016542025562e+01
5.008254491684715504e+01
5.553178486543300352e+01
2.339655544970355550e+01
1.417658942049395137e+02
2.499894680119764345e+01
1.826743098467044888e+02
1.344181755145041279e+01
6.753926186159424105e+01
3.398193602332354146e+01
1.184399452485694155e+02
1.450663234299698523e+01
1.383698083334615774e+02
8.393324301549222355e+01
3.030795910192936660e+01
8.886088062516510888e+01
1.030306879077328652e+01
1.581042130023817371e+01
5.354470997362533780e+01
3.155159379626369898e+01
8.170040842819243210e+01
1.063395653891632833e+02
5.219767184574327246e+01
7.098819812722915401e+01
2.258811673656429662e+02
1.638797753054265343e+02
4.579953310518985887e+01
1.217713158400163991e+02
1.064660788218268834e+02
2.990430759598019250e+01
4.525385470374781960e+01
3.653441829775646710e+01
1.251978503860726555e+01
3.258588710278478118e+01
6.665715622581947741e+01
2.457255488875593485e+01
8.905059449828758034e+01
2.143513245353704022e+01
1.645759334057990841e+01
9.256230916738216763e+01
4.088123752530266586e+01
6.179747224136600892e+01
1.343663354837332591e+01
3.636060965250914734e+01
3.781142519258615664e+01
1.056491730826570290e+02
8.344100747247325955e+01
9.130415320437306193e+00
1.253275848855671768e+02
3.493437346095956997e+01
8.516557592753468953e+01
8.667026664231082123e+01
2.937193604617450760e+01
9.636955441878741979e+00
2.261936013102002718e+01
2.276140791630002980e+01
3.246051073807990406e+01
7.650444806038414924e+01
1.246266363024375750e+02
3.625010059828800024e+01
2.104224587847550509e+01
1.816476828229523832e+01
4.174976773846589850e+01
7.988987427445067624e+01
9.400232473092736996e+01
7.813727553472119780e+01
2.564733788398433845e+01
2.619103170101488587e+01
1.020309868887371749e+02
3.748271306909988709e+01
4.795432944167274059e+01
3.937093766083678048e+01
4.875589437591951736e+01
1.264040294686752475e+01
5.797485977304488358e+01
2.770879310211648416e+01
2.284692029511063538e+01
3.036250507932612308e+01
1.539175993982387922e+02
3.216737156757417182e+01
4.537181188252682063e+01
1.244151038036847439e+02
1.068891203398853662e+02
4.106792698769061190e+01
1.795932707857727095e+01
2.420221247793664432e+01
5.316420960769708159e+01
1.707835769762207079e+01
9.320603966554138253e+01
8.277481405247166890e+01
3.997627963936978546e+01
1.970298621415743057e+01
2.401988488296485258e+01
2.104041615164191015e+01
4.847819885309100840e+01
1.017613187922035678e+02
1.499496813182208399e+01
1.153254681786027049e+02
5.162015997768213538e+01
2.904566923636603093e+01
4.249613335155234495e+01
3.348215955153821000e+01
2.445620730834473022e+02
6.620227494751782160e+01
4.653661601828657268e+01
2.846506872846156355e+01
7.469404445974893392e+00
1.262172878589521190e+02
1.285748666753674918e+01
1.646506784215079477e+01
4.979806672567357140e+01
1.639084108963624828e+02
6.527469259231662591e+01
2.467177030358129741e+01
4.012128665463293231e+01
4.157379611729309232e+01
4.213943031694585528e+01
4.903967430087713808e+01
7.519220772244204909e+01
5.874441481651786034e+01
8.813864523882001833e+01
8.561578857746712856e+01
3.427612736634470281e+01
1.864718524841541125e+01
1.070093334588571423e+02
6.872748579204525754e+01
6.309887745804563508e+01
2.198074104049593913e+01
3.219720628800704390e+02
4.299292146594265773e+01
1.421079894765903759e+02
9.258022067132044697e+01
7.909579997277818109e+01
6.280917939853281950e+01
2.448810393786715878e+01
2.171740819546202061e+01
2.153214463954466495e+01
7.260035493371425730e+01
6.987040117556055918e+00
1.099971481102585713e+01
5.362358889661713590e+01
6.442042938394261853e+01
1.000113160045745531e+02
1.015284526451286382e+02
8.687986364346514279e+01
1.585784057959360815e+01
5.643072688462426356e+01
7.738494796327661618e+01
5.536905230727087712e+01
3.471843095799381729e+01
5.154767904966040248e+01
5.948885157146888503e+01
4.457076227250386324e+01
2.736307014589466746e+01
3.583580501731070456e+01
9.417316521073178137e+01
6.419715306608760841e+01
6.053257057859187285e+01
3.595780686825467853e+01
8.346526681741696052e+01
2.516872434052721275e+01
5.741718014310297491e+01
2.855873427393811070e+01
1.313039687347641404e+02
1.182024839868573096e+01
6.977588317992868383e+01
2.453029338973965423e+02
4.223616137258807157e+01
2.506759592277543334e+02
8.281260955820458491e+01
4.135377345962717044e+01
8.456164840458920651e+01
2.910074215783111029e+01
3.548572695397828625e+01
1.572455882983125832e+02
1.346384655718705972e+02
1.644844476075585931e+02
1.776787921791906655e+01
5.435294254955556426e+01
8.179916508782767437e+01
6.582976015927739866e+01
6.579936523390661307e+01
9.858100523736506204e+01
9.438248029346650014e+01
5.952836555465268020e+01
3.267102026912044010e+01
7.431809421662623549e+01
6.880507028552634097e+01
1.952078171395528727e+01
9.517161500214749026e+01
3.633620603883452560e+01
1.104520813948492375e+01
1.932907742986922983e+01
2.128192373007254901e+02
8.293007578865893947e+01
9.259665144110715573e+01
1.214508321153822479e+01
1.837044517387196834e+02
2.155669996964679171e+02
3.374308032639241617e+01
3.444706018448614060e+01
7.519626575920491973e+01
2.828807183114238555e+01
4.762736614802673074e+01
2.688246840934448301e+01
1.869002719860478479e+01
5.880609612150874455e+01
1.140756458236876512e+02
3.858134885392846058e+01
5.996720346805882684e+01
1.888064040364568825e+02
8.592440656686799016e+00
1.061118554362008979e+02
4.912365282236233099e+01
4.391678737274040145e+01
6.509024856201760656e+01
1.610017608420261581e+01
1.068754744832163972e+01
8.492111863161593988e+01
5.071446574595674406e+01
9.246485221105685071e+01
2.817261920089357474e+01
3.184319749490394358e+01
9.750922501001673126e+00
8.525584358233363957e+01
6.753018303397243471e+01
8.697507951154764783e+01
5.310213489718802293e+01
9.188114131534999274e+01
7.133297670415059599e+01
4.191851267725805030e+01
5.323612757408361063e+01
9.044253915515025710e+01
5.454245637428074645e+01
5.858765694754522002e+01
2.771807846475611825e+01
2.949345190398335603e+02
1.154157341079180554e+02
1.858747047585700329e+01
2.871721848993580295e+01
2.123325616625931218e+02
6.631844814495957507e+01
5.913533619647225237e+01
4.286829438080012267e+01
1.946564386498368648e+01
1.613434442354574827e+01
3.303207282597394112e+01
4.295832837781085800e+01
7.405499014046992556e+01
6.981449601631951829e+00
2.756627841416663927e+01
4.605367119526464847e+01
1.471160424494630625e+01
4.756613372973535547e+01
2.177757111960442771e+01
8.234121071282412174e+01
2.752518112315155463e+02
1.089221179564381430e+02
4.878586895572750848e+01
1.459287788233189929e+02
1.596168569381269009e+01
4.564617920811404872e+01
3.934695173907524435e+01
9.097024351633292838e+01
1.208522089485174966e+01
6.159465596567383017e+01
1.328196193665409339e+02
5.338182955968552790e+01
2.000744620177969182e+02
3.144914436430147120e+01
9.726261278541194599e+01
3.514387099317258389e+01
2.557199623194910387e+01
4.598650276037353990e+01
5.738557433722528600e+01
1.910895568432155400e+01
1.348297527416378614e+02
3.106041482490586958e+01
2.615966738460959817e+01
7.278651323019469999e+01
4.140874364657686613e+01
1.622265352491785961e+01
6.718381064491586585e+01
3.034789299617279212e+01
3.305532671903588948e+01
1.820324612245294560e+01
6.913511233858847582e+00
2.899035603427265428e+01
6.533887918506781034e+01
1.293924774420902111e+02
1.783446457643053691e+02
7.632938316236656817e+01
8.844702303314841174e+01
1.084334767728619084e+02
1.678534921460297369e+01
9.122010991972190652e+01
8.808717717305539452e+01
2.533992361221512368e+01
2.639625408952770158e+01
3.430644962554953992e+01
3.423799722815522983e+01
3.566784252312589132e+01
5.597609439993150460e+01
1.895669772638780870e+01
1.323352978035056360e+01
2.661545142621919524e+01
2.517807519985319331e+01
2.323905064695086864e+01
1.196192303911410733e+02
4.618225081179324576e+01
6.383221982664818483e+01
2.320638651419803722e+01
4.270213642156314648e+01
5.394326064496458883e+01
1.157472872470270318e+02
2.574618331571283392e+01
1.482864377234125897e+01
1.114555861915485480e+01
2.632014073387191999e+01
2.856096269255098008e+01
7.070645138263610363e+01
5.160697213485566692e+01
1.160223365049422597e+02
6.031251523625756761e+01
4.511579741722180614e+01
4.683319986108745070e+01
1.538765305336938205e+01
8.465176331808258681e+01
1.072955724873385996e+01
6.175542296059686009e+01
6.362743914102561860e+01
6.101900982157827968e+01
2.078244324601483228e+01
8.489496593156619042e+01
3.932888337440542159e+01
8.918389795014398658e+01
4.387912946403132253e+01
1.480250345596745376e+01
5.374483676369673901e+01
5.790558311141801795e+01
3.583897854436406050e+01
1.099970841541043676e+01
1.107000082473756386e+01
2.783679570219248234e+01
2.030697208625179684e+01
9.219019503220401646e+01
7.933673305537848819e+01
7.757582788215322012e+01
1.160224551094740519e+02
1.281139119632665881e+02
7.772516997348327550e+01
1.459891359224594112e+02
4.847678209542739580e+01
6.818283951075709126e+01
1.034962098113645794e+02
2.280153030129095981e+01
1.936250025684732634e+01
3.964091458971198989e+01
1.681116944070532071e+01
6.368480702718431274e+01
1.289946801116904140e+01
3.650805454692854113e+01
1.288853142563314336e+01
2.162289906809778373e+01
1.492570251564798056e+01
1.755684523452480761e+01
8.030016664693205541e+01
4.464247154267921758e+01
1.911181087102632148e+01
1.986363424255739218e+01
4.911439883833594422e+01
3.538765939953051998e+01
3.299773166825392678e+01
5.440313161372939277e+01
1.305053365324891388e+02
3.058091485093821760e+01
1.320196975055720827e+02
2.743744304288838975e+01
2.096752956354155373e+01
1.009568038193922774e+02
4.678215815247682485e+01
1.308795799651574931e+01
3.799888806469628122e+01
7.145204482927968392e+00
5.029356069040783694e+01
1.914327707160098058e+01
6.990138096592991701e+01
3.013116476204586291e+01
3.188128225873043675e+01
5.621895728256213687e+01
7.118698405268228058e+00
1.152745801908191652e+02
4.315131506606246603e+01
8.527986680859163471e+01
7.841548180239698240e+01
2.283918472827557267e+01
7.743766414325643055e+00
1.069493770026145967e+02
5.224297500486067491e+01
1.072596862411183167e+02
1.457702819630774904e+01
1.050310102067639519e+02
8.421267231977812173e+01
2.682846083767008167e+02
2.496809050311042100e+01
1.960690538789448922e+01
4.876346402865391383e+01
2.058574293477363071e+01
5.570545424172144777e+01
4.921261367071686976e+01
1.883131549015721617e+01
5.957925130191149066e+01
6.028077098234408027e+01
7.006684177647522915e+01
1.409360135883654266e+02
4.421287311698380051e+01
9.583714506266383637e+01
1.683325349841653562e+01
1.925207896409887098e+01
1.472444744786608908e+02
1.894870756647912202e+01
1.105753927423906049e+02
1.205665970146827277e+02
2.049685470635670583e+02
9.047312921083009485e+01
4.169692796872963925e+01
1.404576855330491370e+01
2.398970074922337403e+01
7.186503230903983308e+01
2.128208939687459988e+01
5.087999715408217583e+01
5.416552553745649590e+01
1.305726118110651335e+01
1.045439929076737151e+01
9.764415408356026660e+01
4.512199605634098276e+01
3.647845905799805166e+01
7.166072891963186464e+01
6.386683857094279659e+01
7.748823566992008693e+01
3.313374981155228483e+01
2.103303842286597103e+01
3.484973118146941573e+01
2.318411098480432742e+01
5.790195525077034233e+01
2.486564312628841122e+01
1.139041357905076666e+02
9.878043598090830102e+00
1.616288148898354038e+01
8.065161548284756066e+01
3.136643524162930063e+01
2.004136696854482835e+01
1.725679889322058713e+01
9.911538290785259164e+01
6.633606845646114891e+01
7.412935588385329311e+01
4.528600690420134356e+01
4.706249095177172137e+01
1.140131363187139080e+01
1.596524160050828023e+01
3.752063211736985693e+01
7.699797387620505162e+01
7.377214119544622406e+01
2.640187031881783852e+01
6.015995571852116086e+01
9.273091511127323372e+01
4.313139896435518494e+01
9.094597195296692860e+01
3.160668444156086565e+01
4.406387527215383670e+01
2.785515870458372945e+01
5.595531982359445067e+01
7.035163908288555490e+01
1.134021116705417676e+01
2.392151571282767719e+01
5.250378987142000398e+01
1.313084155016652232e+01
3.832113889385801997e+01
1.096906854258424460e+02
4.129991235758899393e+01
3.102527852689324561e+01
1.475851878929259442e+01
3.949751923523876940e+01
5.515603820782565236e+01
1.673034471676948343e+01
6.358558735334972312e+01
2.234284673019247691e+01
1.702818371746736048e+01
5.092054396701166041e+01
6.817880167436663896e+01
2.959362141165414073e+01
6.821326421427791331e+01
2.817491941733566563e+01
1.349285753425950496e+01
1.205983769199353901e+02
2.145801764651683996e+01
2.892585415288834838e+01
3.717374101582058188e+01
2.005525429554256789e+01
3.220473747077620885e+01
1.749145372387632591e+01
2.363748398102379866e+01
1.526797233016477939e+01
8.466531426704537466e+01
4.323624151597852716e+01
7.897665003889192903e+00
1.625381779557576678e+01
3.211445932057316810e+01
2.619612208035040979e+01
3.670246348783981460e+01
8.507641585111998950e+01
1.039706922189326548e+02
3.757159389299435759e+01
6.629284177711930681e+01
1.443749848326112613e+02
8.076479674820265586e+01
5.878460473364497574e+01
4.950677344675463587e+01
2.010512374750581444e+01
1.995702401090313671e+01
4.413459141449469314e+01
1.418730704986810132e+01
7.164817869740041090e+00
1.518657067364445368e+02
2.813801973161936232e+01
1.639081358837790248e+01
7.204176492706579893e+01
1.704170191659402178e+01
1.171527545448947194e+02
7.473592687913127008e+01
1.299550275872695977e+02
2.660142801119762623e+01
5.011658023599388656e+01
4.522923957644700010e+01
9.223605157278257138e+00
5.090447579935048594e+01
6.707099267642395546e+01
3.695393576883366649e+01
1.152338931532058837e+02
7.538251454462425727e+01
8.129028871196175032e+01
1.068129487961757320e+02
7.352817861667973887e+01
6.572783759436053685e+01
1.406077889028281724e+01
5.709667996131604184e+01
1.149216852758656273e+02
7.264303276938395015e+01
3.949692687113183354e+01
1.008137479198361177e+02
1.437196200462512863e+01
4.810724809615117437e+01
6.066285394324501823e+01
4.955983945060110329e+01
1.386681276020009363e+02
5.131695441483818598e+01
2.497110786811461480e+01
6.942231130473399503e+01
4.235010506111557760e+01
7.243283218033316473e+01
8.813192538809524024e+01
2.003434591211551208e+02
3.325207146753867704e+01
1.596855978569975321e+02
2.029802362613833395e+02
3.602897625585436714e+01
2.548159217429425780e+02
4.017303043714620259e+01
3.746782146929476909e+01
4.126754473883865160e+01
3.568831822846630786e+01
8.324526749935712289e+00
3.060457292892454717e+01
7.787166638135849439e+01
9.653371447007853590e+01
1.227098731107947032e+02
1.186805898209315302e+02
6.681777352472900589e+01
2.151258914454517068e+01
5.096065779664465367e+01
3.621128173699611352e+01
1.576719940529474329e+01
2.786442816706432879e+01
5.685988266951376602e+01
2.010950479632635890e+01
2.979708131899811718e+01
5.843516172225571381e+01
5.863151702639486018e+01
3.549311266753862526e+01
2.905665191165238426e+01
4.933666697440902027e+01
8.007785488971134669e+01
1.600674537163944251e+02
5.180361905744517514e+01
5.618531875380038798e+01
9.043100933873591885e+01
1.854314691330334952e+01
2.827492185375140110e+01
2.930069209804682728e+01
9.639141540913045958e+01
1.115772970775465289e+01
6.691959867253386562e+01
6.012124924717704033e+01
4.709447682598536034e+01
4.450253653552481126e+01
1.780769094129785231e+02
1.890812768933451693e+01
1.976151456870155343e+01
3.486290998863456991e+01
2.320950123626423789e+01
2.751530154844730447e+01
5.174569235431237502e+01
5.460135777109780975e+01
9.803300245788591383e+01
9.241692781922206734e+01
1.028886026924490125e+02
