2.457400000000000000e+04
1.155900000000000000e+04
9.748000000000000000e+03
8.438000000000000000e+03
2.459000000000000000e+03
6.580000000000000000e+03
1.692400000000000000e+04
8.123000000000000000e+03
1.501600000000000000e+04
3.193000000000000000e+03
9.051000000000000000e+03
8.979000000000000000e+03
1.341900000000000000e+04
8.569000000000000000e+03
2.639000000000000000e+03
1.125900000000000000e+04
1.887300000000000000e+04
7.148000000000000000e+03
1.030000000000000000e+04
1.605300000000000000e+04
5.471000000000000000e+03
5.319000000000000000e+03
1.117100000000000000e+04
1.619700000000000000e+04
4.565000000000000000e+03
8.036000000000000000e+03
8.126000000000000000e+03
4.062700000000000000e+04
8.537000000000000000e+03
1.012300000000000000e+04
5.184000000000000000e+03
1.416800000000000000e+04
1.147600000000000000e+04
7.831000000000000000e+03
5.841000000000000000e+03
2.469000000000000000e+03
6.086000000000000000e+03
5.250000000000000000e+03
2.247000000000000000e+03
1.123200000000000000e+04
8.682000000000000000e+03
5.579000000000000000e+03
6.422000000000000000e+03
2.034400000000000000e+04
6.572000000000000000e+03
1.135000000000000000e+04
9.963000000000000000e+03
1.085300000000000000e+04
1.388100000000000000e+04
3.045000000000000000e+03
9.027000000000000000e+03
3.183800000000000000e+04
9.129000000000000000e+03
1.054300000000000000e+04
6.733000000000000000e+03
1.078100000000000000e+04
6.255000000000000000e+03
4.245000000000000000e+03
1.300900000000000000e+04
1.735300000000000000e+04
8.202000000000000000e+03
6.642000000000000000e+03
1.730400000000000000e+04
1.301500000000000000e+04
6.637000000000000000e+03
1.346900000000000000e+04
1.678700000000000000e+04
7.020000000000000000e+03
2.904900000000000000e+04
1.210900000000000000e+04
4.931000000000000000e+03
1.238500000000000000e+04
1.352900000000000000e+04
5.674000000000000000e+03
1.418600000000000000e+04
1.086700000000000000e+04
3.279800000000000000e+04
6.858000000000000000e+03
2.856900000000000000e+04
2.121600000000000000e+04
1.725800000000000000e+04
1.334800000000000000e+04
1.219200000000000000e+04
3.155000000000000000e+03
1.384500000000000000e+04
7.323000000000000000e+03
1.105600000000000000e+04
4.152000000000000000e+03
5.554000000000000000e+03
2.356000000000000000e+04
2.984100000000000000e+04
1.024900000000000000e+04
1.603400000000000000e+04
1.462700000000000000e+04
1.087100000000000000e+04
8.570000000000000000e+03
9.964000000000000000e+03
1.831300000000000000e+04
3.396000000000000000e+03
2.423600000000000000e+04
1.417500000000000000e+04
5.170000000000000000e+03
4.500000000000000000e+03
1.816300000000000000e+04
1.203900000000000000e+04
8.623000000000000000e+03
1.558200000000000000e+04
6.227000000000000000e+03
1.408500000000000000e+04
5.620000000000000000e+03
2.105600000000000000e+04
1.403900000000000000e+04
9.266000000000000000e+03
2.099700000000000000e+04
6.656000000000000000e+03
1.878000000000000000e+03
1.394300000000000000e+04
7.970000000000000000e+03
8.949000000000000000e+03
2.503000000000000000e+04
5.339000000000000000e+03
5.465000000000000000e+03
6.886000000000000000e+03
1.195400000000000000e+04
8.814000000000000000e+03
8.030000000000000000e+03
6.104000000000000000e+03
1.175400000000000000e+04
1.438100000000000000e+04
8.483000000000000000e+03
1.120200000000000000e+04
1.151600000000000000e+04
7.393000000000000000e+03
1.119000000000000000e+04
2.313600000000000000e+04
7.554000000000000000e+03
2.200000000000000000e+04
1.584100000000000000e+04
2.920000000000000000e+04
6.119000000000000000e+03
7.218000000000000000e+03
2.210000000000000000e+03
1.990900000000000000e+04
7.105000000000000000e+03
1.189600000000000000e+04
1.025100000000000000e+04
4.001000000000000000e+03
3.855000000000000000e+03
2.041600000000000000e+04
4.448000000000000000e+03
1.811400000000000000e+04
2.382000000000000000e+03
7.085000000000000000e+03
5.106000000000000000e+03
4.939000000000000000e+03
7.356000000000000000e+03
6.069000000000000000e+03
4.611000000000000000e+03
7.933000000000000000e+03
5.828000000000000000e+03
5.603000000000000000e+03
3.399000000000000000e+03
7.281000000000000000e+03
1.054600000000000000e+04
1.417900000000000000e+04
4.088000000000000000e+03
1.042300000000000000e+04
7.725000000000000000e+03
9.198000000000000000e+03
9.458000000000000000e+03
3.357000000000000000e+03
1.016300000000000000e+04
7.172000000000000000e+03
5.305000000000000000e+03
4.687000000000000000e+03
9.454000000000000000e+03
4.570000000000000000e+03
6.011000000000000000e+03
5.595000000000000000e+03
8.776000000000000000e+03
9.895000000000000000e+03
1.075800000000000000e+04
3.060000000000000000e+03
1.395000000000000000e+04
5.520000000000000000e+03
7.709000000000000000e+03
5.779000000000000000e+03
7.752000000000000000e+03
1.212200000000000000e+04
1.058000000000000000e+04
1.906300000000000000e+04
9.675000000000000000e+03
4.819000000000000000e+03
6.624000000000000000e+03
7.470000000000000000e+03
6.745000000000000000e+03
7.033000000000000000e+03
1.793200000000000000e+04
1.312700000000000000e+04
7.077000000000000000e+03
4.981000000000000000e+03
9.106000000000000000e+03
2.075800000000000000e+04
3.831000000000000000e+03
1.319200000000000000e+04
4.743000000000000000e+03
5.590000000000000000e+03
4.448000000000000000e+03
7.919000000000000000e+03
7.519000000000000000e+03
4.853000000000000000e+03
2.830000000000000000e+03
7.882000000000000000e+03
2.045600000000000000e+04
1.279700000000000000e+04
1.193200000000000000e+04
4.124000000000000000e+03
5.932000000000000000e+03
2.298800000000000000e+04
6.505000000000000000e+03
4.060000000000000000e+03
1.738600000000000000e+04
2.338000000000000000e+04
1.163400000000000000e+04
1.691900000000000000e+04
7.384000000000000000e+03
9.864000000000000000e+03
1.533700000000000000e+04
6.250000000000000000e+03
2.942700000000000000e+04
1.370300000000000000e+04
1.085000000000000000e+04
3.567000000000000000e+03
1.590600000000000000e+04
8.356000000000000000e+03
2.068700000000000000e+04
1.117700000000000000e+04
1.948000000000000000e+04
9.191000000000000000e+03
7.787000000000000000e+03
1.288700000000000000e+04
4.914000000000000000e+03
1.612800000000000000e+04
6.868000000000000000e+03
4.245000000000000000e+03
9.667000000000000000e+03
3.052000000000000000e+03
1.792500000000000000e+04
8.579000000000000000e+03
1.151400000000000000e+04
1.311200000000000000e+04
5.899000000000000000e+03
6.882000000000000000e+03
2.681000000000000000e+03
4.545000000000000000e+03
4.871000000000000000e+03
5.393000000000000000e+03
3.866000000000000000e+03
7.985000000000000000e+03
5.206000000000000000e+03
5.184000000000000000e+03
7.354000000000000000e+03
6.489000000000000000e+03
7.955000000000000000e+03
7.572000000000000000e+03
3.367800000000000000e+04
8.573000000000000000e+03
7.327000000000000000e+03
4.951000000000000000e+03
8.315000000000000000e+03
8.802000000000000000e+03
1.193600000000000000e+04
3.809000000000000000e+03
9.699000000000000000e+03
6.687000000000000000e+03
1.120600000000000000e+04
5.729000000000000000e+03
8.720000000000000000e+03
6.557000000000000000e+03
4.922000000000000000e+03
8.006000000000000000e+03
6.572000000000000000e+03
9.620000000000000000e+03
8.855000000000000000e+03
1.058400000000000000e+04
7.129000000000000000e+03
8.336000000000000000e+03
2.714000000000000000e+03
2.090100000000000000e+04
3.178000000000000000e+03
5.060000000000000000e+03
7.026000000000000000e+03
9.227000000000000000e+03
5.192000000000000000e+03
7.506000000000000000e+03
6.569000000000000000e+03
6.658000000000000000e+03
7.934000000000000000e+03
9.768000000000000000e+03
8.154000000000000000e+03
8.229000000000000000e+03
9.097000000000000000e+03
1.695100000000000000e+04
8.365000000000000000e+03
8.338000000000000000e+03
5.137000000000000000e+03
1.744800000000000000e+04
1.304800000000000000e+04
8.758000000000000000e+03
7.593000000000000000e+03
9.369000000000000000e+03
1.593300000000000000e+04
5.849000000000000000e+03
6.092000000000000000e+03
1.397900000000000000e+04
5.318000000000000000e+03
9.239000000000000000e+03
5.655000000000000000e+03
2.954200000000000000e+04
4.379000000000000000e+03
6.720000000000000000e+03
9.136000000000000000e+03
1.883100000000000000e+04
5.997000000000000000e+03
1.260900000000000000e+04
5.965000000000000000e+03
3.630000000000000000e+03
5.357000000000000000e+03
1.188300000000000000e+04
5.828000000000000000e+03
1.065600000000000000e+04
4.938000000000000000e+03
1.546700000000000000e+04
7.583000000000000000e+03
1.365000000000000000e+04
7.303000000000000000e+03
8.468000000000000000e+03
5.251000000000000000e+03
1.051500000000000000e+04
5.525000000000000000e+03
2.013100000000000000e+04
1.460100000000000000e+04
1.371200000000000000e+04
6.984000000000000000e+03
1.108000000000000000e+04
1.929400000000000000e+04
1.203200000000000000e+04
7.997000000000000000e+03
3.210000000000000000e+03
6.204000000000000000e+03
6.189000000000000000e+03
1.375000000000000000e+04
1.489200000000000000e+04
1.503500000000000000e+04
6.576000000000000000e+03
1.211100000000000000e+04
6.724000000000000000e+03
8.221000000000000000e+03
8.629000000000000000e+03
6.989000000000000000e+03
4.645000000000000000e+03
9.226000000000000000e+03
8.946000000000000000e+03
6.656000000000000000e+03
3.568000000000000000e+04
9.157000000000000000e+03
4.774300000000000000e+04
5.102000000000000000e+03
1.411600000000000000e+04
1.076600000000000000e+04
7.077000000000000000e+03
3.285000000000000000e+03
5.660000000000000000e+03
1.066200000000000000e+04
1.740000000000000000e+04
1.909300000000000000e+04
1.557400000000000000e+04
1.065100000000000000e+04
4.107000000000000000e+03
1.620800000000000000e+04
1.048100000000000000e+04
7.695000000000000000e+03
9.496000000000000000e+03
4.933000000000000000e+03
6.525000000000000000e+03
7.336000000000000000e+03
7.032000000000000000e+03
7.869000000000000000e+03
4.195000000000000000e+03
8.909000000000000000e+03
1.096700000000000000e+04
2.222400000000000000e+04
3.290000000000000000e+03
6.078000000000000000e+03
9.284000000000000000e+03
1.501900000000000000e+04
3.832000000000000000e+03
1.632600000000000000e+04
1.142700000000000000e+04
1.148500000000000000e+04
9.253000000000000000e+03
1.730400000000000000e+04
2.672000000000000000e+03
1.322100000000000000e+04
3.211000000000000000e+03
1.537100000000000000e+04
4.853000000000000000e+03
5.836000000000000000e+03
1.223700000000000000e+04
6.468000000000000000e+03
6.218000000000000000e+03
1.168800000000000000e+04
7.753000000000000000e+03
1.830400000000000000e+04
5.520000000000000000e+03
5.934000000000000000e+03
1.271200000000000000e+04
1.192500000000000000e+04
5.997000000000000000e+03
6.312000000000000000e+03
9.776000000000000000e+03
4.836000000000000000e+03
1.601500000000000000e+04
9.087000000000000000e+03
2.545000000000000000e+04
2.954000000000000000e+03
7.703000000000000000e+03
1.431100000000000000e+04
9.472000000000000000e+03
3.054000000000000000e+03
8.271000000000000000e+03
9.214000000000000000e+03
7.739000000000000000e+03
6.520000000000000000e+03
1.336500000000000000e+04
4.817000000000000000e+03
4.166000000000000000e+03
1.330600000000000000e+04
4.370000000000000000e+03
8.524000000000000000e+03
4.076000000000000000e+03
4.941000000000000000e+03
5.681000000000000000e+03
1.523000000000000000e+04
7.325000000000000000e+03
1.089100000000000000e+04
7.671000000000000000e+03
1.106900000000000000e+04
5.041000000000000000e+03
9.465000000000000000e+03
7.485000000000000000e+03
1.242200000000000000e+04
5.257000000000000000e+03
5.448000000000000000e+03
6.859000000000000000e+03
1.013800000000000000e+04
1.609700000000000000e+04
5.634000000000000000e+03
5.742000000000000000e+03
9.041000000000000000e+03
7.039000000000000000e+03
3.267000000000000000e+03
9.807000000000000000e+03
6.500000000000000000e+03
8.211000000000000000e+03
4.214000000000000000e+03
8.344000000000000000e+03
9.935000000000000000e+03
7.498000000000000000e+03
1.198700000000000000e+04
1.603000000000000000e+04
2.526000000000000000e+03
5.984000000000000000e+03
2.627700000000000000e+04
9.664000000000000000e+03
3.261700000000000000e+04
1.179400000000000000e+04
4.250000000000000000e+03
7.017000000000000000e+03
1.160200000000000000e+04
9.187000000000000000e+03
1.062900000000000000e+04
2.675800000000000000e+04
1.251900000000000000e+04
5.193000000000000000e+03
1.262400000000000000e+04
8.228000000000000000e+03
5.476000000000000000e+03
8.005000000000000000e+03
7.704000000000000000e+03
5.135000000000000000e+03
5.616000000000000000e+03
1.332900000000000000e+04
4.889000000000000000e+03
2.149500000000000000e+04
7.979000000000000000e+03
1.609800000000000000e+04
5.938000000000000000e+03
9.260000000000000000e+03
9.319000000000000000e+03
9.507000000000000000e+03
8.848000000000000000e+03
6.404000000000000000e+03
8.252000000000000000e+03
5.212000000000000000e+03
9.507000000000000000e+03
1.096100000000000000e+04
9.781000000000000000e+03
1.643500000000000000e+04
7.142000000000000000e+03
6.793000000000000000e+03
1.404500000000000000e+04
5.161000000000000000e+03
4.456000000000000000e+03
4.998000000000000000e+03
2.871200000000000000e+04
5.939000000000000000e+03
4.946000000000000000e+03
4.633000000000000000e+03
4.126000000000000000e+03
3.846000000000000000e+03
6.805000000000000000e+03
8.837000000000000000e+03
1.170400000000000000e+04
4.665000000000000000e+03
1.311800000000000000e+04
1.584500000000000000e+04
1.656600000000000000e+04
1.215600000000000000e+04
1.842000000000000000e+03
8.644000000000000000e+03
7.535000000000000000e+03
7.890000000000000000e+03
1.090400000000000000e+04
8.346000000000000000e+03
2.407000000000000000e+03
6.868000000000000000e+03
8.309000000000000000e+03
4.624000000000000000e+03
6.214000000000000000e+03
1.142400000000000000e+04
1.062700000000000000e+04
1.189800000000000000e+04
5.205000000000000000e+03
1.175600000000000000e+04
1.474300000000000000e+04
1.819400000000000000e+04
5.520000000000000000e+03
7.177000000000000000e+03
7.476000000000000000e+03
5.201000000000000000e+03
6.763000000000000000e+03
3.196000000000000000e+03
1.556900000000000000e+04
5.642000000000000000e+03
7.413000000000000000e+03
5.855000000000000000e+03
6.014000000000000000e+03
1.327700000000000000e+04
4.267000000000000000e+03
1.045700000000000000e+04
3.747000000000000000e+03
5.242000000000000000e+03
1.112400000000000000e+04
2.781000000000000000e+03
5.009000000000000000e+03
4.499000000000000000e+03
6.032000000000000000e+03
2.894000000000000000e+03
5.166000000000000000e+03
9.131000000000000000e+03
1.310400000000000000e+04
3.073300000000000000e+04
3.987000000000000000e+03
8.036000000000000000e+03
5.390000000000000000e+03
1.058600000000000000e+04
4.461000000000000000e+03
1.549800000000000000e+04
3.147000000000000000e+03
1.743200000000000000e+04
3.442000000000000000e+03
1.962400000000000000e+04
7.491000000000000000e+03
4.947000000000000000e+03
4.029000000000000000e+03
9.146000000000000000e+03
1.738700000000000000e+04
9.479000000000000000e+03
2.242700000000000000e+04
4.060000000000000000e+03
7.072000000000000000e+03
1.098000000000000000e+04
5.595000000000000000e+03
4.803000000000000000e+03
1.225100000000000000e+04
1.148900000000000000e+04
6.516000000000000000e+03
1.169200000000000000e+04
5.275000000000000000e+03
1.215700000000000000e+04
1.281900000000000000e+04
9.814000000000000000e+03
7.387000000000000000e+03
1.048000000000000000e+04
1.157100000000000000e+04
4.267000000000000000e+03
7.079000000000000000e+03
1.286400000000000000e+04
1.048300000000000000e+04
7.772000000000000000e+03
1.903500000000000000e+04
5.062000000000000000e+03
4.878000000000000000e+03
1.382100000000000000e+04
1.075800000000000000e+04
7.912000000000000000e+03
7.135000000000000000e+03
1.221000000000000000e+04
1.456200000000000000e+04
9.489000000000000000e+03
5.408000000000000000e+03
4.820000000000000000e+03
1.161100000000000000e+04
9.017000000000000000e+03
1.731100000000000000e+04
1.498600000000000000e+04
5.956000000000000000e+03
7.990000000000000000e+03
5.855000000000000000e+03
6.212000000000000000e+03
1.225000000000000000e+04
9.285000000000000000e+03
1.850400000000000000e+04
2.962000000000000000e+03
7.297000000000000000e+03
2.771200000000000000e+04
2.487700000000000000e+04
4.732000000000000000e+03
8.140000000000000000e+03
8.464000000000000000e+03
1.202600000000000000e+04
8.207000000000000000e+03
5.324000000000000000e+03
1.283800000000000000e+04
1.232800000000000000e+04
1.115000000000000000e+04
1.788200000000000000e+04
4.492000000000000000e+03
6.981000000000000000e+03
1.226100000000000000e+04
7.288000000000000000e+03
4.557000000000000000e+03
7.088000000000000000e+03
9.800000000000000000e+03
1.230900000000000000e+04
6.389000000000000000e+03
2.081000000000000000e+03
1.650100000000000000e+04
3.628000000000000000e+03
1.677200000000000000e+04
2.288100000000000000e+04
1.056200000000000000e+04
7.652000000000000000e+03
2.451300000000000000e+04
1.209800000000000000e+04
6.744000000000000000e+03
8.431000000000000000e+03
3.944000000000000000e+03
3.416000000000000000e+03
5.685000000000000000e+03
1.073100000000000000e+04
7.557000000000000000e+03
9.405000000000000000e+03
4.614000000000000000e+03
7.542000000000000000e+03
4.914000000000000000e+03
5.003000000000000000e+03
1.063600000000000000e+04
1.041400000000000000e+04
6.632000000000000000e+03
1.624100000000000000e+04
3.537000000000000000e+03
9.189000000000000000e+03
2.969900000000000000e+04
1.149500000000000000e+04
3.454000000000000000e+03
1.053800000000000000e+04
2.896000000000000000e+03
4.842000000000000000e+03
5.088000000000000000e+03
9.679000000000000000e+03
1.102200000000000000e+04
9.746000000000000000e+03
1.016500000000000000e+04
4.804000000000000000e+03
6.970000000000000000e+03
6.870000000000000000e+03
1.312300000000000000e+04
1.318800000000000000e+04
1.120300000000000000e+04
9.257000000000000000e+03
4.086000000000000000e+03
7.316000000000000000e+03
9.266000000000000000e+03
7.323000000000000000e+03
4.767000000000000000e+03
7.754000000000000000e+03
4.196000000000000000e+03
1.548300000000000000e+04
7.794000000000000000e+03
1.377700000000000000e+04
6.560000000000000000e+03
1.185200000000000000e+04
1.509300000000000000e+04
1.140700000000000000e+04
1.256600000000000000e+04
9.398000000000000000e+03
2.615800000000000000e+04
4.037000000000000000e+03
3.728000000000000000e+03
3.445000000000000000e+03
6.128000000000000000e+03
1.399500000000000000e+04
1.315200000000000000e+04
3.008500000000000000e+04
4.535000000000000000e+03
3.569000000000000000e+03
1.327500000000000000e+04
3.802000000000000000e+03
4.269000000000000000e+03
1.242200000000000000e+04
8.813000000000000000e+03
4.424000000000000000e+03
1.611500000000000000e+04
5.210000000000000000e+03
7.922000000000000000e+03
1.959900000000000000e+04
8.836000000000000000e+03
2.183000000000000000e+03
7.912000000000000000e+03
9.199000000000000000e+03
6.821000000000000000e+03
4.454000000000000000e+03
5.736000000000000000e+03
9.012000000000000000e+03
9.643000000000000000e+03
8.431000000000000000e+03
9.681000000000000000e+03
6.964000000000000000e+03
2.836300000000000000e+04
4.547000000000000000e+03
2.535900000000000000e+04
2.341000000000000000e+03
1.186000000000000000e+04
9.770000000000000000e+03
1.005800000000000000e+04
9.790000000000000000e+03
1.003800000000000000e+04
3.996000000000000000e+03
1.068300000000000000e+04
1.115800000000000000e+04
1.041800000000000000e+04
9.229000000000000000e+03
1.239700000000000000e+04
1.444000000000000000e+04
1.311600000000000000e+04
6.518000000000000000e+03
2.164300000000000000e+04
5.187000000000000000e+03
5.423000000000000000e+03
1.532000000000000000e+04
2.310000000000000000e+03
1.330100000000000000e+04
4.414000000000000000e+03
8.817000000000000000e+03
2.239000000000000000e+03
5.596000000000000000e+03
1.708000000000000000e+04
7.354000000000000000e+03
4.619000000000000000e+03
1.358700000000000000e+04
1.382300000000000000e+04
5.959000000000000000e+03
2.569500000000000000e+04
6.472000000000000000e+03
8.426000000000000000e+03
5.789000000000000000e+03
1.384600000000000000e+04
1.163000000000000000e+04
6.856000000000000000e+03
9.869000000000000000e+03
3.277400000000000000e+04
6.190000000000000000e+03
5.990000000000000000e+03
1.084300000000000000e+04
3.811000000000000000e+03
4.160000000000000000e+03
4.991000000000000000e+03
4.507000000000000000e+03
6.574000000000000000e+03
6.084000000000000000e+03
8.854000000000000000e+03
8.589000000000000000e+03
4.588000000000000000e+03
2.610000000000000000e+03
1.754000000000000000e+04
1.063300000000000000e+04
9.028000000000000000e+03
7.217000000000000000e+03
1.839000000000000000e+04
3.647000000000000000e+03
4.942000000000000000e+03
4.857000000000000000e+03
4.175000000000000000e+03
4.370000000000000000e+03
1.197200000000000000e+04
4.197000000000000000e+03
7.257000000000000000e+03
1.733000000000000000e+03
6.522000000000000000e+03
8.328000000000000000e+03
4.644000000000000000e+03
1.730700000000000000e+04
1.064600000000000000e+04
3.176000000000000000e+03
1.131700000000000000e+04
9.557000000000000000e+03
5.132000000000000000e+03
5.777000000000000000e+03
2.261700000000000000e+04
1.241900000000000000e+04
2.699000000000000000e+03
1.645800000000000000e+04
3.391000000000000000e+03
1.425600000000000000e+04
8.495000000000000000e+03
1.437300000000000000e+04
7.122000000000000000e+03
5.063000000000000000e+03
8.572000000000000000e+03
1.202700000000000000e+04
1.878000000000000000e+04
9.524000000000000000e+03
1.366100000000000000e+04
1.236400000000000000e+04
7.827000000000000000e+03
1.279700000000000000e+04
4.487000000000000000e+03
6.353000000000000000e+03
6.074000000000000000e+03
9.018000000000000000e+03
9.607000000000000000e+03
1.122400000000000000e+04
1.890400000000000000e+04
1.737800000000000000e+04
1.889600000000000000e+04
3.450800000000000000e+04
9.974000000000000000e+03
5.210000000000000000e+03
6.718000000000000000e+03
4.737000000000000000e+03
4.379000000000000000e+03
1.051900000000000000e+04
5.449000000000000000e+03
1.173900000000000000e+04
1.538200000000000000e+04
4.908000000000000000e+03
3.075000000000000000e+03
1.322700000000000000e+04
1.668300000000000000e+04
8.558000000000000000e+03
3.784000000000000000e+03
8.277000000000000000e+03
4.796000000000000000e+03
1.383400000000000000e+04
9.894000000000000000e+03
1.580700000000000000e+04
1.533700000000000000e+04
3.687000000000000000e+03
6.687000000000000000e+03
9.254000000000000000e+03
5.033000000000000000e+03
6.933000000000000000e+03
1.392300000000000000e+04
1.779100000000000000e+04
1.007500000000000000e+04
7.321000000000000000e+03
1.831900000000000000e+04
3.528000000000000000e+03
1.173800000000000000e+04
4.214000000000000000e+03
8.117000000000000000e+03
5.487000000000000000e+03
6.355000000000000000e+03
5.112000000000000000e+03
5.372000000000000000e+03
1.051600000000000000e+04
1.059000000000000000e+04
1.834300000000000000e+04
1.796800000000000000e+04
1.963000000000000000e+03
7.805000000000000000e+03
6.517000000000000000e+03
7.832000000000000000e+03
1.174800000000000000e+04
1.053400000000000000e+04
6.833000000000000000e+03
9.334000000000000000e+03
1.700400000000000000e+04
4.400000000000000000e+03
2.086100000000000000e+04
3.345000000000000000e+03
1.168700000000000000e+04
4.787000000000000000e+03
7.391000000000000000e+03
7.769000000000000000e+03
1.392900000000000000e+04
3.309000000000000000e+03
3.226000000000000000e+03
1.294800000000000000e+04
1.312200000000000000e+04
1.394200000000000000e+04
6.028000000000000000e+03
5.157000000000000000e+03
1.102700000000000000e+04
1.041800000000000000e+04
4.139000000000000000e+03
1.374600000000000000e+04
1.950400000000000000e+04
4.954000000000000000e+03
2.201000000000000000e+04
8.902000000000000000e+03
3.906000000000000000e+03
2.476000000000000000e+03
6.456000000000000000e+03
1.287600000000000000e+04
5.385000000000000000e+03
6.227000000000000000e+03
2.931000000000000000e+03
5.046000000000000000e+03
3.893000000000000000e+03
9.311000000000000000e+03
6.001000000000000000e+03
1.257100000000000000e+04
1.935400000000000000e+04
2.228000000000000000e+04
3.845000000000000000e+03
3.648000000000000000e+03
2.028300000000000000e+04
7.276000000000000000e+03
3.055400000000000000e+04
5.505000000000000000e+03
7.941000000000000000e+03
1.947900000000000000e+04
3.395000000000000000e+03
4.562000000000000000e+03
7.820000000000000000e+03
7.878000000000000000e+03
8.270000000000000000e+03
6.902000000000000000e+03
9.817000000000000000e+03
8.809000000000000000e+03
5.477000000000000000e+03
9.875000000000000000e+03
1.124000000000000000e+04
1.203200000000000000e+04
7.157000000000000000e+03
9.146000000000000000e+03
2.142100000000000000e+04
6.645000000000000000e+03
6.841000000000000000e+03
3.390000000000000000e+03
6.251000000000000000e+03
1.097600000000000000e+04
1.114200000000000000e+04
5.809000000000000000e+03
4.092000000000000000e+03
1.607700000000000000e+04
4.439000000000000000e+03
6.217000000000000000e+03
4.909000000000000000e+03
1.649300000000000000e+04
3.000500000000000000e+04
6.342000000000000000e+03
1.852600000000000000e+04
3.774000000000000000e+03
1.013300000000000000e+04
1.026000000000000000e+04
1.104300000000000000e+04
8.083000000000000000e+03
9.963000000000000000e+03
1.178500000000000000e+04
5.306000000000000000e+03
6.963000000000000000e+03
7.319000000000000000e+03
3.788000000000000000e+03
3.815000000000000000e+03
6.351000000000000000e+03
6.314000000000000000e+03
7.921000000000000000e+03
1.392000000000000000e+04
1.154900000000000000e+04
1.380300000000000000e+04
1.896800000000000000e+04
1.885700000000000000e+04
