3.890000000000000000e+03
2.947000000000000000e+03
5.772000000000000000e+03
1.587900000000000000e+04
1.420600000000000000e+04
5.697000000000000000e+03
1.408800000000000000e+04
5.812000000000000000e+03
1.491400000000000000e+04
7.629000000000000000e+03
5.185000000000000000e+03
8.756000000000000000e+03
4.557000000000000000e+03
9.907000000000000000e+03
9.709000000000000000e+03
5.540000000000000000e+03
2.364000000000000000e+03
1.022600000000000000e+04
7.217000000000000000e+03
6.529000000000000000e+03
6.653000000000000000e+03
8.379000000000000000e+03
8.742000000000000000e+03
4.452000000000000000e+03
1.112000000000000000e+04
8.524000000000000000e+03
4.919000000000000000e+03
1.258300000000000000e+04
5.799000000000000000e+03
3.389000000000000000e+03
6.120000000000000000e+03
3.471000000000000000e+03
4.745000000000000000e+03
1.364800000000000000e+04
5.611000000000000000e+03
1.202600000000000000e+04
4.908000000000000000e+03
4.665000000000000000e+03
4.683000000000000000e+03
9.229000000000000000e+03
8.104000000000000000e+03
2.647000000000000000e+04
5.296000000000000000e+03
1.037500000000000000e+04
5.234000000000000000e+03
3.909000000000000000e+03
5.756000000000000000e+03
1.246900000000000000e+04
1.150700000000000000e+04
3.805000000000000000e+03
4.733000000000000000e+03
1.586500000000000000e+04
6.885000000000000000e+03
1.056200000000000000e+04
3.457000000000000000e+03
5.469000000000000000e+03
1.193800000000000000e+04
4.979000000000000000e+03
4.833000000000000000e+03
1.105400000000000000e+04
4.355000000000000000e+03
4.612000000000000000e+03
5.664000000000000000e+03
5.198000000000000000e+03
4.023000000000000000e+03
7.088000000000000000e+03
7.308000000000000000e+03
1.113800000000000000e+04
7.287000000000000000e+03
1.735600000000000000e+04
1.027300000000000000e+04
9.358000000000000000e+03
3.081000000000000000e+03
6.998000000000000000e+03
9.276000000000000000e+03
5.864000000000000000e+03
3.597000000000000000e+03
5.019000000000000000e+03
4.391000000000000000e+03
5.232000000000000000e+03
6.349000000000000000e+03
9.143000000000000000e+03
9.128000000000000000e+03
6.047000000000000000e+03
6.881000000000000000e+03
1.726000000000000000e+03
7.592000000000000000e+03
3.502000000000000000e+03
6.302000000000000000e+03
7.639000000000000000e+03
2.171000000000000000e+03
6.160000000000000000e+03
1.474500000000000000e+04
3.947000000000000000e+03
5.052000000000000000e+03
1.586000000000000000e+04
7.128000000000000000e+03
6.944000000000000000e+03
6.833000000000000000e+03
4.470000000000000000e+03
1.162100000000000000e+04
1.101200000000000000e+04
1.108800000000000000e+04
6.379000000000000000e+03
6.633000000000000000e+03
5.903000000000000000e+03
5.206000000000000000e+03
1.555500000000000000e+04
1.119100000000000000e+04
9.256000000000000000e+03
7.535000000000000000e+03
9.517000000000000000e+03
4.339000000000000000e+03
1.325700000000000000e+04
6.504000000000000000e+03
2.108900000000000000e+04
1.438700000000000000e+04
7.410000000000000000e+03
4.758000000000000000e+03
3.910000000000000000e+03
7.291000000000000000e+03
4.534000000000000000e+03
9.377000000000000000e+03
3.852000000000000000e+03
9.605000000000000000e+03
1.270500000000000000e+04
9.905000000000000000e+03
1.213900000000000000e+04
3.850000000000000000e+03
4.499000000000000000e+03
8.662000000000000000e+03
1.280400000000000000e+04
3.782900000000000000e+04
6.784000000000000000e+03
8.208000000000000000e+03
2.044500000000000000e+04
3.993000000000000000e+03
7.809000000000000000e+03
5.608000000000000000e+03
5.075000000000000000e+03
6.646000000000000000e+03
6.811000000000000000e+03
1.528300000000000000e+04
8.399000000000000000e+03
8.130000000000000000e+03
4.930000000000000000e+03
1.111700000000000000e+04
3.760000000000000000e+03
2.720000000000000000e+03
1.840300000000000000e+04
8.949000000000000000e+03
6.217000000000000000e+03
3.563000000000000000e+03
2.541000000000000000e+03
7.688000000000000000e+03
1.490000000000000000e+03
7.902000000000000000e+03
4.755000000000000000e+03
2.935000000000000000e+03
7.958000000000000000e+03
1.611200000000000000e+04
2.920000000000000000e+03
7.527000000000000000e+03
3.601000000000000000e+03
6.325000000000000000e+03
1.323700000000000000e+04
2.018900000000000000e+04
1.108900000000000000e+04
7.961000000000000000e+03
3.717000000000000000e+03
2.370000000000000000e+03
1.154200000000000000e+04
3.711000000000000000e+03
6.470000000000000000e+03
1.353600000000000000e+04
8.956000000000000000e+03
2.569000000000000000e+03
1.445900000000000000e+04
6.157000000000000000e+03
3.946000000000000000e+03
3.851000000000000000e+03
5.399000000000000000e+03
3.162000000000000000e+03
4.191000000000000000e+03
7.215000000000000000e+03
1.925300000000000000e+04
6.107000000000000000e+03
1.051900000000000000e+04
1.014900000000000000e+04
9.723000000000000000e+03
8.776000000000000000e+03
5.471000000000000000e+03
1.357900000000000000e+04
5.089000000000000000e+03
5.723000000000000000e+03
4.539000000000000000e+03
8.056000000000000000e+03
3.167000000000000000e+03
4.172000000000000000e+03
1.010200000000000000e+04
6.110000000000000000e+03
3.279000000000000000e+03
4.012000000000000000e+03
8.540000000000000000e+03
5.328000000000000000e+03
8.241000000000000000e+03
4.167000000000000000e+03
1.636800000000000000e+04
3.115000000000000000e+03
5.127000000000000000e+03
1.255700000000000000e+04
1.804000000000000000e+03
7.307000000000000000e+03
7.282000000000000000e+03
8.490000000000000000e+03
6.803000000000000000e+03
7.049000000000000000e+03
8.314000000000000000e+03
7.323000000000000000e+03
7.728000000000000000e+03
8.392000000000000000e+03
7.324000000000000000e+03
7.796000000000000000e+03
9.242000000000000000e+03
4.242000000000000000e+03
1.528300000000000000e+04
4.834000000000000000e+03
2.800800000000000000e+04
6.965000000000000000e+03
5.015000000000000000e+03
4.381000000000000000e+03
6.834000000000000000e+03
3.665000000000000000e+03
2.369000000000000000e+03
3.352000000000000000e+03
1.029400000000000000e+04
3.349000000000000000e+03
5.589000000000000000e+03
1.132000000000000000e+04
1.388000000000000000e+03
2.719900000000000000e+04
1.197800000000000000e+04
4.899000000000000000e+03
2.405000000000000000e+03
5.748000000000000000e+03
1.723000000000000000e+03
4.791000000000000000e+03
8.540000000000000000e+03
8.151000000000000000e+03
5.031000000000000000e+03
4.176000000000000000e+03
8.246000000000000000e+03
4.967000000000000000e+03
9.754000000000000000e+03
2.529000000000000000e+03
3.784000000000000000e+03
1.007000000000000000e+04
3.148000000000000000e+03
7.679000000000000000e+03
5.541000000000000000e+03
3.927000000000000000e+03
3.237000000000000000e+03
1.703700000000000000e+04
3.231000000000000000e+03
1.031800000000000000e+04
7.419000000000000000e+03
2.874000000000000000e+03
9.986000000000000000e+03
2.805000000000000000e+03
4.520000000000000000e+03
5.032000000000000000e+03
9.337000000000000000e+03
1.822000000000000000e+03
6.253000000000000000e+03
3.652000000000000000e+03
4.167000000000000000e+03
7.892000000000000000e+03
7.088000000000000000e+03
1.052400000000000000e+04
6.421000000000000000e+03
2.142300000000000000e+04
1.111000000000000000e+04
3.545000000000000000e+03
4.686000000000000000e+03
9.148000000000000000e+03
1.362000000000000000e+03
7.415000000000000000e+03
9.444000000000000000e+03
1.063900000000000000e+04
8.156000000000000000e+03
1.759400000000000000e+04
1.266600000000000000e+04
8.762000000000000000e+03
1.966000000000000000e+03
9.111000000000000000e+03
9.512000000000000000e+03
6.966000000000000000e+03
3.581000000000000000e+03
6.901000000000000000e+03
7.978000000000000000e+03
6.048000000000000000e+03
5.963000000000000000e+03
4.763000000000000000e+03
3.503000000000000000e+03
6.879000000000000000e+03
2.735000000000000000e+03
4.035000000000000000e+03
9.249000000000000000e+03
6.198000000000000000e+03
3.697000000000000000e+03
6.883000000000000000e+03
5.925000000000000000e+03
9.204000000000000000e+03
1.440000000000000000e+03
2.450000000000000000e+03
4.510000000000000000e+03
1.116400000000000000e+04
3.637000000000000000e+03
1.577600000000000000e+04
3.709000000000000000e+03
3.003000000000000000e+03
3.775000000000000000e+03
3.721000000000000000e+03
5.462000000000000000e+03
7.084000000000000000e+03
6.623000000000000000e+03
9.970000000000000000e+03
7.097000000000000000e+03
2.222700000000000000e+04
1.193000000000000000e+04
1.644900000000000000e+04
7.009000000000000000e+03
9.012000000000000000e+03
5.333000000000000000e+03
8.324000000000000000e+03
7.307000000000000000e+03
8.524000000000000000e+03
9.756000000000000000e+03
7.796000000000000000e+03
4.994000000000000000e+03
3.202000000000000000e+03
1.223000000000000000e+04
6.627000000000000000e+03
6.147000000000000000e+03
4.993000000000000000e+03
5.744000000000000000e+03
1.155400000000000000e+04
7.022000000000000000e+03
8.652000000000000000e+03
9.680000000000000000e+03
1.227400000000000000e+04
4.686000000000000000e+03
7.426000000000000000e+03
5.071000000000000000e+03
4.585000000000000000e+03
8.929000000000000000e+03
5.554000000000000000e+03
1.049300000000000000e+04
4.439000000000000000e+03
1.046800000000000000e+04
2.105200000000000000e+04
6.553000000000000000e+03
4.851000000000000000e+03
4.921000000000000000e+03
1.844000000000000000e+03
3.146000000000000000e+03
4.793000000000000000e+03
6.577000000000000000e+03
1.336500000000000000e+04
1.278000000000000000e+03
2.861000000000000000e+03
6.703000000000000000e+03
9.400000000000000000e+03
4.936000000000000000e+03
1.353400000000000000e+04
2.007000000000000000e+03
1.286500000000000000e+04
4.110000000000000000e+03
7.984000000000000000e+03
2.209400000000000000e+04
3.519000000000000000e+03
9.041000000000000000e+03
4.738000000000000000e+03
5.180000000000000000e+03
8.669000000000000000e+03
5.115000000000000000e+03
3.466000000000000000e+03
4.956000000000000000e+03
6.571000000000000000e+03
4.017000000000000000e+03
2.599300000000000000e+04
2.829000000000000000e+03
8.100000000000000000e+03
1.622800000000000000e+04
1.865500000000000000e+04
7.730000000000000000e+03
5.272000000000000000e+03
4.692000000000000000e+03
7.046000000000000000e+03
8.460000000000000000e+03
1.783800000000000000e+04
2.833000000000000000e+03
2.933000000000000000e+03
5.417000000000000000e+03
2.184900000000000000e+04
9.939000000000000000e+03
6.214000000000000000e+03
5.224000000000000000e+03
7.610000000000000000e+03
9.093000000000000000e+03
9.942000000000000000e+03
9.667000000000000000e+03
7.143000000000000000e+03
4.175000000000000000e+03
1.988000000000000000e+03
5.642000000000000000e+03
3.868000000000000000e+03
1.057700000000000000e+04
4.985000000000000000e+03
1.134000000000000000e+04
9.003000000000000000e+03
1.257900000000000000e+04
6.960000000000000000e+03
7.659000000000000000e+03
6.852000000000000000e+03
2.132000000000000000e+03
6.242000000000000000e+03
1.729800000000000000e+04
1.203500000000000000e+04
6.217000000000000000e+03
5.442000000000000000e+03
1.577300000000000000e+04
6.581000000000000000e+03
3.478000000000000000e+03
6.163000000000000000e+03
7.263000000000000000e+03
1.927000000000000000e+03
1.891100000000000000e+04
3.690000000000000000e+03
1.351400000000000000e+04
4.101000000000000000e+03
6.851000000000000000e+03
4.353000000000000000e+03
1.777700000000000000e+04
6.303000000000000000e+03
5.718000000000000000e+03
9.593000000000000000e+03
6.346000000000000000e+03
1.832500000000000000e+04
2.314000000000000000e+03
4.188000000000000000e+03
1.049500000000000000e+04
6.833000000000000000e+03
1.408100000000000000e+04
5.547000000000000000e+03
5.099000000000000000e+03
5.462000000000000000e+03
9.043000000000000000e+03
2.546200000000000000e+04
1.386200000000000000e+04
5.243000000000000000e+03
1.125800000000000000e+04
3.222000000000000000e+03
3.557000000000000000e+03
2.146000000000000000e+03
1.092900000000000000e+04
9.593000000000000000e+03
3.608000000000000000e+03
4.342000000000000000e+03
9.766000000000000000e+03
1.922500000000000000e+04
4.613000000000000000e+03
8.149000000000000000e+03
4.806000000000000000e+03
7.154000000000000000e+03
2.297400000000000000e+04
3.160000000000000000e+03
1.016300000000000000e+04
1.413700000000000000e+04
7.586000000000000000e+03
5.446000000000000000e+03
4.357000000000000000e+03
6.462000000000000000e+03
1.827000000000000000e+03
4.420000000000000000e+03
5.013000000000000000e+03
3.422000000000000000e+03
3.071000000000000000e+03
5.234000000000000000e+03
8.170000000000000000e+03
1.170500000000000000e+04
4.880000000000000000e+03
4.274000000000000000e+03
5.951000000000000000e+03
6.149000000000000000e+03
4.939000000000000000e+03
5.418000000000000000e+03
6.301000000000000000e+03
3.840000000000000000e+03
1.270900000000000000e+04
3.441000000000000000e+03
9.617000000000000000e+03
5.061000000000000000e+03
3.081000000000000000e+03
4.480000000000000000e+03
4.316000000000000000e+03
3.035000000000000000e+03
1.764000000000000000e+03
3.851000000000000000e+03
9.284000000000000000e+03
7.870000000000000000e+03
6.845000000000000000e+03
1.698000000000000000e+04
3.614000000000000000e+03
8.574000000000000000e+03
7.570000000000000000e+03
3.688000000000000000e+03
8.992000000000000000e+03
1.024400000000000000e+04
5.224000000000000000e+03
1.157100000000000000e+04
4.449000000000000000e+03
2.749000000000000000e+03
5.340000000000000000e+03
3.354000000000000000e+03
2.073000000000000000e+03
4.566000000000000000e+03
6.385000000000000000e+03
6.913000000000000000e+03
6.021000000000000000e+03
5.411000000000000000e+03
4.426000000000000000e+03
1.152000000000000000e+03
1.985100000000000000e+04
2.334000000000000000e+03
9.692000000000000000e+03
5.164000000000000000e+03
8.555000000000000000e+03
7.505000000000000000e+03
1.848900000000000000e+04
1.303200000000000000e+04
6.344000000000000000e+03
9.318000000000000000e+03
5.801000000000000000e+03
7.611000000000000000e+03
6.306000000000000000e+03
1.021700000000000000e+04
4.701000000000000000e+03
9.093000000000000000e+03
6.938000000000000000e+03
1.595600000000000000e+04
3.813000000000000000e+03
4.703000000000000000e+03
6.761000000000000000e+03
2.876000000000000000e+03
4.360000000000000000e+03
1.036200000000000000e+04
1.403300000000000000e+04
3.935000000000000000e+03
1.307200000000000000e+04
3.349000000000000000e+03
5.077000000000000000e+03
6.791000000000000000e+03
8.450000000000000000e+03
3.504000000000000000e+03
1.445600000000000000e+04
9.097000000000000000e+03
8.294000000000000000e+03
5.108000000000000000e+03
6.043000000000000000e+03
1.600000000000000000e+04
4.851000000000000000e+03
8.499000000000000000e+03
4.254000000000000000e+03
8.825000000000000000e+03
8.728000000000000000e+03
4.599000000000000000e+03
5.657000000000000000e+03
1.013600000000000000e+04
4.744000000000000000e+03
7.902000000000000000e+03
4.284000000000000000e+03
5.379000000000000000e+03
2.049600000000000000e+04
3.900000000000000000e+03
5.156000000000000000e+03
9.018000000000000000e+03
9.416000000000000000e+03
7.392000000000000000e+03
3.614000000000000000e+03
4.438000000000000000e+03
1.289800000000000000e+04
1.080200000000000000e+04
6.794000000000000000e+03
7.093000000000000000e+03
1.085400000000000000e+04
5.287000000000000000e+03
5.544000000000000000e+03
1.412500000000000000e+04
6.414000000000000000e+03
6.586000000000000000e+03
6.385000000000000000e+03
8.597000000000000000e+03
5.705000000000000000e+03
4.917000000000000000e+03
1.059900000000000000e+04
1.027300000000000000e+04
2.659000000000000000e+03
1.490900000000000000e+04
1.653600000000000000e+04
5.926000000000000000e+03
1.795700000000000000e+04
5.772000000000000000e+03
4.777000000000000000e+03
9.970000000000000000e+03
3.693000000000000000e+03
4.459000000000000000e+03
5.149000000000000000e+03
1.295000000000000000e+04
1.268600000000000000e+04
4.525000000000000000e+03
1.532800000000000000e+04
4.663000000000000000e+03
7.730000000000000000e+03
2.137000000000000000e+03
8.595000000000000000e+03
3.491000000000000000e+03
3.004000000000000000e+03
8.225000000000000000e+03
5.592000000000000000e+03
1.181400000000000000e+04
8.348000000000000000e+03
5.076000000000000000e+03
4.801000000000000000e+03
3.088000000000000000e+03
8.232000000000000000e+03
5.132000000000000000e+03
1.426400000000000000e+04
1.100500000000000000e+04
5.429000000000000000e+03
1.260800000000000000e+04
1.102000000000000000e+04
4.117000000000000000e+03
5.547000000000000000e+03
2.001000000000000000e+04
3.736000000000000000e+03
4.323000000000000000e+03
4.407000000000000000e+03
1.950600000000000000e+04
2.561000000000000000e+03
4.544000000000000000e+03
8.877000000000000000e+03
4.818000000000000000e+03
2.379600000000000000e+04
3.075000000000000000e+03
2.437000000000000000e+03
4.588000000000000000e+03
5.567000000000000000e+03
9.674000000000000000e+03
4.949000000000000000e+03
8.694000000000000000e+03
2.009300000000000000e+04
1.806500000000000000e+04
7.536000000000000000e+03
5.275000000000000000e+03
8.318000000000000000e+03
5.919000000000000000e+03
9.233000000000000000e+03
1.791300000000000000e+04
1.550200000000000000e+04
8.998000000000000000e+03
7.751000000000000000e+03
3.646000000000000000e+03
9.917000000000000000e+03
8.002000000000000000e+03
6.273000000000000000e+03
6.503000000000000000e+03
4.643000000000000000e+03
6.232000000000000000e+03
6.579000000000000000e+03
2.067000000000000000e+03
5.325000000000000000e+03
4.090000000000000000e+03
7.559000000000000000e+03
4.365000000000000000e+03
1.491500000000000000e+04
1.050600000000000000e+04
9.074000000000000000e+03
1.138800000000000000e+04
1.151300000000000000e+04
3.370000000000000000e+03
1.325700000000000000e+04
5.278000000000000000e+03
5.804000000000000000e+03
5.963000000000000000e+03
6.201000000000000000e+03
8.752000000000000000e+03
1.636300000000000000e+04
4.818000000000000000e+03
4.453000000000000000e+03
5.156000000000000000e+03
6.665000000000000000e+03
1.056400000000000000e+04
5.049000000000000000e+03
8.574000000000000000e+03
7.910000000000000000e+03
9.775000000000000000e+03
5.960000000000000000e+03
3.710000000000000000e+03
1.331100000000000000e+04
4.489000000000000000e+03
8.253000000000000000e+03
9.390000000000000000e+03
1.102600000000000000e+04
5.324000000000000000e+03
1.485200000000000000e+04
6.006000000000000000e+03
4.607000000000000000e+03
5.280000000000000000e+03
3.150000000000000000e+03
6.318000000000000000e+03
3.250000000000000000e+03
1.297300000000000000e+04
3.716000000000000000e+03
8.157000000000000000e+03
7.019000000000000000e+03
8.767000000000000000e+03
3.957000000000000000e+03
4.373000000000000000e+03
1.137300000000000000e+04
1.205000000000000000e+04
5.011000000000000000e+03
2.169000000000000000e+03
5.611000000000000000e+03
5.964000000000000000e+03
3.051000000000000000e+03
4.994000000000000000e+03
2.117200000000000000e+04
8.949000000000000000e+03
9.888000000000000000e+03
6.108000000000000000e+03
1.332700000000000000e+04
5.012000000000000000e+03
9.409000000000000000e+03
5.819000000000000000e+03
8.596000000000000000e+03
2.525000000000000000e+03
4.930000000000000000e+03
3.502000000000000000e+03
1.114100000000000000e+04
9.156000000000000000e+03
4.113000000000000000e+03
2.034000000000000000e+03
9.203000000000000000e+03
2.315000000000000000e+03
3.542000000000000000e+03
6.005000000000000000e+03
4.451000000000000000e+03
8.602000000000000000e+03
4.490000000000000000e+03
3.712000000000000000e+03
2.432000000000000000e+03
1.459100000000000000e+04
1.805000000000000000e+03
1.157700000000000000e+04
8.013000000000000000e+03
8.596000000000000000e+03
2.769000000000000000e+03
3.965000000000000000e+03
2.908000000000000000e+03
1.422100000000000000e+04
4.465000000000000000e+03
4.291000000000000000e+03
1.023900000000000000e+04
3.541000000000000000e+03
8.372000000000000000e+03
5.690000000000000000e+03
6.106000000000000000e+03
6.580000000000000000e+03
4.125000000000000000e+03
1.622400000000000000e+04
9.650000000000000000e+03
3.325000000000000000e+03
6.592000000000000000e+03
3.176000000000000000e+03
7.450000000000000000e+03
1.846600000000000000e+04
3.991000000000000000e+03
6.208000000000000000e+03
5.081000000000000000e+03
5.154000000000000000e+03
2.739700000000000000e+04
1.102900000000000000e+04
3.676000000000000000e+03
5.638000000000000000e+03
1.541200000000000000e+04
3.053000000000000000e+03
5.460000000000000000e+03
9.869000000000000000e+03
5.046000000000000000e+03
3.464000000000000000e+03
3.826000000000000000e+03
9.924000000000000000e+03
4.218000000000000000e+03
5.255000000000000000e+03
3.961000000000000000e+03
3.277000000000000000e+03
1.621500000000000000e+04
1.197000000000000000e+04
5.489000000000000000e+03
3.579000000000000000e+03
4.051000000000000000e+03
6.492000000000000000e+03
5.118000000000000000e+03
9.208000000000000000e+03
3.706000000000000000e+03
5.167000000000000000e+03
5.753000000000000000e+03
6.452000000000000000e+03
7.781000000000000000e+03
1.299200000000000000e+04
9.955000000000000000e+03
9.515000000000000000e+03
6.453000000000000000e+03
6.323000000000000000e+03
1.256000000000000000e+04
1.164300000000000000e+04
3.194000000000000000e+03
4.096000000000000000e+03
1.502800000000000000e+04
1.083400000000000000e+04
5.047000000000000000e+03
5.447000000000000000e+03
3.762000000000000000e+03
2.411000000000000000e+03
9.085000000000000000e+03
9.269000000000000000e+03
4.660000000000000000e+03
2.970000000000000000e+03
2.372000000000000000e+03
9.191000000000000000e+03
5.271000000000000000e+03
9.914000000000000000e+03
7.007000000000000000e+03
1.175600000000000000e+04
9.457000000000000000e+03
7.768000000000000000e+03
2.983000000000000000e+03
3.325000000000000000e+03
3.116000000000000000e+03
7.144000000000000000e+03
3.947000000000000000e+03
1.268400000000000000e+04
3.910000000000000000e+03
3.729000000000000000e+03
1.067100000000000000e+04
6.711000000000000000e+03
5.363000000000000000e+03
5.927000000000000000e+03
1.163300000000000000e+04
7.861000000000000000e+03
1.542200000000000000e+04
9.786000000000000000e+03
5.467000000000000000e+03
6.848000000000000000e+03
8.246000000000000000e+03
1.535100000000000000e+04
4.197000000000000000e+03
8.601000000000000000e+03
5.925000000000000000e+03
8.148000000000000000e+03
4.192000000000000000e+03
6.079000000000000000e+03
5.276000000000000000e+03
3.287000000000000000e+03
9.524000000000000000e+03
4.761000000000000000e+03
1.050700000000000000e+04
4.103000000000000000e+03
9.709000000000000000e+03
1.974800000000000000e+04
1.191200000000000000e+04
1.168400000000000000e+04
1.981200000000000000e+04
5.284000000000000000e+03
7.562000000000000000e+03
2.339000000000000000e+03
1.270200000000000000e+04
7.027000000000000000e+03
1.194400000000000000e+04
3.656000000000000000e+03
1.097500000000000000e+04
4.961000000000000000e+03
7.608000000000000000e+03
2.168000000000000000e+03
6.487000000000000000e+03
8.513000000000000000e+03
7.163000000000000000e+03
2.569000000000000000e+03
1.593200000000000000e+04
5.822000000000000000e+03
6.900000000000000000e+03
1.160000000000000000e+04
5.727000000000000000e+03
5.007000000000000000e+03
5.133000000000000000e+03
1.325000000000000000e+04
7.134000000000000000e+03
8.586000000000000000e+03
1.303500000000000000e+04
5.814000000000000000e+03
3.879000000000000000e+03
9.333000000000000000e+03
9.678000000000000000e+03
1.052000000000000000e+04
2.669000000000000000e+03
3.913000000000000000e+03
6.011000000000000000e+03
3.411000000000000000e+03
1.261800000000000000e+04
6.009000000000000000e+03
1.844500000000000000e+04
1.064500000000000000e+04
7.222000000000000000e+03
4.439000000000000000e+03
1.859000000000000000e+03
6.224000000000000000e+03
1.431100000000000000e+04
5.021000000000000000e+03
5.403000000000000000e+03
6.521000000000000000e+03
7.597000000000000000e+03
8.563000000000000000e+03
6.810000000000000000e+03
6.638000000000000000e+03
3.693000000000000000e+03
5.481000000000000000e+03
6.414000000000000000e+03
6.780000000000000000e+03
6.454000000000000000e+03
7.269000000000000000e+03
4.231000000000000000e+03
5.339000000000000000e+03
9.306000000000000000e+03
1.445900000000000000e+04
5.473000000000000000e+03
2.766000000000000000e+03
1.337800000000000000e+04
3.674000000000000000e+03
1.029200000000000000e+04
5.347000000000000000e+03
6.823000000000000000e+03
7.161000000000000000e+03
3.237000000000000000e+03
1.460500000000000000e+04
7.941000000000000000e+03
6.218000000000000000e+03
6.946000000000000000e+03
7.766000000000000000e+03
4.550000000000000000e+03
3.898000000000000000e+03
5.087000000000000000e+03
7.904000000000000000e+03
1.067900000000000000e+04
4.259000000000000000e+03
9.964000000000000000e+03
7.015000000000000000e+03
8.125000000000000000e+03
9.627000000000000000e+03
4.378000000000000000e+03
3.773000000000000000e+03
2.986000000000000000e+03
8.013000000000000000e+03
6.543000000000000000e+03
3.979000000000000000e+03
6.817000000000000000e+03
6.289000000000000000e+03
6.305000000000000000e+03
4.546000000000000000e+03
6.782000000000000000e+03
1.069600000000000000e+04
1.763500000000000000e+04
4.383000000000000000e+03
5.980000000000000000e+03
4.050000000000000000e+03
1.313600000000000000e+04
1.110500000000000000e+04
2.228200000000000000e+04
3.707000000000000000e+03
9.812000000000000000e+03
2.280000000000000000e+03
4.579000000000000000e+03
1.128400000000000000e+04
5.709000000000000000e+03
5.641000000000000000e+03
5.260000000000000000e+03
4.634000000000000000e+03
4.382000000000000000e+03
9.326000000000000000e+03
8.804000000000000000e+03
1.068900000000000000e+04
1.475600000000000000e+04
1.108700000000000000e+04
