1.315000000000000000e+03
1.299000000000000000e+03
3.445000000000000000e+03
2.508000000000000000e+03
1.238000000000000000e+03
1.127000000000000000e+03
1.744000000000000000e+03
2.458000000000000000e+03
2.364000000000000000e+03
5.140000000000000000e+02
1.269000000000000000e+03
1.603000000000000000e+03
1.163000000000000000e+03
4.184000000000000000e+03
1.448000000000000000e+03
1.717000000000000000e+03
3.202000000000000000e+03
2.820000000000000000e+03
3.671000000000000000e+03
1.516000000000000000e+03
1.588000000000000000e+03
1.742000000000000000e+03
3.120000000000000000e+02
7.330000000000000000e+02
2.219000000000000000e+03
1.883000000000000000e+03
3.187000000000000000e+03
1.448000000000000000e+03
1.087000000000000000e+03
3.002000000000000000e+03
1.470000000000000000e+03
1.781000000000000000e+03
1.386000000000000000e+03
1.404000000000000000e+03
2.563000000000000000e+03
7.990000000000000000e+02
1.482000000000000000e+03
2.025000000000000000e+03
3.828000000000000000e+03
1.573000000000000000e+03
3.120000000000000000e+02
2.200000000000000000e+03
3.128000000000000000e+03
4.356000000000000000e+03
5.798000000000000000e+03
3.808000000000000000e+03
2.566000000000000000e+03
7.990000000000000000e+02
6.630000000000000000e+02
2.720000000000000000e+03
2.370000000000000000e+03
8.580000000000000000e+02
2.273000000000000000e+03
2.213000000000000000e+03
1.852000000000000000e+03
1.132000000000000000e+03
2.218000000000000000e+03
9.620000000000000000e+02
1.730000000000000000e+03
2.983000000000000000e+03
8.000000000000000000e+02
1.888000000000000000e+03
2.887000000000000000e+03
1.807000000000000000e+03
3.781000000000000000e+03
1.037000000000000000e+03
3.908000000000000000e+03
4.670000000000000000e+02
1.813000000000000000e+03
1.087000000000000000e+03
2.307000000000000000e+03
6.177000000000000000e+03
7.230000000000000000e+02
7.887000000000000000e+03
2.018000000000000000e+03
9.540000000000000000e+02
1.716000000000000000e+03
2.857000000000000000e+03
1.753000000000000000e+03
6.290000000000000000e+02
5.761000000000000000e+03
1.579000000000000000e+03
7.640000000000000000e+02
1.115000000000000000e+03
3.070000000000000000e+03
4.116000000000000000e+03
1.810000000000000000e+03
2.143000000000000000e+03
5.550000000000000000e+02
2.962000000000000000e+03
5.695000000000000000e+03
2.923000000000000000e+03
1.297000000000000000e+03
1.023000000000000000e+03
2.092000000000000000e+03
7.590000000000000000e+02
1.500000000000000000e+03
1.280000000000000000e+03
1.495000000000000000e+03
1.834000000000000000e+03
2.362000000000000000e+03
8.240000000000000000e+02
2.994000000000000000e+03
1.514000000000000000e+03
7.989000000000000000e+03
9.300000000000000000e+02
2.168000000000000000e+03
1.997000000000000000e+03
3.736000000000000000e+03
1.631000000000000000e+03
3.430000000000000000e+03
2.340000000000000000e+03
1.026000000000000000e+03
3.961000000000000000e+03
2.317000000000000000e+03
1.337000000000000000e+03
1.268000000000000000e+03
2.323000000000000000e+03
2.112000000000000000e+03
1.977000000000000000e+03
1.897000000000000000e+03
2.827000000000000000e+03
1.227000000000000000e+03
1.362000000000000000e+03
1.547000000000000000e+03
1.249000000000000000e+03
2.590000000000000000e+03
9.650000000000000000e+02
6.450000000000000000e+02
1.888000000000000000e+03
1.752000000000000000e+03
1.402000000000000000e+03
1.483000000000000000e+03
6.190000000000000000e+02
3.413000000000000000e+03
1.173000000000000000e+03
1.478000000000000000e+03
2.215000000000000000e+03
2.038000000000000000e+03
1.057000000000000000e+03
2.277000000000000000e+03
2.265000000000000000e+03
8.140000000000000000e+02
1.664000000000000000e+03
3.664000000000000000e+03
1.472000000000000000e+03
8.580000000000000000e+02
2.608000000000000000e+03
1.539000000000000000e+03
1.887000000000000000e+03
1.208000000000000000e+03
1.283000000000000000e+03
1.190000000000000000e+03
1.362000000000000000e+03
3.386000000000000000e+03
5.895000000000000000e+03
1.677000000000000000e+03
5.107000000000000000e+03
5.721000000000000000e+03
1.329000000000000000e+03
1.151000000000000000e+03
1.303000000000000000e+03
1.886000000000000000e+03
1.453000000000000000e+03
5.136000000000000000e+03
1.178000000000000000e+03
8.610000000000000000e+02
6.308000000000000000e+03
1.160000000000000000e+03
1.493000000000000000e+03
1.432000000000000000e+03
1.883000000000000000e+03
2.550000000000000000e+03
1.781000000000000000e+03
1.254000000000000000e+03
4.963000000000000000e+03
2.361000000000000000e+03
2.768000000000000000e+03
1.305000000000000000e+03
1.053000000000000000e+03
1.292000000000000000e+03
2.272000000000000000e+03
2.217000000000000000e+03
3.568000000000000000e+03
2.567000000000000000e+03
1.193000000000000000e+03
1.005000000000000000e+03
1.943000000000000000e+03
3.469000000000000000e+03
1.944000000000000000e+03
2.559000000000000000e+03
1.278000000000000000e+03
3.293000000000000000e+03
1.268000000000000000e+03
1.234000000000000000e+03
3.554000000000000000e+03
2.212000000000000000e+03
1.335000000000000000e+03
5.704000000000000000e+03
1.928000000000000000e+03
1.857000000000000000e+03
2.509000000000000000e+03
2.661000000000000000e+03
1.370000000000000000e+03
2.387000000000000000e+03
1.243000000000000000e+03
1.432000000000000000e+03
2.160000000000000000e+03
7.780000000000000000e+02
1.216000000000000000e+03
1.660000000000000000e+03
2.091000000000000000e+03
8.671000000000000000e+03
1.719000000000000000e+03
1.563000000000000000e+03
1.077000000000000000e+03
4.027000000000000000e+03
2.310000000000000000e+03
3.297000000000000000e+03
2.729000000000000000e+03
1.990000000000000000e+03
8.610000000000000000e+02
3.544000000000000000e+03
2.115000000000000000e+03
5.560000000000000000e+02
3.683000000000000000e+03
1.764000000000000000e+03
1.645000000000000000e+03
6.310000000000000000e+02
3.516000000000000000e+03
2.599000000000000000e+03
1.461000000000000000e+03
2.023000000000000000e+03
1.650000000000000000e+03
3.696000000000000000e+03
2.182000000000000000e+03
2.809000000000000000e+03
2.099000000000000000e+03
7.251000000000000000e+03
4.940000000000000000e+02
1.514000000000000000e+03
2.445000000000000000e+03
1.629000000000000000e+03
1.439000000000000000e+03
4.320000000000000000e+02
3.367000000000000000e+03
1.990000000000000000e+03
2.323000000000000000e+03
5.670000000000000000e+02
1.844000000000000000e+03
2.580000000000000000e+03
2.535000000000000000e+03
3.910000000000000000e+02
3.688000000000000000e+03
1.859000000000000000e+03
8.390000000000000000e+02
4.391000000000000000e+03
3.284000000000000000e+03
1.091000000000000000e+03
1.207300000000000000e+04
4.183000000000000000e+03
2.195000000000000000e+03
1.913000000000000000e+03
1.356000000000000000e+03
4.423000000000000000e+03
3.917000000000000000e+03
1.714000000000000000e+03
1.033000000000000000e+03
1.607000000000000000e+03
2.292000000000000000e+03
3.055000000000000000e+03
8.109000000000000000e+03
5.617000000000000000e+03
1.879000000000000000e+03
3.532000000000000000e+03
2.497000000000000000e+03
1.813000000000000000e+03
2.620000000000000000e+03
6.890000000000000000e+02
1.559000000000000000e+03
1.836000000000000000e+03
1.437000000000000000e+03
1.480000000000000000e+03
3.081000000000000000e+03
4.787000000000000000e+03
1.931000000000000000e+03
1.547000000000000000e+03
3.316000000000000000e+03
1.374000000000000000e+03
1.613000000000000000e+03
2.193000000000000000e+03
4.713000000000000000e+03
1.406000000000000000e+03
6.042000000000000000e+03
3.484000000000000000e+03
2.752000000000000000e+03
9.520000000000000000e+02
2.351000000000000000e+03
2.141000000000000000e+03
3.970000000000000000e+02
1.268000000000000000e+03
9.600000000000000000e+02
3.227000000000000000e+03
2.029000000000000000e+03
1.498000000000000000e+03
3.897000000000000000e+03
1.889000000000000000e+03
1.782000000000000000e+03
1.174000000000000000e+03
1.373000000000000000e+03
3.117000000000000000e+03
2.802000000000000000e+03
1.231000000000000000e+03
1.823000000000000000e+03
3.363000000000000000e+03
6.230000000000000000e+03
1.475000000000000000e+03
1.415000000000000000e+03
1.434000000000000000e+03
1.126000000000000000e+03
2.000000000000000000e+03
2.228000000000000000e+03
1.040000000000000000e+03
5.765000000000000000e+03
3.052000000000000000e+03
1.498000000000000000e+03
3.964000000000000000e+03
2.346000000000000000e+03
2.682000000000000000e+03
2.338000000000000000e+03
2.163000000000000000e+03
6.655000000000000000e+03
1.642000000000000000e+03
8.090000000000000000e+02
1.661000000000000000e+03
1.121000000000000000e+03
1.681000000000000000e+03
4.188000000000000000e+03
1.446000000000000000e+03
1.470000000000000000e+03
3.189000000000000000e+03
1.283000000000000000e+03
1.331000000000000000e+03
1.442000000000000000e+03
6.065000000000000000e+03
1.930000000000000000e+03
3.515000000000000000e+03
2.250000000000000000e+03
1.373000000000000000e+03
2.163000000000000000e+03
2.397000000000000000e+03
2.171000000000000000e+03
1.385000000000000000e+03
1.289000000000000000e+03
8.270000000000000000e+02
2.967000000000000000e+03
1.908000000000000000e+03
1.122000000000000000e+03
7.440000000000000000e+03
1.876000000000000000e+03
1.012000000000000000e+03
6.451000000000000000e+03
2.870000000000000000e+03
3.937000000000000000e+03
1.279000000000000000e+03
1.457000000000000000e+03
1.599000000000000000e+03
1.809000000000000000e+03
3.130000000000000000e+03
2.520000000000000000e+03
8.100000000000000000e+02
2.896000000000000000e+03
2.796000000000000000e+03
2.270000000000000000e+03
1.996000000000000000e+03
1.190000000000000000e+03
1.357000000000000000e+03
1.756000000000000000e+03
1.168000000000000000e+03
2.971000000000000000e+03
1.962000000000000000e+03
1.759000000000000000e+03
7.540000000000000000e+02
3.818000000000000000e+03
3.251000000000000000e+03
2.362000000000000000e+03
1.265000000000000000e+03
5.366000000000000000e+03
1.870000000000000000e+03
1.029000000000000000e+03
3.509000000000000000e+03
1.376000000000000000e+03
1.986000000000000000e+03
1.086000000000000000e+03
7.690000000000000000e+02
9.800000000000000000e+02
1.971000000000000000e+03
2.254000000000000000e+03
3.994000000000000000e+03
1.526000000000000000e+03
2.268000000000000000e+03
1.408000000000000000e+03
1.150000000000000000e+03
2.712000000000000000e+03
1.929000000000000000e+03
2.987000000000000000e+03
3.096000000000000000e+03
7.117000000000000000e+03
1.449000000000000000e+03
1.418000000000000000e+03
2.173000000000000000e+03
7.990000000000000000e+02
2.154000000000000000e+03
1.589000000000000000e+03
3.752000000000000000e+03
5.260000000000000000e+02
3.918000000000000000e+03
1.172000000000000000e+03
3.896000000000000000e+03
1.076000000000000000e+03
3.173000000000000000e+03
1.497000000000000000e+03
2.401000000000000000e+03
1.521000000000000000e+03
1.834000000000000000e+03
7.110000000000000000e+02
3.061000000000000000e+03
1.927000000000000000e+03
3.322000000000000000e+03
3.747000000000000000e+03
6.360000000000000000e+02
2.251000000000000000e+03
7.740000000000000000e+02
5.175000000000000000e+03
4.780000000000000000e+02
1.183000000000000000e+03
1.662000000000000000e+03
1.596000000000000000e+03
9.940000000000000000e+02
2.097000000000000000e+03
2.442000000000000000e+03
1.998000000000000000e+03
3.313000000000000000e+03
1.738000000000000000e+03
8.500000000000000000e+02
4.203000000000000000e+03
3.681000000000000000e+03
3.769000000000000000e+03
1.164000000000000000e+03
2.094000000000000000e+03
4.236000000000000000e+03
2.467000000000000000e+03
2.094000000000000000e+03
1.170000000000000000e+03
1.099000000000000000e+03
3.115000000000000000e+03
1.269000000000000000e+03
3.165000000000000000e+03
5.062000000000000000e+03
1.502000000000000000e+03
3.817000000000000000e+03
2.482000000000000000e+03
2.366000000000000000e+03
1.594000000000000000e+03
1.442000000000000000e+03
3.219000000000000000e+03
1.082000000000000000e+03
5.450000000000000000e+02
2.655000000000000000e+03
2.579000000000000000e+03
1.768000000000000000e+03
8.950000000000000000e+02
9.220000000000000000e+02
1.198000000000000000e+03
2.515000000000000000e+03
1.680000000000000000e+03
9.110000000000000000e+02
3.305000000000000000e+03
3.141000000000000000e+03
5.201000000000000000e+03
1.119000000000000000e+03
1.101000000000000000e+03
8.960000000000000000e+02
1.984000000000000000e+03
1.750000000000000000e+03
1.284000000000000000e+03
8.750000000000000000e+02
3.175000000000000000e+03
1.139000000000000000e+03
1.059000000000000000e+03
2.315000000000000000e+03
1.168000000000000000e+03
2.230000000000000000e+03
1.337000000000000000e+03
4.089000000000000000e+03
2.399000000000000000e+03
1.577000000000000000e+03
1.494000000000000000e+03
3.493000000000000000e+03
4.959000000000000000e+03
1.240000000000000000e+03
1.382000000000000000e+03
4.612000000000000000e+03
1.097000000000000000e+03
1.994000000000000000e+03
7.310000000000000000e+02
1.772000000000000000e+03
1.029000000000000000e+03
2.262000000000000000e+03
3.344000000000000000e+03
5.130000000000000000e+02
1.918000000000000000e+03
2.057000000000000000e+03
2.888000000000000000e+03
2.395000000000000000e+03
2.197000000000000000e+03
1.383000000000000000e+03
8.990000000000000000e+02
4.029000000000000000e+03
1.422000000000000000e+03
9.580000000000000000e+02
4.102000000000000000e+03
1.946000000000000000e+03
2.648000000000000000e+03
2.335000000000000000e+03
2.962000000000000000e+03
8.280000000000000000e+02
1.082000000000000000e+03
1.085000000000000000e+03
1.495000000000000000e+03
1.886000000000000000e+03
3.260000000000000000e+03
1.592000000000000000e+03
1.552000000000000000e+03
1.340000000000000000e+03
2.403000000000000000e+03
2.231000000000000000e+03
2.774000000000000000e+03
3.494000000000000000e+03
1.888000000000000000e+03
4.066000000000000000e+03
3.398000000000000000e+03
2.326000000000000000e+03
1.654000000000000000e+03
1.373000000000000000e+03
9.560000000000000000e+02
1.372000000000000000e+03
3.301000000000000000e+03
1.181000000000000000e+03
4.368000000000000000e+03
2.096000000000000000e+03
2.412000000000000000e+03
4.664000000000000000e+03
3.189000000000000000e+03
9.590000000000000000e+02
2.949000000000000000e+03
2.737000000000000000e+03
5.310000000000000000e+03
3.012000000000000000e+03
2.916000000000000000e+03
3.738000000000000000e+03
9.840000000000000000e+02
3.880000000000000000e+02
1.264000000000000000e+03
9.603000000000000000e+03
2.277000000000000000e+03
4.839000000000000000e+03
2.536000000000000000e+03
2.239000000000000000e+03
3.181000000000000000e+03
1.452000000000000000e+03
4.775000000000000000e+03
3.152000000000000000e+03
2.105000000000000000e+03
2.645000000000000000e+03
2.800000000000000000e+03
6.087000000000000000e+03
1.040000000000000000e+03
2.774000000000000000e+03
3.762000000000000000e+03
1.062000000000000000e+03
6.311000000000000000e+03
2.894000000000000000e+03
4.905000000000000000e+03
3.730000000000000000e+03
1.416000000000000000e+03
1.683000000000000000e+03
1.902000000000000000e+03
2.554000000000000000e+03
1.875000000000000000e+03
1.233000000000000000e+03
3.626000000000000000e+03
9.360000000000000000e+02
1.014000000000000000e+03
5.869000000000000000e+03
4.095000000000000000e+03
5.734000000000000000e+03
8.560000000000000000e+02
6.910000000000000000e+02
1.788000000000000000e+03
1.100000000000000000e+03
4.841000000000000000e+03
6.190000000000000000e+02
1.822000000000000000e+03
9.760000000000000000e+02
1.649000000000000000e+03
8.780000000000000000e+02
1.597000000000000000e+03
1.120000000000000000e+03
2.661000000000000000e+03
2.912000000000000000e+03
3.465000000000000000e+03
6.714000000000000000e+03
2.282000000000000000e+03
3.002000000000000000e+03
9.970000000000000000e+02
2.171000000000000000e+03
7.320000000000000000e+02
2.369000000000000000e+03
1.069000000000000000e+03
1.499000000000000000e+03
1.242000000000000000e+03
1.833000000000000000e+03
6.728000000000000000e+03
1.597000000000000000e+03
1.808000000000000000e+03
2.382000000000000000e+03
1.768000000000000000e+03
7.737000000000000000e+03
2.312000000000000000e+03
2.818000000000000000e+03
5.808000000000000000e+03
2.091000000000000000e+03
2.025000000000000000e+03
1.530000000000000000e+03
2.659000000000000000e+03
1.883000000000000000e+03
1.070000000000000000e+03
3.542000000000000000e+03
1.602000000000000000e+03
3.456000000000000000e+03
3.487000000000000000e+03
1.435000000000000000e+03
2.572000000000000000e+03
1.302000000000000000e+03
1.821000000000000000e+03
2.486000000000000000e+03
1.529000000000000000e+03
3.433000000000000000e+03
1.209000000000000000e+03
2.980000000000000000e+03
1.121000000000000000e+03
1.268000000000000000e+03
5.687000000000000000e+03
6.591000000000000000e+03
3.436000000000000000e+03
2.087000000000000000e+03
8.840000000000000000e+02
4.325000000000000000e+03
2.038000000000000000e+03
4.332000000000000000e+03
4.344000000000000000e+03
1.090000000000000000e+03
2.394000000000000000e+03
4.470000000000000000e+02
5.090000000000000000e+02
1.128000000000000000e+03
4.491000000000000000e+03
2.147000000000000000e+03
1.489000000000000000e+03
2.215000000000000000e+03
2.500000000000000000e+02
3.483000000000000000e+03
1.566000000000000000e+03
2.386000000000000000e+03
7.530000000000000000e+02
2.083000000000000000e+03
1.113000000000000000e+03
1.987000000000000000e+03
3.659000000000000000e+03
1.379000000000000000e+03
6.151000000000000000e+03
4.223000000000000000e+03
6.380000000000000000e+03
6.980000000000000000e+02
1.262000000000000000e+03
5.946000000000000000e+03
2.129000000000000000e+03
7.230000000000000000e+02
1.260000000000000000e+03
2.338000000000000000e+03
2.743000000000000000e+03
1.473000000000000000e+03
1.802000000000000000e+03
1.672000000000000000e+03
2.568000000000000000e+03
8.300000000000000000e+02
3.230000000000000000e+03
2.634000000000000000e+03
6.215000000000000000e+03
2.840000000000000000e+03
4.113000000000000000e+03
1.658000000000000000e+03
1.980000000000000000e+03
1.561000000000000000e+03
2.388000000000000000e+03
4.345000000000000000e+03
6.490000000000000000e+02
7.760000000000000000e+02
1.655000000000000000e+03
1.402000000000000000e+03
1.073000000000000000e+03
2.285000000000000000e+03
2.968000000000000000e+03
1.015000000000000000e+03
2.014000000000000000e+03
1.450000000000000000e+03
2.289000000000000000e+03
2.368000000000000000e+03
7.897000000000000000e+03
1.220000000000000000e+03
1.085000000000000000e+03
9.400000000000000000e+02
6.337000000000000000e+03
2.989000000000000000e+03
9.000000000000000000e+02
4.829000000000000000e+03
2.340000000000000000e+02
5.796000000000000000e+03
1.775000000000000000e+03
1.839000000000000000e+03
3.667000000000000000e+03
1.146000000000000000e+03
1.049000000000000000e+03
1.623000000000000000e+03
3.411000000000000000e+03
1.390000000000000000e+03
1.890000000000000000e+03
2.951000000000000000e+03
1.225000000000000000e+03
2.970000000000000000e+02
3.570000000000000000e+03
1.487000000000000000e+03
3.561000000000000000e+03
3.101000000000000000e+03
2.078000000000000000e+03
1.208000000000000000e+03
1.531000000000000000e+03
2.544000000000000000e+03
2.156000000000000000e+03
1.401000000000000000e+03
2.333000000000000000e+03
1.801000000000000000e+03
2.662000000000000000e+03
9.170000000000000000e+02
1.526000000000000000e+03
2.427000000000000000e+03
1.799000000000000000e+03
1.861000000000000000e+03
7.580000000000000000e+02
5.860000000000000000e+02
3.621000000000000000e+03
2.274000000000000000e+03
2.078000000000000000e+03
8.070000000000000000e+02
1.154000000000000000e+03
8.526000000000000000e+03
1.584000000000000000e+03
1.252000000000000000e+03
1.622000000000000000e+03
4.117000000000000000e+03
3.077000000000000000e+03
2.216000000000000000e+03
3.337000000000000000e+03
2.631000000000000000e+03
1.403000000000000000e+03
5.402000000000000000e+03
1.366000000000000000e+03
2.804000000000000000e+03
2.254000000000000000e+03
1.047000000000000000e+03
2.853000000000000000e+03
2.805000000000000000e+03
1.489000000000000000e+03
1.411000000000000000e+03
1.850000000000000000e+03
2.250000000000000000e+03
2.659000000000000000e+03
2.961000000000000000e+03
2.429000000000000000e+03
3.102000000000000000e+03
2.136000000000000000e+03
4.113000000000000000e+03
3.800000000000000000e+03
1.550000000000000000e+03
1.479000000000000000e+03
2.942000000000000000e+03
1.511000000000000000e+03
2.927000000000000000e+03
2.017000000000000000e+03
1.261000000000000000e+03
6.658000000000000000e+03
5.230000000000000000e+02
1.860000000000000000e+03
2.653000000000000000e+03
9.740000000000000000e+02
1.250000000000000000e+03
8.470000000000000000e+02
2.364000000000000000e+03
2.522000000000000000e+03
5.140000000000000000e+02
7.280000000000000000e+02
1.005000000000000000e+03
1.177000000000000000e+03
2.340000000000000000e+03
4.809000000000000000e+03
3.234000000000000000e+03
2.375000000000000000e+03
2.092000000000000000e+03
3.230000000000000000e+03
5.188000000000000000e+03
1.058000000000000000e+03
3.873000000000000000e+03
1.253000000000000000e+03
8.250000000000000000e+02
2.340000000000000000e+03
6.050000000000000000e+02
2.840000000000000000e+03
7.870000000000000000e+02
2.423000000000000000e+03
1.625000000000000000e+03
1.726000000000000000e+03
4.032000000000000000e+03
1.670000000000000000e+03
2.659000000000000000e+03
3.097000000000000000e+03
3.940000000000000000e+03
1.022000000000000000e+03
5.662000000000000000e+03
3.391000000000000000e+03
1.343000000000000000e+03
4.614000000000000000e+03
8.640000000000000000e+02
1.229000000000000000e+03
1.952000000000000000e+03
2.394000000000000000e+03
1.407000000000000000e+03
2.221000000000000000e+03
3.084000000000000000e+03
1.496000000000000000e+03
1.874000000000000000e+03
1.267000000000000000e+03
7.870000000000000000e+02
2.917000000000000000e+03
8.830000000000000000e+02
4.006000000000000000e+03
1.322000000000000000e+03
2.500000000000000000e+03
1.694000000000000000e+03
9.840000000000000000e+02
9.560000000000000000e+02
8.529000000000000000e+03
2.278000000000000000e+03
1.997000000000000000e+03
2.890000000000000000e+03
3.850000000000000000e+02
3.570000000000000000e+03
3.533000000000000000e+03
1.627000000000000000e+03
1.336000000000000000e+03
2.772000000000000000e+03
1.184000000000000000e+03
1.948000000000000000e+03
7.815000000000000000e+03
2.141000000000000000e+03
1.679000000000000000e+03
1.983000000000000000e+03
1.585000000000000000e+03
8.570000000000000000e+02
2.457000000000000000e+03
2.452000000000000000e+03
4.597000000000000000e+03
1.326000000000000000e+03
1.780000000000000000e+03
2.033000000000000000e+03
4.508000000000000000e+03
2.091000000000000000e+03
1.204000000000000000e+03
4.380000000000000000e+03
2.401000000000000000e+03
1.034000000000000000e+03
1.329000000000000000e+03
1.266000000000000000e+03
1.448000000000000000e+03
1.166000000000000000e+03
3.984000000000000000e+03
1.187000000000000000e+03
1.523000000000000000e+03
1.103000000000000000e+03
6.870000000000000000e+02
1.051000000000000000e+03
1.202000000000000000e+03
6.400000000000000000e+02
1.119000000000000000e+03
1.154000000000000000e+03
3.776000000000000000e+03
1.731000000000000000e+03
1.402000000000000000e+03
3.126000000000000000e+03
5.407000000000000000e+03
6.700000000000000000e+02
9.340000000000000000e+02
1.144000000000000000e+03
1.865000000000000000e+03
2.550000000000000000e+03
2.721000000000000000e+03
2.295000000000000000e+03
1.635000000000000000e+03
2.382000000000000000e+03
3.211000000000000000e+03
3.099000000000000000e+03
1.086000000000000000e+03
3.360000000000000000e+02
2.137000000000000000e+03
2.600000000000000000e+03
3.947000000000000000e+03
1.823000000000000000e+03
1.149000000000000000e+03
1.512000000000000000e+03
2.245000000000000000e+03
2.319000000000000000e+03
1.218000000000000000e+03
6.451000000000000000e+03
1.785000000000000000e+03
5.057000000000000000e+03
5.252000000000000000e+03
2.301000000000000000e+03
1.283000000000000000e+03
8.530000000000000000e+02
6.560000000000000000e+02
2.080000000000000000e+03
2.076000000000000000e+03
8.660000000000000000e+02
2.871000000000000000e+03
1.402000000000000000e+03
2.684000000000000000e+03
1.131000000000000000e+03
2.409000000000000000e+03
2.855000000000000000e+03
1.660000000000000000e+03
3.457000000000000000e+03
1.381000000000000000e+03
1.222000000000000000e+03
2.047000000000000000e+03
2.211000000000000000e+03
3.571000000000000000e+03
1.451000000000000000e+03
2.855000000000000000e+03
1.090000000000000000e+03
8.760000000000000000e+02
1.569000000000000000e+03
2.074000000000000000e+03
2.557000000000000000e+03
1.772000000000000000e+03
9.240000000000000000e+02
6.195000000000000000e+03
1.049000000000000000e+03
5.360000000000000000e+02
1.325000000000000000e+03
2.515000000000000000e+03
2.525000000000000000e+03
4.492000000000000000e+03
1.994000000000000000e+03
6.230000000000000000e+02
3.120000000000000000e+03
2.648000000000000000e+03
4.655000000000000000e+03
1.903000000000000000e+03
1.869000000000000000e+03
1.077000000000000000e+03
2.576000000000000000e+03
2.250000000000000000e+03
3.776000000000000000e+03
3.273000000000000000e+03
1.185000000000000000e+03
1.107700000000000000e+04
7.300000000000000000e+02
1.508000000000000000e+03
7.940000000000000000e+02
1.441000000000000000e+03
1.617000000000000000e+03
1.496000000000000000e+03
2.240000000000000000e+03
2.183000000000000000e+03
3.472000000000000000e+03
2.708000000000000000e+03
5.003000000000000000e+03
1.500000000000000000e+03
