2.780000000000000000e+03
3.322000000000000000e+03
5.579000000000000000e+03
8.430000000000000000e+02
7.040000000000000000e+03
1.432000000000000000e+03
3.239000000000000000e+03
2.741200000000000000e+04
4.306000000000000000e+03
5.335000000000000000e+03
3.089000000000000000e+03
4.845000000000000000e+03
1.427000000000000000e+03
1.724000000000000000e+03
2.895000000000000000e+03
1.515000000000000000e+03
3.855000000000000000e+03
3.218000000000000000e+03
7.711000000000000000e+03
4.439000000000000000e+03
7.075000000000000000e+03
1.342000000000000000e+03
1.480000000000000000e+03
2.233000000000000000e+03
2.300000000000000000e+03
2.705000000000000000e+03
3.375000000000000000e+03
5.544000000000000000e+03
8.385000000000000000e+03
7.448000000000000000e+03
4.110000000000000000e+03
7.899000000000000000e+03
9.951000000000000000e+03
7.290000000000000000e+03
5.045000000000000000e+03
1.409000000000000000e+03
4.938000000000000000e+03
6.333000000000000000e+03
2.460000000000000000e+03
1.852000000000000000e+03
1.475000000000000000e+03
3.389000000000000000e+03
7.975000000000000000e+03
1.879200000000000000e+04
1.021000000000000000e+03
1.042100000000000000e+04
5.216000000000000000e+03
6.784000000000000000e+03
3.097000000000000000e+03
5.995000000000000000e+03
5.852000000000000000e+03
2.733000000000000000e+03
5.374000000000000000e+03
8.355000000000000000e+03
2.427000000000000000e+03
2.356000000000000000e+03
3.224000000000000000e+03
7.677000000000000000e+03
6.417000000000000000e+03
2.597000000000000000e+03
1.879000000000000000e+03
8.194000000000000000e+03
6.439000000000000000e+03
6.472000000000000000e+03
7.646000000000000000e+03
2.094000000000000000e+03
4.138000000000000000e+03
2.509000000000000000e+03
3.447000000000000000e+03
3.168000000000000000e+03
2.667000000000000000e+03
1.211000000000000000e+03
6.870000000000000000e+03
5.705000000000000000e+03
1.575600000000000000e+04
3.548000000000000000e+03
4.611000000000000000e+03
6.710000000000000000e+03
2.625000000000000000e+03
1.977000000000000000e+03
2.461000000000000000e+03
1.180000000000000000e+03
4.426000000000000000e+03
2.556000000000000000e+03
3.088000000000000000e+03
3.195000000000000000e+03
3.891000000000000000e+03
3.767000000000000000e+03
4.330000000000000000e+03
8.242000000000000000e+03
6.824000000000000000e+03
6.079000000000000000e+03
3.131000000000000000e+03
2.765000000000000000e+03
9.220000000000000000e+02
5.169000000000000000e+03
4.870000000000000000e+03
6.226000000000000000e+03
2.017000000000000000e+03
1.932000000000000000e+03
2.821000000000000000e+03
7.963000000000000000e+03
3.873000000000000000e+03
3.002000000000000000e+03
4.663000000000000000e+03
2.595000000000000000e+03
3.105000000000000000e+03
3.845000000000000000e+03
3.030000000000000000e+03
3.551000000000000000e+03
1.834700000000000000e+04
3.694000000000000000e+03
4.778000000000000000e+03
2.487000000000000000e+03
5.597000000000000000e+03
2.645000000000000000e+03
1.431000000000000000e+03
5.792000000000000000e+03
7.988000000000000000e+03
6.979000000000000000e+03
5.734000000000000000e+03
1.000100000000000000e+04
1.284700000000000000e+04
2.913000000000000000e+03
3.253000000000000000e+03
7.066000000000000000e+03
3.019000000000000000e+03
1.788000000000000000e+03
1.067100000000000000e+04
6.327000000000000000e+03
1.857000000000000000e+03
1.163100000000000000e+04
3.348000000000000000e+03
9.518000000000000000e+03
4.165000000000000000e+03
4.997000000000000000e+03
7.418000000000000000e+03
3.631000000000000000e+03
4.598000000000000000e+03
2.512000000000000000e+03
1.497000000000000000e+04
3.083000000000000000e+03
1.304000000000000000e+03
3.493000000000000000e+03
2.222000000000000000e+03
4.170000000000000000e+03
5.151000000000000000e+03
3.025000000000000000e+03
6.090000000000000000e+03
3.230000000000000000e+03
5.453000000000000000e+03
4.030000000000000000e+03
7.624000000000000000e+03
3.123000000000000000e+03
6.090000000000000000e+03
3.565000000000000000e+03
2.246000000000000000e+03
4.535000000000000000e+03
8.909000000000000000e+03
3.677000000000000000e+03
3.653000000000000000e+03
3.746000000000000000e+03
3.826000000000000000e+03
3.934000000000000000e+03
2.354000000000000000e+03
4.007000000000000000e+03
7.142000000000000000e+03
3.111000000000000000e+03
2.858000000000000000e+03
4.893000000000000000e+03
4.206000000000000000e+03
6.331000000000000000e+03
1.449000000000000000e+03
4.103000000000000000e+03
9.130000000000000000e+03
9.064000000000000000e+03
2.379000000000000000e+03
1.146300000000000000e+04
3.694000000000000000e+03
3.376000000000000000e+03
1.669000000000000000e+03
5.833000000000000000e+03
4.507000000000000000e+03
5.387000000000000000e+03
2.323000000000000000e+03
5.324000000000000000e+03
1.661000000000000000e+03
5.465000000000000000e+03
1.278600000000000000e+04
1.565600000000000000e+04
3.972000000000000000e+03
2.143000000000000000e+03
2.061000000000000000e+03
5.199000000000000000e+03
6.499000000000000000e+03
2.870000000000000000e+03
4.938000000000000000e+03
1.510300000000000000e+04
8.621000000000000000e+03
2.395000000000000000e+03
1.885000000000000000e+03
1.497000000000000000e+03
3.334000000000000000e+03
8.142000000000000000e+03
4.882000000000000000e+03
7.688000000000000000e+03
2.329000000000000000e+03
5.481000000000000000e+03
5.407000000000000000e+03
9.312000000000000000e+03
4.037000000000000000e+03
2.069500000000000000e+04
2.094000000000000000e+03
7.303000000000000000e+03
5.664000000000000000e+03
2.205000000000000000e+03
8.315000000000000000e+03
1.411700000000000000e+04
1.618000000000000000e+03
3.881000000000000000e+03
4.051000000000000000e+03
5.172000000000000000e+03
1.516000000000000000e+04
3.090000000000000000e+03
3.275000000000000000e+03
8.744000000000000000e+03
2.035000000000000000e+03
3.646000000000000000e+03
4.718000000000000000e+03
1.414000000000000000e+03
3.783000000000000000e+03
4.186000000000000000e+03
7.545000000000000000e+03
4.655000000000000000e+03
2.036000000000000000e+03
7.701000000000000000e+03
5.049000000000000000e+03
3.898000000000000000e+03
4.782000000000000000e+03
3.846000000000000000e+03
2.852000000000000000e+03
5.449000000000000000e+03
1.959000000000000000e+03
7.311000000000000000e+03
2.567000000000000000e+03
2.225000000000000000e+03
6.429000000000000000e+03
5.077000000000000000e+03
5.655000000000000000e+03
2.294000000000000000e+03
2.795000000000000000e+03
7.693000000000000000e+03
1.079700000000000000e+04
6.966000000000000000e+03
2.922000000000000000e+03
6.847000000000000000e+03
2.338000000000000000e+03
4.170000000000000000e+03
1.499800000000000000e+04
6.117000000000000000e+03
4.668000000000000000e+03
2.834000000000000000e+03
2.912000000000000000e+03
2.906000000000000000e+03
1.001400000000000000e+04
2.737000000000000000e+03
7.086000000000000000e+03
5.389000000000000000e+03
2.280000000000000000e+03
6.103000000000000000e+03
6.341000000000000000e+03
3.481000000000000000e+03
1.169000000000000000e+03
6.771000000000000000e+03
4.604000000000000000e+03
2.015000000000000000e+03
5.612000000000000000e+03
2.729000000000000000e+03
3.883000000000000000e+03
1.671000000000000000e+03
5.220000000000000000e+03
2.615000000000000000e+03
4.742000000000000000e+03
4.264000000000000000e+03
3.240000000000000000e+03
4.170000000000000000e+03
5.794000000000000000e+03
7.572000000000000000e+03
5.255000000000000000e+03
3.504000000000000000e+03
5.013000000000000000e+03
4.401000000000000000e+03
3.532000000000000000e+03
2.675000000000000000e+03
3.738000000000000000e+03
3.453000000000000000e+03
1.508000000000000000e+03
5.083000000000000000e+03
3.561000000000000000e+03
6.478000000000000000e+03
6.408000000000000000e+03
2.207000000000000000e+03
6.952000000000000000e+03
5.468000000000000000e+03
6.410000000000000000e+03
2.438000000000000000e+03
5.993000000000000000e+03
2.934000000000000000e+03
3.829000000000000000e+03
3.201000000000000000e+03
4.018000000000000000e+03
6.485000000000000000e+03
4.208000000000000000e+03
6.446000000000000000e+03
3.952000000000000000e+03
3.456000000000000000e+03
4.394000000000000000e+03
7.601000000000000000e+03
3.695000000000000000e+03
3.623000000000000000e+03
1.969000000000000000e+03
6.055000000000000000e+03
5.009000000000000000e+03
3.173000000000000000e+03
4.024000000000000000e+03
2.261000000000000000e+03
7.004000000000000000e+03
2.908000000000000000e+03
5.721000000000000000e+03
6.891000000000000000e+03
2.204000000000000000e+03
1.803000000000000000e+03
1.711000000000000000e+03
2.755000000000000000e+03
3.622000000000000000e+03
1.212000000000000000e+03
3.992000000000000000e+03
3.029000000000000000e+03
7.757000000000000000e+03
2.901000000000000000e+03
1.511000000000000000e+03
1.683000000000000000e+03
1.301000000000000000e+03
3.156000000000000000e+03
4.330000000000000000e+03
3.769000000000000000e+03
2.476000000000000000e+03
2.977000000000000000e+03
7.584000000000000000e+03
3.183000000000000000e+03
6.553000000000000000e+03
3.708000000000000000e+03
5.882000000000000000e+03
2.612000000000000000e+03
3.599000000000000000e+03
1.596000000000000000e+03
5.282000000000000000e+03
6.450000000000000000e+03
5.704000000000000000e+03
2.602000000000000000e+03
4.331000000000000000e+03
2.520000000000000000e+03
5.372000000000000000e+03
2.196000000000000000e+03
2.147000000000000000e+03
3.798000000000000000e+03
5.445000000000000000e+03
1.168400000000000000e+04
7.161000000000000000e+03
9.030000000000000000e+02
6.010000000000000000e+03
4.000000000000000000e+03
1.801000000000000000e+03
1.639100000000000000e+04
1.057300000000000000e+04
1.479200000000000000e+04
6.872000000000000000e+03
3.476000000000000000e+03
3.365000000000000000e+03
2.573000000000000000e+03
4.653000000000000000e+03
2.691000000000000000e+03
3.778000000000000000e+03
2.033000000000000000e+03
8.835000000000000000e+03
3.702000000000000000e+03
1.839000000000000000e+03
2.016000000000000000e+03
8.355000000000000000e+03
6.265000000000000000e+03
2.422000000000000000e+03
3.727000000000000000e+03
4.029000000000000000e+03
1.357000000000000000e+03
4.375000000000000000e+03
1.327400000000000000e+04
4.140000000000000000e+03
2.832000000000000000e+03
7.208000000000000000e+03
1.180300000000000000e+04
1.029000000000000000e+03
2.362000000000000000e+03
2.835000000000000000e+03
2.503000000000000000e+03
6.381000000000000000e+03
2.159000000000000000e+03
7.900000000000000000e+03
8.299000000000000000e+03
3.310000000000000000e+03
2.586000000000000000e+03
1.264000000000000000e+03
5.411000000000000000e+03
1.461900000000000000e+04
7.293000000000000000e+03
6.403000000000000000e+03
3.797000000000000000e+03
4.017000000000000000e+03
6.215000000000000000e+03
1.766000000000000000e+03
7.115000000000000000e+03
3.013000000000000000e+03
9.881000000000000000e+03
4.021000000000000000e+03
4.659000000000000000e+03
4.110000000000000000e+03
4.679000000000000000e+03
1.011900000000000000e+04
3.358000000000000000e+03
2.605000000000000000e+03
2.381000000000000000e+03
9.872000000000000000e+03
3.299000000000000000e+03
7.719000000000000000e+03
2.959000000000000000e+03
9.049000000000000000e+03
4.400000000000000000e+03
3.494000000000000000e+03
2.034000000000000000e+03
4.255000000000000000e+03
9.771000000000000000e+03
3.090000000000000000e+03
2.160000000000000000e+03
4.600000000000000000e+03
8.180000000000000000e+03
3.980000000000000000e+03
3.743000000000000000e+03
1.225600000000000000e+04
5.531000000000000000e+03
2.797000000000000000e+03
1.919000000000000000e+03
2.239000000000000000e+03
7.365000000000000000e+03
1.057900000000000000e+04
1.030800000000000000e+04
6.933000000000000000e+03
2.468000000000000000e+03
7.666000000000000000e+03
4.716000000000000000e+03
2.703000000000000000e+03
1.862000000000000000e+03
5.064000000000000000e+03
4.177000000000000000e+03
1.209200000000000000e+04
1.476000000000000000e+03
2.724000000000000000e+03
7.333000000000000000e+03
3.500000000000000000e+03
3.435000000000000000e+03
4.756000000000000000e+03
5.129000000000000000e+03
2.899000000000000000e+03
8.936000000000000000e+03
7.886000000000000000e+03
3.201000000000000000e+03
2.031000000000000000e+03
3.311000000000000000e+03
7.846000000000000000e+03
2.334000000000000000e+03
1.603000000000000000e+03
4.320000000000000000e+03
3.035000000000000000e+03
3.712000000000000000e+03
3.818000000000000000e+03
6.588000000000000000e+03
5.751000000000000000e+03
4.124000000000000000e+03
2.696000000000000000e+03
1.979000000000000000e+03
3.396000000000000000e+03
1.565000000000000000e+03
6.237000000000000000e+03
3.449000000000000000e+03
2.724000000000000000e+03
1.636000000000000000e+03
3.116000000000000000e+03
3.723000000000000000e+03
1.462600000000000000e+04
1.461600000000000000e+04
5.291000000000000000e+03
3.321000000000000000e+03
6.852000000000000000e+03
1.821000000000000000e+03
3.273000000000000000e+03
1.404000000000000000e+03
2.691000000000000000e+03
2.710000000000000000e+03
3.129000000000000000e+03
8.512000000000000000e+03
1.860000000000000000e+03
4.640000000000000000e+03
3.333000000000000000e+03
5.910000000000000000e+03
6.214000000000000000e+03
1.499000000000000000e+03
2.678000000000000000e+03
9.433000000000000000e+03
3.359000000000000000e+03
1.547000000000000000e+03
3.202000000000000000e+03
5.079000000000000000e+03
3.602000000000000000e+03
9.512000000000000000e+03
4.877000000000000000e+03
1.858000000000000000e+03
4.925000000000000000e+03
2.225000000000000000e+03
4.286000000000000000e+03
4.056000000000000000e+03
2.056000000000000000e+03
4.416000000000000000e+03
1.591000000000000000e+03
5.410000000000000000e+03
2.303000000000000000e+03
2.865000000000000000e+03
4.573000000000000000e+03
1.176900000000000000e+04
8.221000000000000000e+03
7.088000000000000000e+03
2.221000000000000000e+03
8.334000000000000000e+03
2.239000000000000000e+03
2.087000000000000000e+03
4.523000000000000000e+03
3.005000000000000000e+03
4.840000000000000000e+03
3.410000000000000000e+03
4.225000000000000000e+03
3.215000000000000000e+03
1.009000000000000000e+03
7.205000000000000000e+03
1.655300000000000000e+04
1.736000000000000000e+03
1.440000000000000000e+03
6.115000000000000000e+03
5.666000000000000000e+03
3.326000000000000000e+03
2.390000000000000000e+03
1.157600000000000000e+04
2.966000000000000000e+03
7.247000000000000000e+03
3.282000000000000000e+03
2.634000000000000000e+03
4.090000000000000000e+03
4.353000000000000000e+03
4.319000000000000000e+03
8.444000000000000000e+03
4.280000000000000000e+03
2.731000000000000000e+03
7.937000000000000000e+03
5.709000000000000000e+03
6.296000000000000000e+03
5.420000000000000000e+03
3.129000000000000000e+03
1.029900000000000000e+04
3.839000000000000000e+03
2.810000000000000000e+03
1.691000000000000000e+03
4.036000000000000000e+03
7.837000000000000000e+03
2.735000000000000000e+03
4.054000000000000000e+03
1.121700000000000000e+04
8.862000000000000000e+03
4.239000000000000000e+03
4.291000000000000000e+03
2.274000000000000000e+03
1.042600000000000000e+04
2.113000000000000000e+03
4.575000000000000000e+03
5.035000000000000000e+03
3.930000000000000000e+03
6.510000000000000000e+03
5.056000000000000000e+03
3.509000000000000000e+03
4.250000000000000000e+03
4.354000000000000000e+03
1.685000000000000000e+03
3.109000000000000000e+03
3.392000000000000000e+03
2.202000000000000000e+03
8.377000000000000000e+03
6.690000000000000000e+03
6.111000000000000000e+03
3.406000000000000000e+03
7.395000000000000000e+03
1.635000000000000000e+03
4.060000000000000000e+03
1.388200000000000000e+04
4.429000000000000000e+03
2.135000000000000000e+03
3.666000000000000000e+03
1.096600000000000000e+04
1.611000000000000000e+03
4.027000000000000000e+03
1.654700000000000000e+04
4.996000000000000000e+03
4.008000000000000000e+03
3.335000000000000000e+03
1.733000000000000000e+03
1.076000000000000000e+03
5.124000000000000000e+03
2.288000000000000000e+03
6.999000000000000000e+03
3.351000000000000000e+03
1.343000000000000000e+03
2.971000000000000000e+03
8.004000000000000000e+03
5.781000000000000000e+03
8.781000000000000000e+03
2.520000000000000000e+03
3.982000000000000000e+03
7.168000000000000000e+03
3.337000000000000000e+03
8.664000000000000000e+03
2.299000000000000000e+03
5.257000000000000000e+03
3.999000000000000000e+03
3.819000000000000000e+03
4.012000000000000000e+03
3.472000000000000000e+03
1.141000000000000000e+04
1.545000000000000000e+03
2.114000000000000000e+03
3.251000000000000000e+03
1.030600000000000000e+04
2.515000000000000000e+03
4.162000000000000000e+03
5.195000000000000000e+03
4.782000000000000000e+03
2.524000000000000000e+03
8.871000000000000000e+03
4.001000000000000000e+03
2.710000000000000000e+03
5.380000000000000000e+03
2.022000000000000000e+03
1.402300000000000000e+04
4.290000000000000000e+03
4.968000000000000000e+03
6.604000000000000000e+03
2.175000000000000000e+03
5.324000000000000000e+03
5.296000000000000000e+03
1.168000000000000000e+04
1.746000000000000000e+03
4.281000000000000000e+03
4.939000000000000000e+03
1.824000000000000000e+03
4.681000000000000000e+03
1.439000000000000000e+03
3.074000000000000000e+03
7.501000000000000000e+03
3.563000000000000000e+03
4.163000000000000000e+03
4.725000000000000000e+03
4.685000000000000000e+03
1.246000000000000000e+03
7.805000000000000000e+03
5.623000000000000000e+03
3.558000000000000000e+03
1.762300000000000000e+04
4.455000000000000000e+03
2.074000000000000000e+03
3.789000000000000000e+03
5.409000000000000000e+03
2.594000000000000000e+03
4.629000000000000000e+03
6.587000000000000000e+03
4.747000000000000000e+03
2.350000000000000000e+03
1.088600000000000000e+04
3.775000000000000000e+03
3.152000000000000000e+03
4.746000000000000000e+03
1.180600000000000000e+04
6.683000000000000000e+03
3.018000000000000000e+03
6.558000000000000000e+03
3.931000000000000000e+03
5.130000000000000000e+03
2.370000000000000000e+03
5.412000000000000000e+03
3.147000000000000000e+03
6.354000000000000000e+03
7.305000000000000000e+03
1.782000000000000000e+03
3.752000000000000000e+03
3.190000000000000000e+03
6.182000000000000000e+03
3.782000000000000000e+03
5.096000000000000000e+03
3.110000000000000000e+03
4.888000000000000000e+03
2.687000000000000000e+03
1.088000000000000000e+03
1.235800000000000000e+04
4.848000000000000000e+03
3.759000000000000000e+03
2.951000000000000000e+03
2.216000000000000000e+03
2.255000000000000000e+03
5.205000000000000000e+03
7.233000000000000000e+03
2.840000000000000000e+03
4.326000000000000000e+03
2.374000000000000000e+03
6.173000000000000000e+03
1.887000000000000000e+03
5.048000000000000000e+03
1.893000000000000000e+03
2.200000000000000000e+03
1.038000000000000000e+03
2.263300000000000000e+04
4.950000000000000000e+03
3.836000000000000000e+03
7.522000000000000000e+03
1.628000000000000000e+03
4.727000000000000000e+03
1.152000000000000000e+04
6.185000000000000000e+03
2.081000000000000000e+03
4.701000000000000000e+03
2.351000000000000000e+03
5.926000000000000000e+03
7.250000000000000000e+03
1.053700000000000000e+04
2.664000000000000000e+03
2.631000000000000000e+03
3.086000000000000000e+03
1.731000000000000000e+03
2.466000000000000000e+03
1.119100000000000000e+04
4.250000000000000000e+03
2.734000000000000000e+03
9.839000000000000000e+03
3.898000000000000000e+03
8.071000000000000000e+03
7.274000000000000000e+03
7.946000000000000000e+03
6.411000000000000000e+03
7.369000000000000000e+03
6.528000000000000000e+03
8.275000000000000000e+03
2.761000000000000000e+03
1.527000000000000000e+03
3.254000000000000000e+03
1.176700000000000000e+04
4.436000000000000000e+03
5.897000000000000000e+03
5.396000000000000000e+03
6.293000000000000000e+03
7.723000000000000000e+03
3.270000000000000000e+03
1.595500000000000000e+04
1.534000000000000000e+03
1.898000000000000000e+03
4.132000000000000000e+03
9.924000000000000000e+03
2.361000000000000000e+03
4.834000000000000000e+03
2.066000000000000000e+03
3.011000000000000000e+03
4.027000000000000000e+03
3.243000000000000000e+03
4.640000000000000000e+03
7.843000000000000000e+03
6.622000000000000000e+03
4.347000000000000000e+03
3.650000000000000000e+03
2.867000000000000000e+03
4.412000000000000000e+03
4.679000000000000000e+03
3.500000000000000000e+03
1.045000000000000000e+03
3.876000000000000000e+03
8.729000000000000000e+03
6.925000000000000000e+03
2.409000000000000000e+03
4.610000000000000000e+03
3.065000000000000000e+03
3.531000000000000000e+03
5.078000000000000000e+03
1.668000000000000000e+03
9.949000000000000000e+03
4.567000000000000000e+03
4.001000000000000000e+03
7.805000000000000000e+03
4.226000000000000000e+03
6.054000000000000000e+03
2.851000000000000000e+03
1.139700000000000000e+04
8.675000000000000000e+03
2.109000000000000000e+03
1.894000000000000000e+03
3.550000000000000000e+03
5.253000000000000000e+03
2.846000000000000000e+03
3.411000000000000000e+03
4.045000000000000000e+03
1.670400000000000000e+04
3.271000000000000000e+03
5.265000000000000000e+03
3.270000000000000000e+03
1.014600000000000000e+04
2.598000000000000000e+03
3.842000000000000000e+03
2.358000000000000000e+03
3.930000000000000000e+03
3.553000000000000000e+03
8.550000000000000000e+02
5.099000000000000000e+03
7.107000000000000000e+03
3.661000000000000000e+03
8.334000000000000000e+03
5.375000000000000000e+03
5.887000000000000000e+03
7.063000000000000000e+03
4.696000000000000000e+03
3.071000000000000000e+03
1.585000000000000000e+03
2.336000000000000000e+03
5.178000000000000000e+03
3.163000000000000000e+03
3.027000000000000000e+03
5.904000000000000000e+03
2.744000000000000000e+03
2.181000000000000000e+03
7.854000000000000000e+03
2.745000000000000000e+03
6.260000000000000000e+03
5.854000000000000000e+03
4.695000000000000000e+03
1.041700000000000000e+04
1.452000000000000000e+03
4.595000000000000000e+03
8.525000000000000000e+03
4.119000000000000000e+03
8.468000000000000000e+03
4.492000000000000000e+03
4.021000000000000000e+03
3.722000000000000000e+03
2.441000000000000000e+03
3.569000000000000000e+03
1.035000000000000000e+03
2.944000000000000000e+03
3.263000000000000000e+03
4.672000000000000000e+03
4.763000000000000000e+03
3.808000000000000000e+03
5.452000000000000000e+03
2.774000000000000000e+03
7.171000000000000000e+03
5.919000000000000000e+03
1.058400000000000000e+04
2.218000000000000000e+03
3.004000000000000000e+03
1.396100000000000000e+04
3.119000000000000000e+03
1.044000000000000000e+03
5.390000000000000000e+03
1.554400000000000000e+04
3.490000000000000000e+03
4.609000000000000000e+03
2.129000000000000000e+03
1.888000000000000000e+03
3.360000000000000000e+03
4.205000000000000000e+03
3.477000000000000000e+03
3.837000000000000000e+03
4.698000000000000000e+03
2.234000000000000000e+03
5.540000000000000000e+03
1.965000000000000000e+03
5.246000000000000000e+03
5.372000000000000000e+03
7.287000000000000000e+03
5.513000000000000000e+03
2.616000000000000000e+03
1.365000000000000000e+03
2.744000000000000000e+03
4.115000000000000000e+03
2.555000000000000000e+03
5.889000000000000000e+03
3.871000000000000000e+03
7.085000000000000000e+03
5.396000000000000000e+03
5.514000000000000000e+03
9.714000000000000000e+03
1.201600000000000000e+04
4.845000000000000000e+03
6.063000000000000000e+03
9.689000000000000000e+03
4.140000000000000000e+03
2.555000000000000000e+03
4.850000000000000000e+03
2.211000000000000000e+03
1.591000000000000000e+03
2.945000000000000000e+03
7.803000000000000000e+03
2.993000000000000000e+03
7.493000000000000000e+03
9.942000000000000000e+03
6.105000000000000000e+03
1.705000000000000000e+03
4.964000000000000000e+03
3.265000000000000000e+03
1.869200000000000000e+04
6.874000000000000000e+03
6.457000000000000000e+03
3.812000000000000000e+03
2.837000000000000000e+03
8.430000000000000000e+03
3.695000000000000000e+03
5.426000000000000000e+03
7.390000000000000000e+03
5.284000000000000000e+03
1.015000000000000000e+03
7.990000000000000000e+03
5.742000000000000000e+03
2.291000000000000000e+03
4.294000000000000000e+03
2.456000000000000000e+03
2.632000000000000000e+03
1.376000000000000000e+03
3.508000000000000000e+03
6.669000000000000000e+03
1.314000000000000000e+03
1.552000000000000000e+04
4.893000000000000000e+03
1.307600000000000000e+04
3.720000000000000000e+03
7.947000000000000000e+03
4.976000000000000000e+03
4.850000000000000000e+03
4.088000000000000000e+03
1.156400000000000000e+04
9.143000000000000000e+03
5.651000000000000000e+03
2.313000000000000000e+03
2.502000000000000000e+03
8.540000000000000000e+03
5.942000000000000000e+03
2.074000000000000000e+03
8.310000000000000000e+03
5.812000000000000000e+03
1.803000000000000000e+03
2.653000000000000000e+03
1.033300000000000000e+04
7.316000000000000000e+03
8.496000000000000000e+03
1.965600000000000000e+04
4.920000000000000000e+03
5.839000000000000000e+03
4.354000000000000000e+03
3.583000000000000000e+03
6.110000000000000000e+03
4.426000000000000000e+03
3.142000000000000000e+03
3.301000000000000000e+03
1.109900000000000000e+04
2.208000000000000000e+03
2.213000000000000000e+03
3.681000000000000000e+03
6.021000000000000000e+03
2.268000000000000000e+03
5.418000000000000000e+03
3.673000000000000000e+03
3.638000000000000000e+03
1.058200000000000000e+04
7.348000000000000000e+03
3.476000000000000000e+03
4.043000000000000000e+03
1.366000000000000000e+03
7.024000000000000000e+03
1.035500000000000000e+04
2.166000000000000000e+03
2.325000000000000000e+03
4.277000000000000000e+03
2.914000000000000000e+03
3.445000000000000000e+03
3.663000000000000000e+03
4.309000000000000000e+03
1.011300000000000000e+04
1.112500000000000000e+04
