7.510000000000000000e+02
8.980000000000000000e+02
6.000000000000000000e+02
1.039000000000000000e+03
1.814000000000000000e+03
1.333000000000000000e+03
5.200000000000000000e+02
2.290000000000000000e+02
2.267000000000000000e+03
1.105000000000000000e+03
8.630000000000000000e+02
6.960000000000000000e+02
2.350000000000000000e+02
2.059000000000000000e+03
2.212000000000000000e+03
9.050000000000000000e+02
6.250000000000000000e+02
6.990000000000000000e+02
1.355000000000000000e+03
1.252000000000000000e+03
9.650000000000000000e+02
3.385000000000000000e+03
1.726000000000000000e+03
6.190000000000000000e+02
7.460000000000000000e+02
3.990000000000000000e+02
9.960000000000000000e+02
1.735000000000000000e+03
4.267000000000000000e+03
3.459000000000000000e+03
8.810000000000000000e+02
1.190000000000000000e+03
9.830000000000000000e+02
8.640000000000000000e+02
3.890000000000000000e+02
1.585000000000000000e+03
3.154000000000000000e+03
1.166000000000000000e+03
4.910000000000000000e+02
1.221000000000000000e+03
4.120000000000000000e+02
1.071000000000000000e+03
2.526000000000000000e+03
1.811000000000000000e+03
1.855000000000000000e+03
3.370000000000000000e+03
1.638000000000000000e+03
4.450000000000000000e+02
1.003000000000000000e+03
5.890000000000000000e+02
8.700000000000000000e+02
8.760000000000000000e+02
9.510000000000000000e+02
2.010000000000000000e+02
5.020000000000000000e+02
1.171000000000000000e+03
1.519000000000000000e+03
1.215000000000000000e+03
4.760000000000000000e+02
7.720000000000000000e+02
6.790000000000000000e+02
1.009000000000000000e+03
9.750000000000000000e+02
2.438000000000000000e+03
5.200000000000000000e+02
3.290000000000000000e+02
8.710000000000000000e+02
1.266000000000000000e+03
4.010000000000000000e+02
9.520000000000000000e+02
6.730000000000000000e+02
5.010000000000000000e+02
1.081000000000000000e+03
6.740000000000000000e+02
9.860000000000000000e+02
1.227000000000000000e+03
1.238000000000000000e+03
1.067000000000000000e+03
1.048000000000000000e+03
1.002000000000000000e+03
3.500000000000000000e+02
1.121000000000000000e+03
3.434000000000000000e+03
2.300000000000000000e+02
1.439000000000000000e+03
2.349000000000000000e+03
4.900000000000000000e+02
9.120000000000000000e+02
4.970000000000000000e+02
4.480000000000000000e+02
1.440000000000000000e+03
2.048000000000000000e+03
2.083000000000000000e+03
5.970000000000000000e+02
3.310000000000000000e+02
2.076000000000000000e+03
3.108000000000000000e+03
3.140000000000000000e+02
1.166000000000000000e+03
8.770000000000000000e+02
3.778000000000000000e+03
1.210000000000000000e+03
9.570000000000000000e+02
9.720000000000000000e+02
6.560000000000000000e+02
1.889000000000000000e+03
9.030000000000000000e+02
3.630000000000000000e+02
8.870000000000000000e+02
2.180000000000000000e+03
1.803000000000000000e+03
3.614000000000000000e+03
6.140000000000000000e+02
2.537000000000000000e+03
6.240000000000000000e+02
1.131000000000000000e+03
2.563000000000000000e+03
7.660000000000000000e+02
9.620000000000000000e+02
6.520000000000000000e+02
2.366000000000000000e+03
2.405000000000000000e+03
2.383000000000000000e+03
1.865000000000000000e+03
8.800000000000000000e+01
1.690000000000000000e+03
1.540000000000000000e+03
9.830000000000000000e+02
2.215000000000000000e+03
5.980000000000000000e+02
1.975000000000000000e+03
1.272000000000000000e+03
1.425000000000000000e+03
1.102000000000000000e+03
3.647000000000000000e+03
2.639000000000000000e+03
1.120000000000000000e+03
1.094000000000000000e+03
1.430000000000000000e+03
2.472000000000000000e+03
7.850000000000000000e+02
1.858000000000000000e+03
2.389000000000000000e+03
2.440000000000000000e+03
4.151000000000000000e+03
1.577000000000000000e+03
2.700000000000000000e+02
9.230000000000000000e+02
9.460000000000000000e+02
1.160000000000000000e+03
8.970000000000000000e+02
1.980000000000000000e+03
1.753000000000000000e+03
3.960000000000000000e+03
7.940000000000000000e+02
1.319000000000000000e+03
7.500000000000000000e+02
2.340000000000000000e+03
1.929000000000000000e+03
4.770000000000000000e+02
5.580000000000000000e+02
2.930000000000000000e+02
4.170000000000000000e+02
1.355000000000000000e+03
3.770000000000000000e+02
2.159000000000000000e+03
1.024000000000000000e+03
1.081000000000000000e+03
8.490000000000000000e+02
8.880000000000000000e+02
2.152000000000000000e+03
2.001000000000000000e+03
8.910000000000000000e+02
1.072000000000000000e+03
1.542000000000000000e+03
1.006000000000000000e+03
1.931000000000000000e+03
1.206000000000000000e+03
7.900000000000000000e+02
9.330000000000000000e+02
2.100000000000000000e+02
4.230000000000000000e+02
1.375000000000000000e+03
5.500000000000000000e+02
1.275000000000000000e+03
2.640000000000000000e+02
4.270000000000000000e+02
1.456000000000000000e+03
2.210000000000000000e+02
1.353000000000000000e+03
1.296000000000000000e+03
8.510000000000000000e+02
2.630000000000000000e+02
1.142000000000000000e+03
1.533000000000000000e+03
8.170000000000000000e+02
1.541000000000000000e+03
1.979000000000000000e+03
2.920000000000000000e+02
3.040000000000000000e+02
7.080000000000000000e+02
3.070000000000000000e+02
1.444000000000000000e+03
1.102000000000000000e+03
8.010000000000000000e+02
6.610000000000000000e+02
1.771000000000000000e+03
1.477000000000000000e+03
8.160000000000000000e+02
5.660000000000000000e+02
4.745000000000000000e+03
1.289000000000000000e+03
1.884000000000000000e+03
1.927000000000000000e+03
8.220000000000000000e+02
3.100000000000000000e+03
2.829000000000000000e+03
8.860000000000000000e+02
1.498000000000000000e+03
2.010000000000000000e+03
5.530000000000000000e+02
1.781000000000000000e+03
1.380000000000000000e+03
1.994000000000000000e+03
1.471000000000000000e+03
6.500000000000000000e+02
5.140000000000000000e+02
1.479000000000000000e+03
7.480000000000000000e+02
1.405000000000000000e+03
1.043000000000000000e+03
2.936000000000000000e+03
1.395000000000000000e+03
1.732000000000000000e+03
8.290000000000000000e+02
2.387000000000000000e+03
9.970000000000000000e+02
1.861000000000000000e+03
1.398000000000000000e+03
2.150000000000000000e+02
1.276000000000000000e+03
5.910000000000000000e+02
3.110000000000000000e+03
9.690000000000000000e+02
8.400000000000000000e+02
1.168000000000000000e+03
1.428000000000000000e+03
4.183000000000000000e+03
3.631000000000000000e+03
1.634000000000000000e+03
9.440000000000000000e+02
1.080000000000000000e+03
4.130000000000000000e+02
1.909000000000000000e+03
1.182000000000000000e+03
1.222000000000000000e+03
1.115000000000000000e+03
2.435000000000000000e+03
6.940000000000000000e+02
1.820000000000000000e+03
1.414000000000000000e+03
1.616000000000000000e+03
1.065000000000000000e+03
3.950000000000000000e+02
1.232000000000000000e+03
5.750000000000000000e+02
1.567000000000000000e+03
9.110000000000000000e+02
8.080000000000000000e+02
1.466000000000000000e+03
6.710000000000000000e+02
2.181000000000000000e+03
1.619000000000000000e+03
3.266000000000000000e+03
4.940000000000000000e+02
4.440000000000000000e+02
1.199000000000000000e+03
1.318000000000000000e+03
2.385000000000000000e+03
1.671000000000000000e+03
1.568000000000000000e+03
1.872000000000000000e+03
1.007000000000000000e+03
7.080000000000000000e+02
2.430000000000000000e+03
2.160000000000000000e+02
1.483000000000000000e+03
1.251000000000000000e+03
3.037000000000000000e+03
1.760000000000000000e+03
1.012000000000000000e+03
9.310000000000000000e+02
1.289000000000000000e+03
4.660000000000000000e+02
5.140000000000000000e+02
8.740000000000000000e+02
2.113000000000000000e+03
2.471000000000000000e+03
1.785000000000000000e+03
2.364000000000000000e+03
1.710000000000000000e+03
2.672000000000000000e+03
6.800000000000000000e+02
3.406000000000000000e+03
1.362000000000000000e+03
2.370000000000000000e+03
5.400000000000000000e+02
5.990000000000000000e+02
2.356000000000000000e+03
2.344000000000000000e+03
1.874000000000000000e+03
1.094000000000000000e+03
2.321000000000000000e+03
4.160000000000000000e+02
6.060000000000000000e+02
1.219000000000000000e+03
6.850000000000000000e+02
5.410000000000000000e+02
7.650000000000000000e+02
6.760000000000000000e+02
1.316000000000000000e+03
7.790000000000000000e+02
1.141000000000000000e+03
8.790000000000000000e+02
2.490000000000000000e+02
2.940000000000000000e+02
2.030000000000000000e+02
6.450000000000000000e+02
5.500000000000000000e+02
9.290000000000000000e+02
5.100000000000000000e+02
2.579000000000000000e+03
9.950000000000000000e+02
8.990000000000000000e+02
8.890000000000000000e+02
1.371000000000000000e+03
3.260000000000000000e+02
3.048000000000000000e+03
4.050000000000000000e+02
8.060000000000000000e+02
8.340000000000000000e+02
7.710000000000000000e+02
2.395000000000000000e+03
1.366000000000000000e+03
5.090000000000000000e+02
7.840000000000000000e+02
2.053000000000000000e+03
1.072000000000000000e+03
1.035000000000000000e+03
1.236000000000000000e+03
9.730000000000000000e+02
3.970000000000000000e+02
1.951000000000000000e+03
7.170000000000000000e+02
2.460000000000000000e+03
6.010000000000000000e+02
1.724000000000000000e+03
1.540000000000000000e+02
1.024000000000000000e+03
7.760000000000000000e+02
2.330000000000000000e+02
1.164000000000000000e+03
6.110000000000000000e+02
1.063000000000000000e+03
7.170000000000000000e+02
5.430000000000000000e+02
8.390000000000000000e+02
4.010000000000000000e+02
1.624000000000000000e+03
1.879000000000000000e+03
9.470000000000000000e+02
1.971000000000000000e+03
4.870000000000000000e+02
3.251000000000000000e+03
1.769000000000000000e+03
8.350000000000000000e+02
7.440000000000000000e+02
1.241000000000000000e+03
1.505000000000000000e+03
2.704000000000000000e+03
6.550000000000000000e+02
6.390000000000000000e+02
9.110000000000000000e+02
2.000000000000000000e+03
2.553000000000000000e+03
8.310000000000000000e+02
2.000000000000000000e+03
3.087000000000000000e+03
7.710000000000000000e+02
2.835000000000000000e+03
1.633000000000000000e+03
6.350000000000000000e+02
1.209000000000000000e+03
1.342000000000000000e+03
1.680000000000000000e+03
5.440000000000000000e+02
1.502000000000000000e+03
5.560000000000000000e+02
7.260000000000000000e+02
1.661000000000000000e+03
7.390000000000000000e+02
1.088000000000000000e+03
1.386000000000000000e+03
2.471000000000000000e+03
1.293000000000000000e+03
1.271000000000000000e+03
7.510000000000000000e+02
1.486000000000000000e+03
1.535000000000000000e+03
1.285000000000000000e+03
3.098000000000000000e+03
1.473000000000000000e+03
7.110000000000000000e+02
9.540000000000000000e+02
4.720000000000000000e+02
2.416000000000000000e+03
5.380000000000000000e+02
1.548000000000000000e+03
4.560000000000000000e+02
1.039000000000000000e+03
9.100000000000000000e+02
8.070000000000000000e+02
4.940000000000000000e+02
1.323000000000000000e+03
6.460000000000000000e+02
4.980000000000000000e+02
1.122000000000000000e+03
2.300000000000000000e+03
5.130000000000000000e+02
1.872000000000000000e+03
1.511000000000000000e+03
6.730000000000000000e+02
2.234000000000000000e+03
2.290000000000000000e+03
7.870000000000000000e+02
8.320000000000000000e+02
2.380000000000000000e+02
1.198000000000000000e+03
9.270000000000000000e+02
5.580000000000000000e+02
1.109000000000000000e+03
8.820000000000000000e+02
6.980000000000000000e+02
5.980000000000000000e+02
1.688000000000000000e+03
2.351000000000000000e+03
1.973000000000000000e+03
1.547000000000000000e+03
1.587000000000000000e+03
2.210000000000000000e+02
6.530000000000000000e+02
1.755000000000000000e+03
2.101000000000000000e+03
1.820000000000000000e+03
3.236000000000000000e+03
7.220000000000000000e+02
6.360000000000000000e+02
1.053000000000000000e+03
1.205000000000000000e+03
9.710000000000000000e+02
4.470000000000000000e+02
1.371000000000000000e+03
4.701000000000000000e+03
4.580000000000000000e+02
8.950000000000000000e+02
5.360000000000000000e+02
2.300000000000000000e+03
1.448000000000000000e+03
5.150000000000000000e+02
4.521000000000000000e+03
2.013000000000000000e+03
6.690000000000000000e+02
9.900000000000000000e+02
5.360000000000000000e+02
4.060000000000000000e+02
9.400000000000000000e+02
7.060000000000000000e+02
3.720000000000000000e+03
1.425000000000000000e+03
1.612000000000000000e+03
6.150000000000000000e+02
7.860000000000000000e+02
4.040000000000000000e+02
2.300000000000000000e+03
8.950000000000000000e+02
1.080000000000000000e+03
4.110000000000000000e+02
1.436000000000000000e+03
9.830000000000000000e+02
6.210000000000000000e+02
8.670000000000000000e+02
7.400000000000000000e+02
4.800000000000000000e+02
2.508000000000000000e+03
6.460000000000000000e+02
2.115000000000000000e+03
1.129000000000000000e+03
1.226000000000000000e+03
3.650000000000000000e+02
6.510000000000000000e+02
7.510000000000000000e+02
5.890000000000000000e+02
1.987000000000000000e+03
8.020000000000000000e+02
2.248000000000000000e+03
5.850000000000000000e+02
6.750000000000000000e+02
7.920000000000000000e+02
1.414000000000000000e+03
2.352000000000000000e+03
5.160000000000000000e+02
1.381000000000000000e+03
1.856000000000000000e+03
9.190000000000000000e+02
7.940000000000000000e+02
1.412000000000000000e+03
1.077000000000000000e+03
1.120000000000000000e+03
4.370000000000000000e+02
1.718000000000000000e+03
3.315000000000000000e+03
3.024000000000000000e+03
1.563000000000000000e+03
1.884000000000000000e+03
1.995000000000000000e+03
9.780000000000000000e+02
3.450000000000000000e+02
7.450000000000000000e+02
1.388000000000000000e+03
1.290000000000000000e+03
1.133000000000000000e+03
1.432000000000000000e+03
1.059000000000000000e+03
2.015000000000000000e+03
5.730000000000000000e+02
2.304000000000000000e+03
1.130000000000000000e+03
6.420000000000000000e+02
2.886000000000000000e+03
1.447000000000000000e+03
2.302000000000000000e+03
1.267000000000000000e+03
1.986000000000000000e+03
9.800000000000000000e+02
1.460000000000000000e+03
1.310000000000000000e+03
1.530000000000000000e+02
1.072000000000000000e+03
3.910000000000000000e+02
1.320000000000000000e+03
9.920000000000000000e+02
3.239000000000000000e+03
1.566000000000000000e+03
1.487000000000000000e+03
7.610000000000000000e+02
9.480000000000000000e+02
2.119000000000000000e+03
1.741000000000000000e+03
1.650000000000000000e+03
1.319000000000000000e+03
9.630000000000000000e+02
1.155000000000000000e+03
8.020000000000000000e+02
1.427000000000000000e+03
2.271000000000000000e+03
5.980000000000000000e+02
1.055000000000000000e+03
2.537000000000000000e+03
7.410000000000000000e+02
2.442000000000000000e+03
1.950000000000000000e+02
9.580000000000000000e+02
1.727000000000000000e+03
5.067000000000000000e+03
1.169000000000000000e+03
1.907000000000000000e+03
1.602000000000000000e+03
7.050000000000000000e+02
7.600000000000000000e+02
3.875000000000000000e+03
5.670000000000000000e+02
9.020000000000000000e+02
1.982000000000000000e+03
9.630000000000000000e+02
8.970000000000000000e+02
4.320000000000000000e+02
6.000000000000000000e+02
9.080000000000000000e+02
9.200000000000000000e+02
8.230000000000000000e+02
6.490000000000000000e+02
1.503000000000000000e+03
7.830000000000000000e+02
1.513000000000000000e+03
8.460000000000000000e+02
1.897000000000000000e+03
3.380000000000000000e+02
2.585000000000000000e+03
1.099000000000000000e+03
2.067000000000000000e+03
1.171000000000000000e+03
7.270000000000000000e+02
1.950000000000000000e+03
7.050000000000000000e+02
5.950000000000000000e+02
4.264000000000000000e+03
5.300000000000000000e+02
2.570000000000000000e+02
1.642000000000000000e+03
4.120000000000000000e+02
6.640000000000000000e+02
1.049000000000000000e+03
5.240000000000000000e+02
2.071000000000000000e+03
2.390000000000000000e+03
1.437000000000000000e+03
1.440000000000000000e+03
1.382000000000000000e+03
1.568000000000000000e+03
9.560000000000000000e+02
1.957000000000000000e+03
6.740000000000000000e+02
1.787000000000000000e+03
1.183000000000000000e+03
5.930000000000000000e+02
1.051000000000000000e+03
1.257000000000000000e+03
2.124000000000000000e+03
4.330000000000000000e+02
1.318000000000000000e+03
9.420000000000000000e+02
1.626000000000000000e+03
9.850000000000000000e+02
1.153000000000000000e+03
1.361000000000000000e+03
7.190000000000000000e+02
4.310000000000000000e+02
1.118000000000000000e+03
1.044000000000000000e+03
4.550000000000000000e+02
1.278000000000000000e+03
1.347000000000000000e+03
1.558000000000000000e+03
8.480000000000000000e+02
1.333000000000000000e+03
1.607000000000000000e+03
1.549000000000000000e+03
1.116000000000000000e+03
4.740000000000000000e+02
4.084000000000000000e+03
1.169000000000000000e+03
1.919000000000000000e+03
1.100000000000000000e+03
1.818000000000000000e+03
7.990000000000000000e+02
9.750000000000000000e+02
1.179000000000000000e+03
3.790000000000000000e+02
3.174000000000000000e+03
4.640000000000000000e+02
2.319000000000000000e+03
9.120000000000000000e+02
9.860000000000000000e+02
1.862000000000000000e+03
1.320000000000000000e+03
4.050000000000000000e+02
1.740000000000000000e+03
5.320000000000000000e+02
1.191000000000000000e+03
9.730000000000000000e+02
5.650000000000000000e+02
1.412000000000000000e+03
3.092000000000000000e+03
3.608000000000000000e+03
9.580000000000000000e+02
2.335000000000000000e+03
3.140000000000000000e+02
7.770000000000000000e+02
2.451000000000000000e+03
1.173000000000000000e+03
5.890000000000000000e+02
2.156000000000000000e+03
1.708000000000000000e+03
1.275000000000000000e+03
1.730000000000000000e+03
1.782000000000000000e+03
7.890000000000000000e+02
1.051000000000000000e+03
3.309000000000000000e+03
6.030000000000000000e+02
6.450000000000000000e+02
8.200000000000000000e+02
1.262000000000000000e+03
1.051000000000000000e+03
1.957000000000000000e+03
8.560000000000000000e+02
8.830000000000000000e+02
9.320000000000000000e+02
1.562000000000000000e+03
1.005000000000000000e+03
2.985000000000000000e+03
2.162000000000000000e+03
2.660000000000000000e+02
1.149000000000000000e+03
1.083000000000000000e+03
8.950000000000000000e+02
9.540000000000000000e+02
8.230000000000000000e+02
1.371000000000000000e+03
1.334000000000000000e+03
1.683000000000000000e+03
4.910000000000000000e+02
1.576000000000000000e+03
8.430000000000000000e+02
1.237000000000000000e+03
6.870000000000000000e+02
1.971000000000000000e+03
1.202000000000000000e+03
1.114000000000000000e+03
2.813000000000000000e+03
1.552000000000000000e+03
2.299000000000000000e+03
8.070000000000000000e+02
7.650000000000000000e+02
1.585000000000000000e+03
8.150000000000000000e+02
7.990000000000000000e+02
9.180000000000000000e+02
1.211000000000000000e+03
9.550000000000000000e+02
9.510000000000000000e+02
2.282000000000000000e+03
1.529000000000000000e+03
1.506000000000000000e+03
2.509000000000000000e+03
2.810000000000000000e+02
3.829000000000000000e+03
1.123000000000000000e+03
1.039000000000000000e+03
1.773000000000000000e+03
9.580000000000000000e+02
9.940000000000000000e+02
4.560000000000000000e+02
8.240000000000000000e+02
6.960000000000000000e+02
1.186000000000000000e+03
9.400000000000000000e+02
9.780000000000000000e+02
6.810000000000000000e+02
9.790000000000000000e+02
8.090000000000000000e+02
4.470000000000000000e+02
1.686000000000000000e+03
2.961000000000000000e+03
1.328000000000000000e+03
9.410000000000000000e+02
7.190000000000000000e+02
1.010000000000000000e+03
1.564000000000000000e+03
1.396000000000000000e+03
3.491000000000000000e+03
7.260000000000000000e+02
5.620000000000000000e+02
1.581000000000000000e+03
6.780000000000000000e+02
1.013000000000000000e+03
1.927000000000000000e+03
5.910000000000000000e+02
2.316000000000000000e+03
1.772000000000000000e+03
1.722000000000000000e+03
1.441000000000000000e+03
3.376000000000000000e+03
4.450000000000000000e+02
1.144000000000000000e+03
8.840000000000000000e+02
1.337000000000000000e+03
3.386000000000000000e+03
9.970000000000000000e+02
8.190000000000000000e+02
1.634000000000000000e+03
8.990000000000000000e+02
2.288000000000000000e+03
2.870000000000000000e+02
3.404000000000000000e+03
9.480000000000000000e+02
2.172000000000000000e+03
1.003000000000000000e+03
1.372000000000000000e+03
1.028000000000000000e+03
3.680000000000000000e+02
2.156000000000000000e+03
2.830000000000000000e+02
1.315000000000000000e+03
8.860000000000000000e+02
8.160000000000000000e+02
2.450000000000000000e+02
4.810000000000000000e+02
2.715000000000000000e+03
5.490000000000000000e+02
1.248000000000000000e+03
1.298000000000000000e+03
2.211000000000000000e+03
1.673000000000000000e+03
1.153000000000000000e+03
2.900000000000000000e+02
1.846000000000000000e+03
9.530000000000000000e+02
7.820000000000000000e+02
1.103000000000000000e+03
8.040000000000000000e+02
1.583000000000000000e+03
2.392000000000000000e+03
8.640000000000000000e+02
9.190000000000000000e+02
7.960000000000000000e+02
8.390000000000000000e+02
7.860000000000000000e+02
1.532000000000000000e+03
1.249000000000000000e+03
6.640000000000000000e+02
7.200000000000000000e+02
6.650000000000000000e+02
2.493000000000000000e+03
3.196000000000000000e+03
5.810000000000000000e+02
2.300000000000000000e+02
4.369000000000000000e+03
5.910000000000000000e+02
9.620000000000000000e+02
6.500000000000000000e+02
2.225000000000000000e+03
1.569000000000000000e+03
2.132000000000000000e+03
6.580000000000000000e+02
4.610000000000000000e+02
8.840000000000000000e+02
6.410000000000000000e+02
6.550000000000000000e+02
1.215000000000000000e+03
6.245000000000000000e+03
3.302000000000000000e+03
6.310000000000000000e+02
1.425000000000000000e+03
1.674000000000000000e+03
1.757000000000000000e+03
3.970000000000000000e+02
1.185000000000000000e+03
5.120000000000000000e+02
4.350000000000000000e+02
1.227000000000000000e+03
1.050000000000000000e+03
1.353000000000000000e+03
9.220000000000000000e+02
4.870000000000000000e+02
1.479000000000000000e+03
1.849000000000000000e+03
1.100000000000000000e+03
1.242000000000000000e+03
9.190000000000000000e+02
7.560000000000000000e+02
3.022000000000000000e+03
1.106000000000000000e+03
2.434000000000000000e+03
1.887000000000000000e+03
9.260000000000000000e+02
7.170000000000000000e+02
1.023000000000000000e+03
1.889000000000000000e+03
9.890000000000000000e+02
9.120000000000000000e+02
1.667000000000000000e+03
6.340000000000000000e+02
8.590000000000000000e+02
1.202000000000000000e+03
1.015000000000000000e+03
9.560000000000000000e+02
1.169000000000000000e+03
4.960000000000000000e+02
1.090000000000000000e+03
2.830000000000000000e+03
9.400000000000000000e+02
7.730000000000000000e+02
1.239000000000000000e+03
9.900000000000000000e+02
1.263000000000000000e+03
2.534000000000000000e+03
1.419000000000000000e+03
8.150000000000000000e+02
2.111000000000000000e+03
6.040000000000000000e+02
1.016000000000000000e+03
1.250000000000000000e+03
3.118000000000000000e+03
3.480000000000000000e+02
4.960000000000000000e+02
8.100000000000000000e+02
3.840000000000000000e+02
1.792000000000000000e+03
1.527000000000000000e+03
6.380000000000000000e+02
8.110000000000000000e+02
9.800000000000000000e+02
1.524000000000000000e+03
7.240000000000000000e+02
1.129000000000000000e+03
2.668000000000000000e+03
4.970000000000000000e+02
9.270000000000000000e+02
9.680000000000000000e+02
8.940000000000000000e+02
1.081000000000000000e+03
7.660000000000000000e+02
5.440000000000000000e+02
9.610000000000000000e+02
5.046000000000000000e+03
5.390000000000000000e+02
2.121000000000000000e+03
2.257000000000000000e+03
1.626000000000000000e+03
4.960000000000000000e+02
1.028000000000000000e+03
3.016000000000000000e+03
9.000000000000000000e+02
1.808000000000000000e+03
1.372000000000000000e+03
1.108000000000000000e+03
1.969000000000000000e+03
2.011000000000000000e+03
1.228000000000000000e+03
7.690000000000000000e+02
1.998000000000000000e+03
2.157000000000000000e+03
5.440000000000000000e+02
1.667000000000000000e+03
2.930000000000000000e+02
2.491000000000000000e+03
7.680000000000000000e+02
6.390000000000000000e+02
1.331000000000000000e+03
7.930000000000000000e+02
9.500000000000000000e+02
1.465000000000000000e+03
3.880000000000000000e+02
6.420000000000000000e+02
1.624000000000000000e+03
9.520000000000000000e+02
7.950000000000000000e+02
1.920000000000000000e+03
1.249000000000000000e+03
2.241000000000000000e+03
1.415000000000000000e+03
9.380000000000000000e+02
3.290000000000000000e+02
1.069000000000000000e+03
3.590000000000000000e+02
2.020000000000000000e+02
3.541000000000000000e+03
3.645000000000000000e+03
1.212000000000000000e+03
1.102000000000000000e+03
2.399000000000000000e+03
1.538000000000000000e+03
1.969000000000000000e+03
1.442000000000000000e+03
2.300000000000000000e+02
6.100000000000000000e+02
2.937000000000000000e+03
1.546000000000000000e+03
9.320000000000000000e+02
1.159000000000000000e+03
9.190000000000000000e+02
1.662000000000000000e+03
2.342000000000000000e+03
2.519000000000000000e+03
1.680000000000000000e+03
3.703000000000000000e+03
1.526000000000000000e+03
7.600000000000000000e+02
2.468000000000000000e+03
1.167000000000000000e+03
1.112000000000000000e+03
6.100000000000000000e+02
1.210000000000000000e+02
8.520000000000000000e+02
2.420000000000000000e+03
1.511000000000000000e+03
1.019000000000000000e+03
1.750000000000000000e+03
2.202000000000000000e+03
1.510000000000000000e+02
3.145000000000000000e+03
1.083000000000000000e+03
1.899000000000000000e+03
2.117000000000000000e+03
7.490000000000000000e+02
3.537000000000000000e+03
7.030000000000000000e+02
2.530000000000000000e+02
4.500000000000000000e+02
5.810000000000000000e+02
6.660000000000000000e+02
1.002000000000000000e+03
1.800000000000000000e+03
2.249000000000000000e+03
2.606000000000000000e+03
3.321000000000000000e+03
1.997000000000000000e+03
