7.120000000000000000e+03
8.601000000000000000e+03
1.346800000000000000e+04
5.790000000000000000e+03
4.375000000000000000e+03
2.529000000000000000e+03
4.993000000000000000e+03
1.711000000000000000e+03
3.761000000000000000e+03
2.623000000000000000e+03
2.591000000000000000e+03
1.198300000000000000e+04
6.162000000000000000e+03
2.445000000000000000e+03
4.328000000000000000e+03
4.929000000000000000e+03
1.906600000000000000e+04
2.941000000000000000e+03
2.241000000000000000e+03
2.044000000000000000e+03
9.124000000000000000e+03
5.357000000000000000e+03
2.687000000000000000e+03
1.267200000000000000e+04
3.362000000000000000e+03
1.666100000000000000e+04
3.256000000000000000e+03
6.088000000000000000e+03
4.175000000000000000e+03
2.545000000000000000e+03
2.452000000000000000e+03
5.684000000000000000e+03
9.678000000000000000e+03
4.251000000000000000e+03
1.999000000000000000e+03
2.649000000000000000e+03
6.896000000000000000e+03
7.265000000000000000e+03
7.601000000000000000e+03
2.338000000000000000e+03
9.676000000000000000e+03
1.324500000000000000e+04
4.291000000000000000e+03
6.727000000000000000e+03
2.136000000000000000e+03
6.075000000000000000e+03
4.576000000000000000e+03
5.167000000000000000e+03
1.744000000000000000e+03
3.940000000000000000e+03
1.029500000000000000e+04
2.170000000000000000e+03
4.700000000000000000e+03
4.247000000000000000e+03
1.427000000000000000e+04
5.409000000000000000e+03
5.288000000000000000e+03
3.481000000000000000e+03
6.796000000000000000e+03
1.815000000000000000e+03
5.529000000000000000e+03
8.724000000000000000e+03
5.136000000000000000e+03
9.286000000000000000e+03
6.789000000000000000e+03
8.957000000000000000e+03
2.064000000000000000e+03
8.332000000000000000e+03
3.566000000000000000e+03
6.075000000000000000e+03
7.428000000000000000e+03
7.985000000000000000e+03
3.370000000000000000e+03
7.392000000000000000e+03
4.237000000000000000e+03
4.899000000000000000e+03
4.008000000000000000e+03
4.883000000000000000e+03
1.254200000000000000e+04
5.816000000000000000e+03
3.097000000000000000e+03
2.708000000000000000e+03
6.085000000000000000e+03
7.781000000000000000e+03
2.708000000000000000e+03
3.308000000000000000e+03
2.572000000000000000e+03
1.393000000000000000e+03
8.685000000000000000e+03
3.580000000000000000e+03
5.700000000000000000e+03
5.174000000000000000e+03
4.658000000000000000e+03
9.180000000000000000e+03
9.530000000000000000e+03
7.036000000000000000e+03
5.826000000000000000e+03
8.812000000000000000e+03
7.872000000000000000e+03
3.480000000000000000e+03
1.169700000000000000e+04
7.673000000000000000e+03
8.050000000000000000e+03
7.100000000000000000e+03
6.472000000000000000e+03
5.010000000000000000e+03
6.504000000000000000e+03
9.880000000000000000e+03
2.769000000000000000e+03
1.137400000000000000e+04
1.191000000000000000e+03
4.304000000000000000e+03
4.431000000000000000e+03
4.856000000000000000e+03
8.730000000000000000e+03
1.171100000000000000e+04
6.642000000000000000e+03
9.912000000000000000e+03
1.462500000000000000e+04
3.274000000000000000e+03
2.204000000000000000e+03
4.787000000000000000e+03
2.684000000000000000e+03
6.834000000000000000e+03
7.417000000000000000e+03
2.150000000000000000e+03
6.566000000000000000e+03
3.609000000000000000e+03
1.194600000000000000e+04
2.152000000000000000e+03
4.142000000000000000e+03
9.440000000000000000e+03
5.911000000000000000e+03
8.137000000000000000e+03
3.871000000000000000e+03
2.802600000000000000e+04
1.433900000000000000e+04
1.228600000000000000e+04
5.442000000000000000e+03
8.885000000000000000e+03
1.135600000000000000e+04
4.639000000000000000e+03
2.327000000000000000e+03
9.987000000000000000e+03
4.747000000000000000e+03
1.833000000000000000e+03
2.239000000000000000e+03
1.495500000000000000e+04
4.855000000000000000e+03
4.178000000000000000e+03
4.721000000000000000e+03
8.986000000000000000e+03
9.838000000000000000e+03
4.037000000000000000e+03
3.845000000000000000e+03
1.992000000000000000e+03
2.366000000000000000e+03
1.485000000000000000e+03
9.422000000000000000e+03
3.745000000000000000e+03
4.250000000000000000e+03
1.952000000000000000e+03
9.277000000000000000e+03
3.482000000000000000e+03
6.480000000000000000e+03
4.715000000000000000e+03
6.579000000000000000e+03
2.501000000000000000e+03
5.780000000000000000e+03
1.537900000000000000e+04
9.924000000000000000e+03
1.056400000000000000e+04
5.346000000000000000e+03
1.052200000000000000e+04
6.068000000000000000e+03
4.780000000000000000e+03
2.832000000000000000e+03
4.111000000000000000e+03
5.165000000000000000e+03
7.553000000000000000e+03
5.177000000000000000e+03
7.902000000000000000e+03
9.488000000000000000e+03
2.539000000000000000e+03
2.703000000000000000e+03
4.129000000000000000e+03
5.091000000000000000e+03
2.177000000000000000e+03
3.678000000000000000e+03
5.416000000000000000e+03
4.096000000000000000e+03
7.674000000000000000e+03
8.479000000000000000e+03
7.141000000000000000e+03
5.750000000000000000e+03
8.482000000000000000e+03
3.412000000000000000e+03
1.309100000000000000e+04
7.893000000000000000e+03
6.175000000000000000e+03
2.533000000000000000e+03
8.614000000000000000e+03
2.800000000000000000e+03
9.698000000000000000e+03
1.850000000000000000e+03
2.342000000000000000e+03
4.662000000000000000e+03
1.185300000000000000e+04
1.070400000000000000e+04
7.486000000000000000e+03
4.267000000000000000e+03
4.335000000000000000e+03
1.983000000000000000e+03
7.299000000000000000e+03
1.265900000000000000e+04
8.123000000000000000e+03
8.342000000000000000e+03
4.402000000000000000e+03
1.007200000000000000e+04
2.476000000000000000e+03
9.268000000000000000e+03
3.753000000000000000e+03
2.362000000000000000e+03
1.559200000000000000e+04
1.328400000000000000e+04
1.707000000000000000e+03
5.172000000000000000e+03
7.333000000000000000e+03
1.067900000000000000e+04
1.421400000000000000e+04
7.890000000000000000e+03
5.477000000000000000e+03
3.095000000000000000e+03
6.316000000000000000e+03
1.450400000000000000e+04
3.606000000000000000e+03
5.033000000000000000e+03
4.840000000000000000e+03
1.095900000000000000e+04
1.522100000000000000e+04
8.224000000000000000e+03
6.090000000000000000e+03
5.542000000000000000e+03
6.018000000000000000e+03
4.045000000000000000e+03
4.981000000000000000e+03
1.994500000000000000e+04
4.237000000000000000e+03
3.919000000000000000e+03
4.083000000000000000e+03
2.523000000000000000e+03
5.515000000000000000e+03
3.943000000000000000e+03
1.269000000000000000e+03
3.646000000000000000e+03
2.115000000000000000e+03
6.392000000000000000e+03
3.894000000000000000e+03
1.621300000000000000e+04
3.914000000000000000e+03
3.294000000000000000e+03
3.789000000000000000e+03
1.275400000000000000e+04
4.393000000000000000e+03
3.202000000000000000e+03
3.124000000000000000e+03
3.294000000000000000e+03
6.155000000000000000e+03
9.719000000000000000e+03
4.416000000000000000e+03
9.261000000000000000e+03
1.026300000000000000e+04
2.935000000000000000e+03
3.513000000000000000e+03
7.794000000000000000e+03
1.723000000000000000e+03
1.941900000000000000e+04
1.124100000000000000e+04
4.645000000000000000e+03
3.775000000000000000e+03
6.624000000000000000e+03
1.176900000000000000e+04
6.557000000000000000e+03
3.702000000000000000e+03
3.490000000000000000e+03
9.772000000000000000e+03
2.510000000000000000e+03
1.917000000000000000e+03
2.357000000000000000e+03
4.809000000000000000e+03
3.989000000000000000e+03
8.274000000000000000e+03
3.432000000000000000e+03
4.820000000000000000e+03
5.389000000000000000e+03
3.895000000000000000e+03
4.876000000000000000e+03
9.849000000000000000e+03
1.154600000000000000e+04
8.446000000000000000e+03
1.849000000000000000e+03
4.059000000000000000e+03
7.270000000000000000e+03
8.707000000000000000e+03
2.985000000000000000e+03
5.908000000000000000e+03
9.755000000000000000e+03
8.323000000000000000e+03
6.097000000000000000e+03
1.047000000000000000e+04
5.129000000000000000e+03
3.231000000000000000e+03
9.794000000000000000e+03
1.026100000000000000e+04
1.257900000000000000e+04
3.935000000000000000e+03
5.937000000000000000e+03
4.594000000000000000e+03
8.726000000000000000e+03
3.541000000000000000e+03
5.413000000000000000e+03
3.536000000000000000e+03
1.702400000000000000e+04
4.484000000000000000e+03
7.100000000000000000e+03
5.794000000000000000e+03
3.667000000000000000e+03
8.758000000000000000e+03
4.898000000000000000e+03
7.134000000000000000e+03
9.340000000000000000e+03
7.268000000000000000e+03
2.390000000000000000e+03
9.803000000000000000e+03
3.194000000000000000e+03
2.923000000000000000e+03
4.618000000000000000e+03
4.942000000000000000e+03
6.445000000000000000e+03
8.942000000000000000e+03
1.952000000000000000e+03
9.420000000000000000e+03
1.921000000000000000e+03
7.095000000000000000e+03
4.348000000000000000e+03
4.875000000000000000e+03
5.452000000000000000e+03
2.868000000000000000e+03
4.705000000000000000e+03
1.429800000000000000e+04
3.987000000000000000e+03
3.004000000000000000e+03
1.691100000000000000e+04
2.980000000000000000e+03
6.646000000000000000e+03
4.353000000000000000e+03
7.112000000000000000e+03
8.470000000000000000e+03
1.087300000000000000e+04
2.213000000000000000e+03
3.362000000000000000e+03
5.195000000000000000e+03
4.838000000000000000e+03
6.336000000000000000e+03
1.715000000000000000e+03
4.534000000000000000e+03
6.884000000000000000e+03
6.615000000000000000e+03
1.492500000000000000e+04
9.085000000000000000e+03
7.494000000000000000e+03
4.139000000000000000e+03
9.293000000000000000e+03
9.455000000000000000e+03
3.720000000000000000e+03
2.234000000000000000e+03
4.563000000000000000e+03
6.551000000000000000e+03
9.714000000000000000e+03
5.146000000000000000e+03
1.164500000000000000e+04
3.371000000000000000e+03
2.118000000000000000e+03
5.926000000000000000e+03
2.912000000000000000e+03
3.691000000000000000e+03
8.716000000000000000e+03
3.949000000000000000e+03
1.242200000000000000e+04
1.825000000000000000e+03
3.607000000000000000e+03
1.247700000000000000e+04
4.773000000000000000e+03
4.619000000000000000e+03
4.170000000000000000e+03
3.595000000000000000e+03
8.407000000000000000e+03
8.802000000000000000e+03
4.251000000000000000e+03
1.027200000000000000e+04
2.064000000000000000e+03
6.758000000000000000e+03
1.028100000000000000e+04
7.858000000000000000e+03
1.611500000000000000e+04
8.422000000000000000e+03
3.065000000000000000e+03
3.035000000000000000e+03
7.409000000000000000e+03
6.071000000000000000e+03
4.683000000000000000e+03
1.206200000000000000e+04
1.983000000000000000e+03
3.604000000000000000e+03
8.157000000000000000e+03
2.891000000000000000e+03
7.650000000000000000e+03
6.283000000000000000e+03
6.759000000000000000e+03
4.462000000000000000e+03
5.374000000000000000e+03
1.361500000000000000e+04
6.547000000000000000e+03
4.077000000000000000e+03
4.846000000000000000e+03
1.742000000000000000e+03
5.838000000000000000e+03
4.201000000000000000e+03
8.172000000000000000e+03
5.440000000000000000e+03
3.838000000000000000e+03
7.493000000000000000e+03
5.720000000000000000e+03
2.970000000000000000e+03
6.895000000000000000e+03
1.269000000000000000e+03
1.402500000000000000e+04
6.922000000000000000e+03
5.496000000000000000e+03
7.648000000000000000e+03
2.954000000000000000e+03
5.589000000000000000e+03
8.992000000000000000e+03
5.845000000000000000e+03
8.577000000000000000e+03
1.948000000000000000e+03
1.146400000000000000e+04
5.465000000000000000e+03
4.791000000000000000e+03
2.000000000000000000e+03
1.674000000000000000e+04
3.054000000000000000e+03
5.679000000000000000e+03
3.727000000000000000e+03
4.796000000000000000e+03
1.797000000000000000e+03
3.161000000000000000e+03
5.710000000000000000e+03
2.590000000000000000e+03
4.065000000000000000e+03
4.830000000000000000e+03
5.561000000000000000e+03
3.728000000000000000e+03
6.019000000000000000e+03
2.398000000000000000e+03
3.677000000000000000e+03
6.386000000000000000e+03
6.728000000000000000e+03
4.838000000000000000e+03
6.113000000000000000e+03
1.887800000000000000e+04
3.075000000000000000e+03
3.622000000000000000e+03
3.340000000000000000e+03
5.142000000000000000e+03
9.632000000000000000e+03
6.289000000000000000e+03
1.451900000000000000e+04
6.547000000000000000e+03
1.670000000000000000e+03
4.179000000000000000e+03
6.169000000000000000e+03
4.402000000000000000e+03
3.002000000000000000e+03
3.456000000000000000e+03
2.475000000000000000e+03
3.795000000000000000e+03
5.044000000000000000e+03
8.912000000000000000e+03
9.073000000000000000e+03
4.251000000000000000e+03
4.351000000000000000e+03
6.798000000000000000e+03
4.118000000000000000e+03
4.408000000000000000e+03
2.876000000000000000e+03
1.659100000000000000e+04
6.689000000000000000e+03
1.186700000000000000e+04
7.494000000000000000e+03
3.066000000000000000e+03
5.062000000000000000e+03
8.335000000000000000e+03
1.582000000000000000e+04
4.920000000000000000e+03
6.309000000000000000e+03
1.983900000000000000e+04
6.716000000000000000e+03
3.955000000000000000e+03
2.493000000000000000e+03
8.542000000000000000e+03
6.579000000000000000e+03
1.752900000000000000e+04
3.060000000000000000e+03
6.105000000000000000e+03
2.916000000000000000e+03
3.314000000000000000e+03
3.610000000000000000e+03
5.499000000000000000e+03
1.510100000000000000e+04
7.376000000000000000e+03
6.925000000000000000e+03
2.536000000000000000e+03
4.953000000000000000e+03
3.115000000000000000e+03
2.849000000000000000e+03
2.128000000000000000e+03
5.593000000000000000e+03
2.970000000000000000e+03
7.363000000000000000e+03
9.204000000000000000e+03
6.344000000000000000e+03
2.652000000000000000e+03
4.383000000000000000e+03
2.018000000000000000e+03
7.906000000000000000e+03
3.592000000000000000e+03
1.004900000000000000e+04
2.914000000000000000e+03
5.077000000000000000e+03
4.660000000000000000e+03
7.590000000000000000e+03
4.167000000000000000e+03
1.268000000000000000e+03
4.165000000000000000e+03
1.318600000000000000e+04
3.830000000000000000e+03
7.027000000000000000e+03
4.149000000000000000e+03
3.527000000000000000e+03
2.411000000000000000e+04
2.470000000000000000e+03
4.352000000000000000e+03
3.425000000000000000e+03
1.231100000000000000e+04
8.152000000000000000e+03
7.232000000000000000e+03
5.712000000000000000e+03
2.371000000000000000e+03
9.174000000000000000e+03
6.515000000000000000e+03
3.484000000000000000e+03
8.199000000000000000e+03
1.269800000000000000e+04
8.414000000000000000e+03
4.086000000000000000e+03
5.779000000000000000e+03
5.390000000000000000e+03
6.688000000000000000e+03
1.338500000000000000e+04
5.763000000000000000e+03
1.842900000000000000e+04
7.171000000000000000e+03
3.687000000000000000e+03
6.821000000000000000e+03
1.087200000000000000e+04
3.908000000000000000e+03
1.719300000000000000e+04
4.303000000000000000e+03
2.930000000000000000e+03
1.148200000000000000e+04
1.721000000000000000e+03
5.234000000000000000e+03
7.706000000000000000e+03
4.011000000000000000e+03
8.302000000000000000e+03
3.438000000000000000e+03
2.965000000000000000e+03
6.112000000000000000e+03
6.720000000000000000e+03
6.684000000000000000e+03
3.161000000000000000e+03
8.306000000000000000e+03
4.629000000000000000e+03
3.154000000000000000e+03
2.397000000000000000e+03
4.016000000000000000e+03
6.883000000000000000e+03
1.722000000000000000e+03
1.083100000000000000e+04
3.338000000000000000e+03
2.905000000000000000e+03
5.057000000000000000e+03
9.343000000000000000e+03
1.059000000000000000e+04
5.285000000000000000e+03
3.526000000000000000e+03
8.185000000000000000e+03
4.230000000000000000e+03
5.625000000000000000e+03
1.796000000000000000e+03
1.387000000000000000e+04
2.131000000000000000e+03
2.522000000000000000e+03
1.394400000000000000e+04
1.266800000000000000e+04
4.451000000000000000e+03
5.576000000000000000e+03
2.714000000000000000e+03
2.257000000000000000e+03
4.385000000000000000e+03
3.060000000000000000e+03
2.210000000000000000e+03
2.687000000000000000e+03
9.139000000000000000e+03
3.398000000000000000e+03
3.721000000000000000e+03
9.162000000000000000e+03
5.902000000000000000e+03
1.180200000000000000e+04
4.022000000000000000e+03
6.011000000000000000e+03
3.054000000000000000e+03
3.847000000000000000e+03
1.333100000000000000e+04
5.860000000000000000e+02
9.604000000000000000e+03
3.005000000000000000e+03
1.602700000000000000e+04
1.159200000000000000e+04
2.108000000000000000e+03
4.957000000000000000e+03
3.999000000000000000e+03
1.102600000000000000e+04
6.716000000000000000e+03
2.546000000000000000e+03
6.148000000000000000e+03
4.763000000000000000e+03
5.372000000000000000e+03
5.283000000000000000e+03
5.052000000000000000e+03
5.115000000000000000e+03
1.133000000000000000e+04
5.571000000000000000e+03
5.777000000000000000e+03
6.433000000000000000e+03
8.524000000000000000e+03
7.026000000000000000e+03
1.130100000000000000e+04
4.689000000000000000e+03
1.477000000000000000e+03
1.174700000000000000e+04
5.390000000000000000e+03
2.810000000000000000e+03
8.944000000000000000e+03
2.805000000000000000e+03
1.065800000000000000e+04
3.002000000000000000e+03
1.707000000000000000e+03
1.770000000000000000e+03
3.736000000000000000e+03
5.932000000000000000e+03
1.425900000000000000e+04
2.540000000000000000e+03
8.291000000000000000e+03
3.857000000000000000e+03
8.844000000000000000e+03
5.760000000000000000e+03
6.622000000000000000e+03
2.034000000000000000e+03
7.353000000000000000e+03
6.341000000000000000e+03
5.314000000000000000e+03
7.143000000000000000e+03
3.430000000000000000e+03
5.965000000000000000e+03
9.711000000000000000e+03
4.668000000000000000e+03
7.790000000000000000e+03
5.038000000000000000e+03
2.395000000000000000e+03
3.580000000000000000e+03
2.061000000000000000e+03
6.972000000000000000e+03
5.485000000000000000e+03
4.069000000000000000e+03
1.035500000000000000e+04
4.389000000000000000e+03
6.737000000000000000e+03
1.292900000000000000e+04
4.339000000000000000e+03
9.570000000000000000e+03
1.043800000000000000e+04
9.358000000000000000e+03
1.103400000000000000e+04
3.771000000000000000e+03
1.765000000000000000e+03
8.732000000000000000e+03
2.726000000000000000e+03
3.366000000000000000e+03
8.144000000000000000e+03
4.208000000000000000e+03
1.464000000000000000e+03
5.272000000000000000e+03
1.337500000000000000e+04
2.161000000000000000e+03
3.842000000000000000e+03
2.692000000000000000e+03
4.410000000000000000e+03
4.811000000000000000e+03
5.331000000000000000e+03
4.149000000000000000e+03
4.366000000000000000e+03
2.599000000000000000e+03
1.356000000000000000e+03
4.470000000000000000e+03
4.769000000000000000e+03
5.121000000000000000e+03
7.719000000000000000e+03
8.610000000000000000e+03
2.647000000000000000e+03
3.233000000000000000e+03
5.724000000000000000e+03
9.884000000000000000e+03
4.856000000000000000e+03
4.734000000000000000e+03
5.188000000000000000e+03
3.784000000000000000e+03
1.397100000000000000e+04
8.283000000000000000e+03
2.859000000000000000e+03
6.380000000000000000e+03
4.896000000000000000e+03
6.435000000000000000e+03
5.529000000000000000e+03
7.521000000000000000e+03
4.224000000000000000e+03
2.592000000000000000e+03
7.354000000000000000e+03
8.089000000000000000e+03
2.447000000000000000e+03
3.923000000000000000e+03
5.043000000000000000e+03
2.513000000000000000e+03
3.625000000000000000e+03
1.466000000000000000e+03
4.251000000000000000e+03
1.547000000000000000e+04
1.013700000000000000e+04
5.036000000000000000e+03
4.715000000000000000e+03
2.550000000000000000e+03
8.952000000000000000e+03
1.649800000000000000e+04
1.502000000000000000e+03
2.750000000000000000e+03
8.228000000000000000e+03
4.977000000000000000e+03
7.665000000000000000e+03
1.204100000000000000e+04
3.445000000000000000e+03
5.015000000000000000e+03
4.773000000000000000e+03
1.197400000000000000e+04
5.890000000000000000e+03
1.652300000000000000e+04
2.020700000000000000e+04
4.202000000000000000e+03
4.715000000000000000e+03
2.288000000000000000e+03
4.409000000000000000e+03
2.960000000000000000e+03
3.479000000000000000e+03
3.028000000000000000e+03
4.214000000000000000e+03
3.432000000000000000e+03
8.247000000000000000e+03
6.155000000000000000e+03
2.288000000000000000e+04
8.874000000000000000e+03
6.645000000000000000e+03
1.258100000000000000e+04
1.257000000000000000e+04
4.258000000000000000e+03
3.770000000000000000e+03
1.481000000000000000e+03
2.461000000000000000e+03
3.592000000000000000e+03
7.989000000000000000e+03
6.072000000000000000e+03
3.734000000000000000e+03
2.610000000000000000e+03
4.326000000000000000e+03
6.808000000000000000e+03
3.067000000000000000e+03
8.069000000000000000e+03
5.346000000000000000e+03
5.007000000000000000e+03
2.553000000000000000e+03
4.202000000000000000e+03
6.601000000000000000e+03
6.911000000000000000e+03
5.533000000000000000e+03
5.601000000000000000e+03
5.969000000000000000e+03
2.351000000000000000e+03
3.478000000000000000e+03
6.476000000000000000e+03
2.984000000000000000e+03
3.994000000000000000e+03
1.050300000000000000e+04
3.620000000000000000e+03
5.943000000000000000e+03
1.534800000000000000e+04
1.163300000000000000e+04
2.140000000000000000e+03
1.037900000000000000e+04
1.787000000000000000e+04
3.016000000000000000e+03
6.062000000000000000e+03
5.763000000000000000e+03
4.786000000000000000e+03
4.641000000000000000e+03
4.092000000000000000e+03
3.479000000000000000e+03
5.962000000000000000e+03
7.962000000000000000e+03
1.350600000000000000e+04
8.931000000000000000e+03
8.151000000000000000e+03
2.673800000000000000e+04
6.044000000000000000e+03
9.171000000000000000e+03
7.597000000000000000e+03
2.740000000000000000e+03
3.473000000000000000e+03
1.018800000000000000e+04
6.569000000000000000e+03
1.318500000000000000e+04
1.754500000000000000e+04
9.962000000000000000e+03
5.170000000000000000e+03
1.575000000000000000e+04
4.743000000000000000e+03
1.180300000000000000e+04
3.443000000000000000e+03
8.454000000000000000e+03
4.872000000000000000e+03
1.832000000000000000e+03
4.362000000000000000e+03
4.849000000000000000e+03
2.273000000000000000e+03
5.610000000000000000e+03
2.503000000000000000e+03
3.495000000000000000e+03
7.455000000000000000e+03
6.305000000000000000e+03
5.813000000000000000e+03
4.933000000000000000e+03
4.327000000000000000e+03
4.367000000000000000e+03
5.141000000000000000e+03
2.134100000000000000e+04
5.068000000000000000e+03
1.926000000000000000e+03
5.924000000000000000e+03
1.898000000000000000e+03
4.939000000000000000e+03
6.122000000000000000e+03
5.873000000000000000e+03
3.989000000000000000e+03
1.350300000000000000e+04
2.765000000000000000e+03
3.728000000000000000e+03
2.458000000000000000e+03
6.341000000000000000e+03
3.277000000000000000e+03
9.299000000000000000e+03
4.253000000000000000e+03
3.515000000000000000e+03
1.044900000000000000e+04
3.526000000000000000e+03
4.123000000000000000e+03
1.295200000000000000e+04
4.385000000000000000e+03
1.159400000000000000e+04
6.599000000000000000e+03
5.321000000000000000e+03
2.024000000000000000e+03
3.840000000000000000e+03
3.515000000000000000e+03
5.232000000000000000e+03
2.732000000000000000e+03
4.654000000000000000e+03
7.616000000000000000e+03
4.443000000000000000e+03
9.359000000000000000e+03
4.210000000000000000e+03
3.922000000000000000e+03
5.229000000000000000e+03
5.119000000000000000e+03
5.039000000000000000e+03
5.155000000000000000e+03
8.008000000000000000e+03
7.286000000000000000e+03
5.405000000000000000e+03
1.243100000000000000e+04
1.261400000000000000e+04
1.419200000000000000e+04
1.126800000000000000e+04
5.154000000000000000e+03
2.018000000000000000e+03
4.767000000000000000e+03
3.415000000000000000e+03
3.791000000000000000e+03
1.454100000000000000e+04
4.360000000000000000e+03
5.046000000000000000e+03
2.815000000000000000e+03
2.232600000000000000e+04
4.922000000000000000e+03
9.971000000000000000e+03
2.784000000000000000e+03
6.010000000000000000e+03
5.548000000000000000e+03
2.363000000000000000e+03
5.192000000000000000e+03
4.906000000000000000e+03
1.637900000000000000e+04
6.390000000000000000e+03
4.436000000000000000e+03
6.271000000000000000e+03
3.491000000000000000e+03
4.036000000000000000e+03
8.662000000000000000e+03
4.080000000000000000e+03
3.085000000000000000e+03
7.335000000000000000e+03
5.927000000000000000e+03
5.012000000000000000e+03
8.501000000000000000e+03
8.399000000000000000e+03
2.551000000000000000e+03
3.651000000000000000e+03
1.537000000000000000e+03
4.805000000000000000e+03
4.243000000000000000e+03
3.417000000000000000e+03
1.588000000000000000e+03
3.465000000000000000e+03
2.163000000000000000e+03
8.500000000000000000e+03
3.370000000000000000e+03
4.137000000000000000e+03
4.318000000000000000e+03
7.061000000000000000e+03
4.191000000000000000e+03
5.581000000000000000e+03
1.007000000000000000e+04
4.980000000000000000e+03
7.734000000000000000e+03
5.197000000000000000e+03
1.555000000000000000e+03
8.992000000000000000e+03
2.068000000000000000e+03
1.517400000000000000e+04
2.200800000000000000e+04
9.903000000000000000e+03
5.868000000000000000e+03
3.550000000000000000e+03
1.333400000000000000e+04
4.107000000000000000e+03
4.626000000000000000e+03
1.376000000000000000e+03
4.816000000000000000e+03
5.245000000000000000e+03
5.490000000000000000e+03
1.608000000000000000e+04
4.474000000000000000e+03
6.793000000000000000e+03
1.370000000000000000e+04
4.638000000000000000e+03
6.846000000000000000e+03
5.561000000000000000e+03
5.977000000000000000e+03
1.151300000000000000e+04
2.378000000000000000e+03
2.459000000000000000e+03
3.692000000000000000e+03
3.974000000000000000e+03
4.590000000000000000e+03
8.291000000000000000e+03
8.504000000000000000e+03
9.266000000000000000e+03
1.267800000000000000e+04
