5.715516705668071040e+01
4.876101856513406574e+01
3.860935253612068863e+01
7.681815648477198977e+01
7.961433331549176273e+01
6.512155024020711380e+01
2.695046109855984895e+01
7.921590761682287507e+01
7.279912331289300198e+01
7.031440145248818396e+01
6.268524979097806948e+01
4.981863821360566646e+01
6.857670684031407404e+01
7.664808642743275868e+01
4.934762551906769801e+01
3.637019954709631975e+01
6.292338130375515703e+01
7.667483018604147560e+01
1.084320237010007446e+02
5.006935588866219433e+01
4.063296321167294423e+01
5.175917717485046410e+01
4.429425502082614230e+01
4.331646696873612257e+01
6.586616289967433602e+01
5.366184727217076755e+01
7.372377589003339438e+01
5.603523056991826934e+01
5.486827263168193980e+01
2.880710401641050566e+01
1.069477671419098499e+02
3.573252479858870601e+01
4.400967430415115444e+01
4.704486759857955747e+01
6.084451539008428256e+01
8.170052577328789312e+01
8.849533624420791966e+01
4.314399979675961561e+01
8.882734980704698557e+01
3.653513072197211642e+01
1.675115956458671462e+02
5.684613712675962915e+01
6.720670287571304868e+01
4.825280981031585270e+01
5.740034633350602178e+01
4.284574018434383191e+01
6.309139318891433845e+01
6.866050058490583297e+01
7.828582949393664592e+01
8.940736180230902619e+01
1.063059680199750545e+02
4.149019538481541503e+01
2.175203186065345164e+02
4.119301831295353367e+01
3.616843590732081282e+01
7.474038283995224674e+01
5.194037852242371400e+01
1.353305083623596374e+02
1.739688773120913368e+02
7.025438741323158354e+01
4.248205259617749618e+01
2.811884136231807219e+01
7.381565298924915908e+01
7.578797308558256418e+01
1.196736509978042875e+02
3.946064023505086737e+01
9.791110889425672781e+01
3.762534435331910743e+01
4.084889281667553718e+01
4.368258824309705091e+01
4.104702712551632260e+01
7.824503378770209849e+01
1.608934306386415471e+02
4.647715013366307346e+01
1.431538739618671912e+02
4.215627755892717943e+01
5.402605816852858567e+01
8.703058068250155088e+01
5.749275196545030298e+01
4.705952300639258112e+01
7.524423304190479200e+01
4.780609715098929513e+01
5.603648446015166940e+01
4.646668150443047551e+01
5.938313250855766512e+01
6.117147057177093217e+01
5.869268396105294272e+01
2.956744608408979502e+01
6.757091331910723397e+01
7.418968446531788175e+01
1.206193443445346816e+02
7.347683071654449805e+01
7.880450587602412327e+01
9.004606502250825883e+01
7.510211140886319470e+01
1.407052037756665186e+02
3.392477361428227312e+01
4.747615588726981173e+01
3.861819025846392606e+01
5.350358962720135025e+01
6.480234680023001204e+01
6.590225325125830125e+01
9.149622970323420645e+01
5.174364247417741325e+01
5.006595892991075658e+01
5.267482097333876112e+01
1.568975528867255207e+02
9.555680264739207530e+01
3.067521511862510764e+01
6.775165634613998122e+01
4.225347057424029629e+01
1.021105302526504062e+02
4.705364050701617629e+01
7.625652618446514452e+01
7.053409165347083842e+01
7.119222703769032989e+01
4.177773232978940143e+01
2.746287304113056749e+01
1.225973937312062816e+02
1.254168806619714758e+02
3.209111789308548879e+01
3.448979713122664492e+01
3.669555201806559808e+01
3.796481667873727162e+01
5.100438747923867311e+01
7.069954405320955004e+01
1.013091389775615312e+02
5.322329703740298612e+01
1.339782393935372227e+02
7.427250094541422243e+01
6.330324469596697412e+01
6.654176875892294163e+01
1.883411579503454334e+02
7.212884005516076513e+01
4.258489752444464926e+01
1.179790046357665005e+02
2.829102858979462809e+01
5.371621330602015121e+01
3.729874314371872401e+01
9.460956508079840432e+01
6.500871582712476027e+01
6.027102398368842984e+01
3.823434972202495885e+01
9.140755909369271137e+01
6.956495516936588785e+01
1.742264455462565920e+01
6.070096225552891411e+01
2.604513769625065933e+01
1.411243046416260825e+02
3.734932149524474454e+01
4.502099960673559309e+01
4.354294004835702481e+01
3.723535351271282678e+01
7.866791123056047752e+01
8.936658766367946782e+01
2.341616805974767317e+02
5.127287860700185007e+01
9.017506836131940418e+01
4.080756959447386123e+01
5.025478005680748339e+01
3.994239752920042008e+01
4.815462842166962076e+01
9.383349508031824371e+01
6.375891698740678493e+01
5.616952120022298800e+01
2.808547485395806476e+01
7.887435471707088652e+01
5.087928589300586424e+01
3.868182623008483745e+01
1.019095685910480285e+02
7.231182366486916635e+01
4.931485478729167937e+01
6.062896133888911265e+01
6.922546473823994972e+01
1.071950566613217859e+02
1.599195981705138365e+02
7.936458104293771498e+01
9.688486123249514037e+01
5.866189886382101548e+01
4.577901292439594982e+01
5.859272242870902403e+01
7.177346889322447510e+01
9.679275108368561575e+01
7.116583054679468034e+01
3.857664155015578444e+01
5.480720405541762119e+01
5.502050418174911073e+01
1.266544815968022419e+02
8.548470290992493403e+01
3.944287961306130086e+01
4.761835733351549038e+01
3.504093910024938197e+01
7.007733827039810137e+01
6.855117438820457210e+01
1.095874233695426909e+02
8.591295782971742767e+01
5.231171299794839058e+01
5.585356113309147474e+01
1.019034293792178119e+02
1.414568128579400366e+02
3.008354759705809300e+01
1.331645802506729410e+02
8.758387988856881634e+01
9.914157087172769423e+01
1.017823520156134833e+02
3.613505897957677604e+01
4.261211056260856367e+01
7.388510683361917586e+01
3.742655125773585212e+01
8.295975761573329521e+01
1.117032945941874260e+02
9.415807639341130653e+01
6.196070702281087961e+01
3.681562745188830377e+01
4.741408926702238347e+01
6.404048008844019080e+01
7.727159960355764667e+01
1.329254116535140611e+02
3.921985671743438928e+01
4.869831751145009235e+01
4.844051992176976995e+01
4.469933779361986836e+01
7.782424233676127301e+01
9.060517752576396333e+01
1.418884346059309394e+02
3.538006495516314942e+01
2.113535409261782547e+02
4.464114805305742095e+01
5.558203480747950920e+01
6.162988232322519622e+01
9.479166616314752503e+01
4.940054143714247203e+01
8.616920294620632603e+01
1.330756603403334282e+02
5.274466699420880644e+01
1.348164141009085597e+02
7.506168387009040543e+01
5.990901087263424074e+01
8.254105371168230931e+01
1.070482680703834291e+02
7.406082107782791013e+01
1.298445432286523555e+02
8.427269582892640187e+01
4.497996040881077562e+01
5.975020529170865302e+01
5.175973609982021628e+01
6.821663272891612451e+01
8.868108558753475279e+01
7.243347564380006531e+01
9.034273732647324096e+01
8.403910685359367960e+01
1.159360764892943934e+02
4.961632668084284603e+01
1.166777855104015487e+02
4.505050079199331492e+01
5.473791188201855107e+01
5.247616654782866874e+01
9.789981307144107348e+01
2.365330076713864926e+01
8.125083260894290049e+01
9.075502121867275207e+01
4.624315986704778680e+01
8.314389437431978536e+01
6.706309407224291874e+01
3.500566703043096339e+01
6.091464918270625617e+01
9.085938517133884318e+01
3.540815777011576415e+01
5.245528075247622724e+01
1.175244477536634236e+02
2.977077805627203944e+01
2.822793980932240032e+01
8.527011476584250715e+01
5.469702239459593329e+01
1.066945283560914675e+02
2.095645798115793355e+02
7.401303503743812939e+01
3.761897337566470867e+01
9.815491942282476145e+01
3.940667299167495941e+01
6.129456425368957184e+01
6.595592303162783310e+01
8.825510981073188077e+01
4.870233300963179346e+01
4.743650460457906348e+01
9.352702756615236979e+01
5.067626546525792008e+01
6.634218971918026853e+01
7.665658140835638790e+01
3.296891680331973618e+01
4.237109794243331606e+01
7.328563616230148625e+01
4.531529071900065730e+01
1.499455257733426663e+02
2.154777627665720985e+01
5.993679997627408795e+01
7.318511456984394670e+01
3.039536964530577023e+01
4.889335599179759129e+01
3.662252612621888659e+01
5.645674027704297515e+01
4.584542279601252801e+01
4.855606019225552217e+01
7.563456741445249065e+01
3.722685517057909976e+01
5.752698665509261389e+01
3.522014532807497744e+01
4.432130812416121302e+01
3.409301887284536292e+01
3.604901462377070942e+01
8.167176499631375464e+01
4.040267850413842154e+01
5.430229974747729926e+01
1.526067916709923793e+02
8.344735046624519725e+01
4.307492202513920887e+01
5.308623519800996604e+01
1.616467191499077671e+02
4.463032431033360581e+01
8.505547339793594119e+01
8.298794733729758377e+01
1.633397095074103049e+02
7.996974327782255898e+01
1.098652508828213712e+02
3.317072718340413218e+01
6.966342413273480361e+01
5.577401851583877601e+01
4.784698123118050006e+01
6.724055501051829253e+01
7.840708637847180285e+01
4.454210637156035801e+01
4.525118952281371776e+01
2.782395850702442885e+01
6.193301436309771191e+01
3.305960223807019815e+01
7.081761629704092798e+01
5.503420502350291343e+01
6.425400437070902626e+01
7.505933008175074406e+01
5.683846703685419754e+01
6.841801916715573384e+01
7.104363009736391632e+01
3.139612596172715442e+01
4.165745766157888852e+01
1.238276847080281868e+02
7.011849156962615837e+01
5.285872757003183153e+01
1.031396674584449471e+02
4.450385723777966263e+01
2.866024555496852244e+01
4.262423321655979436e+01
4.142374449028612560e+01
9.999618350984715676e+01
8.162200137287427992e+01
3.466696360426264079e+01
6.612837286168493733e+01
7.736435948296835363e+01
6.124687392937817521e+01
4.325240866436838161e+01
7.458311780204007846e+01
9.075696263036613232e+01
2.974637038270277500e+01
6.068004421497948186e+01
3.929939585190312101e+01
7.009198979487997860e+01
3.861897280029616297e+01
1.110380675197839224e+02
4.152499819091998745e+01
1.169316729641260082e+02
4.445691739802603593e+01
5.319235890695447466e+01
2.855336945603679411e+01
9.295116110907230222e+01
1.926179854938889946e+01
6.535381088312469444e+01
5.069612875884082115e+01
2.054123859294608323e+01
2.378735984662916110e+02
8.841966584024881115e+01
4.303129779157106327e+01
3.422705740595442592e+01
6.093156339897085871e+01
7.594915479814937953e+01
7.522470876182931931e+01
4.338407210104607259e+01
3.428873535973923481e+01
4.315568178581387571e+01
2.922165917315632200e+01
9.258547398485457336e+01
9.389508935484433039e+01
1.217807370525662520e+02
4.850675196956529334e+01
3.149559222291552274e+01
5.692355675507629797e+01
1.267852617284704166e+02
5.321293459485771393e+01
4.536299461380699682e+01
5.679717550912015156e+01
5.828570100800053666e+01
7.368504307563409839e+01
5.880103555576634733e+01
5.159050939328459151e+01
1.375627915359195299e+02
4.898353586180853370e+01
7.234712553480001418e+01
1.109138232735615475e+02
6.694019936258554537e+01
7.066490295994452708e+01
1.008751865113801500e+02
2.801611431649878980e+01
5.916524019878595908e+01
8.283078704770473166e+01
3.735651998418254749e+01
5.051602431463961551e+01
5.555051197453482104e+01
4.296236942205450049e+01
1.343308394619037927e+02
7.560340899540086923e+01
3.604727795738534013e+01
5.144998021796710930e+01
4.373796608102837524e+01
7.152309253488860463e+01
4.260591511417441524e+01
2.618106634301452473e+01
6.477091256340115422e+01
3.917951441790049216e+01
6.037999567257124767e+01
8.164019640439445880e+01
8.568565294174001679e+01
7.801270216655302647e+01
5.632627813779481585e+01
4.234871098533457712e+01
5.089014801480558958e+01
8.345073258775460090e+01
5.766435586944547254e+01
9.988022625974056723e+01
5.662428727368016013e+01
1.010312983415882258e+02
6.872390448359159620e+01
5.312725483688840455e+01
4.752359026266653785e+01
3.607319821090141687e+01
2.268486544129985916e+01
3.363906231789191281e+01
7.899193350939997060e+01
4.392073986289566534e+01
1.407380940320467460e+02
6.162333875119485782e+01
9.285884849717051281e+01
7.751208636205572589e+01
5.769413634616438458e+01
4.435485249206403324e+01
5.455045444516068898e+01
5.821529663058319670e+01
5.045322518195424522e+01
3.947876141241764003e+01
8.493249487528515829e+01
8.092900322598522678e+01
1.091721549781292708e+02
8.653342284472606138e+01
2.100338479484379945e+02
2.554438783012880876e+01
3.653735593137825788e+01
8.887345833856446120e+01
2.359544010785314327e+01
1.217751516721222913e+02
2.357979684325445646e+01
9.653270099564674922e+01
2.015990329694161574e+02
1.516905376180819474e+02
9.763250608063742675e+01
5.543900987521571011e+01
1.349680409507668912e+02
9.297751205293106125e+01
3.628218472496507019e+01
7.071431709752731365e+01
3.987811385688254262e+01
7.316519444072956446e+01
5.356279289897494778e+01
1.473002011989791811e+02
7.919745871833960393e+01
4.940297900754634242e+01
4.262956086389684174e+01
7.521995817191395872e+01
6.352730161891598470e+01
9.600029798229937228e+01
1.494567872774283899e+02
8.872280500505183909e+01
1.047890451994333603e+02
5.406024860943654886e+01
6.824280622689977349e+01
2.941596094542572359e+01
5.091599199582432078e+01
8.221863162937569314e+01
1.692625431940129488e+02
6.016438903449791553e+01
4.852320890740836035e+01
6.862998168826344170e+01
5.725422943286489641e+01
3.503875070857964147e+01
1.305335814553262708e+02
1.195166524198346423e+02
5.896352919912435198e+01
1.206916801622470956e+02
9.582434470592022535e+01
4.245179187380356467e+01
3.849946324075276749e+01
5.756443258715496825e+01
4.726499892335801434e+01
5.322827212293714183e+01
7.617356843553832846e+01
1.173902507520558061e+02
3.371460909878339862e+01
6.675859770980150643e+01
5.722667532615781028e+01
1.466465932914576626e+02
2.840762631274513339e+01
6.744488327028700780e+01
1.051862912443592961e+02
5.782989374740532895e+01
4.679888511292656261e+01
1.451234517324434421e+02
4.405991663846446471e+01
7.632370574376183470e+01
6.291095545837746528e+01
6.065900828548587498e+01
5.712076832369879043e+01
4.102086992421074285e+01
8.599285706386790196e+01
3.801555210926272110e+01
6.000016060556698960e+01
4.109367770706065670e+01
4.605065690149233149e+01
5.512784097929824867e+01
6.366857486822252099e+01
6.512384623683553286e+01
9.263463074354469029e+01
3.172811758324234077e+01
5.309712634081660099e+01
1.102286681308255822e+02
4.190503164805877390e+01
4.472469462623269010e+01
5.578462143367143966e+01
4.078177271955905070e+01
2.918515916067619287e+01
9.743610711551875170e+01
1.195132365777789261e+02
9.836441103140947462e+01
4.446665546557170501e+01
7.350422388524975759e+01
4.383087961041886160e+01
3.839915979179869510e+01
5.569396636729207728e+01
6.334336083650102722e+01
2.213495322002480137e+01
7.168464016079319379e+01
7.628652982387981751e+01
5.955479837456501713e+01
3.247955427365386072e+01
5.131917169485460306e+01
4.367081722021264056e+01
6.891079633020206074e+01
6.049923871439439438e+01
4.396219062891132978e+01
5.102191006318732036e+01
4.268526636325864843e+01
8.705237415744210239e+01
5.664527597507117207e+01
3.572528700430101622e+01
2.823076247040747333e+01
6.550675156437742430e+01
4.943978275053112981e+01
1.582705084164583980e+02
7.662716188413469354e+01
3.582399097696621482e+01
4.816020524069452335e+01
3.774351757916696926e+01
4.859236768991338806e+01
1.285545355302006101e+02
3.070917184561335489e+01
1.258578510150392020e+02
1.084818927334945187e+02
3.702578610218968436e+01
9.963178891658613168e+01
4.464641301780801541e+01
4.187948701054239109e+01
9.317407389597765643e+01
3.808327307399333250e+01
7.874261268171349570e+01
5.190485619994535682e+01
3.566367837924873641e+01
1.063292125921288402e+02
5.430632994053306817e+01
8.585475297690263119e+01
9.015376570751152485e+01
7.417198551294474385e+01
4.676477238822278082e+01
1.261960816182025695e+02
6.776622696213081554e+01
1.982462687074211161e+01
8.060818002112449676e+01
9.140973563026851423e+01
3.501757285584605484e+01
2.672452142926345786e+01
3.210582856782273353e+01
4.691243888131022288e+01
3.804787020928925045e+01
3.905865743329063378e+01
4.785638001900997551e+01
4.933552026146163172e+01
8.382791969414472533e+01
3.811967156346683794e+01
1.036878472692401516e+02
4.764156076591518740e+01
1.266882704281706822e+02
2.435140746873454987e+01
4.395493905599757767e+01
6.363134143400772302e+01
7.989111306125685985e+01
3.780722271291775627e+01
1.042255917320990193e+02
3.203758789038938914e+01
1.478563414770870565e+02
7.909935951514970043e+01
8.634878462134801680e+01
1.016345726928716573e+02
2.941829899945837568e+01
4.150995546192093855e+01
3.758381477780353208e+01
4.536811037429097837e+01
4.605460352974368021e+01
7.764748351493659584e+01
2.432333194159075163e+01
5.412542712192632166e+01
4.763822852005207409e+01
4.865833172329491418e+01
5.279779328621316381e+01
1.666969850584023902e+02
4.317063538424208957e+01
4.343084092120828643e+01
3.924571715249414439e+01
1.133307271833062231e+02
2.551294671372196987e+01
5.383905285149583619e+01
5.155524072905631527e+01
7.300397779040746116e+01
3.660647952767563140e+01
4.012714135534160675e+01
4.477725534568071453e+01
3.392801828263411323e+01
6.153984706055913989e+01
3.429246591959021373e+01
4.839611734727900227e+01
5.876924153586501376e+01
2.502894657776558063e+01
7.528923745563342607e+01
5.038257362669956052e+01
5.087100504981707871e+01
5.569150899471064520e+01
8.199469982604622942e+01
3.594986200238037100e+01
5.852025482774205045e+01
5.387785859431520663e+01
5.945650114163159117e+01
1.130590659253026047e+02
2.677839048326326932e+01
5.322339297132193536e+01
5.059436162929146974e+01
3.318970302635543845e+01
1.183050770239502612e+02
1.344759273636336445e+02
8.416531945769716572e+01
6.025428406285633542e+01
3.349761734361487697e+01
3.984100759569493988e+01
6.224638366080633034e+01
7.926445623282249642e+01
3.314016912954125615e+01
6.163208427411098711e+01
8.297417040655157905e+01
1.109716471710311509e+02
7.368856123328069430e+01
6.105027191943815268e+01
3.828234116379370278e+01
1.396220454231164751e+02
5.485115728405826729e+01
3.523292460089516709e+01
3.862735831523576024e+01
7.740657652376155795e+01
4.610537333997893938e+01
5.379286974951436662e+01
9.837659451513192721e+01
4.526802011413423088e+01
5.650002267676482859e+01
6.860078315761171552e+01
6.387513642278218384e+01
2.840588756254762970e+01
6.516908176504556138e+01
5.598963572195298610e+01
9.822799996908486264e+01
5.218904801463999377e+01
5.240135616047581379e+01
9.927084693895568535e+01
1.103405144913623985e+02
6.870249732555119238e+01
2.878339609859927961e+01
4.867689985349600335e+01
7.477157524844209036e+01
7.376795037545514333e+01
8.246222837935270888e+01
4.091572493546228628e+01
4.574883316168323688e+01
2.792863219325733937e+01
6.739531399103208287e+01
4.285515410199833042e+01
3.656772856183457066e+01
3.878308612580661219e+01
7.685084871736371781e+01
3.938882778528228812e+01
9.122651555191920636e+01
4.512346841385346607e+01
3.926366453781715649e+01
3.654592467881300166e+01
7.450193682572023590e+01
1.453313520914342121e+02
8.184543358121699441e+01
8.142512672329995382e+01
8.401079581100299265e+01
7.926612447823342222e+01
7.797847322932589975e+01
6.352464549894059331e+01
1.038779887487389999e+02
4.909297985309495971e+01
5.613438816141975707e+01
4.052731846677793470e+01
1.208502416742978625e+02
1.807292469486635156e+01
3.951743932435616102e+01
9.644228294564854309e+01
4.149269294488032500e+01
9.767636140545592127e+01
7.747259465936454603e+01
7.995813456663812246e+01
3.638626983020277095e+01
2.240482007953443855e+01
2.327901023526405311e+01
5.385077739113064865e+01
2.291437484558696980e+01
5.056398220507784913e+01
8.492789813709075020e+01
1.340731053926875234e+02
9.752445738800594199e+01
5.395053307054105574e+01
5.651431394823972454e+01
6.670347581999706676e+01
4.530877849001798552e+01
3.211821119900520216e+01
9.977856006748744733e+01
1.117979248098482543e+02
5.010708082973961552e+01
3.231837781629635487e+01
3.300000296253409715e+01
9.901503874328199117e+01
1.376808540709707245e+02
4.624855618163238091e+01
3.178807476487087413e+01
4.915635354192272644e+01
5.245856318860703738e+01
9.446941591307937358e+01
7.456526039435124176e+01
9.178623878520348001e+01
3.678176159705357406e+01
3.556360319437155226e+01
9.728800073155484540e+01
4.843222801019667401e+01
5.550106280084823140e+01
4.866875396355735717e+01
1.078506388091190900e+02
2.136434468757419580e+01
5.840059626675078164e+01
8.009702909211506494e+01
9.803786020254793243e+01
9.313319685220464805e+01
2.262612231074711389e+01
9.749443710408887398e+01
3.269941537762930750e+01
6.069530058191172373e+01
8.482554840511316741e+01
3.759871590664883456e+01
3.679714292638966100e+01
4.863118870981075759e+01
6.208043837228009210e+01
7.813061064816061219e+01
1.554660068058880711e+02
5.220127035546554595e+01
3.458113780191762743e+01
5.177970672213807291e+01
2.927276328978287623e+01
5.765687690203811400e+01
4.857102426457944233e+01
4.736532666633495126e+01
4.116050187469139132e+01
4.637373602664925443e+01
5.960789451080634649e+01
1.113543456016951296e+02
5.279696449573057038e+01
3.879951957739864810e+01
6.285387264998210100e+01
2.933250599479774223e+01
6.453573604628772387e+01
5.508087071945947599e+01
1.082761555240664819e+02
4.867215161426606329e+01
2.958802114560825913e+01
5.901904759600520123e+01
7.207117715545524561e+01
3.196736878886873967e+01
4.942133160825715521e+01
1.265189679239822880e+02
3.423642308332511419e+01
6.456631444652836649e+01
6.447353072157278575e+01
5.585579019168861947e+01
9.953370519448095877e+01
9.568237041245433261e+01
5.804317727920929570e+01
3.602512883534909349e+01
1.010287481170847883e+02
5.730444331056375518e+01
7.686801721845122870e+01
4.419429158115710976e+01
7.122646894048112642e+01
5.572041469371326627e+01
5.678540613709571261e+01
5.937612092632710414e+01
4.188560807193764646e+01
4.936416145981952752e+01
8.440332782674866507e+01
8.250650258662663816e+01
8.209275230918487409e+01
6.201020723852024474e+01
6.002068781871017933e+01
5.119356635819530510e+01
2.264061526939586031e+02
7.692465998451058340e+01
4.816271984855385568e+01
5.130588360085413058e+01
4.917375510677574368e+01
1.762656251128766627e+01
8.826836886358054812e+01
7.866414559384816130e+01
7.588995615730254940e+01
5.538822318476905338e+01
9.503790949288786294e+01
4.735452382673600624e+01
1.950548734835064124e+02
5.390106849405419354e+01
6.527517947693948486e+01
6.256200924316026146e+01
7.661912038732673125e+01
4.710201843290768409e+01
1.087088841563511465e+02
3.252839489574318321e+01
7.367562080055704143e+01
5.704399183717218591e+01
2.659667429483804213e+01
1.288315244187638484e+02
1.682988186379977833e+02
5.072631404862949722e+01
3.786510650483975127e+01
9.224699582598715608e+01
2.908252358004270732e+01
7.366429561773027501e+01
6.041731786305880547e+01
1.956945985480525110e+02
4.239119139631063859e+01
2.783834437824157249e+01
3.481939480902308048e+01
1.532699422738077999e+02
3.887892773842457217e+01
1.156546275049364141e+02
4.437263958508815165e+01
5.886250824302146611e+01
8.036653698923764466e+01
3.497334534239862336e+01
2.851506614439619014e+01
4.361433539701398843e+01
3.268862624885354506e+01
7.434413150410786386e+01
9.599755725629873382e+01
4.864238191986225956e+01
4.128988323268742278e+01
1.092922351338317384e+02
9.956203826576167160e+01
2.870640036819603225e+01
2.154698273846339518e+01
1.072775413495241850e+02
3.618682959503764351e+01
5.648220504413983178e+01
1.391773945970927855e+02
3.247952695971506643e+01
3.520141436387469014e+01
1.808839440723499763e+02
4.492505616786394285e+01
3.567143355739283095e+01
7.161318207821972237e+01
4.784200731726507883e+01
7.553440762624924787e+01
5.606087653526972048e+01
7.697791623969750674e+01
4.444236405493621334e+01
1.907470578940161090e+02
5.931664325716554487e+01
9.731051336215895731e+01
3.417151733165859895e+01
9.068167435239230656e+01
6.838456447600307797e+01
1.176351396686950324e+02
1.185688007440060403e+02
6.664224302424902646e+01
6.708520952682584948e+01
8.467130076161116392e+01
6.063755304845648197e+01
6.324856822262185574e+01
5.519036002161378462e+01
5.077697132292762205e+01
1.318508494807733484e+02
4.203008003816639615e+01
6.911769606543255406e+01
5.352860366864427988e+01
5.967094905522661463e+01
1.408459516991088947e+02
5.836985084546522984e+01
5.344444596353970667e+01
6.005844009312531995e+01
8.024248204898671588e+01
6.398220843868069352e+01
3.163005991877135870e+01
8.487353732118656069e+01
7.241677627031496911e+01
1.663299877648798031e+02
5.294030988140873717e+01
8.881751085894588016e+01
6.975083686739570510e+01
6.900265800919677872e+01
4.012174176095603428e+01
1.222572991054773439e+02
4.991441616428752326e+01
4.647572891326900901e+01
6.103802024488052069e+01
6.889282079672038606e+01
6.143013254659025080e+01
5.477242454225833512e+01
4.548365626024923358e+01
7.235332760563363763e+01
4.764126774822503307e+01
1.362106671775339350e+02
4.186332260295280605e+01
1.186378655395925676e+02
4.737755743448527568e+01
6.374393029732848248e+01
2.237877868357875499e+01
1.355375672720861644e+02
1.431472475054504514e+02
3.946316915175854234e+01
9.159876721298843449e+01
3.968728667660607101e+01
3.449696593935375688e+01
4.140083174626617790e+01
6.292665979194544690e+01
6.374942037082512059e+01
6.542514753958123208e+01
4.155740407677733828e+01
4.326225488821225440e+01
5.485915711987159682e+01
1.001133307497149332e+02
5.324332887481770626e+01
4.524318888517034765e+01
1.350113825755541370e+02
2.563714403127518437e+01
4.073276980632807209e+01
3.637889968618943470e+01
7.972466679090766206e+01
3.314773288901587023e+01
1.003723851078696185e+02
6.624834544271125480e+01
2.369540506798042543e+02
5.801715641824410596e+01
4.402632589463686941e+01
3.775070753650060595e+01
1.030247758793518500e+02
1.260437291363896861e+02
4.446926976418807698e+01
1.151581228483723294e+02
1.804663788474616979e+02
1.259641811874393653e+02
1.153559936372705721e+02
7.074430173332164884e+01
6.988607279447678877e+01
5.846150617826160811e+01
5.734746609681670293e+01
6.097667822818301175e+01
6.727795747754653632e+01
5.491634030095504215e+01
5.826373419450898439e+01
6.130095824854074493e+01
5.734442887919296084e+01
6.368502039036627593e+01
6.352097484460628607e+01
7.157977020437708404e+01
