3.175242492519962667e+01
1.964912508237527220e+02
1.459264189911092444e+02
2.342145720521732599e+01
5.256354404150189197e+01
2.144965913490181890e+02
1.891222868757476760e+02
1.602960873033002542e+02
1.153771978106499461e+02
8.403556819198651340e+01
1.031913821472166148e+02
1.313082207960893300e+02
6.278163250025492914e+01
2.034720495859213329e+01
7.054932579944623683e+01
2.193565954461679155e+02
2.415795853591347395e+02
1.283324091367455821e+02
1.525520893726385054e+02
7.361644803376405832e+01
1.122575777674728670e+02
7.050985311917632714e+01
2.655512401234528852e+02
5.025391064249652828e+01
1.187870377913452415e+02
8.824898597733840688e+01
3.024927332455659439e+02
5.522586402831128538e+01
2.834305710043631734e+02
2.095948920270835742e+02
4.200959222309826657e+01
1.152743078330563407e+02
2.204162916769735148e+02
1.008832514089979639e+02
1.224689710322360554e+02
5.056355575387827628e+01
8.035893900934004819e+01
3.544960330026814859e+02
7.704123471249796751e+01
3.127840663941154276e+01
3.389412551296766765e+02
3.395227952879263853e+02
4.202324366325083815e+02
6.870804431735217577e+01
9.503863227884147591e+01
1.508648712998011945e+02
2.128491506398636375e+02
2.043870931731064218e+02
4.311277963750846425e+02
7.301574440369552121e+01
1.779237733201922538e+02
1.741210225798471924e+02
5.077272279121046950e+01
2.313677667143650041e+01
1.615104916380314251e+02
1.588332346782869422e+02
4.202659878660918480e+02
2.468350635241334885e+02
3.328602088806404140e+02
3.591510693552231146e+02
5.950881679087647314e+01
3.016944747443325809e+02
5.637313340834252529e+01
9.059917705455762871e+01
5.887275604906959643e+02
7.238851558345204751e+01
2.218420009614332145e+01
1.735247684316105392e+02
4.395403274064162247e+02
5.374885549199389345e+01
4.944527394384047057e+02
7.110253441550257492e+01
2.418619527176105635e+02
1.950538033900963626e+02
1.906503169878619630e+01
1.885153949515897409e+02
1.335449238577278379e+02
2.579054266932685096e+02
4.501336562459973578e+01
1.161679632967214388e+02
1.607218071914631423e+02
1.062191074953780543e+02
3.402679097193062319e+01
4.579037548675410676e+02
1.309597075531888777e+02
2.973020823860709925e+02
4.874041445792200307e+02
4.358154386557696967e+02
2.587165262238800167e+01
1.213801731266907638e+02
1.555136223079412048e+02
5.096547356316960276e+01
1.654852986797300787e+02
7.465446202849871327e+01
5.542905463619759843e+01
4.056007614358400559e+01
6.593056428267346973e+02
8.287796859884322487e+01
7.150826665665239545e+01
1.169822294531113869e+02
2.619034645740984502e+02
3.010616127021397048e+01
2.153713216602291141e+02
6.919546685182109513e+01
3.750722364780628482e+02
3.471964753728544792e+02
3.029852159097950448e+02
3.502611938463101637e+01
1.381692202617908833e+02
5.579192297510169141e+01
2.944443311034088993e+02
1.658550865933660532e+02
6.112086780926518941e+02
2.231306312774484866e+02
1.281441577224047421e+02
1.316230519228820697e+02
2.173271541412235592e+02
3.932218900401226733e+02
3.210983301006591262e+01
1.286952842694750530e+02
3.195280374521539670e+02
9.485392191762133507e+01
8.637820644691835525e+01
9.622740260381800681e+01
3.876433577855684831e+01
6.945644054127727429e+01
6.763472225141515537e+01
1.557878143702426144e+02
1.872615517114115846e+02
1.341888237944672824e+02
2.228432255154863526e+02
2.346707651525671565e+02
8.936130297929577182e+01
1.808786061002878114e+02
1.115442297595280365e+02
3.912326702966107206e+01
8.039840475639908846e+01
8.742137376899451340e+01
8.666099794578597937e+01
1.130376267684939506e+02
2.142892502834740469e+02
4.057661489690643180e+02
2.652550266203278966e+02
1.172150628318473764e+01
5.391805212517520118e+01
1.078900431903899033e+02
8.635025294782094818e+01
2.077278893654311105e+02
1.487894967660589316e+02
1.083312186479336816e+02
5.368680049012171906e+01
4.128760203635474113e+01
1.596530646074038202e+02
9.980487765102580511e+01
1.100972861737473920e+02
4.556836088824304625e+02
4.717973257528782938e+02
2.515177220467489292e+02
1.490272644036475356e+02
1.708754186522048997e+02
3.186287078164579043e+02
1.556097951805774642e+02
8.901766955360162115e+01
5.368472414057657716e+01
9.911361422306042357e+01
2.817110758735385616e+02
6.403358334695943199e+01
1.421366681243783319e+02
1.519532998657917631e+02
1.564290954708473436e+01
2.441509387400667208e+01
2.265993845343265320e+02
3.511740370441001460e+02
5.075879618411293137e+01
2.259565544093549079e+02
1.122323370399510338e+02
9.593143463147252703e+01
1.157371732235851738e+02
1.115737680356007644e+02
9.539556315314072776e+01
3.675859239679710413e+02
1.318749687181276045e+02
7.627027937781305411e+01
3.342060380253857375e+02
1.174126290270491211e+02
6.285089351893640952e+01
3.740497819184076178e+01
8.146965719183462795e+01
1.766128246408877089e+02
8.837931777822542756e+01
5.253014790207051874e+02
3.004627546038171886e+02
1.171051930272059707e+02
2.129402304489372852e+02
5.009904451931195268e+01
2.708176233199597505e+01
1.160484530489838875e+02
9.498771469860086825e+01
2.220608054418884194e+02
3.483103448893590439e+02
6.139611670752350392e+02
1.690780939401588228e+02
1.051572721219789059e+02
3.706226036037218563e+01
6.209695503036150654e+01
5.140162770826177763e+01
5.752809918618183360e+01
1.020809623383909610e+02
5.270174766931382493e+01
5.696467553012874987e+02
5.325624953526822480e+01
1.859058211618118150e+02
1.033321580757944957e+02
6.969553158188921316e+02
1.720032896981490467e+02
1.246503804835758729e+02
2.710200866428877475e+02
1.609627099328430972e+02
2.748938367506167992e+02
2.777452695016537021e+01
5.897340101954574010e+01
1.770867698870657989e+02
1.753643187376304127e+02
2.847693313301430180e+02
3.653709316696809424e+02
2.505991120565282699e+02
5.885737491805765131e+01
2.745640320335998652e+01
1.093985576464930602e+02
2.629804001836665179e+02
1.323061260666907799e+02
6.757580141838509746e+01
1.701607737084319467e+02
2.273404919488191354e+02
1.128255901793159950e+02
5.383126140483361866e+01
5.939005298004851596e+01
2.638332776115269240e+01
8.462547193873588469e+01
1.655502268436735847e+02
1.057481778604805527e+02
3.406462971571108369e+02
2.808402977050331017e+01
6.603021531070370997e+01
7.471569986849597456e+01
1.296166497358088066e+02
9.665435219353543062e+01
1.050743929057733794e+02
5.489682638556526229e+01
1.561346236848189335e+02
1.385354145967581303e+02
1.212599674901323112e+02
1.584328140125039397e+02
4.225530981403927910e+01
8.818756330659813614e+01
3.105203470551690614e+01
9.339605048390394870e+01
4.425210101010314361e+02
1.645107191586778015e+02
4.638465250247056559e+01
1.366352706210604993e+02
1.054795669135402960e+02
1.073273908906539447e+02
7.129066959083819199e+01
7.909878794710473926e+01
8.105729833223286960e+02
7.525983464238095166e+01
1.222007592044986666e+02
2.709974861901962413e+02
1.286851635943014003e+02
7.264098467699588468e+01
1.674154407046340509e+02
4.708872596265434822e+02
2.621141264672936018e+02
3.475862172633382556e+02
8.033205316087622805e+01
3.050680612949010992e+02
3.332976288286636901e+01
7.166931725785609615e+02
4.815449796787245305e+02
1.512662085471510522e+02
1.099825639684139134e+02
1.040214610269000701e+02
2.244272170694172814e+02
6.468390691641522494e+01
8.994983587981573692e+01
9.310200887072008413e+01
6.782542650967739917e+01
7.646398052923396449e+01
5.734790285670735699e+01
1.093180163942721919e+02
5.393540768951252318e+01
2.318507334727732712e+02
2.863027449848526373e+01
3.143724911797943733e+01
1.173210613239397588e+02
1.124637979096297471e+02
2.606006699384794345e+01
8.097358959537832845e+01
1.700983148938171325e+02
1.095207750552671371e+02
2.283875761106378377e+02
1.309247122155820762e+02
5.185628083354846467e+02
7.634172247080562101e+01
1.366389351904050216e+02
2.019657558084263655e+02
1.904502400857079465e+02
5.871401278427072867e+01
3.312912086274476451e+02
4.972758947520053425e+02
8.884211486184430839e+01
5.726002951346718106e+01
4.812338452593629654e+02
4.703562350956444789e+02
1.971820001686166677e+02
1.810750608261590173e+02
2.281433266886963622e+02
3.216912828845111676e+02
3.140594929223418603e+02
4.333113695505693954e+02
6.301472054348619167e+01
4.165604495499361519e+02
3.810940415447603300e+02
1.055016981702042074e+02
1.966314529902637958e+02
2.255998260454003344e+02
1.572693883427774892e+02
5.994200345756978265e+01
1.840169627851546750e+02
4.567534537916943549e+01
6.175568673050482857e+02
1.594277320562474642e+02
1.082614813335158175e+02
2.662708199266549514e+02
2.263798988695434389e+02
3.151807885298152101e+01
8.202506225053342348e+01
4.550783173366783103e+02
3.369201319062759126e+02
4.997211271193567939e+01
6.015954835129951306e+01
9.404010070966606349e+01
2.326422783511218313e+02
6.373011083825398515e+01
4.214366414076627620e+02
1.780439701010289468e+02
1.574426240965167381e+02
1.984990721742997835e+02
3.365941191053697708e+02
3.224405980296534722e+02
9.085389428551536639e+01
1.797859134581614455e+02
1.886289721566415380e+02
7.202988160575300469e+01
1.074556065917143997e+02
3.417415179351601751e+02
4.948281144483031824e+01
8.298470046290650259e+01
1.153155166465425339e+02
9.222134885017649708e+01
1.487334048987898711e+02
1.059924385936493252e+02
1.104318584303392043e+02
4.937936420516206795e+02
1.342593161021247283e+02
4.653404619916701677e+02
1.900433405786789081e+02
2.393797823518473535e+02
1.793032929188127582e+02
3.316663166126409124e+02
2.646676478242959547e+02
7.164511537882751213e+01
3.591848033654077312e+02
7.964475102588605182e+01
4.410565669503378103e+02
2.113300009463079050e+02
3.421064307589676901e+02
4.294330592411614589e+01
8.573801366960627490e+01
4.978378054165001032e+01
1.097293129145763118e+02
3.704698541757130101e+02
5.417791391723542915e+01
1.173557328357182286e+02
9.474127715638249470e+01
9.329952523224318384e+01
1.905548267459799376e+02
2.756514506159509210e+02
3.345637191087617452e+02
2.744413217231707236e+01
4.799790041184601819e+02
1.106750533000506920e+02
4.420225264490430561e+01
7.742161257665033247e+01
3.372384696164311890e+02
1.368080479199760475e+02
1.483720392966419297e+02
4.276422479726383585e+01
7.784650719495661519e+01
1.171010313653868735e+02
2.284655183784107635e+01
2.016802168267722948e+02
3.228352448643511821e+02
1.205080540981344512e+02
1.684697651821728641e+02
5.178827987874730354e+01
9.947371845289863757e+01
1.210595498126066332e+02
1.799756234872837126e+02
1.178222942884268036e+02
1.868158740985608972e+02
6.865162782736783242e+01
3.382473691052852587e+02
3.450028872335683445e+02
2.820472236255108101e+02
2.495144048641395216e+02
1.082421955630872361e+02
4.836272858237595784e+01
6.195743420592203421e+01
1.910414874683467019e+02
2.070327355261942444e+02
2.528064714292412418e+02
2.193079101339295676e+02
6.613064886716190927e+01
5.002860572952710640e+02
5.201485922673482492e+02
3.365911709010248956e+02
1.484340114112745539e+02
4.603942693587393364e+01
6.856480253912587841e+01
5.154543343483086204e+01
1.233850707916540728e+02
3.757086050749248329e+01
7.393959863808245814e+01
4.205742343743511213e+01
5.069522164743568737e+01
3.161883824983393083e+02
1.369023047981148693e+02
3.227455535401629163e+02
1.424222895101711117e+02
2.402446864970534079e+02
1.335941457770937859e+02
9.468510144848671928e+01
1.211016859833554378e+02
5.465999795678558115e+01
1.667297531126494619e+02
2.368890910660799420e+01
7.127089632302281075e+01
2.007973389573007807e+02
1.401236094243141679e+02
4.402404023640319508e+01
6.595276932544739168e+01
4.751695606661034077e+01
3.630916400041547263e+02
1.072034392364947593e+02
1.096987663942565234e+02
4.243627845173696755e+02
1.894596514442723389e+02
1.360559464756519219e+02
1.175391096485276563e+02
1.461864989696064470e+02
1.330163385579058968e+02
4.280446548781404204e+01
8.175302124891918254e+01
4.639832185215123559e+02
1.938413683075578717e+02
1.674326196528719208e+02
1.151445707739977564e+02
2.890722414154710691e+02
4.362671830149253083e+02
2.787087954476293135e+02
6.851851184251232496e+01
4.216085216515244838e+01
8.616557573795172686e+01
2.257555209053183489e+02
5.203898493027390941e+02
2.222397205731192855e+02
5.333232723990403201e+01
6.219698484280795725e+01
7.055475938903504129e+01
3.442117134838911170e+02
1.044327300146496924e+02
1.554911586878623382e+02
1.466935630399038075e+02
1.714589910457595749e+02
6.173677632338915799e+01
1.470972152040148444e+02
4.487013255828409797e+01
2.338041635827656961e+01
2.694312196871604783e+02
1.222915033650909180e+02
4.753042088311443791e+01
1.118335868960172519e+02
1.146242697336706016e+02
4.070048441097316640e+02
2.826450082129568386e+02
1.679347416676195621e+02
1.328683261527645811e+02
4.586585806701044703e+02
8.337057006089015943e+01
1.615973273990141479e+02
1.876898081471644559e+02
1.101500180740344348e+02
1.027632281494274054e+02
1.176813447230137797e+02
1.446534930236092293e+02
6.872338887602495561e+01
8.515925617137860115e+01
1.353227110691642849e+02
2.448260827951190777e+02
2.215928278413996395e+02
8.142473166063631140e+01
5.641729785399643760e+01
9.378387751196794397e+01
2.864028395213480849e+02
9.336220976052636900e+01
1.757231887466783462e+02
2.241577529638641124e+02
1.861897288454933062e+02
2.206401061708130129e+01
1.382505938812281272e+02
3.977188195869292713e+02
3.372316426114442720e+02
1.301670461259709555e+02
1.693687924363040622e+02
7.933144643205552882e+01
5.598483891395233769e+01
2.117016594068716699e+02
3.657827616077686628e+01
1.444744207285076527e+02
4.590558188527867145e+01
2.008104039205587128e+02
1.946333485947424720e+02
1.350431007975510340e+02
1.083102416118743037e+02
1.056761677191226880e+02
2.644649098337821442e+02
7.549437185478510060e+01
3.986817288927867367e+02
5.546422424568456222e+01
6.425327562556591943e+01
1.706516239775308463e+02
1.621530622682214187e+02
2.593367335296386855e+01
1.270274878465587278e+02
1.953558283186544031e+02
7.486473572209689564e+01
1.346169673457584111e+02
1.459634888308240761e+02
7.882781052207955952e+01
1.017142457072426680e+02
8.740002923026250414e+01
2.442957870821862514e+02
1.460952344629951938e+02
8.667187683014824984e+01
4.988187571196310444e+01
2.476901632010707388e+01
3.982777666420092544e+01
2.005125886246024720e+02
1.184122172428371726e+02
2.398211393801514646e+02
6.204189891176940108e+01
2.022700542771066523e+02
8.096013028336629702e+01
3.914781955997199248e+01
1.125178662798036413e+02
2.525439315565500564e+01
3.149501449199458136e+01
2.214970906150497001e+02
4.262367608183012635e+02
1.281065474997143667e+02
1.215413058522257046e+02
1.288838117918530770e+02
4.167890818397242469e+01
2.978179702165893445e+02
2.435257316984558997e+02
2.290872309194166121e+02
1.218824076697395640e+02
1.672893185104036604e+02
1.437848057089126144e+02
4.436715906557546987e+02
2.357433479536308027e+02
1.264249288351335139e+02
1.838343430578428297e+02
6.081434730924748777e+01
6.135548741857898136e+01
1.175447569727333814e+02
1.644987275971925555e+02
1.786198245061848411e+02
1.665125678058941219e+02
7.135481017082081223e+01
1.170299133485263070e+02
1.620592408731666012e+02
1.548995149604769317e+01
2.649007704381407393e+02
1.576382857839960039e+01
4.189543737072567353e+01
4.806257805912511003e+02
9.044662377379655993e+01
1.675028708370864479e+02
1.630128435803167690e+02
5.864314908145091749e+02
6.434051984069975560e+01
1.489972872619375437e+02
4.221897290019752091e+01
1.421612342113278089e+02
1.471203904845950490e+02
1.375038279796932841e+02
4.571774801306077052e+01
5.997490911370532558e+02
3.602181950446145464e+01
3.185135788462382322e+01
1.036720177046582450e+02
1.910173683189053975e+02
1.738440005966815249e+02
3.896118644099142614e+01
2.490770052147045632e+01
1.299681356120227349e+01
2.933462797647254661e+02
1.937635867869586548e+02
9.467283944427614983e+01
1.106952104319743313e+02
1.012346115947183165e+02
1.385550662666571782e+02
3.092056452255653198e+02
9.915937954658939191e+01
1.889061828618963261e+02
7.870244589570565097e+01
1.201907019836170178e+02
4.877304370003752751e+02
5.218059740713572836e+01
5.591609432575521055e+01
8.202287324295286908e+01
5.280128992539596311e+01
4.131739817725471084e+02
6.761244037455929856e+01
1.315701222059931865e+02
4.183144214588870682e+02
4.966865433826979626e+01
2.069829264859899354e+02
1.227031145813983528e+02
1.977333116077362831e+02
3.843598381440236835e+02
2.269755275154654726e+02
5.556039799246854471e+01
5.535286169426350966e+01
2.261981698300124322e+02
1.622177152612753446e+02
9.848327846968727783e+01
1.753718236352963800e+02
5.680461584607395054e+01
2.396181399134182186e+02
1.083640204889533720e+02
1.136506138640853010e+02
1.292246325599768397e+02
4.143790251868443875e+01
1.044507467995292416e+02
1.525577959119538320e+02
2.476529581895098318e+02
8.400464143397761063e+01
5.212195263178038118e+01
3.806984558704115784e+01
2.159658214231668296e+02
6.292806881820504117e+01
7.049042570344346359e+01
1.106076357779812156e+02
9.948425464741808355e+01
3.472532657151519402e+02
1.027297546981439496e+02
3.331437439348145517e+02
6.775655961564585539e+01
1.676155909524981098e+02
4.094691117298110044e+02
1.139056926406991579e+02
3.705605431059047419e+02
1.243811863901357810e+02
7.071234472896965144e+02
7.830038534394938665e+01
4.090656342446905569e+02
1.430457446298396178e+02
2.547926081510335052e+02
2.826038297059117212e+02
3.122080197738223433e+02
1.663281557306730747e+02
2.534443917374937598e+02
2.171351396809895959e+02
1.859411192896411080e+02
1.963673631864718914e+02
1.201911528108114737e+02
1.539982221768410113e+02
1.952370786978362105e+02
6.824160097937557623e+01
4.430131781257025523e+02
2.567618883131863328e+01
8.825747775006780671e+01
1.623058503704985753e+02
6.966357841620916247e+01
9.071634627588007049e+01
1.258303070150261078e+02
9.010540756953635366e+01
2.182927666648248248e+02
5.675592662713626879e+01
1.220630908308542786e+02
3.282863998119173488e+01
5.030670543292275170e+02
6.301596814651234979e+01
1.033268609827654956e+02
9.818557829810697513e+01
9.786910894929923188e+01
8.715225426395012676e+01
1.827490336958413408e+01
4.202559409801249046e+01
3.570446833898359529e+01
8.697825519016905105e+01
1.705919393070660988e+02
8.488303904522202004e+01
1.810958302871810872e+02
3.527178424583446485e+02
1.352135361835406968e+02
1.322980813933679656e+02
1.599966573813184141e+02
1.105711648597938392e+02
8.512568110418700940e+01
1.527137005299143198e+02
1.051403639949370046e+02
1.296191151192416839e+02
3.065070840506946297e+02
1.441667269240972757e+02
3.088346591924204745e+02
9.942366981848634566e+01
9.436908821138203507e+01
1.435001833594959351e+02
1.247048984992915450e+02
3.847731619852239646e+02
1.017371563355140864e+02
2.210070842536601674e+02
3.148578323850251195e+02
2.561515750485526155e+02
1.155489307182421186e+02
6.137668988508864487e+01
2.068689790254276204e+02
1.428662012827408319e+02
3.114820040997385604e+02
6.138001112179171059e+02
1.612351740826193520e+02
4.068693445648380447e+01
4.925261342061694592e+01
1.165588914976982124e+02
8.343334361818287448e+01
2.286690874519451029e+02
1.791476081329115004e+02
2.489328209783724617e+02
1.550186924360825174e+02
2.608011107705010545e+02
8.187403745618621542e+01
1.647888705467213200e+01
8.116501494509721226e+01
2.377585819134189080e+02
1.416741426575019318e+02
2.287765790912037289e+02
5.717057858179433794e+01
2.227023442129150794e+02
3.537132371583832224e+01
2.338047257434268431e+02
1.640181197116893941e+02
1.126835661391856007e+02
3.534584533207868162e+01
2.753469508110338211e+02
7.946893292346393878e+01
2.422766833066181746e+01
1.260867557281556799e+02
1.423668190386954677e+02
8.278626906631932059e+01
6.584524927236392955e+01
1.048933920040052215e+02
1.079791163403355512e+02
7.669196361569555620e+01
7.049042889746600338e+01
2.938449970525920776e+02
2.245566510314939137e+02
7.803611555945383316e+01
1.620076813667934346e+01
5.772954835460221830e+02
2.018831987781233579e+02
3.920413509774753891e+01
1.249869129154305369e+02
3.827292931023959568e+02
1.816030094153883567e+02
3.368595975186498777e+02
1.334944764508520620e+02
1.443165507115603532e+02
2.487691800355321732e+02
8.270278137584450917e+01
2.903825006288032569e+02
3.040542771126337698e+02
4.359728916461882022e+02
7.444243044607847537e+01
1.570139881618989648e+02
9.348870082455712804e+01
2.523892794678579321e+02
2.717152699381031198e+02
1.806742369047371710e+02
4.833230932563824922e+02
4.910123262860923177e+01
6.877404496797603883e+01
6.700326104567604091e+01
1.261681513547322027e+02
1.881267131981986154e+02
8.432869285201667253e+01
4.107498404139336401e+01
1.529790377568337476e+02
3.505219885665665061e+02
1.802732359377584714e+01
7.408482087888583578e+01
3.982675665790404906e+01
6.345283535909614869e+01
1.664338486595260918e+02
3.218690642506740005e+02
1.697171614651609559e+02
1.925959881161038538e+02
9.700312232698047410e+01
6.589531715718858322e+02
1.925183014226025193e+02
1.097346333157154277e+02
1.198015681747190655e+02
1.462447407977965952e+02
4.955740772552976381e+01
1.836099100255779888e+02
1.712312715297761372e+02
6.858526156455164369e+01
3.742746397849674622e+01
8.102851289019258729e+01
1.046771956784989612e+02
1.515774804056929668e+02
3.328292799056634266e+01
3.963952618475622671e+02
3.812008469981905279e+01
3.216805289099934271e+02
2.487005325367363184e+01
5.910601606506335770e+01
6.234345066162486404e+01
1.214851533865691238e+02
6.417495724857386108e+01
2.058195257987827063e+02
2.022234046893485413e+02
7.862625300745163770e+01
5.495153960751144240e+01
2.567486046821933314e+02
3.326614257091722493e+02
9.481522928528947602e+01
1.119969922789213825e+02
8.734885480798298829e+01
5.142010861821414380e+01
9.723422035073548386e+01
2.247121716050309885e+02
1.224192139257801273e+02
1.231880764486782454e+02
6.446166654033203258e+01
8.914517219493626499e+01
3.050267739733527037e+02
1.140000415265061520e+02
7.517016604016922088e+01
2.793657017900480923e+02
1.383409025517594841e+02
1.422471309681449441e+02
1.290199833281920121e+02
3.873655989433580089e+02
2.552548572193601899e+02
3.448220181007008023e+01
1.059262115150623345e+02
9.084615298934599537e+01
1.141177211330023056e+02
6.173144824328164759e+01
2.175839047660542178e+02
5.144287996735843649e+01
1.501714913952986592e+02
5.485006983693728699e+01
1.028760513602870219e+02
6.865076481270799036e+01
7.422713732416937660e+01
9.877038002037771491e+01
1.155746551448491317e+02
1.423096768060484010e+02
1.035539495408364132e+02
5.418738683719957550e+01
2.991041883692770966e+02
1.337885544000440632e+02
1.858436939620590920e+02
2.616699486934263419e+01
2.586158248352224405e+02
2.441112299793465468e+02
6.758543612813039658e+01
5.295809895004319401e+01
4.465009849860924618e+01
1.465173978893828632e+02
4.708840825053634376e+02
7.258686378705858999e+01
4.635260831298219273e+02
5.122058473031549397e+01
1.336924752021296285e+02
1.704691860588633006e+02
2.435368854047341074e+02
8.027088297774682246e+01
1.677672484026877555e+02
8.768002807758749384e+01
6.997812471715899107e+01
2.163155521259106990e+02
1.967189500871668315e+02
1.011719308586547044e+02
9.633750410706309708e+01
2.323410803369492328e+02
7.888103463224796315e+02
1.576171523616694401e+02
9.013306778744610881e+01
9.348058916777017657e+01
3.052833439315909914e+02
1.888696160898429355e+02
5.678936621414799646e+01
1.340575127015849830e+02
2.534270260625023354e+02
2.053162216177592825e+02
1.833176540581550000e+02
1.824405369458820871e+02
1.426711524015570944e+02
2.011628313984550971e+02
1.112662349307233399e+03
1.180234932151035423e+02
1.559390212164136926e+02
1.986683282251153742e+02
1.720115634347537821e+02
1.177687027385846079e+02
4.528441722009225714e+02
3.666074967885626279e+01
4.673770567760662686e+01
8.217726612231302852e+01
4.092061371302248745e+02
1.002286736360672990e+02
7.480592106569784505e+01
4.488102243073167301e+02
1.055859545504778367e+02
5.067974881717978519e+01
1.054643082849382552e+02
2.457494892078950386e+02
2.122811222982873858e+02
4.162726376513317064e+02
7.737975811034965545e+01
3.201074908009732667e+01
2.695518476271193009e+01
8.029806453870276073e+02
4.001705070028883426e+01
1.778668824897701199e+02
7.340466898096570958e+01
2.634138069326894538e+02
1.200214134970358799e+02
1.346348754282939240e+02
4.841946968577216239e+02
3.351438341988286425e+02
2.209909790721544027e+02
6.724284469337216308e+01
7.417954315181151514e+01
7.082816822976182891e+01
1.877347837602090124e+02
8.586864281962816676e+02
5.040731817473371024e+01
2.093465593274447656e+02
1.745158527825520878e+02
2.244427401170818541e+02
3.117100495492781533e+02
2.082878723282036404e+01
3.760226526096752053e+01
2.283136754838313323e+02
4.459222786243067560e+01
1.201986462548234300e+02
4.670154344227709942e+01
2.238924582843243272e+01
1.434508834340572925e+01
5.373649501475193802e+02
1.571100507682969294e+02
2.675264771352677258e+02
4.406149928201668899e+02
2.279036503394598299e+02
8.603563223014153039e+01
2.299643078621766676e+02
1.284451985269143108e+02
1.562094251734650356e+02
1.488369065498552004e+02
6.656960646494050593e+01
3.068237154498683594e+01
4.295154142864911506e+01
8.155450351130535580e+01
1.082469171263569194e+02
1.644803314604227751e+02
1.793299561048915507e+02
2.219126441324448251e+02
2.847814202559877117e+02
1.818546055201402964e+02
3.645010392773002650e+02
9.814002651445997571e+01
2.373369162811566753e+02
4.089974436507396405e+01
4.111293458901271691e+01
7.636206196437596816e+01
8.257857286882729397e+01
9.769580324416983785e+01
1.956334854706108217e+02
2.769620892932396714e+02
1.999320779046134930e+02
4.227600812356177471e+02
4.559435856537238010e+02
