6.958021291968850619e+01
8.534316890988193904e+01
6.608572344488860040e+01
6.776972630866266911e+01
3.312862095382823924e+01
3.631209962963791327e+01
2.767345958708659737e+01
5.859424660560988229e+01
1.857415604276267018e+01
2.597201571476860238e+01
3.871388558221392628e+01
4.120121909115392356e+01
1.115920292602584851e+02
5.027028070771108759e+01
8.544412063081011866e+01
7.232428662750915294e+01
4.865122189415889409e+01
5.903000351348873664e+01
1.568451326601920357e+02
3.518420208535990668e+01
4.792561627221402887e+01
8.379179625264487186e+01
2.754830734083359545e+01
2.715853227832861805e+01
3.353968078851091406e+01
5.024801455646474579e+01
6.020043674870239414e+01
5.381862210723144813e+01
5.688383859081854865e+01
4.471553491810815473e+01
5.909376322434811613e+01
4.733393812328706218e+01
9.499213343431986800e+01
4.950672590781136506e+01
3.598741208659836133e+01
9.765543634649955607e+01
2.198465992541225944e+01
2.915114939835055807e+01
5.306406509000655802e+01
4.094281338440442397e+01
4.381389441082612990e+01
4.908547663072369716e+01
6.399363416089136791e+01
2.582305509294585022e+01
5.927197132370618959e+01
6.552610335743440828e+01
5.019991844553057803e+01
2.751903832479874268e+01
8.045130319811055131e+01
4.968484992208722417e+01
1.107795999996910581e+02
6.784121696803002521e+01
7.611320875041971590e+01
3.796187477311765690e+01
6.316038868787449445e+01
5.548833229768939646e+01
4.164535741246794487e+01
7.765186288854111751e+01
5.986717423942540250e+01
5.947087492618976512e+01
9.901085664068847336e+01
7.251541493190815402e+01
5.512162233610047934e+01
1.814502053903711243e+01
5.165580075675185157e+01
1.245344399021615516e+02
6.252909869451496405e+01
5.901882906472155099e+01
4.896407568649274111e+01
1.798594743074426106e+01
6.039261068977462799e+01
3.001091484997527559e+01
4.073100938756461886e+01
4.751321796260925368e+01
4.868041939762088077e+01
5.682114430690572249e+01
3.803275740302181163e+01
1.003744399691257314e+02
9.765063430210771855e+01
5.238102824224643683e+01
4.343884359355268998e+01
4.044151213454875915e+01
6.995740571064294500e+01
8.140146208203083233e+01
5.363101591432825188e+01
4.838697108026679672e+01
6.405701689083514339e+01
6.231230199682178750e+01
7.560949205662343786e+01
7.499001398677066277e+01
3.596309833324902883e+01
6.165284183644720173e+01
7.850055659898180238e+01
6.691255155557833234e+01
3.866420534921844876e+01
3.555014256041152265e+01
7.669958763914286237e+01
4.908732680967479212e+01
8.405000278690076243e+01
3.810420101915399016e+01
5.138532551170376905e+01
4.588841497854403428e+01
3.558957670298675424e+01
4.054607065700113111e+01
3.572085177446404458e+01
5.089790421903450124e+01
8.977638065479446539e+01
6.073611615804669128e+01
6.241389609290214224e+01
6.036125291035643414e+01
4.995006337565792620e+01
6.331520213429283928e+01
2.803741180295623181e+01
3.835784693709945969e+01
6.186072046817833581e+01
5.020611509712352216e+01
6.077436101504854093e+01
6.546495952973759813e+01
1.249088666016832860e+02
1.009699824332130333e+02
7.368688740918985047e+01
6.891129193049540902e+01
3.041658664464192441e+01
4.812125524818347344e+01
9.576280885387184583e+01
4.776609716273954120e+01
3.016871152687740576e+01
7.395299773418244627e+01
9.646655703091921907e+01
5.206699986787625534e+01
4.358516355811620002e+01
5.227922308706920518e+01
2.768129458746926019e+01
6.595594630140377035e+01
8.191360221799456554e+01
1.419133101582083896e+02
3.830397217436109258e+01
4.925784261680475140e+01
4.098080483208511282e+01
6.915556744973567049e+01
1.428001083738801356e+02
4.136376275388432333e+01
1.304549765414588762e+02
1.730828530605961291e+01
6.457038793465497406e+01
1.132624854463102935e+02
2.805311606335575547e+01
1.388034337269330649e+02
3.520364754247861327e+01
2.760235222928212906e+01
2.752390084186696484e+01
3.174657776232479378e+01
6.849533755143198732e+01
1.247595202862016350e+02
3.083748869352342226e+01
8.524159603258370055e+01
7.029788696214431809e+01
5.922856602930706060e+01
3.820322782806450590e+01
4.998130209393976742e+01
4.407130280069058870e+01
8.278330203661994346e+01
4.967698448000920308e+01
2.881381462938885818e+01
7.678031517949749230e+01
9.577685558731515414e+01
6.271379978129257182e+01
4.872065185176514035e+01
6.223392075845330140e+01
5.710907132584441825e+01
6.152647989831437059e+01
7.499207282360960392e+01
7.178354397133156795e+01
3.685590324250459560e+01
3.532201794466365641e+01
3.416915896395684626e+01
4.100596725669538500e+01
7.596243926700134352e+01
9.155898810039552416e+01
7.118985803709760773e+01
1.167348838175058461e+02
6.419602972701092369e+01
1.583606955160945695e+01
1.043508890519684940e+02
6.783436617744881403e+01
9.216413481238393501e+01
2.527959408319275525e+01
1.134261365199749036e+02
5.972828734510950000e+01
1.063400439567212601e+02
2.861854982099892553e+01
6.069478682200853825e+01
1.046457157230549910e+02
9.612446184977224561e+01
5.167962343818326332e+01
1.041773620294853657e+02
4.610003815811543149e+01
4.354460292104571550e+01
1.784213863535727000e+02
3.959077398089188193e+01
6.955709984826734171e+01
5.319331747754945638e+01
6.621418146270339378e+01
5.408042309323513308e+01
7.938605223134911171e+01
2.572148873751270770e+01
5.942958993581182625e+01
8.825515337936791127e+01
3.105869312998823517e+01
3.132220847982258150e+01
2.717651630000623797e+01
3.745645614753644992e+01
5.199393734918598398e+01
5.808952957565499275e+01
5.129025337605052925e+01
3.948260802349872733e+01
3.693172461237852389e+01
2.749606638054948249e+01
6.153749245817473934e+01
6.136466319907660250e+01
5.161541452763848525e+01
7.852079942364881049e+01
3.775596809695559841e+01
5.041084771016510757e+01
2.892163399940337598e+01
5.374694046338807851e+01
5.301381956681970564e+01
7.327582349389845717e+01
6.756050340056853543e+01
2.993079832877685220e+01
3.316339226604011259e+01
3.807303506361152756e+01
3.838128548423952680e+01
6.795394495674590019e+01
6.404741320318510134e+01
4.131804074734071008e+01
5.597811805537443064e+01
5.605003137760187570e+01
6.435692494309766687e+01
3.582894582245229742e+01
4.249483001638451896e+01
4.675536111954708929e+01
1.050428668460908028e+02
1.812345013649739656e+01
1.402010058272397508e+01
3.177070104732508327e+01
7.245812601344832160e+01
4.440153983834762386e+01
6.347778604847862027e+01
7.308479220077538230e+01
2.340404444263906782e+02
5.788490529681596541e+01
9.298444745478853690e+01
5.367534432494502994e+01
7.457751789918164320e+01
4.035757445284678369e+01
4.891874449022208893e+01
1.824874550662821449e+01
8.897241496347005807e+01
4.399579050620338450e+01
4.214399694011097353e+01
3.703227223652497457e+01
3.701107238242003206e+01
7.578499478881421680e+01
4.801190638845410774e+01
1.046897149796431421e+02
4.384176655835431546e+01
4.141081165292014532e+01
3.362539365791110413e+01
4.664954241541477131e+01
6.668681208019236806e+01
5.686683371473962723e+01
1.754589496943926363e+01
6.232468653484517063e+01
5.226894915679975639e+01
3.822692889164504493e+01
7.598458380705274351e+01
6.659562442852586628e+01
5.617187841248605906e+01
4.907281088558383431e+01
5.409279177629051105e+01
7.525647080781415355e+01
2.164414740308560070e+01
1.540942018181422100e+02
7.130610500338623581e+01
2.329090584986838763e+01
6.460786688668828504e+01
4.199059436868281381e+01
3.329697561895225988e+01
4.878287573822568390e+01
1.259233272651418361e+02
3.067366091163309250e+01
4.212342003681237657e+01
4.985849696545457022e+01
8.178923529245251700e+01
3.463348822451857245e+01
1.327827401453098162e+02
8.254296608162522375e+01
3.717130735930645358e+01
1.172415203870455827e+02
5.466227663469949505e+01
4.875371739999798137e+01
1.424976977803580951e+02
4.575411368206223983e+01
5.526199773515373437e+01
7.520073220915028855e+01
6.374680940023191056e+01
9.113673792336017243e+01
7.149794101729905549e+01
3.191334968967500885e+01
8.458380010166445118e+01
3.945448448963589527e+01
8.573979849064043890e+01
9.378425533611077469e+01
3.788111314409977837e+01
9.061642180741846175e+01
6.162830876323023688e+01
4.619877476151916795e+01
5.888442529627327815e+01
6.552107001632555239e+01
9.650719080691786189e+01
9.874209726744484783e+01
5.978982909153530301e+01
4.627250072089183419e+01
9.165003706310243103e+01
8.770695060587584635e+01
1.230321737580031254e+02
1.484469015433233778e+02
5.906276346005387268e+01
3.179337767050133579e+01
9.907747278635929433e+01
2.866647962975447683e+01
6.159794695551011046e+01
1.696605848920809123e+01
5.072645375363703835e+01
6.791895073284248951e+01
2.705804547721810849e+01
4.094185593937492484e+01
1.040248965684130411e+02
7.306537737313243497e+01
5.517265651846665975e+01
5.304525257352195666e+01
5.245248126662246335e+01
5.685024560635309854e+01
1.123908970116456629e+02
7.376893551715014041e+01
5.654652603934088972e+01
2.991690207027274084e+01
9.085389373007865288e+01
5.400558983837645144e+01
4.928034168951899829e+01
5.791981822713069050e+01
3.910472366713727155e+01
4.435981994699747588e+01
6.490395692159839314e+01
3.463317346271122688e+01
3.600030018186512137e+01
6.796841983372962659e+01
5.369946983157097264e+01
5.925352505301404449e+01
7.934536797560403443e+01
9.658767823447445267e+01
2.963494610797216211e+01
6.655060678312612765e+01
7.827356379317451740e+01
2.208458205094064652e+01
3.274782147937344234e+01
9.782285156059757014e+01
1.533127899394307292e+02
7.063428358793527195e+01
1.782096223096032759e+02
2.522876721209953388e+01
4.780937919874205733e+01
2.781204969583086495e+01
4.330641286090211395e+01
9.990908024416397382e+01
8.135941017599938618e+01
5.543112920612369265e+01
3.761796160080070450e+01
5.021460881489469585e+01
7.616987411601536451e+01
4.479148363949528999e+01
3.896228843666192176e+01
7.543398565721504667e+01
8.787447292897742557e+01
3.667593109990743017e+01
7.140022433698055693e+01
6.750750050961087823e+01
6.714104476390457421e+01
8.002086775750962033e+01
9.580440320561851308e+01
7.589983707573621530e+01
1.054467386841609340e+02
7.867651031957781527e+01
6.010974204693811629e+01
5.439495094779226037e+01
5.194915597299170429e+01
5.781281682114336462e+01
9.570084515600429143e+01
4.469071349255192160e+01
1.648452962059547389e+01
4.823873779784439364e+01
7.894258179190902069e+01
5.427252537066937066e+01
5.154510807322908050e+01
4.486927404991536861e+01
2.675962061111608392e+01
3.367881868303816617e+01
5.893440564562760642e+01
6.872134015440171595e+01
5.454278551821967369e+01
7.148691286806719347e+01
5.317165928951955323e+01
2.505649762605397513e+01
5.802321124464079105e+01
4.066363206339237024e+01
6.747592783107822356e+01
3.788177427157310007e+01
7.593715822701160789e+01
2.942728442520963483e+01
4.586631120021666419e+01
4.782163902481384810e+01
6.259662955661023886e+01
1.365992359142884141e+02
7.349364409705403034e+01
6.067645742066340375e+01
4.662694171815861210e+01
7.113127335342321089e+01
6.724277565628462128e+01
4.341773042083767109e+01
7.181512245229362179e+01
7.105317418698139420e+01
6.495561909314575644e+01
3.877281030241058346e+01
7.438264669343236335e+01
5.822413061538235013e+01
8.432137695850052239e+01
1.236942379308264890e+02
7.537380503967258960e+01
3.099033448908968325e+01
3.230146055253875659e+01
3.935873778865867934e+01
9.475627718114778020e+01
5.782025662593203919e+01
3.015561703790693926e+01
1.311768397349011366e+02
2.861698044009496300e+01
4.088812350674334795e+01
6.161981856898152188e+01
5.947399062097920108e+01
3.344668079840751318e+01
6.951545020709261280e+01
6.284214873324126671e+01
4.656505886601286193e+01
3.111165370683303877e+01
7.423830733482530775e+01
2.458836475192033433e+01
5.996485712802734724e+01
6.658834537311312829e+01
1.219898131655010047e+02
4.463853896635891516e+01
7.331767392267373395e+01
3.073870234699836956e+01
6.581826682182071409e+01
5.709421369241963617e+01
1.185650854036551323e+02
4.705529743215186755e+01
6.961394335193067207e+01
1.081926213612410947e+02
6.271181146377721660e+01
2.644709788856138388e+01
4.265661386957305012e+01
4.359010853164882349e+01
3.152541561827435856e+01
9.682157555674493210e+01
4.801527692214857268e+01
6.155832052618609396e+01
5.691680794989196102e+01
1.104219403219434525e+02
8.102188871376172585e+01
7.424570263612127974e+01
5.205261427300646204e+01
6.720880234162514455e+01
4.670940963816107683e+01
7.637150984070720483e+01
2.950774680345428891e+01
5.195007670752350037e+01
1.797629132146676412e+01
7.029542460375849089e+01
4.604483023781401840e+01
8.546768005174536142e+01
1.068366416581366138e+02
4.087828496479941975e+01
5.514635097915831352e+01
2.796563834631386314e+01
9.807177801877699608e+01
5.737127431677849643e+01
6.679535539822134638e+01
5.900255432730467220e+01
1.179571014959874731e+02
3.432709494289336760e+01
4.457424442489089245e+01
3.277735064431320922e+01
5.532699089754562038e+01
4.284018292583243692e+01
3.965659793433034963e+01
5.186794840554062347e+01
8.743066564940063756e+01
5.273439722690910259e+01
2.999837619677003886e+01
4.418865914406640627e+01
6.150603366694164720e+01
7.954429749442145692e+01
4.639117396091677392e+01
5.792722655505500740e+01
4.787000385446526707e+01
4.123191417499899103e+01
5.900691269676990913e+01
6.170236728173110663e+01
4.764240245542661256e+01
2.643513351563125369e+01
3.894331712214266616e+01
5.483586314966694175e+01
5.213941071153723072e+01
4.503575124185889678e+01
6.089552988474606110e+01
1.960450889266307684e+01
6.746941397099909921e+01
4.974974496027237336e+01
4.273414692623595101e+01
9.947873246266323122e+01
4.585087320376531039e+01
6.162920495097952056e+01
8.237969529252977452e+01
5.387128866637147695e+01
2.411363416229298196e+01
3.322343368123542007e+01
3.097270776491959765e+01
4.503406185045894006e+01
3.522426613945526697e+01
6.480581945459320536e+01
4.356937250584682886e+01
4.818122724796086942e+01
6.279620514995973934e+01
2.180014703545982613e+01
3.601116969288697334e+01
2.683243175499731237e+01
8.563287007484605340e+01
2.655771418943093209e+01
5.541648999444467449e+01
3.187318628769102702e+01
3.846058768139727846e+01
2.761523000701415143e+01
6.678763828292535720e+01
6.834604363682075245e+01
6.065847189114981575e+01
7.008478020166568001e+01
6.944611632530688894e+01
9.774065004938930201e+01
5.902649650580497109e+01
4.305766381059606829e+01
4.422137611825029779e+01
3.435223179399829974e+01
3.188726293301060366e+01
8.319036649245754234e+01
4.487929961857775396e+01
9.275097672521178538e+01
4.408705506441568645e+01
1.018813178978522984e+02
7.033656617316415804e+01
1.068165065023109719e+02
5.264109005552236198e+01
5.557773431924774599e+01
5.963656903376512020e+01
5.085350119484552778e+01
4.568469908854840611e+01
8.246746806818487130e+01
6.906943016301545413e+01
3.359606312461183109e+01
8.437209023170628086e+01
8.072182034315972032e+01
3.085167231094384732e+01
6.268534849258755060e+01
4.503545407972994497e+01
1.222271461556250074e+02
8.212541975856042598e+01
3.731676181463715380e+01
1.115536276657295218e+02
5.013857437543308748e+01
7.483550295694254828e+01
3.854119295193022054e+01
7.328965947864304553e+01
4.915775897915296611e+01
6.173581633788516143e+01
8.765403537909737963e+01
1.207439030944611744e+02
1.527601842828047118e+01
5.701777373322754272e+01
3.812450547759672048e+01
5.945923138804157304e+01
3.163625446510079442e+01
8.048666726626456125e+01
2.398700462254800314e+01
3.288727633119979288e+01
4.654038980623111144e+01
7.856656226633451467e+01
4.989040210273371656e+01
6.157437479004312308e+01
6.233444940120741506e+01
8.212571151996492347e+01
3.615362656205237357e+01
4.078135263204342209e+01
4.765471720971260794e+01
3.437283796501563415e+01
1.214715800978986380e+02
8.342352844327457717e+01
1.136813741174229619e+02
4.328184560397590275e+01
1.220488303330373725e+02
4.796695819931582605e+01
5.916439677660593333e+01
6.041371226733296140e+01
5.239797216169503713e+01
2.838736253541165766e+01
5.426185324682256095e+01
1.012342214575566288e+02
7.487023867265770605e+01
7.055760760070346294e+01
3.242388493242885517e+01
3.374525072743112730e+01
4.771511293306406998e+01
4.088329802480726016e+01
5.253570261570993694e+01
7.526674403136273384e+01
4.242906494895878922e+01
3.419894292280279302e+01
4.345460791061709216e+01
5.363579533628221441e+01
7.183221864154585035e+01
5.848505650931411282e+01
2.296934298693321352e+01
8.347905344840344810e+01
4.505514245293848319e+01
2.468729252559284859e+01
6.273388276826532461e+01
5.070359009812770523e+01
2.957138049421713788e+01
3.395149540164237578e+01
3.029758400712438871e+01
2.990662825652751522e+01
3.716367093101593611e+01
2.772191227136170966e+01
4.867112021945646916e+01
3.695270254654740683e+01
2.028676652304799433e+01
3.937712894629979843e+01
4.954152124288507508e+01
3.529058593796780485e+01
3.873012857367073281e+01
5.213721730762324569e+01
5.271887735675095144e+01
3.821211957105536783e+01
4.315426417601499764e+01
3.826862792931642332e+01
3.563102952794516654e+01
6.920788861307877937e+01
3.554228872999345157e+01
6.216645840876199003e+01
3.441889318296989586e+01
6.272505808028648744e+01
1.812464078071558333e+02
3.302291141207510350e+01
2.932326319420627669e+01
5.317191726939491758e+01
4.877563928279166561e+01
6.189517186977425922e+01
3.882327480956004706e+01
6.374788889574762152e+01
4.016163095396477445e+01
3.141127494459143676e+01
5.269231130910539207e+01
9.166774593555089723e+01
5.095984585848840709e+01
8.682947566512632420e+01
8.644130422663451441e+01
9.879513690237862988e+01
1.277624346747067108e+02
9.152697187740791662e+01
4.248611966081608671e+01
4.883950006722721326e+01
8.150638436990207936e+01
1.376736743449469884e+02
5.343373088149218120e+01
1.824502888730092138e+02
3.490107383870295621e+01
1.049718329706823141e+02
3.987936774235306103e+01
6.662228493205255120e+01
4.800533868006340299e+01
7.510565749502040944e+01
6.754093470358047568e+01
6.784652644572682334e+01
5.303359851403275371e+01
6.513642979082418094e+01
4.084537091618285132e+01
5.044661835175768516e+01
1.029434672979324006e+02
9.175438523890498743e+01
5.005477647222421211e+01
5.860250404713316641e+01
4.997931594786531662e+01
9.385986873283960108e+01
5.418304747436720703e+01
3.434127534666129122e+01
1.296385299248012757e+02
4.549299228512552418e+01
5.034874659757110749e+01
1.265617872948041764e+02
5.820982650997883212e+01
4.307379013504296950e+01
3.320753752692991156e+01
3.368464897152304616e+01
3.304371817683101398e+01
4.232861505909612987e+01
3.590388421938954622e+01
2.014218207541949823e+01
3.056737067670046670e+01
3.190469789095405773e+01
8.579044257870525314e+01
1.002259600538488797e+02
6.861861524451288119e+01
2.704410223648128664e+01
4.736249906200406912e+01
1.421871288901802366e+01
4.671183878447960325e+01
1.573865060728367951e+02
3.554299543602707701e+01
6.995759230635589176e+01
7.426875843268861388e+01
1.404602114612981190e+01
6.584064901532769909e+01
7.469178119412906369e+01
4.675608033281334031e+01
6.681204054500867073e+01
6.958495508918120720e+01
5.197928589466332738e+01
4.519726666655184744e+01
9.890536986972729494e+01
7.145879106783769430e+01
4.506676430374716347e+01
9.683822127220898324e+01
4.388209376978583975e+01
8.032837607195079954e+01
6.479556031106629632e+01
8.013043306523699982e+01
7.442429470231823530e+01
3.861517559128434129e+01
1.005230939599356788e+02
1.103981493538379937e+02
5.002994127965887117e+01
5.127928941222466364e+01
6.915149359635044846e+01
4.790978741869628266e+01
7.687041566658356828e+01
5.800977802565926567e+01
7.827744712652382475e+01
6.157988729522958948e+01
7.748185538097762048e+01
7.776308225816347885e+01
8.105400302521189815e+01
3.224656618969475375e+01
5.722576747965386801e+01
6.128390539579608998e+01
1.414295405769146043e+02
7.292977872481436918e+01
4.214550294199855074e+01
5.775433753013518157e+01
5.052904771517270888e+01
2.304705831955863715e+01
4.860287365732095566e+01
3.481982502018174586e+01
5.253156781035880840e+01
5.732436899635861494e+01
2.606779149788088290e+01
1.088192622227201696e+02
9.031127338628215284e+01
2.957977650362503397e+01
3.932887227687677267e+01
4.606286456411919517e+01
5.867578911747725812e+01
6.560225883877322417e+01
5.089349905278380248e+01
1.605371494277346187e+02
6.524530092372346246e+01
4.363622787246637813e+01
6.099704944108385263e+01
4.686814568985916196e+01
4.982962726273452603e+01
4.857927918499437681e+01
3.706158932959034047e+01
3.537004448967893211e+01
3.574530669695874252e+01
8.593307998945948611e+01
2.571500563955519425e+01
2.905258356418882926e+01
1.564195635389849599e+02
2.257109003711577699e+01
4.021089744860432091e+01
1.526199601612668175e+02
4.537706425152428125e+01
2.445807948778008978e+01
6.183342503046411309e+01
3.344443074050840181e+01
1.166898678148997277e+02
6.421022512289854944e+01
6.755440450256891438e+01
2.145293966658812508e+02
7.659309065843528685e+01
1.542800606622700954e+01
3.768030138557596587e+01
2.644911913621369948e+01
4.279460192807487573e+01
5.182660691188785762e+01
3.860481771884106195e+01
4.176108292711903403e+01
6.276773667232848197e+01
2.189396622603862141e+01
4.241697322382614743e+01
2.419515747935015426e+01
5.273632011078360904e+01
5.459942873255163676e+01
4.532976640778584709e+01
7.163924576525710108e+01
7.456603446506098010e+01
5.566597452910362875e+01
3.762152574927439019e+01
8.799072455607218046e+01
1.047271662481328320e+02
5.057638320452922187e+01
5.922602053018295720e+01
3.696842266074229144e+01
4.701939181413072077e+01
7.717678916725439819e+01
8.509643216228596430e+01
2.813133011116870819e+01
8.819268147345438535e+01
7.523835001754649454e+01
5.209092631135141716e+01
3.353330423793619275e+01
5.642524047771231466e+01
8.921246500050811790e+01
1.514292810527426809e+02
3.407118002245976385e+01
3.482739086086144908e+01
1.602030636948198890e+02
4.479241145747871400e+01
2.388652159585929624e+01
5.637181461647331560e+01
8.511364993696011538e+01
6.481267522957122651e+01
2.033828939591608176e+01
2.771866933760100693e+01
7.674880443602035029e+01
7.824895393345069294e+01
3.472678747719651682e+01
1.162595797719691291e+02
3.667155687908785922e+01
5.650407014930384264e+01
6.112383224910074375e+01
8.636299442289173101e+01
6.325049135015890300e+01
1.012248943143304558e+02
5.567702543002496895e+01
1.025272990692218400e+02
5.607315339062910198e+01
3.204073767313723664e+01
5.339820031024774494e+01
2.199925934202607536e+01
4.618461710945935295e+01
4.165736822609343193e+01
5.194621590988084847e+01
1.078308380211202717e+02
2.090333120455701632e+01
8.703757157889236851e+01
4.100567961405685935e+01
3.117274691765667072e+01
6.426497590454312103e+01
3.585488386610897749e+01
8.530746223831971520e+01
8.628637547079550529e+01
3.790612304170285540e+01
1.208147873292197119e+02
1.088082302533964736e+02
4.520238668827040129e+01
5.573057515825094299e+01
6.762617115508668064e+01
1.973272760003607686e+02
4.503570655530433697e+01
5.713300528195598815e+01
6.886495601127371913e+01
3.407655277729480758e+01
2.448388428834891428e+01
4.280519427458740722e+01
4.632105647188167552e+01
8.912472156212827201e+01
5.149110648830326653e+01
5.018211887617514577e+01
4.229462765266714541e+01
3.976492140999778258e+01
6.898795193371653056e+01
8.796145052861179181e+01
3.844393754941217622e+01
7.323994208677476081e+01
1.522552252751193258e+01
8.009439899105406369e+01
1.001407935523237995e+02
3.192205096994766933e+01
4.348812021781611747e+01
6.067701163077826720e+01
3.353265569778197630e+01
7.264370154216007336e+01
4.722510385010656364e+01
5.866691001054744703e+01
2.654287774740444306e+01
3.527968147949666644e+01
7.263273123875950432e+01
2.629026275172814664e+01
6.708100950786811723e+01
7.121870423655816751e+01
4.681406551299652818e+01
4.295222989359420041e+01
9.000112800524415491e+01
4.666403396216489341e+01
3.825807944730007648e+01
3.843445410054457767e+01
1.060100591394070619e+02
1.052912057872756435e+02
3.420285949155495331e+01
5.956759922013830533e+01
3.616395490118628686e+01
2.708488042448661304e+01
1.060542635642658098e+02
2.350414695671929977e+01
6.333714965833843280e+01
5.306983798089115112e+01
1.047577009864152586e+02
1.148199422636028544e+02
9.680540226156171002e+01
3.936344359963506179e+01
3.542828654378010356e+01
6.169037805559835164e+01
6.988849835843720371e+01
1.200305278398910218e+02
9.078954646936631434e+01
5.047339584792585754e+01
7.469926657433393302e+01
6.627977843446753070e+01
7.802653548332169464e+01
8.562680517790180090e+01
6.719249096510417019e+01
6.671883745184314307e+01
4.808509951906543733e+01
1.379842888048592329e+02
4.722558257733203391e+01
4.120247506173684826e+01
3.501229840662982440e+01
7.093635464389666367e+01
3.566851703824111297e+01
4.509496387735835299e+01
3.333493851291277110e+01
1.336998623223494747e+02
4.059599905965789901e+01
6.995172828481184979e+01
3.694580569632876177e+01
4.850016436959104027e+01
5.045626291838563304e+01
8.149007078767859014e+01
9.310761509660606805e+01
5.341934838749951808e+01
5.617409362810871443e+01
6.164667382826232256e+01
6.483126215404466564e+01
7.005364507171688615e+01
6.776491411298282230e+01
7.587270151892619197e+01
2.891790367292874109e+01
9.986020494300578321e+01
8.209096463842830360e+01
6.114815422788934285e+01
5.343650613889950307e+01
6.824526052800636933e+01
8.439999316209078017e+01
3.916401585495101756e+01
8.058401171973108035e+01
7.813157160476498575e+01
3.718775831249224240e+01
1.721293471103900288e+02
2.910250856059823832e+01
7.827718288009066328e+01
4.417758893577221357e+01
3.714104224757213757e+01
4.651792415403960490e+01
4.950492914628708263e+01
4.383117814423139436e+01
5.439661356413537163e+01
5.637151037447243596e+01
6.271523674595965758e+01
7.178569051861907724e+01
8.052749911824176365e+01
7.519390429789444852e+01
