7.963014803790522933e+01
7.205452712706198781e+01
1.141718567361363483e+02
1.283190726583428898e+02
2.178510450990986556e+02
3.947764102524211580e+02
6.948816189139249389e+01
7.740085250999207744e+01
4.851265134392275513e+01
3.227740414325151050e+02
4.282816097269342492e+01
6.548302296356798990e+01
4.063320284464959968e+02
2.598748646594394813e+02
4.065095541386389755e+02
3.602113364715578996e+02
4.871700903169287500e+01
2.553340753881408602e+02
3.208652467391385130e+02
7.101016677709918667e+01
1.334345254004500987e+02
2.381913615496952445e+02
1.516522644656286616e+02
1.739246548482778394e+02
3.355813119130283440e+02
1.861316670259780324e+02
2.220632321222880137e+02
1.741989402019397062e+02
6.532187154352601510e+01
1.586985604107359791e+02
4.999349591813850680e+01
5.472000436895189068e+01
3.105959052303463253e+01
6.782313805238568705e+01
5.255886815344732668e+02
5.757633442842573146e+01
7.121088155254564356e+01
3.120340288544135774e+02
4.049693404626695497e+02
3.171808028132512618e+02
7.052862757207635980e+01
9.008392896528764027e+01
5.811928119459336273e+01
4.375903571310719258e+02
2.675003930371078695e+02
1.212792718124361073e+02
2.036242536648598787e+02
2.879254963742479845e+02
5.220868482269471542e+02
9.530306125048437593e+01
4.348092574719939307e+02
5.222332348588026463e+01
3.365743508717714008e+02
1.085934456576198386e+02
3.556078905450072511e+02
1.815052085888389115e+02
9.224610643511844899e+01
1.791151043027400362e+02
1.874788065478080057e+02
4.121928180346694717e+02
1.510495312555741521e+02
1.148154995821518582e+02
3.468263324138325032e+01
3.425884603464549514e+02
1.763537542879744535e+02
5.527535887148519578e+02
3.816634722658721444e+02
3.824212632702168690e+01
2.250572304470717881e+02
1.638162408306261852e+02
4.991824605203450460e+01
2.729906479975546318e+01
1.090788869546412485e+02
1.723162834761016313e+02
6.052360281654364371e+02
3.268541875661714471e+02
4.282414433682820487e+01
5.313109630170679765e+01
1.351040355063720142e+02
4.575390568904055613e+02
3.935501914327829809e+01
1.153369932509704796e+02
1.496999002027683048e+02
1.739627462837135852e+02
1.634144812974736567e+02
2.910724746380075771e+02
1.373115905341322218e+02
1.044275834362983062e+02
3.129726671044153932e+02
1.779770955081508248e+02
1.177257175167335106e+02
1.823362899877331245e+02
4.007779053737385766e+01
1.349899304718041719e+02
1.841486941917939362e+02
6.525429244521894816e+02
3.438829036207506533e+02
1.721495550673046182e+02
1.408885602203121152e+02
4.982355295208623147e+02
1.281173245416511293e+02
5.270541482124207278e+02
4.077320729200764049e+01
5.438648374596716195e+01
7.358116896983160871e+01
5.717890679945324450e+01
1.902401787131542221e+02
7.628110829441391161e+02
4.077941916365740553e+02
2.952478063434776914e+02
2.905673267780106244e+02
1.231406257851334516e+02
8.238873496673102181e+01
3.288528142717197511e+02
2.970275995547545449e+02
2.493603578907810103e+01
5.791186560638763012e+02
1.261119855050613410e+02
1.023502222261632539e+02
4.064357846055320920e+02
1.113996063858707544e+02
1.837221860479177167e+02
2.671345437617181915e+02
1.096969567059560973e+02
7.932831392754661692e+02
3.527123770388722050e+02
3.496664343209942558e+02
1.923104582494352712e+02
1.234784606887235867e+02
2.873783558782895398e+02
1.990142695600731599e+02
4.999029946063006236e+01
1.086670470057603779e+03
9.320858127480569522e+01
6.820531915029833954e+02
3.739037188894904062e+01
1.320667001318540542e+03
2.606049135801327452e+02
1.317870038693165782e+02
1.483286288913184023e+02
2.169450187318014684e+02
3.734642362995497820e+02
1.058902338672852608e+02
5.479278107277756362e+02
4.954765060521691566e+02
2.286667902506033556e+02
1.278302009769045497e+02
1.314573913177185602e+02
1.666589889851689748e+02
1.785804907629542697e+02
2.937417074323180799e+01
1.863672518662908715e+02
1.092963978680241723e+02
5.802596457963417151e+02
9.222941885958458386e+01
3.712859701115037296e+02
4.381685191874791485e+01
5.026278812569779575e+02
1.496490438078294858e+02
5.330934389202040791e+01
4.457478529635326936e+02
7.712948101854269112e+01
1.632325768885814114e+03
4.300907525317003888e+02
1.818109165143561654e+02
1.890263787221731775e+02
4.617193730702598486e+01
6.623989163054075107e+02
5.673987736080027844e+02
9.751298932033046185e+02
6.236242051016372301e+01
3.988355261956368167e+02
1.827930448991766639e+02
4.739428952615600110e+02
1.368808847597954923e+02
6.109249216021021311e+01
9.722083179725657942e+01
4.500507823895927686e+02
6.795392214972974898e+02
2.088279065177735561e+02
1.919310065217090369e+02
2.080212534658516574e+02
1.635044646188544846e+02
1.439605111182872577e+02
1.474485942706754145e+02
1.251768990013747498e+02
4.877979663187502979e+02
1.405372045969180590e+02
7.778412344745682105e+01
4.966846136313359921e+02
1.562572327485038670e+02
6.334906057963330568e+02
2.511035246618327221e+02
2.466079047296302633e+02
6.409575868362044275e+02
1.478998605168188476e+02
1.012759763553805783e+02
7.192157958564561682e+01
5.195679872455224313e+01
9.849209576593312931e+01
6.696522219225131778e+01
3.934140390420676567e+02
4.313176925075836721e+01
3.893439402467717514e+02
6.100301745814620062e+02
7.530195362431879857e+01
2.061983777089993453e+02
1.305601476551851761e+02
1.184419021182079206e+02
2.558947305819414169e+02
2.156942638402875332e+02
3.820168431751753246e+01
4.430849578091030594e+01
4.178159639871892495e+01
8.275295783111910453e+01
5.041150212191187734e+02
7.054403541844402525e+01
3.564295407300305669e+02
1.237130441834617386e+03
2.295992465250244265e+02
8.727523077484304395e+02
5.143716574635953975e+02
1.480555322050670100e+02
2.199374790983972332e+02
9.649926116030393075e+01
2.191754482534456088e+02
5.258094258289489886e+01
3.681310377669686318e+02
2.465681839432209301e+02
1.723417089999242648e+02
5.834218359081382914e+02
1.467342080019694208e+02
5.198872850772622911e+01
6.953256353399958698e+02
5.248585352015442851e+01
2.269949347836479205e+02
1.195567377954780284e+02
3.058358033706920196e+02
1.358150272515383676e+02
4.678799480376297311e+02
3.117278816280426099e+02
2.552812657855067471e+02
1.528785011464172214e+02
1.208533261677719537e+02
1.747161720981204667e+02
3.867591553172363206e+01
1.982422737312719789e+02
2.372895138134806530e+02
7.097873115514406095e+01
2.925193288971105972e+02
3.630595824040683510e+02
1.150121193945550431e+02
1.698147362377114007e+02
3.850187065630788084e+02
1.406524359536702207e+02
3.727385193899750107e+02
1.571957404683400910e+02
3.223507876993797936e+02
6.542203012324974907e+02
1.199963815079376559e+02
3.084468740725756106e+02
3.791168006111450381e+02
7.257232464909387204e+01
1.414398632906521414e+02
5.062239938343441281e+02
4.725497416994158471e+02
4.424433784267989722e+01
2.252184861474847821e+02
1.048948991889935911e+02
2.851776455530920771e+02
2.919322118500995771e+02
1.433877309985028887e+02
7.912079741781099074e+01
6.026135211020180122e+02
3.491341975980847110e+02
2.776769123548713196e+02
1.855999117021157190e+02
3.667417098212911242e+02
2.136624989484212733e+02
1.491939079879810777e+02
1.283759306257175297e+02
5.090452937382349319e+02
9.714118253763233213e+01
4.221478577933506671e+01
1.694752204149023953e+02
2.283812892538326196e+02
4.082944280621170918e+01
8.706152357265924024e+01
4.777006042020302061e+02
1.444274477712162934e+02
1.683810369277558152e+02
3.238835150206580238e+02
7.926395980000424402e+01
5.118006338590659254e+01
2.249089545418931948e+02
9.862930288687032032e+01
4.267016076738248671e+02
2.895966478058472262e+02
1.257598921606094393e+02
4.528117046666252463e+02
2.799679220953482854e+02
4.187392663585328023e+01
3.427747099695232009e+02
2.379784228634241288e+02
1.918119656841322183e+02
4.110803163011692050e+02
2.319828354946861282e+02
9.160964554896070240e+02
3.761249823880194754e+02
3.529007415795896918e+02
2.537615067757201075e+02
2.527981068919224867e+02
2.091083930616061366e+02
2.597878401931660051e+02
2.924781429469037448e+02
1.659941948953068049e+02
2.011972490410477405e+02
2.406772029426762458e+02
5.144406451929252171e+02
7.003931816606322514e+01
9.664768600946632660e+01
8.568080370466994111e+01
2.145419460824667226e+02
1.676742703258969698e+02
4.615807387984669674e+01
1.088319697864992435e+02
4.531649951564207157e+01
6.745603855249987646e+01
1.555791209645266520e+02
4.645652653310100533e+01
5.188905502571832784e+01
1.000028757584044286e+02
1.034300094213949563e+02
1.969335327674935172e+02
5.558259261738094210e+02
4.924646431669876847e+02
7.431491559434355167e+02
2.495989153053180019e+02
1.125538580842124929e+02
1.628027331909003124e+02
7.053721480184154871e+02
2.372504345116171578e+02
6.241748743611223915e+01
1.337102044923792903e+02
1.109485852945130091e+02
8.273639711965859078e+01
3.915343577310192558e+01
3.091424990168894738e+02
2.471557992078169264e+02
1.489730418434740784e+02
7.979736022725467137e+01
3.050593405229219002e+02
8.789236376330865141e+01
8.040948368217365214e+02
6.004681127527894660e+02
1.742140228078822588e+02
1.318958655294089510e+02
5.038053852493470686e+02
6.807189554180310154e+01
2.175421673175140143e+02
3.474505472265558410e+02
6.985963745876900930e+02
3.187525248426148323e+02
9.306578422676432183e+01
1.998507147815919538e+01
1.963101497463580074e+02
4.552314225373052068e+02
3.507008119541559665e+01
1.985165481107595440e+02
2.959609352742080546e+02
2.895796725466393013e+02
1.186027189092676508e+02
4.718318484367850374e+02
7.504396321095744042e+02
1.233465173601147171e+02
3.681777644168730035e+02
2.312137728968609167e+02
1.503398123073937995e+02
1.610562930634327756e+02
1.398996678673582323e+02
2.366238880469119295e+02
1.056497870873155165e+02
9.698794848008070346e+01
1.265899002427116642e+02
2.853497136401832677e+02
9.817089656528875707e+01
7.746136777878616613e+02
3.368917604295998558e+02
5.878287838971748869e+01
2.264300627934574948e+02
1.428804081604237979e+02
9.198035912197327946e+01
1.903831402864225595e+02
1.811548639174527295e+02
3.525543879223124577e+02
1.069901315064790879e+02
3.757608076114572100e+02
1.867689951224744220e+02
3.134407611646513487e+02
1.616403452111900947e+02
3.687884041356744547e+02
3.179136996474215380e+02
4.588867876148651135e+02
8.229919062148077558e+01
1.465740483466164790e+02
1.700430620326055475e+02
8.103746902504193486e+02
2.541787827443525885e+02
1.276577522235425022e+02
7.838275737346748429e+01
1.654984596996758626e+02
7.702755877817764940e+01
9.427290922392417372e+01
7.074719583960025204e+01
3.083154267949076370e+02
1.357710393269124438e+02
2.274763926714441027e+02
1.335164454269985868e+02
1.861473110560737609e+02
1.963740425271620325e+02
2.465207372155246617e+02
9.793390649842584708e+02
7.440188405553094242e+01
1.161937229939086365e+02
8.296290511783373631e+02
2.019491942797024251e+02
1.103479982575700831e+02
1.597926985432296476e+02
4.945225022558307160e+01
5.596552036917321402e+02
9.381448902452654011e+02
1.195083748146648475e+02
4.300626685938509581e+02
1.741472307557393435e+02
9.834241531755736787e+01
6.289295898830011993e+02
1.624015600505535417e+02
1.384083913338214415e+02
3.796635620422234183e+02
2.835115758851309238e+02
3.242823715471175205e+02
5.541685778234049167e+02
5.540210671640138429e+01
2.214175438824129927e+01
1.749139503651517771e+02
1.405893996914737443e+02
3.804040325977208568e+02
6.541691268399765136e+01
4.166981373943557969e+02
4.630494487844482592e+02
2.434616198664898263e+02
1.237981446032775921e+02
1.036053738793098233e+02
2.591921566597906690e+02
1.179706258231107086e+02
2.701564225608747165e+02
3.612098943215315785e+02
3.816658296517370559e+02
1.530045731574654155e+02
2.571281259123641689e+02
1.632019894462299021e+02
1.708741520794768292e+02
2.446087126245992351e+02
8.084621249642313501e+01
7.931599306953343387e+01
4.011359056924226820e+02
1.086651070099817815e+02
7.229358982678797929e+02
6.892804730937861279e+01
2.782255071399709578e+01
1.092688269152148450e+02
5.571745779785397872e+02
7.867863473196874224e+01
9.166826575398606280e+01
3.960345912297567139e+01
1.652987002260763632e+02
2.211140708585043626e+02
1.587024736337516799e+02
4.921955369956048116e+02
1.539811317289621684e+02
3.623342394952022119e+02
2.027289460598225901e+02
1.604113619732025029e+02
4.845277614732966640e+02
8.410344972739993352e+01
3.175083971318107601e+01
2.884779697953446131e+01
9.693139840477034852e+01
8.807014544147739343e+01
1.171724347986764769e+02
4.958212324266082192e+02
2.054758630393559713e+02
9.601493832521598506e+02
1.587072842743674244e+02
6.878550877686248555e+01
3.444505458764438686e+02
1.840496746096251002e+02
2.637298060657191741e+02
7.213936051431170426e+01
2.744798025411517983e+02
8.084864655828872060e+01
1.159698499219215648e+02
4.990895662685699818e+01
2.973354416788250987e+01
1.797762479300613734e+02
1.386120939623947947e+02
8.361231272504205947e+01
1.120223801567638731e+02
8.733320416581811685e+01
4.388448010307545815e+02
1.705239970495148896e+02
2.250259146046886372e+02
2.536839401293101446e+02
3.813237259739246383e+02
9.699421612877203813e+01
5.174959712739575934e+01
2.519006314429249471e+01
1.183277619994638599e+02
6.093420490237914322e+01
7.937525354732623839e+01
5.400829629788391912e+02
5.010550159235557999e+02
1.524128394802908417e+02
3.047764953334531413e+01
6.111825797459906795e+01
1.260630046738412062e+02
1.535230321966040208e+02
3.417013978525108655e+02
1.019945657210797521e+02
1.354950117234359084e+02
8.044814615792442680e+01
3.821999568308488193e+01
1.775086481355534431e+02
2.520370588147418687e+02
2.719496853370850431e+02
3.651482641606801280e+02
2.711055892361927704e+02
1.505984270261443214e+02
8.714277711856247777e+01
2.076926005335299124e+02
2.840146054728265881e+02
3.084130445664255262e+02
1.893880400343913664e+02
4.373659146039641854e+01
1.229911745174547804e+02
4.232364786282108184e+02
5.641512536880480866e+01
1.190163905981463728e+02
1.170351843142068446e+02
5.625751047397485394e+01
1.250932521919161360e+02
8.510596459316174389e+01
1.776047594299336367e+02
2.856211424400451051e+02
1.990074028184420740e+02
1.425070102657512336e+02
2.159251986340993028e+02
1.998501719136339148e+02
3.043037264965841473e+02
1.935034903209383401e+02
1.971331669873715668e+02
4.670062581709002529e+02
2.270675951146890270e+02
8.157701771319734974e+01
9.228030358632270236e+01
1.388837024500605253e+02
8.665383986646916981e+01
9.923728818266461360e+01
8.062198691021580998e+02
1.809467417489277921e+02
4.724598911539487744e+02
5.106380825983464433e+02
2.378915994584973816e+02
8.851804213478540362e+01
1.344354634257447287e+02
5.591998464747905473e+02
4.793712299396069199e+01
2.109798928683290740e+02
2.915406803840756425e+02
2.941193194021467434e+02
1.026405077571709796e+02
2.727322012268947447e+02
2.235482938951636243e+02
8.567738453032936832e+02
1.991629359887258204e+02
8.995731844629861484e+01
6.469369651197575877e+01
1.245361425207047290e+02
4.112838383670673892e+01
8.135081199021442444e+01
1.701880379563004055e+02
3.095581567931745326e+02
1.659488996745146494e+02
3.529624863437236968e+02
1.437800611299400089e+01
1.159702880543337500e+02
5.265505751369687459e+02
1.355015908543969090e+02
7.207365086386199664e+02
1.984926120448621987e+02
1.981493309310943971e+02
1.052543205653662284e+02
9.015991601095382748e+02
1.623045156226289407e+02
1.006418342845360598e+02
1.713050351619793048e+02
1.668357899688944883e+02
5.942011860459656418e+02
7.787191401604285090e+01
9.736015217805203292e+01
8.182802488715873324e+01
2.144052218542020967e+02
8.716341087073006122e+01
6.643748150023461108e+01
1.445635803808187063e+02
1.209524017856685987e+02
3.711519141836217273e+01
8.643115343153068864e+01
1.752784978272055412e+02
2.962298733148746237e+02
1.590292387138015613e+02
5.322499663029603880e+02
8.880300313311705622e+02
5.118966377769636438e+02
1.833772165984859726e+02
2.963240364878557216e+02
4.018007623037865415e+02
5.537285503672112554e+02
1.071859936408710183e+02
9.149578898729531318e+01
4.280762862259692270e+01
4.055646529582134008e+02
4.618973889844957057e+02
2.810276815075258696e+02
3.054308321418431404e+01
5.473920307324372203e+01
2.327358668307994094e+02
9.787385413292992098e+01
3.181859966303636043e+02
2.850489468510912161e+02
2.905225141050157731e+02
2.000382957433103854e+02
4.866161639527439888e+02
8.581609967266471983e+01
2.697172121365079533e+01
3.602219290432297498e+02
5.651929009802257724e+02
4.588765498931796287e+02
5.209318798000596473e+01
5.409057501837522608e+01
7.595169631162052610e+02
3.292897904315765913e+02
5.156929860917251318e+01
1.023543176164527750e+02
3.490554121457365682e+02
4.420158066582228003e+02
6.222202577548249991e+01
3.724063492061906686e+02
7.503129096419868347e+02
3.746698116441284583e+02
8.785307527227044488e+01
1.392601519972596407e+02
9.315414177120622696e+01
1.176597046509326532e+02
2.104137295003804411e+02
1.830595006029581668e+02
2.888930483202411779e+02
6.725775034674552444e+02
5.587227228244302779e+01
5.939937963267468746e+01
4.840682591224371549e+02
8.343656269078326204e+01
1.527611633061032137e+02
9.803147986244117362e+01
2.335516616710723383e+02
2.953525605368597553e+02
1.300922019138833150e+02
1.129679359320586371e+02
2.542264575669477722e+02
1.506734500614483530e+01
3.677226294038084120e+01
9.227338154345807197e+01
1.878182091849861877e+02
1.126680253002255654e+02
2.417019896384614412e+02
1.407664878731326610e+02
1.045734122547856231e+02
1.086301750158529984e+02
4.779089911151923076e+01
3.962138672883451704e+02
6.030533448041096278e+01
3.750979813150526638e+02
2.229800836523850478e+02
1.836454526364634319e+02
4.282701968863759703e+02
1.455033884521341747e+02
1.177812501348349628e+02
2.152947925078983928e+02
7.470093139041671293e+01
1.534575432690247965e+02
3.241981383122701459e+02
4.312970326786530677e+02
5.799122310811981151e+01
2.472052805897000383e+02
9.187580724020712353e+01
2.243539363125934472e+02
1.212707525361101517e+02
1.433545504012967342e+02
1.855247267420093635e+02
2.299219838080250327e+02
9.507884357106831885e+01
1.253225543248383218e+02
7.288616624868158169e+02
6.035552305654069869e+02
4.991631939118247487e+02
1.001590678711105227e+02
5.955693939709151437e+02
6.250765436706647904e+01
1.541815644384815300e+02
1.723153194437383320e+02
2.718539418629550823e+02
6.639408011042739588e+01
1.333070808690427782e+02
4.939365922357098526e+01
2.340389590668109463e+02
1.820100060406709872e+02
4.118367316026215121e+02
1.148676605062339178e+02
2.404529595357738572e+02
1.389082623842487294e+02
1.607433669169382995e+02
6.361216375448244662e+02
1.455583189152981447e+02
1.114977157618248356e+02
8.899401913919889751e+01
1.732192591070560752e+02
4.303533746903094936e+01
4.639838872149824169e+02
3.983498188316291362e+02
2.708978931014573277e+02
1.313302914807160846e+02
6.906660206460441032e+02
4.414043080308900926e+02
5.535254415696747401e+02
1.212382749155391508e+02
6.794860014515032844e+02
4.330087836146632299e+02
8.318679934208202553e+01
4.437259879624893699e+01
1.910779985474869136e+02
2.106518976081588050e+02
2.825671834180729434e+02
7.557257763780886251e+01
3.780112903926482204e+02
1.393492810801269286e+02
8.173387847082676672e+01
4.833544879540821881e+01
1.358015038291502776e+02
4.116695839294096118e+02
1.955882675346563531e+02
8.501597979994296850e+01
8.462592981843823736e+01
5.613844739070862033e+02
7.806954103764467163e+02
3.147414583813300055e+02
1.487941511995737756e+02
1.872235424814970486e+02
1.189446182977775521e+02
4.490632259724816890e+02
1.594987218391836450e+02
1.084749989484718498e+02
7.631515719342068849e+01
4.279932635201285507e+02
1.609459636637002120e+02
1.034515175300750798e+02
1.040339755290206796e+02
1.666471449043475559e+02
1.256247170043809831e+02
5.016055129898962832e+02
9.875064452425026218e+01
3.730973372039976539e+02
1.258345633204467049e+03
1.740032734753463899e+02
1.727352639379000152e+02
3.612295262726694887e+02
2.449722700062328684e+01
4.109280710065390707e+01
1.709365688755000861e+02
6.472282953696328605e+02
7.002351265059490970e+01
4.718224644419093750e+01
9.465600311346071294e+01
6.238917434207434098e+02
1.183784941248203069e+02
1.825394143708603565e+02
4.274847104258766706e+01
1.813765962815264743e+02
4.131365914488522435e+02
9.061624876962775943e+02
2.811026111133255654e+02
3.242454054600526661e+02
1.339435204953519474e+02
2.319899969854215556e+02
2.807760904981741987e+02
1.674367410085057202e+02
1.976206255389654700e+02
8.577797823074339476e+02
7.771147060153374753e+01
3.524512445663877003e+01
5.104238444075795655e+02
2.812163278916303284e+02
4.803010415137543987e+02
6.268971303624638125e+01
7.604364224863427069e+01
4.713712545735628510e+02
4.258013697834896760e+01
4.649185558555761588e+01
2.166563375382234540e+02
5.688288828075887977e+02
6.851547579464458977e+02
4.428449720749351570e+01
3.443924406289617650e+02
1.340371044272626762e+02
3.319772773589002668e+02
1.959849610783697358e+02
1.845092238021640298e+02
2.827487767650760588e+02
5.899284882257888967e+02
4.189944877760585200e+02
1.092093787413307098e+02
1.081368230374143451e+02
8.853430088247988294e+01
6.655222187301339432e+01
1.181860312718723520e+02
4.879813523324227731e+02
7.356364401578046852e+01
1.078068135302744395e+03
1.534332568187220716e+02
2.420431953576573676e+02
4.709795798752869018e+02
7.748532245924432971e+01
9.966035863903238123e+01
5.871455930717153251e+02
3.851574266103401101e+01
5.320504819640091227e+02
1.936807796227726328e+02
4.495708964434560926e+02
1.302563983096556228e+02
2.392954172948281268e+02
4.775341234613465531e+02
1.348241142970583155e+02
9.106843130358355154e+01
5.953257255758158806e+01
1.010840820522043231e+02
2.978726859876363164e+02
4.090862223964864484e+02
1.274511939509771281e+02
2.531282436895936883e+02
1.601128650283322088e+02
8.065502715014489468e+02
3.616667148615378551e+02
6.301873971795001239e+01
1.825521608719436699e+02
2.290432433901028446e+02
2.430090451286614837e+02
3.908149889651206763e+02
7.529931172637755310e+01
1.605971334001496018e+02
1.714064669062292978e+02
2.063267193605069849e+02
1.067363699435003213e+02
3.295959708844200122e+02
8.981932900944478604e+01
4.109355642327313944e+02
3.382363318281105649e+02
4.776799274669660349e+02
1.049150264388134019e+03
1.705219572304969518e+02
2.876114370924653940e+02
4.870830557848498756e+02
1.397449876654114576e+02
1.750433691538705148e+02
1.697670203699697140e+02
1.794309091878031666e+02
3.958004341588696775e+02
3.246453082687568781e+02
3.121757402806811399e+01
3.428984460128322667e+02
1.135725745287826243e+02
6.609787589446538902e+01
1.724009770105877521e+02
4.438339463652303039e+02
4.471578101804664840e+01
3.903460446230763523e+02
5.403636978832780642e+02
1.698983563779227381e+02
2.224900611331285631e+02
2.685118255470142401e+01
4.652663352541433710e+02
2.621324652992616677e+01
3.960925762372210670e+02
4.270358384920364188e+02
3.094009723323533763e+02
3.544170550409949101e+02
7.141430099138733567e+01
1.668940568153014397e+02
7.018765740180015200e+01
1.968162329578162826e+02
2.378790380239762783e+02
2.978267505398772528e+02
4.253008839194821462e+02
9.708364769761361401e+01
1.370762160291540397e+02
3.778741019300103403e+02
1.138593837337203638e+02
3.360288539074243772e+02
5.108250582583942787e+02
4.784722900945815383e+01
4.338629709135005328e+02
4.500348078942805614e+02
2.037124081562876938e+02
7.735263322204434644e+01
4.975858250886384440e+02
9.785040825244340112e+01
2.950218825107608609e+02
6.697221621149351449e+02
2.035996224666816943e+02
6.894954707885713674e+01
3.454434728125282561e+01
1.538711321847809188e+02
4.015666168571057426e+01
7.700095797506450026e+02
1.359833074566128914e+02
2.512777013150782466e+02
3.333842388475401890e+02
2.753009400364994690e+02
1.596237231755146979e+02
8.605510884958098927e+01
8.131771321031520472e+01
1.960131791784453696e+02
6.640087389509874356e+02
1.298760283102764674e+02
7.157216049676994771e+02
3.243613785342856772e+02
3.757679314574992873e+02
6.070592506705783080e+02
3.665595950154034881e+02
5.129226683173562833e+02
2.566348350274171253e+02
1.566424356138292069e+02
9.669686865795891606e+01
1.465972180428362037e+02
7.880324722273186353e+02
1.402087769514051843e+02
8.038076261927974997e+01
7.583056822473740510e+01
2.971313843494435858e+01
5.760915555262608905e+02
2.607676864683450617e+02
2.334829100131405539e+02
4.000703943326005287e+02
4.901312895842397666e+01
6.710475259062543785e+01
5.283121271378988837e+01
3.290324245270685992e+02
2.040244551057405999e+02
4.148280178485144916e+02
4.650257895121306717e+01
1.410707640283988269e+02
7.825679639910933361e+01
4.437792156363408367e+02
5.551601081218243507e+02
1.374762429934533429e+03
5.297123145368394859e+01
1.545489666102826334e+02
5.902445832165200272e+02
4.181469471350351341e+02
1.997688075712949569e+02
8.138627294334717135e+02
3.176799225126342208e+02
7.692885594964619713e+02
2.671258666605662029e+02
4.307635892743757466e+01
1.011329480963847516e+02
1.307052325091644605e+02
9.677202946633258307e+01
2.692819458415552347e+01
6.708373200712190965e+01
3.657101782632938693e+02
2.507370252507713531e+02
3.897563869093083326e+02
1.216771058769691933e+02
3.973102893764813075e+02
4.056328616351715937e+02
7.319342447139300134e+01
1.699336861392861522e+02
2.455468347926391175e+02
1.256248458512062740e+02
1.400902282855673207e+02
9.264795796220481350e+01
4.327808794061153463e+01
5.311484896731691663e+01
6.917658136673730951e+01
8.266705885477476556e+01
1.188871558973527129e+02
3.870804113193288458e+02
4.503830128231339245e+02
7.370735583527712151e+02
6.605400303218599447e+02
7.211054922076691582e+02
