2.012131175462615431e+02
3.267367821016159155e+02
1.352903573406052828e+02
5.203015229602968361e+01
4.437490610630372601e+01
3.368122457641664482e+02
7.632367658402606025e+01
9.090575287846829156e+01
4.500775321070152302e+01
3.035121294790263846e+02
3.546214754110695253e+02
8.757874894003101929e+01
1.595775874412866813e+02
2.117186574988358529e+02
1.379826304626375872e+02
3.976757524107404720e+02
2.744876512513839657e+02
9.951326660293347004e+01
5.710827933957291691e+01
7.864264291221978453e+01
1.044243880813366445e+02
1.758438966137476029e+02
1.172446571760320069e+02
1.068343599274922013e+02
1.445615066254459578e+02
1.962437508945604634e+02
2.193664708426206857e+02
2.870876556204058971e+01
2.275889293622621778e+02
5.798081301679960120e+01
2.028377902606953569e+02
3.869333448963656679e+02
5.155940549167149811e+02
1.372656995104235023e+02
4.261052570939015141e+02
4.829586558521987172e+01
1.571096915932333786e+02
4.945925182207498096e+02
1.189718311101796644e+02
1.312691985258977638e+02
5.348893282287100419e+02
3.430177680854943674e+02
3.457085317523541335e+02
5.590489467956425074e+01
1.312259962155892197e+02
7.273367821380747955e+01
1.683901614044284258e+02
4.442085785585787505e+01
2.122416580545099691e+02
5.967707112094059312e+02
4.503068742111719303e+02
1.087252486432548153e+02
9.695901222306366662e+01
1.913566871008318060e+02
2.130535672563327410e+02
7.112378813021078372e+01
8.764901648327878547e+01
2.026843774760384917e+02
1.470319560195003419e+02
4.219872676068164878e+02
1.293137891631049854e+02
5.445866997424009526e+01
1.525143222042084972e+02
2.092145111944039684e+02
4.902710935374304313e+01
1.337733111388046723e+02
5.642264426700307922e+01
2.062471152247596535e+02
3.029504893328898447e+02
1.202388445509027548e+02
1.633176004319468007e+02
5.380913439374087375e+02
1.044323483634898935e+02
9.690788688471850776e+01
1.446289999290197841e+02
5.602997056724004921e+01
6.140534931814421782e+01
2.966918254678511175e+02
2.651869699834495009e+02
2.324262357456555605e+02
9.667634867897926654e+01
1.171232811908971172e+02
9.587454186184716320e+01
4.705035165746894421e+01
6.566111800883653871e+01
5.152265913903840300e+01
6.195144604783781261e+01
1.207622668084272561e+02
1.614183566996368029e+02
2.406365693298199915e+01
2.790018440453595971e+01
7.179303214173268088e+01
2.212141417460819639e+02
4.223300078693014825e+02
7.451212766291652656e+01
2.912385858928283824e+02
1.632413643777816787e+02
1.979854355537489425e+02
1.408656353491406605e+02
9.686175885771498884e+01
1.823793175099826556e+02
3.795613976425795499e+02
4.934293483094687645e+02
6.057805989491465937e+01
4.954389210755226145e+02
1.587811924607844674e+02
2.421015243796734637e+02
2.508992945603588964e+02
1.588673980123946308e+02
3.665427061332603103e+02
4.437850044856539000e+01
4.165482382976776989e+02
1.353875574507986812e+02
1.032042109253786180e+02
3.514916103178726985e+02
1.373942081305283693e+02
6.176156379369270866e+01
6.606965708216579003e+01
2.032289151966974714e+02
1.140653454526292165e+02
5.000483156139558787e+02
4.803250497831726307e+01
2.326466141521361806e+02
8.421297552796922048e+01
5.999970168356682052e+02
1.113670534968299819e+02
1.052082523729494454e+02
3.936430417806690940e+01
3.036888479959647498e+02
2.869957916670468308e+02
6.793810769553957130e+01
2.193574830794076149e+02
1.608192062782910625e+02
1.859276594955343569e+02
4.839008831934568775e+02
7.504761602371416984e+01
2.617730892241953597e+02
2.374948194083406463e+02
1.441789582567418506e+02
1.902277793442195843e+02
1.632798469213586259e+02
2.029010950669427018e+02
5.947593870386376693e+02
1.784160786400215386e+02
1.974596056355039480e+02
2.132589236960853896e+02
1.136843432603177035e+02
1.209298130607831609e+02
1.795341791194504708e+02
2.067878395690341904e+02
6.530894461439304166e+01
1.294335578481496043e+02
3.705587572534108176e+01
1.992686507596555430e+02
2.882180943595706140e+02
2.913476279074613373e+01
5.683177389523054046e+01
1.334967925954892110e+02
2.117301855128020520e+02
2.595625822115221126e+02
1.668290592355999991e+02
6.181196682639039608e+01
1.673991853874669857e+02
4.215216305822760319e+02
3.638636417529243658e+02
2.678925396129787941e+02
5.548518019763308473e+01
7.320379578875774484e+01
2.793366272187696495e+02
2.722991378050447224e+02
2.246101432001597402e+02
1.686524733364648796e+02
1.184732757339483896e+03
3.741756638045038130e+02
3.780084593442219187e+01
8.152883406080870543e+01
5.734404034653505278e+01
5.059420841295322901e+01
8.906206735635083760e+01
1.349275109032993214e+02
2.374059731360050591e+02
1.347568662386360074e+02
5.884564320494623502e+01
8.384122161358075118e+02
6.241157597202244744e+01
2.471403406680862247e+02
1.740667584384616475e+02
1.052340855382724669e+02
5.040757175383522792e+01
1.303890368437854761e+02
2.921348533092307775e+02
4.409166069912488695e+01
4.343882122936460064e+02
2.573784601147306716e+02
8.342434433381943393e+01
1.078878900894515454e+02
6.817096374744120340e+02
1.406534928326270517e+02
1.126045063382852334e+02
4.174856750930153027e+01
4.986240781019935184e+02
1.784347863749896135e+02
1.396907340337381527e+02
1.713437910675118871e+02
3.423232688959184884e+02
5.356641196443276698e+01
1.429879269580611378e+02
1.500649947331648093e+02
4.500189969156996028e+01
2.114993666376744841e+02
3.302955590859460813e+02
1.054784985632393415e+02
1.122811555204041554e+02
3.119719034147692014e+02
3.691979003273898741e+01
1.058435239723505106e+02
6.480751784250320213e+01
5.007728212561929126e+02
2.209141612526972551e+02
1.184432706943744762e+02
1.405172985819822031e+02
9.146737986047736513e+01
8.310821311812091494e+01
9.188947799093740798e+01
8.347082295501334670e+01
1.336475803663234387e+02
9.872210512211186995e+01
1.666833096233345373e+02
1.935212535770832574e+02
7.437982790329465388e+01
2.005841478639809452e+02
6.635314887477733237e+01
1.955530006204589597e+02
4.093913806541323908e+01
7.151825444744012827e+01
1.207874843542627303e+02
1.112443005835059466e+02
4.967522915765263036e+01
1.172793507810736031e+02
5.386321560967688526e+01
1.160066443114808408e+02
2.143175918633868093e+02
1.266095026427660457e+02
1.808014896041215138e+02
3.827963762886886911e+01
2.299136240243451823e+02
1.168674574676067408e+02
9.371472719585250388e+01
2.132246684303252238e+01
1.055595212950159265e+02
7.389341339040248613e+01
1.834504712459824702e+02
4.958990440983986048e+01
1.323716898021116890e+02
3.714524293123093912e+01
3.262928016221567873e+02
9.064413738050562586e+01
2.066565360242024099e+02
2.407350036948883485e+02
2.296963208206596789e+02
5.060277215654317473e+01
1.388480367731475837e+02
2.037288665598553621e+02
2.396474574394601689e+02
3.462433053307813680e+01
3.297856703089232155e+02
2.717186842706659533e+01
1.348020503976546820e+02
1.716820284410067927e+02
1.035884830753874866e+02
1.356992482990030169e+02
4.525740762378758291e+02
4.307329545182111019e+01
8.605324674325970591e+01
2.810975630374452976e+02
4.344611499791522391e+01
4.974764304347934285e+02
2.580419753653615658e+02
5.431250788183285749e+01
9.376939826679983980e+01
4.533456525287490990e+02
1.726091164385315153e+02
6.596069679469926541e+02
7.088753422039110319e+02
2.358158619236403695e+02
1.652014713253357172e+02
1.378011517641822650e+02
2.568958272422562459e+02
3.346044659079453822e+02
2.343491759404272443e+02
2.809356676635853205e+02
2.812544252827456148e+02
5.987757683764585437e+01
1.128796453446537100e+02
5.978586608732940988e+01
5.182648578196410938e+01
1.014080539781446504e+02
8.069397812682876747e+01
1.755836019633073022e+02
2.052197518191865981e+02
1.199751803393393175e+02
2.804232715859974974e+02
7.844068631273290748e+01
1.156121026379169621e+02
5.873193832691556793e+01
1.420723141221670573e+02
2.067940442172904341e+02
1.871740692559121726e+02
1.131508628508985765e+02
1.321580318790723823e+02
6.195909337799533034e+01
9.290262376414662526e+01
3.640779597392337905e+02
4.874856989893927306e+01
2.889186266077621781e+02
4.247151936466762834e+01
1.420146323062148497e+02
2.734290032821629666e+02
5.875579441980185180e+01
1.511713280683447920e+02
2.014869621133508986e+02
6.786938700970135585e+01
8.247414644549570539e+01
5.168539335435295925e+02
2.361526473069987446e+02
1.125396426733068296e+02
1.187645652521835302e+02
6.563786747516503794e+01
4.558521394550013497e+02
1.923413351704742524e+02
4.424826123516276084e+02
2.136179828584776885e+02
7.803628823127485248e+01
5.243610584230137874e+02
2.011991041009455614e+02
8.246284247942860191e+01
3.856966234819975625e+02
7.247179753652319789e+01
7.396775670492289123e+01
4.242071444162797320e+02
2.817008817969729648e+02
9.728582357635001188e+01
3.170451960058356349e+02
3.692884932586940181e+02
4.993775714620394979e+01
3.244011359969748582e+02
8.234094121511293451e+01
1.372414003680564463e+02
1.475934146950186516e+02
4.078240672432211795e+02
1.684162074785915308e+02
1.162172658158454936e+02
1.282184201739601406e+02
3.012806758191296126e+02
1.438098875736917535e+02
4.662467494630198530e+02
8.807403200370740137e+01
4.766440848911551029e+02
1.022725213895444369e+02
7.322216454795467655e+01
4.898954325811452293e+01
9.703926672388820407e+01
3.789606628086602882e+02
1.614109762552166387e+02
9.329162809484154195e+01
2.226410673104946056e+02
3.388256443342777402e+01
1.288657338964844996e+02
3.793840589861668491e+02
6.340350564470220718e+01
4.879574742427275851e+02
8.147131018098886557e+01
1.357441543293113568e+02
9.883670339621833989e+01
9.570142818307533616e+01
3.564943166184014558e+02
1.890243715770615722e+02
2.299705741055612123e+02
1.575020859851448733e+02
1.533662097231573966e+02
1.962276768824934550e+02
3.471726096852524392e+02
2.073729544123065978e+02
3.673552662176724652e+02
2.019603114278601197e+02
1.488580741827411771e+02
7.287216051222362978e+01
4.914839633826811394e+01
2.793339046472990503e+02
3.309139384917254461e+02
3.359390658935730016e+02
2.401725414259697402e+02
2.061191923215336885e+02
1.368519583654710914e+02
3.240028116844730022e+01
6.358011084362698995e+01
2.307710495909194890e+02
3.498554391226869598e+01
2.499571644277976361e+02
5.868524459184186526e+01
8.882357195750863355e+01
4.894366309503265029e+02
3.343659433733828479e+01
2.154970056283150370e+02
9.195656447689040647e+01
3.451867423958235577e+02
6.727834039590378268e+01
2.755694406287562970e+02
1.197192423248338002e+02
8.255743722682201735e+01
1.592412412721911323e+02
5.219080947598328635e+01
1.251810903599499767e+02
3.199526757072691794e+02
2.607439301844995612e+02
3.680747670052649312e+01
1.647372808336001526e+02
1.375065856750080400e+02
2.996180171030704287e+02
2.267141012605744663e+02
4.652360087592651325e+02
5.586911041543164913e+01
3.478408328577456814e+02
4.687648547349549943e+01
4.119785895537093552e+02
7.344215331958544368e+01
1.193319155003384253e+02
5.909750783239061178e+01
3.113573840985434771e+01
4.274663034330004052e+02
2.312729906354232980e+02
8.380816705378990150e+01
4.699406320738862064e+02
9.870702472469807276e+01
1.199031661011826060e+02
8.413052411037274680e+01
1.061715198072001840e+02
6.911764394307122927e+01
4.547055626839913884e+02
5.032318296298042810e+02
2.313642205919959451e+02
1.232757773362136078e+02
1.633478445813406950e+02
6.029062217152179528e+02
1.961858050768474016e+02
2.062701185102170029e+02
4.646219076839829540e+02
1.726286650421972411e+02
3.225721311705012084e+01
3.037757632059489765e+02
1.253007932126591442e+02
2.929686268584700883e+02
1.302487820586247551e+02
6.349049695163490981e+01
3.859527626356021983e+02
4.490372285592561639e+02
2.036375663719406646e+02
5.445478355087759326e+01
5.215448603399931926e+02
7.527286472431259767e+01
7.403889574085393122e+01
9.075861619547193015e+01
5.151517709540178203e+01
7.307221976138943376e+01
1.423915897600774656e+02
7.037333142484160931e+01
6.447636970558231440e+01
6.343503645865317253e+01
3.342278008570202701e+02
3.636644692950872013e+02
2.997657418008840295e+02
1.220232145532061594e+02
1.712077750863032009e+02
1.735620798730406875e+02
4.694251126664158278e+02
8.524479727501176285e+01
5.676099073942494755e+01
5.399305510012688814e+01
2.425994680233357883e+02
3.779544957723904872e+02
6.150977011310245501e+01
1.139105039642794424e+02
4.131097933312804571e+01
1.658854898831326921e+02
2.551571991734730815e+01
1.707376681415028372e+02
2.859885892216802290e+02
2.115002510454472713e+02
1.537095791378355329e+02
5.779192977017839894e+02
1.200448012609963229e+02
1.687499428581830330e+02
3.435872281628213187e+01
2.101170860002351048e+02
1.280285639530911510e+02
4.343568750158194121e+02
1.564111729482670796e+02
2.201979408668775307e+01
2.062548801103892231e+02
1.982208486468453827e+02
1.317293733233697992e+02
1.117423201995302406e+02
2.039269365701137815e+02
1.443158274555025322e+01
8.288215306224033441e+01
1.600998388351195274e+02
1.990204444582808492e+02
1.018501562216246583e+02
1.253897956126052122e+02
9.508814619848251937e+01
8.913851419829356360e+01
6.921645292929726168e+01
8.534944165367305402e+01
2.734485430886879271e+02
1.140720519466912037e+02
2.399300328104370408e+02
1.678021605984489781e+02
2.637612688065422617e+02
2.124989590826804715e+02
3.470457892087415530e+01
1.532407962196677431e+01
7.345423333825046086e+01
2.253150973177283447e+02
1.295988436514865896e+02
3.828258788532545509e+02
1.303693240095791737e+02
3.328495853662772106e+02
5.615774637232794930e+01
2.618835759892692181e+02
1.099948412405163367e+02
3.250987045628397709e+02
2.664273553858417998e+01
7.994358440775489782e+01
3.497234672876006130e+02
4.007247472637405963e+02
2.675509774858701348e+02
1.042043217092442973e+02
1.299549994504588994e+02
1.805113924553895401e+02
1.524421036367606632e+02
2.551063564501067731e+02
2.211609927985157640e+02
9.604420192293045488e+01
5.062783645811263256e+01
3.464808943556998884e+02
2.297040854723551888e+02
3.797149658712903602e+02
3.424706554740394608e+02
9.810933626667322471e+01
6.477518307575412848e+01
1.427823631154917337e+02
1.794714375586158894e+02
2.206377087562597978e+02
1.098640698711260910e+02
6.917708659237217717e+01
4.454714195854179337e+01
1.210583808099654846e+02
1.572750741204359599e+02
2.227742337132281705e+02
1.737412231736821582e+02
3.847843444065142080e+02
1.947127848398454546e+02
1.153353991252431285e+02
2.604905475273507065e+01
3.327452234969929918e+02
4.220915719229735430e+01
9.045332241352525671e+01
2.669427006951735279e+02
2.609276494401727291e+02
6.401810058782469071e+01
8.298635179196706702e+01
2.733700470557445428e+01
1.200359823822998351e+02
1.484367764998719963e+02
1.705010556462311513e+02
1.542965965262497434e+02
3.499172317004521915e+01
7.965319445207362037e+01
1.533986034945189374e+02
6.185211657126275213e+02
1.463272372626595370e+02
4.543008084741678232e+01
3.147198106938109277e+02
1.581841442092658667e+02
7.388726240424206537e+01
1.504975791979216240e+02
4.655239622720943657e+02
2.554161745058412123e+02
1.412038481680465054e+02
3.989605108551939452e+02
1.151965975964157991e+02
2.771534486777883330e+02
1.224684529372798636e+02
7.645127711901086798e+01
3.445960800303231508e+01
2.080587991010547171e+02
5.944636624432894934e+01
6.195127829586921280e+02
3.976794961343923092e+02
2.006716172317083533e+02
7.010835660888267284e+01
9.033931368048129684e+01
1.285529887042765154e+02
4.471467412789893103e+01
4.334250178596096248e+02
8.178978588732039157e+01
1.061397352041051079e+02
6.264461197524962017e+02
7.562916332605472292e+01
9.290756993877829473e+01
1.096837435673748189e+02
3.500846004641588252e+02
7.464908265273132315e+01
1.121798782023322190e+02
3.321186501607160579e+01
5.894265639709767157e+01
2.730111376871464657e+01
4.122358340309095581e+01
1.617783200028386261e+02
6.750745515093969118e+01
3.974121660483328355e+01
5.449005562619551313e+01
2.969697062517816448e+02
1.147496993999962029e+02
1.515383653516005893e+02
2.782045553660196546e+01
9.791010845103369320e+01
2.079085556891240572e+02
7.065202727919209735e+01
2.491638447195389006e+01
6.754712101878784551e+02
1.538096569494069001e+02
2.893871645090384845e+02
2.625511504292461851e+01
8.559412273130411108e+01
4.380413486813821322e+01
1.537588397705184491e+02
3.076888326613493518e+02
8.675932678441802182e+01
1.419235462733023496e+02
2.427016022230464500e+02
5.661946571225308134e+01
7.173259876567722415e+01
6.498690128734662608e+01
3.775554340007284964e+02
2.615801817374065052e+01
7.871726586964304317e+01
1.078618198859060300e+02
8.459018504043999087e+01
1.351732611385791927e+02
2.421802121685576594e+02
2.741099783534686907e+01
1.613885829966857557e+02
2.297508963848227381e+02
1.161071970524741488e+02
7.190141822549999517e+01
3.623054754108263609e+01
5.273010255497035814e+01
2.354354822219160894e+02
1.521970032685583476e+02
3.388092283561816203e+02
2.272039446857747862e+02
3.354732924942582599e+02
1.928814823501693070e+02
1.912829182247342885e+02
2.856531183028556029e+02
7.693960238917097172e+01
3.162222545000149054e+01
1.224748791757994013e+02
8.122735246631866346e+01
5.460858600757521941e+01
1.445613161503849824e+02
7.339637058769910993e+01
2.590062187668719957e+02
3.673421866606896629e+02
3.230420645295880604e+02
3.042383862557604601e+01
1.962272719176318674e+02
4.461403629384963665e+02
5.242222753299227378e+01
4.821617873180560991e+02
1.113629561697792951e+02
9.796530578785424836e+01
5.034167140338211084e+02
4.660622109098937216e+01
1.241647132741185899e+01
2.040408959547153245e+02
1.274208423026625638e+02
3.430284981299037668e+02
8.998723553548468601e+01
3.874533781474066529e+01
1.452695082118429752e+02
5.957219653294180262e+01
7.110438752339265989e+01
5.399409058588135935e+01
8.682575222673517601e+01
5.752620852006245968e+02
5.304679571843272470e+02
9.037665245566242334e+01
4.741132403999574763e+02
1.730492785357916432e+02
2.686338464892185129e+02
5.108344404248830983e+01
3.727044934030011802e+01
1.741018997778563175e+02
3.212269570689006315e+01
2.299556405335289355e+02
2.508074124032948191e+02
5.034966708119950596e+01
1.846593383273692552e+02
7.212679092209729959e+01
1.898088510683520980e+01
2.573766131177016518e+02
6.538968803007237796e+01
5.606673539708063458e+01
7.446901504439721009e+01
1.328405599482566970e+02
1.880581325628695026e+02
3.510087316546377565e+02
5.237455758028036001e+01
1.167745796770329321e+02
4.215201013385956230e+02
1.539977943521118391e+02
4.064397261822550433e+01
1.571174321810617869e+02
1.894444157410026719e+02
5.466174285392494880e+01
7.148180132927157615e+01
1.431006834614589707e+02
6.500288300878547432e+01
8.615401047309715921e+01
3.432290061351759647e+01
3.284417258989458901e+02
8.780422040270939021e+01
8.561784428472732600e+01
9.761762527086263219e+01
7.193513354023397710e+01
1.007937397103002013e+02
9.872890297538310733e+01
6.901830308631097921e+01
1.719309027720788379e+02
2.251237243391816776e+02
1.190619852762852560e+02
1.747129713665106863e+02
9.975507066900505038e+01
6.403330231121539384e+01
4.274531278551206128e+02
1.433189338856505231e+02
3.323629949544294391e+02
7.601965712829544941e+01
7.082763206615267393e+01
1.289816379797963179e+02
1.380153811604155010e+02
1.995631895987355335e+02
2.647217544284412156e+02
1.399984216228457967e+02
4.405907762087985589e+02
2.918791616728880172e+02
7.049958024360698516e+01
7.865361506923230195e+01
5.894760790626570923e+01
3.065811152904903452e+02
6.661899636155341398e+01
2.851919633445142566e+01
8.948113586895283333e+01
4.418922794522174513e+01
1.849609396623300768e+02
4.901791920722531586e+02
2.215813797152258644e+02
1.077621183692147042e+02
8.541655992637483052e+01
4.369827130881121491e+01
2.562947257992091181e+02
1.333613779295616553e+02
7.404898983354043196e+01
1.421959145244346416e+02
3.924071161357336450e+02
1.969781193519893066e+02
1.489528898995633881e+02
5.031060347825958274e+02
3.326613080288828428e+01
8.928211811848966306e+01
3.653827765118522279e+02
2.848327464654258279e+02
3.852557465470863463e+02
1.887102440154572491e+02
4.059884346957871060e+01
1.133115048907906584e+02
1.057566177136262979e+02
2.111789116404939932e+02
1.255540441072648150e+02
1.303750464002975491e+02
3.734263705223048646e+02
2.489462444992524937e+01
2.355475602065541807e+02
4.379196482661967593e+01
1.106003196402621711e+02
7.248413605861823328e+01
2.463831548740432424e+02
1.520993407362542769e+02
1.987130800070904399e+02
8.037074139126758610e+01
1.523448257982451537e+02
5.404435596141228615e+01
3.903725227552613433e+02
2.308668267981170530e+01
4.132124136379181323e+01
1.002908654394857564e+02
2.292480536787522851e+02
8.524964387174148328e+01
2.062849013455193301e+02
4.678428731397178097e+01
4.687688634750707593e+02
5.565940351182337764e+01
1.739274112109492876e+02
4.777602768534987376e+01
6.279080359612775908e+01
3.933344248685288136e+01
4.395920138912780430e+02
6.130844336572135234e+01
7.798364624291883729e+01
6.063541559217735966e+01
3.230978772202386722e+02
1.631618466467447490e+02
2.191923994741732429e+01
3.370605145110952208e+02
2.598944813394787445e+01
2.783979709045270283e+02
1.896930791953250761e+01
3.403267658487145297e+01
9.857694252564964188e+01
1.250420738782581935e+02
5.659782893758717393e+01
3.395722820296740565e+02
4.255555651805100581e+01
2.486995929486316186e+02
4.564128107467202256e+01
1.347855830903298511e+02
3.863432292929933283e+02
2.606813283081665986e+02
5.294677436330761822e+01
2.640526436678148912e+02
4.810896485518604777e+02
2.065279993676500396e+02
1.290346381141936831e+02
1.462108480382753442e+02
5.634235895470626474e+02
7.605433005586239403e+01
2.089354447465869384e+02
1.212684285451692716e+02
4.652670757939396822e+02
2.339234258506155015e+02
6.766753420846973199e+01
2.259289386818744561e+02
3.271953578960895470e+01
5.769458330743547094e+02
8.969388883478647756e+01
1.327654997283031264e+02
3.616224579324668298e+02
2.998898818636507713e+02
5.291879678670643727e+01
5.127312761752865811e+01
1.684892913836799835e+02
1.583615991550350657e+02
6.244731464978879387e+01
5.981237720420223525e+01
6.926290223930351431e+01
1.906703045213768917e+02
2.434093519434579775e+02
8.811046915468889438e+02
8.799704307380567059e+01
4.192267247872052849e+02
5.789312578123372077e+01
1.503900026585367584e+02
9.057791463917882879e+01
1.666725964676934950e+02
2.055270665643582504e+02
5.438461588938890827e+02
2.584941541336072390e+01
3.770934106128929102e+02
7.186877048612919907e+02
3.030996067325722834e+02
7.954288087900880555e+01
3.251175499106093412e+02
2.988138229619166708e+01
4.076853537097655362e+02
3.428984101871869825e+02
1.744947061929163681e+02
1.758902300234030918e+02
3.709274966561715132e+02
3.076257189740212539e+02
2.802732363312174257e+01
2.469003428620717671e+02
1.797640113316872714e+02
1.125052920496482614e+02
2.726283662612745502e+02
7.925151743898845780e+01
3.684201249296562537e+02
6.002656637166320053e+01
6.346525499438866547e+01
2.298776044588653633e+02
2.186205925595640167e+02
1.178300274531311089e+02
2.098827797444139662e+02
2.002152463371922408e+02
1.674661780935242064e+02
3.733868889929615307e+02
1.646235137653573588e+02
1.599084829540859118e+02
3.033835520367431826e+01
7.276144631142388164e+01
1.340752683711216662e+02
3.423534238096007698e+02
2.551431222683556541e+02
1.255954561125946043e+02
6.385139390487623245e+01
2.136937353041137726e+02
6.036689270207975255e+01
1.907773809050344767e+02
9.244239388124100287e+01
5.773264132821243066e+01
1.076257473026628588e+02
3.858228548147144465e+02
3.197650621979777270e+02
8.362894469401928177e+01
4.256114980274582393e+01
1.761885396229906178e+02
4.127583257080046337e+02
4.392773523726589247e+02
1.772092139032106957e+02
5.545797819457498434e+01
2.402135689159163690e+01
2.871743014909222893e+02
6.618552719745555351e+02
6.052760773582288039e+02
1.496604087565545740e+02
4.509158328858772791e+01
6.318766403465632493e+02
1.468559789034640630e+02
1.446037427322403914e+02
5.662498978726746657e+01
8.887426934180273008e+01
1.756539231689298504e+02
1.887592890514931980e+02
1.095056952143303448e+02
3.832015778857200985e+02
2.651122774385729386e+01
5.081298846312854494e+02
1.045937239848023808e+02
1.865010891432583264e+02
6.635447129730549420e+01
2.534336374196565771e+02
2.880171894966424873e+01
1.006221523813073446e+02
2.037638281622079433e+02
4.907696050400517152e+01
3.811565597345600622e+02
1.430301338308335914e+02
6.490580975854658163e+01
3.179735296948254017e+02
4.378981104007067415e+01
2.936533473372140293e+02
1.412955327150517917e+02
6.756889004833126933e+01
7.102950321762574504e+01
1.070843846453699086e+02
5.246852830587130256e+02
1.846404757078212242e+02
1.343429239710978322e+02
3.592536153421884251e+02
1.448318836825145297e+02
1.100793869994781318e+02
1.448321876342122039e+02
1.438043306701187305e+02
2.505530036958644757e+02
1.552732206507881472e+02
1.540713201753644910e+02
1.167858429506713094e+02
4.910863714084554488e+01
3.167322649713655665e+02
1.413217256023268078e+02
1.779132010362757512e+02
9.218290829106592810e+01
8.665713996684533527e+01
9.074005621340209871e+01
3.136630351176754630e+02
8.338714435733348296e+01
2.156779186188289827e+02
4.915739354207897804e+02
9.968405907491268181e+01
2.904706966012122393e+02
6.334891795465617292e+01
6.890936267591646924e+01
4.269916665884970541e+01
1.035515843874661357e+02
2.762008234038664227e+02
1.168466166645686712e+02
4.319210543798767077e+01
3.302815761987029646e+02
9.871737994546535333e+01
3.726689606818106171e+01
3.890446512311616090e+01
6.825390191002649942e+01
1.264411949707112797e+02
1.245463019385215659e+02
1.072811347551176198e+02
1.860056010120514998e+02
1.907178973437776790e+02
3.582505042611957720e+02
3.800679607148037462e+02
