5.655224413918541586e+02
2.683750468925032351e+02
6.276120846233427528e+02
3.856882894636108858e+02
1.204337531356101408e+03
9.982034014841552505e+01
6.524972379696905591e+02
1.649995454400116841e+03
4.839152708937384659e+02
4.041480502188446167e+02
8.883073651960161214e+02
2.156970829657915147e+03
1.659639871967288514e+02
1.726622751531876929e+03
4.138718481518828298e+02
3.944674217269526650e+01
5.662018379400944923e+02
1.204388846585225821e+02
7.299700933130117164e+02
9.263710263005352772e+02
2.036131104828144316e+03
8.944870018735792883e+01
2.170486091819860121e+03
1.217969801047346010e+02
8.655785041996274458e+02
1.670041050833577572e+02
1.922298896744934154e+03
5.363211141456405358e+02
5.808100328305837365e+02
9.610515983122574823e+01
1.811204209329984451e+03
3.304726556397774857e+02
8.158382344741578436e+02
7.163763158069446035e+01
1.481240791351474400e+03
4.398443905689561575e+02
3.594291987741470962e+02
1.769633021796161358e+02
8.171419531917645145e+02
2.658322081602294773e+01
3.870428183157102353e+02
3.475163783691535286e+02
8.235574064372826797e+02
9.420535340346550868e+01
8.181736314739905538e+02
3.196908824325781211e+02
1.458214609195106505e+03
1.462385131927400607e+03
3.129713234500528642e+02
6.807428108862980025e+02
2.803128543781170379e+02
1.525200331333895065e+03
2.389480864440159280e+02
9.998496681044082379e+01
8.221557138392529396e+02
7.984411148081624106e+02
1.561981403420169272e+03
1.223017951600235023e+02
7.719265907310939383e+02
1.920359463655795764e+02
2.110792831320660753e+03
3.165921045307475765e+02
3.370054241628694740e+02
1.261906940515188353e+03
2.213102121671885527e+02
1.029600998239676755e+03
4.013782717963464393e+02
1.823944725976015206e+02
1.200105036564445840e+02
2.560042868497090467e+02
1.711380384837370059e+02
4.051938887255820418e+02
2.522426546638399429e+02
8.509925281046852206e+02
1.099300927426653743e+03
4.113299782623478791e+02
1.280868783806058957e+02
1.163850505579559467e+03
3.075923212911109204e+02
1.443054092815534659e+03
5.372265217049558714e+02
2.058481985849152807e+03
9.444786331102227450e+02
4.839959472021705977e+01
1.929893205072999308e+03
1.450003348505625809e+02
5.007677118910982017e+01
2.839296279420279916e+02
3.616228785486303110e+01
2.340998406563473111e+02
6.459449916694331932e+02
2.092479928803907114e+02
5.774926679275305332e+02
6.178936524316226269e+02
5.712230592442463148e+02
1.840059451715515934e+03
2.948205305279977324e+02
1.015468782314240570e+03
2.612489960888505607e+02
3.497254657984024107e+02
3.702750221300917929e+03
3.572167957272182548e+02
4.551182247384130619e+02
2.160768653003767952e+02
4.318244866978911318e+02
6.922087874746539455e+02
6.110556433739145632e+02
6.456559438377480546e+02
1.492260400763838334e+03
9.748944007355260055e+02
1.084111488185003509e+03
1.410658617480647308e+03
1.452925350894441635e+03
1.264855422013180402e+02
4.572414319231156696e+02
3.672786104353306769e+02
4.727934030459105088e+02
1.837960493902075086e+03
5.254435592747528290e+02
5.009928023986938683e+02
8.685214708067024958e+01
9.001940149213125153e+01
3.332485439063783019e+02
2.465535214927806749e+02
2.447499712793665481e+02
1.170800653337160924e+02
1.289095937705203369e+03
3.710869424027472974e+02
1.955606189222669684e+02
2.715058720583446643e+02
1.194083856311643785e+03
2.924006988329162141e+03
2.530394215292654110e+02
1.624012009035790243e+02
1.287134477112195100e+03
5.619472392516859145e+02
6.244334641985432199e+02
9.457198879875331841e+02
8.914134575125451647e+02
1.016090164745425227e+03
2.126651324584345275e+02
3.953437725232261641e+02
7.543762793388397370e+01
8.703896680769540808e+02
5.033481726552057012e+02
5.702532824368149704e+02
4.653969369489839210e+02
3.465044932912770719e+02
3.163378229769672885e+02
1.335234155219746413e+02
1.641964045586879877e+02
1.011918500985149194e+03
7.380994156909971480e+02
8.887297174365107821e+01
1.159517714415758292e+03
8.228220946770002229e+02
9.162530048680761183e+02
9.706944152662306351e+02
1.440083156197721905e+02
2.391756982327881360e+03
5.124682832107502009e+02
1.589033070560827241e+02
1.795621252226551690e+02
8.369913955630362352e+02
4.718695325085021608e+01
1.585875988844212998e+03
3.623992361661717609e+02
6.197015952793223050e+02
4.017102505351164154e+02
5.746197525983585592e+02
8.832194283944558038e+02
1.658383429557980662e+03
4.417149977382673143e+01
6.773550247425545479e+01
4.718099086330529985e+02
3.380990955719708069e+01
1.077735010044044202e+03
5.056817125534481079e+02
8.175006263126128943e+02
6.227244093716035422e+02
2.851824648656989893e+02
1.480048684283387274e+03
4.537780283725599872e+01
1.464171956207825076e+02
4.839552898193955457e+02
1.020116438130391288e+02
5.572854989265257473e+02
1.851540802215022836e+02
1.307942998030878698e+03
7.567299594347647371e+02
7.891621864724057787e+02
1.417561966443617848e+03
7.743457519980183861e+02
1.186537974936309411e+03
1.697848531023456189e+03
2.716725526104963819e+02
8.740670401246948984e+01
7.711380535939666743e+02
5.084481024105042479e+02
5.732848394903903682e+02
9.089986502968033619e+02
2.698817063475569284e+02
5.542329933307272682e+01
3.451957884432728747e+02
8.850750546523609046e+02
3.344757422378600040e+03
6.048492035632995112e+02
1.039490205127168338e+03
8.426341847032773558e+02
6.990691677905623180e+01
2.912694011556801001e+02
2.181404155951622670e+02
4.263821892824608426e+02
3.365321647671148185e+03
6.384036375961205323e+01
1.113419289500846219e+02
2.307307148624030333e+02
7.000778144045932549e+01
5.839674064123246353e+02
1.385615398454102433e+03
2.324547323897627678e+02
4.773545766651143936e+02
1.047842488613646310e+02
6.951816918924088213e+02
9.147375287498232410e+02
4.571632250586041550e+02
2.132533433629326964e+02
1.047782671349691554e+03
1.394728532231880990e+03
3.450942654698815204e+02
3.546969803540155795e+02
8.517833784330254048e+02
2.974762748100665249e+03
1.159332824315323251e+03
9.486098877051626914e+02
6.608843010205024484e+02
5.365835208414839599e+02
5.744596093875146607e+02
1.166711352001476598e+03
7.222273516075417774e+02
1.499309780115229955e+02
2.745125942389345255e+02
1.497913943619960946e+03
1.546397331274443765e+01
7.412416238569171583e+02
5.159027237401678576e+02
9.142846252131428173e+02
1.380292496708969736e+02
1.048813052595003938e+02
8.679614345912458475e+02
6.480046033475304057e+02
5.745525128549741112e+02
7.894906400735560510e+02
2.882563464164803690e+02
1.644821757085630679e+03
3.242513057485770673e+02
3.223880193404700378e+01
1.209729422844033706e+03
2.688925233128777563e+02
1.045644818368328060e+03
3.600306527151829528e+02
1.944208531597833485e+02
4.094205682853938697e+02
2.206411190069130498e+03
7.552286455267324072e+02
6.744608381244033808e+02
6.263241298975863458e+01
1.452462941428862564e+02
3.649222970619556463e+02
1.363192350511234736e+03
1.893331741606664309e+03
1.494642190768065575e+02
3.614486735115831948e+02
1.495872244447061234e+02
1.561653048071255228e+02
7.507978946296545928e+02
3.357859940270843708e+02
1.898194505153537364e+02
1.404880597641989652e+03
3.142265007340859029e+02
3.885053876619678022e+02
1.833156340108979748e+03
7.411384430325236394e+01
1.077682068329443155e+03
5.351377305482523070e+02
3.602609146962161617e+02
5.930360413794498982e+02
7.171080716035431806e+02
2.581534847076750907e+02
6.019756039361749345e+02
1.271400865860758586e+03
6.382905400312547499e+02
3.050235761468049986e+02
5.695916286536247526e+02
3.224107536152569082e+02
6.581511904945763263e+02
3.525134880467440723e+01
3.146154402492064719e+02
9.796058451115969774e+02
3.393119607538301352e+02
6.755186374146152275e+02
2.729825477586430225e+02
3.404922420853370681e+02
9.082168371521075869e+02
1.357866834609976365e+02
4.753874563386059435e+02
9.958860727653486720e+02
1.077184787839485551e+02
2.016548318326497622e+02
7.998456549638346758e+01
2.128797714841090965e+03
1.032879603825080494e+03
6.633918349843634132e+02
1.825656171900707477e+03
1.448675916446413225e+02
1.047483977487769806e+02
2.503278095155713459e+02
6.747948890532960604e+02
6.695651351762623449e+01
2.824398115625805303e+02
3.825873697692357922e+01
2.462223669704960685e+02
3.918968671893017017e+02
3.662369758936277009e+01
7.081962349957069591e+02
1.036312922107856139e+03
1.027845160527523149e+03
7.225656794549544770e+01
1.632798706844260153e+02
3.941281413706811350e+02
7.909167411664820975e+02
2.699097926250048204e+03
5.151582786997948915e+02
2.003283493317794353e+02
3.982805184662455531e+02
1.004557197192811941e+03
2.329443739889382414e+03
1.025402237857749242e+03
5.086353220782186781e+02
1.904765396962014563e+02
9.135342683470530289e+01
1.157665050045595308e+03
6.991219176686871606e+02
4.210109686256633950e+02
1.113582366898012651e+03
1.940424123496704283e+02
7.518863348424665674e+02
1.220361669052677485e+02
1.318387164467314733e+03
3.053604609956606737e+02
1.441049296886378670e+03
2.485146482030099833e+02
6.143316937963430746e+02
9.231368359646434101e+02
1.662041994457698138e+03
3.418716804338388897e+02
8.800586508645981212e+02
4.979708920928115390e+02
2.030583885004679416e+02
6.551158722266017094e+02
5.957489764147336331e+01
5.501252109794772878e+02
8.724879601147537187e+02
5.612818209518745789e+02
6.666018320720509109e+02
5.586392260186781868e+02
3.989061350599213256e+02
2.142163222968765126e+02
5.106184251347868326e+02
1.025952393669276489e+03
4.545618713469460204e+02
8.741624578799928713e+02
3.662893722952018152e+02
6.186644935539324024e+02
4.235861074768555454e+02
6.838809153595799444e+02
6.617139720825267659e+02
2.423872454881374381e+02
1.040804340928177908e+03
7.345107437002355937e+02
3.207404320527974164e+02
1.373199889263695468e+03
9.471814045765258925e+02
1.689893682384466501e+03
4.285922312703091563e+01
1.225820826535001515e+03
2.213278938212733919e+02
8.918048270612380293e+02
9.369867454713253210e+02
1.919100222179222783e+03
3.913441449198446094e+02
5.263739193316928322e+02
1.453665292568363611e+03
9.030798632140870552e+01
1.045876464569147856e+03
7.021203906789313578e+02
3.321777759369390424e+02
2.613172870685402813e+02
2.779004216376533236e+02
2.257960067859577521e+03
4.027316558106987827e+02
6.557720144997524869e+01
7.188508300822028332e+02
1.234884945288508078e+02
1.530217125747322825e+03
6.208508031813107664e+02
1.505092341537575749e+02
3.996832407910541747e+02
4.198213325579646948e+02
4.201408989844812822e+02
1.033026797599240609e+02
1.318431036741214029e+03
5.115258719655327695e+03
9.615141170472070371e+02
3.740504077788941828e+01
8.521742826800407329e+02
6.120379501536910993e+02
1.237798871143155338e+03
1.095411628236406472e+02
1.816592072106259366e+02
9.248719988937999403e+01
4.346073128042293661e+02
1.717816487453274931e+03
7.805721762238775909e+02
1.164282919713125011e+03
1.416277844958829348e+02
2.255849568743768430e+02
3.366003788608038576e+02
6.480780524401541243e+01
2.184879999591214812e+02
3.701678257452740581e+02
5.375687256267393650e+02
9.199767044154490350e+02
2.313463550598522716e+02
4.910316682853298289e+02
1.079176843136079924e+03
9.545648058924595034e+02
3.466340413621059611e+02
4.306427356759179048e+01
1.088607709815371663e+03
5.087527298390239707e+02
4.501428412078019647e+01
1.775073089055825335e+02
1.132847004919718984e+03
3.238445523745792229e+02
6.322528907641358273e+02
1.765553144573797795e+02
1.087677147695163313e+02
1.337353160491940116e+02
1.506956705809769574e+03
3.687659483459338503e+02
5.455869144423838861e+02
7.983581460889823802e+02
1.950672497630208227e+03
6.603587854048178087e+02
5.904569517329995278e+02
1.242133191983224378e+03
6.008713105624484569e+02
1.485505860383013669e+03
2.180662008311316640e+03
1.646794024518011611e+03
6.494329805227807810e+02
7.022285527908339873e+02
1.488851265762035837e+03
1.618811449971154843e+03
2.802485852620235960e+02
1.070410883657185423e+03
1.211831728519346825e+03
7.937523172180253823e+02
2.262308314638890181e+02
5.990602032054077881e+02
1.382575955690890339e+02
1.621854130521995785e+03
1.678956647972617930e+03
3.355035030403088854e+02
1.057660760484429147e+03
1.346416674142806755e+02
4.268796130002409654e+02
2.737255679866588252e+03
4.038569395160760109e+02
1.091843820443838467e+03
9.166891377730054273e+02
3.880762956131420651e+02
1.484910944262862813e+02
2.444969271751318445e+02
6.486888980451553266e+01
7.469791870154463709e+01
2.645089699962121358e+03
1.409160783326150749e+03
9.030601423797358507e+01
8.964529056638872362e+02
8.002721092068520647e+02
2.695703890580275583e+02
1.377018993932911144e+02
7.072300388635065929e+02
6.937653220256836448e+02
2.442749659309861556e+02
8.555109864940567377e+02
1.110647718273465671e+03
2.825449706064175643e+02
1.843778257086350550e+03
3.019980563579512634e+01
2.347348258249060109e+03
3.488138483780438719e+02
3.974546052427189693e+02
1.789278560136759495e+02
3.518242170230625447e+02
4.916322732331049110e+02
3.667690566846943057e+02
8.980425784947055945e+02
1.169871611624901561e+03
2.214255398504405548e+03
2.362293963740263280e+03
1.208921326490642969e+03
1.118898574489172830e+02
7.002587691236450382e+02
6.997768226088224992e+02
4.517127743514791405e+01
8.422243328312733865e+02
1.014767406449698797e+02
1.002226781247325562e+03
7.652656565630583145e+02
3.273784459219991732e+02
9.273180306529374093e+02
1.608760577207569327e+02
4.327386675331297852e+02
3.130583824359378582e+02
3.563153484463582572e+02
4.462626962303071991e+02
2.464482802121809755e+02
4.304652202169929609e+01
1.536680400324056563e+02
3.420492007671901433e+02
1.487501117036073083e+03
1.533622860879755081e+03
1.820073947226307155e+03
7.779406442664124199e+01
7.728442553242189206e+02
1.341507308244014894e+03
5.095321371012894929e+02
7.147718974425959004e+02
1.791838399040563218e+03
9.762714929338062575e+01
4.115611092702737324e+02
2.300113099093893254e+02
1.453933001773356466e+02
4.302479808820907579e+02
7.070168775891237374e+02
8.788621849958612984e+02
7.882242682547234836e+02
1.010489764062351696e+03
8.792459177299554085e+02
6.887599081365374332e+02
9.526662428894635468e+02
8.894013556330097572e+02
9.533135124423108664e+02
4.366205250727731482e+02
9.962981224568892458e+02
1.334973913858742890e+03
1.376510741902628297e+03
5.620296269315307427e+02
8.526318397821752342e+02
5.252464765263588333e+02
2.134978724679052448e+03
1.631622887647524180e+02
1.270688067644126846e+02
2.856376846252739483e+02
3.314093122543089720e+01
3.344852319855228870e+02
9.689452708471916367e+02
3.859804033073164646e+02
3.799801468985222641e+02
4.142242318934636387e+03
1.285517735631404548e+03
1.486826875642999312e+03
1.430947547972788016e+03
5.319064148661619811e+02
6.829243131183854985e+02
8.202520322901831378e+02
6.104698344115102060e+01
9.117851740674142320e+02
9.536663291491788641e+02
1.621325814535798145e+03
3.407374127644313830e+02
2.682443642903910472e+02
4.900929514746027280e+02
7.602326816581374658e+01
7.906235722610480252e+02
3.641076011801920345e+02
7.590087913439173235e+02
1.471653275874826932e+02
2.380409557638521392e+02
9.586664157774288242e+02
5.914468966540147221e+02
4.838416558495439403e+02
5.226603062960589341e+02
1.871519603615468270e+02
7.876101588926128443e+02
1.532404280576717213e+02
8.080512807816169243e+02
1.981281152975684108e+03
1.049861915198401761e+02
4.531255880579316226e+02
3.650236476064075646e+02
5.926004617872397375e+02
8.833817576208325590e+02
6.474749928494625237e+02
6.474129943773340301e+02
8.708213470227700270e+01
9.305430256214825704e+02
9.081934750601934070e+01
6.856190459598431062e+02
1.230080521389670309e+02
3.949146243082424803e+02
2.476661061957561742e+03
4.033605425952026735e+02
2.966353368966330208e+02
1.036997323535715850e+03
6.039218572959991604e+01
1.340538294257447433e+03
2.363278439783315150e+02
4.886392786139282407e+02
1.856130303690696621e+02
1.194858799424340759e+03
2.153451940626121655e+02
4.459621617166015426e+02
1.276694852404549238e+03
8.934966584269893701e+02
6.817942610579193570e+02
1.727753099954541653e+02
3.106205188503773797e+02
3.323418503142322606e+02
1.284002058488943021e+03
7.145031816042526884e+01
1.084123827832414008e+03
8.741272531857943022e+02
4.313347331798239566e+02
3.188823319842848832e+03
3.096227808063464977e+02
2.039217867413606882e+03
1.934085491972856801e+02
1.981732382764185161e+02
1.048646947886221142e+03
1.730467282972119563e+02
1.418666627570927119e+02
3.741169701007991648e+02
4.796150948365121849e+02
7.056312856903529109e+02
6.223431621443670565e+02
1.107455720089159513e+03
1.016035762418531931e+03
8.184937425186178643e+02
1.583117588553684527e+02
1.331453115033667018e+03
5.632874064881780214e+02
2.938131285566529982e+02
1.598849817341517792e+03
1.528728472772812950e+02
5.082699548615394036e+01
1.678941411427732930e+02
1.581036428326430268e+03
2.126764449865865572e+03
1.111420432125144544e+03
2.652298552183722222e+02
1.930602566212253805e+03
4.737537756778363587e+02
4.426914324079601784e+02
3.842063763164667023e+01
6.069978938858197353e+02
5.047705110598486300e+01
7.820865782870278053e+02
8.716488686377894055e+02
2.358478842066722336e+02
2.502978669581395650e+02
7.222466717845377104e+01
6.033585582332489849e+01
1.510585157218982886e+03
1.288440408094180839e+03
5.860694400734411147e+02
2.210852943316008350e+03
2.048203754293769634e+03
4.356483863521997932e+02
5.082682478244744743e+03
1.930860432478079019e+03
3.553311722127176040e+02
7.587359786053148127e+02
8.856205252515972006e+02
8.069239243193630955e+02
3.262306503034245452e+03
5.604480616782512925e+02
1.945528217213322705e+03
1.977734191483098812e+03
2.282213615849921098e+03
5.783544730287802622e+02
3.516496063931523963e+01
4.056459476381560307e+02
4.859032436882259987e+01
9.924572614092151071e+02
3.099852806395714651e+03
4.785922770687287766e+02
1.220645294202959803e+03
2.691330779403907854e+03
1.996943799239326154e+03
1.455935847659360434e+03
3.252098890570437106e+02
1.277345247303128275e+02
2.682579525645048193e+02
2.410313504207313599e+03
2.531623615504447287e+02
1.617837304290118254e+03
3.399659074142460327e+02
5.879653513266493974e+02
1.278683987454604221e+03
5.028629046118202268e+02
5.786278124941663918e+02
2.133362204823250067e+03
3.507518061767833615e+02
1.081041688590143167e+03
1.426523298243213844e+02
8.023420293486213950e+02
1.258533578442229128e+02
1.769749839209676338e+03
2.975538075217564710e+03
5.638725069315598830e+02
3.502800449101794129e+02
1.424719827350517107e+03
1.076599995572503985e+03
8.978790296845827470e+02
3.252978218759965330e+02
1.949397907011550046e+02
3.531200173223933803e+02
2.431616772551084978e+03
6.890538551406598344e+02
4.921173355685253341e+02
1.390505222669810905e+02
7.789426076678701065e+02
9.332300404132739686e+02
2.592422864772866546e+02
6.542182116837849435e+02
1.689152119216680376e+03
4.696023324608895564e+02
6.552576071480406483e+01
2.660634603229050299e+02
4.149231851562052498e+01
2.964298935184483526e+03
3.560260258759574299e+02
1.539832820827476780e+03
9.606645682367145582e+02
1.598498896939463066e+03
1.091807861811522343e+03
1.990279293573451582e+02
6.996236803431964972e+02
1.139061805350964732e+03
4.173198894038563367e+01
6.580143559802957043e+02
1.623804734712303116e+03
6.831140808888685569e+02
3.299589296504750564e+02
2.352379567218732461e+02
5.808349471145024836e+02
2.232148723188037820e+03
4.905285496090467063e+02
5.192104146882657005e+02
5.769711818116984148e+01
6.272399275135562675e+02
1.035472555065642553e+02
1.333539024371937330e+03
3.256913842818545390e+02
8.074378920920071323e+02
2.125136152614322782e+02
3.796866850325678797e+02
5.269189651077407177e+01
8.195191501358535788e+02
4.500270250057542398e+01
2.033680163401862956e+03
1.473082285341122315e+02
1.480222748247387017e+02
1.587331363469892949e+03
7.815044766256130515e+01
6.172070984456458973e+02
2.025211092543069753e+03
2.268984113943543832e+02
1.554760351037960504e+02
7.436887706501424873e+02
9.022757083419372748e+02
1.836602614502353845e+03
1.787728322363720054e+03
2.899827341950655182e+02
1.286746427197819855e+02
5.176283939340798952e+02
8.146556204645600019e+01
1.354235231873836483e+03
7.135263853382193133e+01
8.292908399350449145e+02
1.194732467867379455e+03
1.496789008726893599e+03
7.193505100442558842e+02
9.232922046188060676e+02
8.214005615352831455e+02
2.728005765936343892e+02
7.356012538961258542e+02
1.135943006883383305e+03
3.515000586854420135e+02
1.046831855536492668e+02
1.860249036898408349e+03
2.293205838888864946e+03
2.664824088997688705e+03
5.666473128874653185e+02
1.618286197508353780e+03
8.776057654799978991e+01
9.688234849929887105e+02
4.805839187563609016e+02
1.265699215594499492e+03
4.660929374004978172e+02
1.294015758381999319e+02
2.976948058768143142e+02
3.896035330696527126e+02
2.250526968459903188e+01
1.151862353632733857e+03
1.610673253356920327e+02
5.683300276511528182e+02
8.109855085126317817e+02
5.579846409207473101e+01
5.368012955337306948e+02
7.627581720323888703e+02
1.273783330784271357e+03
4.469292552237564564e+01
8.742271865149068617e+02
9.403132121533988084e+02
5.349423672724197786e+03
1.248886623996961362e+03
2.047923439723916772e+02
1.482148505235887342e+03
7.055608754157528892e+02
2.058790304698154898e+02
9.270785661081181388e+02
6.132982195399368948e+02
8.267555690411093394e+01
5.539536681789426211e+02
4.822867059270511163e+02
7.410418093615699036e+02
6.301593024161074936e+02
5.674120336295419520e+02
1.166706373037745692e+02
2.467448693445682864e+02
2.442773309191062197e+02
3.779763222811035348e+02
2.162500632633656039e+02
4.715515465475318706e+02
3.815425472111431191e+03
5.361490714783853946e+02
7.228292356599407640e+02
2.221919131005462532e+03
7.385452115051797364e+02
6.197894830015522984e+02
1.218774944023240096e+03
3.385946053283630590e+02
7.229556445095088293e+02
5.937287930834703502e+02
6.474074806338475128e+02
1.462590856594316620e+02
1.479948409003288134e+03
1.880428306681061486e+02
1.522859619988629447e+03
3.543303399803970706e+02
5.953371532408776829e+02
1.386642320146397878e+03
5.069158289317591084e+02
1.332702498093403847e+03
1.808972502143743668e+02
1.281451914407809625e+02
1.426111918717378558e+03
1.011815464593269439e+03
3.850190197712611848e+02
6.446876962243745766e+02
8.517078348803573817e+02
3.384954447166105069e+02
1.005971581980210630e+02
1.064253523495811123e+03
3.422502632902613868e+02
9.483728531432057025e+02
4.025703688674487921e+02
7.502307647542186260e+02
6.616847261101437425e+02
1.219747886055397146e+02
4.883187447046132235e+01
2.033369502730632519e+02
4.219414035491368509e+02
8.961912115089714916e+02
1.965915317536803855e+02
7.523494374394744000e+02
1.382884402576224375e+03
8.756639642157678054e+02
2.518766664671104252e+02
1.925552379785247012e+02
6.900116183352769212e+02
8.621531646224411816e+02
7.627228654532258361e+02
6.804589138881769941e+02
3.226891994283432155e+02
1.104684954337793215e+03
4.543497744105454217e+02
2.988548351798014551e+02
1.932444467482178425e+03
9.456083725709149803e+02
8.234078065078433610e+02
4.048489434666350917e+02
8.175767953459628643e+02
2.863642050891767212e+02
1.502366117632802116e+03
1.314130415909482053e+03
3.378913324562362277e+02
1.223254253270648860e+03
1.157195075578999422e+03
8.192340095233142847e+02
2.668348540705508753e+02
5.860637135657466388e+02
5.807556862404252342e+02
3.773093844715430123e+02
2.841455223523422546e+02
3.098776134223098779e+02
2.474707362552686050e+02
6.702195429739543897e+01
1.004363442737338232e+03
4.059548786375735858e+02
2.358129979415365938e+02
1.258313565171413302e+03
1.078896133800334155e+03
4.812030136273354515e+02
1.842264625211068676e+02
1.489027433203249586e+02
9.258683672676940546e+01
3.680892578497953878e+02
1.065168392679702720e+03
8.900430793122960722e+02
5.143252713051878118e+02
2.522641651893137805e+03
4.257425141160263138e+02
3.833267485977660272e+02
1.183011996496978782e+03
1.967178542352332329e+02
6.433834091762212211e+02
1.104804992312892864e+03
1.287948237103625218e+02
7.327018115609172355e+01
1.489927156780088580e+03
1.742373764314691698e+03
1.890500347556033489e+02
4.920585117927481633e+02
4.697677747120991398e+02
8.469202328786857379e+02
4.728250316460607223e+02
6.549172896107884867e+01
3.048276610314665049e+02
1.528363171275049694e+02
1.315227325752651268e+03
9.491080349958889428e+02
4.612025894495515672e+02
4.214532628587088539e+02
1.792969046185820332e+02
9.303279395474263538e+02
9.740309418727878210e+02
7.778350702906061542e+02
2.227870322261362162e+03
1.913093476615836153e+02
1.828584037482067117e+02
1.009955275320690475e+03
1.497072504939229134e+02
6.735496582251081463e+02
9.835739916246456005e+01
4.276147162500030277e+02
1.304639710601915112e+03
1.123840787971043028e+03
3.247224611815011031e+02
1.524148081965976871e+03
9.797583733331597386e+02
5.172315314578169136e+02
2.065936440264798875e+03
8.137433792004536599e+02
3.683902129848682989e+02
1.034140002993274692e+02
2.522458955412131161e+02
1.011098795045073416e+03
2.573372499584432944e+02
1.215540567359765447e+02
1.064477164183579589e+03
7.750032805138749836e+02
4.027381790966167614e+02
5.528059856869381292e+02
1.047646443899072324e+02
8.588901554684418898e+02
2.206107448731718534e+02
1.472001904044250523e+03
4.106793725282100240e+02
6.813424213810997117e+02
1.393783729744369850e+02
3.522878893689748111e+03
7.951131850054691768e+02
1.233054678362671439e+03
8.625964479679117858e+02
2.612308373142578148e+03
2.477720567671133836e+02
1.906053154871644438e+03
1.596526086003789032e+03
7.372993303737879955e+01
1.438595303374937089e+02
2.434077868616685919e+03
1.381416856074213513e+02
1.303915359138012263e+03
2.758635515597794097e+01
1.753230360833316581e+02
1.605538572274684839e+03
6.410221967585745233e+02
1.476462540453148904e+03
1.637488942382972255e+02
4.422337551072021142e+02
2.232789019472803602e+02
7.029855240537513055e+02
2.844307047417310514e+03
2.854408065556284328e+03
2.431395363881738092e+02
2.138091775267028538e+02
8.510554005091680665e+02
2.765462019800441453e+02
9.632207580676316638e+01
5.119951850373445268e+02
3.051453693236317122e+02
1.590753254258802144e+03
4.470790297052488427e+02
8.664259819510268699e+02
1.083747834338126040e+03
5.760925533988499865e+02
9.777898227563786122e+02
4.505429162667539345e+02
5.445532956365652666e+01
1.194333224118409362e+03
1.649671582403518869e+03
1.383533435902987776e+03
1.742437634704978336e+03
1.195864378218050206e+03
1.963750210983845136e+03
5.617303357481731609e+02
4.860785801536685540e+02
3.954869764857108976e+02
6.053290605453215676e+02
9.221909311238690634e+02
5.555502736687744800e+02
3.354086053305198220e+03
2.080363647528521369e+02
1.428648286889104156e+03
5.253361433228096757e+02
8.139473475204343913e+02
1.439797396488802633e+03
4.462542323893604248e+02
1.469079175663560193e+02
3.205078284440839411e+02
6.306212272040874041e+02
4.805354688259801037e+02
4.452674825563335617e+02
5.631385617350616712e+02
1.626742521599728661e+03
5.665808714805018553e+02
2.441741330607953842e+02
1.570995678181102448e+03
1.609951043074176198e+02
3.380426347613542930e+02
5.195908573547417291e+02
3.099653401063406832e+01
1.622402777850765005e+03
5.556731951052582872e+02
5.113206164006550125e+02
3.344231961143377703e+02
1.564346550732312835e+02
1.039038443398009349e+03
1.735184424309759379e+03
4.363199159064422616e+01
2.415506519929563467e+02
4.416809385722019101e+02
5.122896861111864837e+02
3.408112348921728199e+02
7.564840329624873903e+02
5.434818796988337226e+02
7.696888027625749373e+02
6.294168816870400178e+02
1.017575721076695572e+03
2.073291179727207521e+02
2.240867525001983722e+02
3.676824378152551617e+03
1.575345797697800663e+02
1.571347788815446393e+03
1.581595854452482627e+03
1.250082146515381964e+03
5.678630041771087633e+01
1.956690152872371982e+03
3.655904254693738409e+01
1.573943981066700644e+03
2.596571634404074302e+02
9.100970779074022232e+01
1.677991648212680502e+02
5.847136465319874787e+02
4.270241838543738595e+02
2.049446460272945103e+02
1.136298267777531692e+03
1.227946114525804205e+03
1.705480585049659112e+03
1.016454892624268609e+03
1.648147962625768514e+03
1.998467964657550283e+03
2.075600421578275927e+03
1.433811120622686701e+02
8.001509435426481787e+02
3.623770036363314375e+02
2.929390529790603637e+02
3.846361090107511700e+02
4.853969316578234157e+02
1.551687203433502589e+02
5.468288040819868456e+02
2.524859335442818349e+02
1.802348831552878892e+03
4.779344820733891197e+01
4.697690683659172919e+02
8.295329465134556131e+02
2.478945096606231004e+02
1.561036321108975017e+03
8.217311325676768092e+02
5.780377272511913134e+02
8.070185925670128313e+01
4.758519788112383253e+02
1.064110205062949490e+03
1.014378641514072228e+03
4.480942595454416733e+02
4.161682867203101210e+01
4.668804773221239657e+02
1.587518956683182978e+03
5.021091175981685950e+01
2.627542242784134942e+03
7.520031061187557953e+01
1.315838387219896504e+03
5.250701673949359929e+02
1.674024843244497561e+03
8.607143498985662973e+02
2.367392246247962078e+02
1.159175176540163648e+03
1.307173949934566508e+03
5.096558345225844278e+02
1.209883427659101926e+03
1.997133245641095414e+02
6.666688131228273733e+02
1.684582378581146031e+03
4.247717331435408710e+02
1.534218761752832734e+03
1.342806455444687799e+03
2.213844170127030793e+03
9.545193359358961516e+01
2.089547395536254498e+03
2.746568036820155157e+03
3.771988327699124284e+02
3.954472856703713290e+01
3.637109777061358500e+02
1.590597998838557601e+02
1.703867434600197157e+03
4.605430666946105589e+02
5.310749221855558488e+01
1.506851049506374693e+03
3.200572356673214927e+02
7.608465383924616390e+02
1.263852239140282734e+02
2.157839498535537643e+02
2.663031953774074054e+02
1.036033694703965921e+03
5.532249861024673692e+02
2.222494042152588463e+03
8.508169225287816744e+02
2.775097092408268509e+03
5.569561741750360397e+02
1.150830107904544775e+03
8.813244636459363619e+02
3.548419058197053459e+02
7.515787737044192909e+02
1.848444635133002976e+02
1.077957473413367325e+03
1.564818355190179773e+02
1.588189376332891527e+02
9.957236206919344568e+02
4.091790868638049119e+02
2.472402998653366808e+02
3.352515841584911868e+03
2.757998788324655948e+02
2.974693147716238286e+02
4.493677776351652824e+02
1.067534636189998764e+03
1.068078773221302072e+03
2.387459322263678416e+02
1.437921646379985532e+03
1.053875973026515794e+03
2.565990280855771289e+03
1.712408933860816433e+03
7.890454018444813755e+02
2.203633601390384683e+03
1.477474035601585172e+02
9.574681142836391246e+01
4.691729343803190204e+02
1.565076180022712379e+03
2.120461367019931629e+02
1.288271731298456871e+03
3.885724589455202818e+02
1.355688069231655618e+03
1.085080919604926521e+03
5.504634033517685339e+02
1.108864344311156401e+03
2.956695454989763334e+02
2.114369199676674725e+03
8.727786198712169607e+02
3.737568796907859792e+02
3.161676828578367804e+02
1.057042375374442713e+02
4.843121336018843976e+02
4.250067871897232408e+01
7.236982117586263712e+02
3.325736427406746429e+02
1.394987530105401845e+02
1.807631834327488320e+02
5.960497388675188546e+01
2.512375244138456765e+02
2.606446103949921280e+02
2.843639169659129493e+03
3.107503232605023982e+02
1.211840270289802447e+03
2.568861226318406352e+02
1.564462232971428648e+02
1.312166240021671229e+03
3.548359778862075018e+02
2.817396412621786794e+02
2.409977903327502702e+01
6.281575914738914435e+02
6.257377380918722309e+01
1.304749950780741869e+02
3.325738448492361954e+02
8.943567162257404561e+02
1.410989485917454431e+03
9.728190872840640395e+02
5.388376072308060571e+01
2.562303449480329576e+01
8.065273373413527906e+02
4.279291610129669721e+02
9.472651029422127067e+01
1.618591778432694070e+02
1.736598549392889936e+03
1.129095321793803805e+03
5.442319342472582093e+02
1.433860786353877302e+03
6.797737876251325417e+01
2.327309822240039239e+02
4.542345600053167232e+02
5.434364283756586929e+02
7.701377121197457143e+01
7.139865750926318242e+02
5.046576315781008759e+01
3.996054288200782025e+02
7.343782663962576862e+02
2.607836688496939814e+02
1.127129348640990258e+02
2.844836485877914583e+03
2.180194100988723278e+02
7.976006006883333157e+02
1.905677705322695374e+03
8.482716546859289792e+02
2.271538388726745836e+02
9.731483737553910487e+02
2.369723851413146804e+03
1.163883365426258933e+03
8.345564479574474035e+02
7.612500122501946862e+02
2.856184308100961289e+02
3.358165500996130390e+02
8.825151147161130893e+02
2.662085864932488676e+03
5.433532719025949973e+02
1.208295002712710584e+02
2.572835863337892306e+02
4.794192418471169503e+02
2.635428514519543569e+03
1.651228748820314649e+03
2.187537179803523486e+02
5.013661491454250836e+02
5.588757468240445405e+02
1.535355537566380690e+03
1.739637745339234016e+03
5.841555990081553063e+01
1.273212917881716351e+02
4.168993431048001526e+02
4.590318446838780915e+02
2.542135375912995187e+03
1.379830681067756359e+03
6.834911074891429053e+02
1.214770519608706536e+03
2.299376722935332509e+03
1.293202815734140131e+03
5.212335533340650500e+02
2.278690689961025782e+03
2.149329699525953572e+02
1.907559769906362817e+03
4.137640976560319928e+02
7.356265178880061057e+02
1.468469778205110288e+03
5.769669842087997722e+02
9.882836632730665087e+02
2.579940803644063863e+02
1.225355537621984240e+03
5.056964671630596513e+02
1.708586631244286025e+02
1.329218763741650378e+02
1.785042077055285063e+03
1.063967435861718286e+03
1.357931563573684208e+01
5.903986990482029569e+02
4.826716724345515104e+02
1.866591512565294408e+02
9.964449789297805182e+02
9.282585027451136739e+02
1.434342984121242807e+03
1.707152719740424573e+03
2.502319544907451018e+03
1.082250760553533155e+03
6.395193311710156649e+02
3.936633824946669336e+01
4.668722467526352489e+02
9.370307585886368997e+02
3.686474029484255880e+03
3.718893214243357903e+01
2.303061242995556199e+02
1.004007803330955880e+03
2.741104343087946660e+01
7.445264328624908785e+02
8.712871271137531721e+02
5.452287679643240637e+01
1.764211632873977351e+03
1.015528726800834193e+03
1.426313463942317412e+03
1.158172070458808491e+02
8.519513234000794455e+02
2.813418602093286154e+02
1.862063096601426651e+02
1.563266716532152998e+02
6.009300009593931691e+02
1.142153099353576948e+02
3.565850419841644907e+02
6.239816197880541040e+02
3.146541193781659786e+03
2.009897776120067647e+03
4.686650204987877260e+02
5.929049040713958902e+02
2.501674910120102595e+02
4.788694871653443670e+02
1.261987926065696684e+03
9.461524480311733498e+01
2.264652765344620491e+02
3.505836954101791036e+01
1.260871919787190762e+02
1.519931821539983332e+02
2.059816693994325476e+02
2.045248324624020597e+02
3.097142642483642021e+02
3.823554350235289121e+02
6.793069101644050534e+02
8.406596519024298004e+02
2.754432010339216504e+03
