2.393086174194973381e+01
4.628888606911428383e+01
4.849686189546174120e+01
4.830328805117775204e+01
5.231721149993071407e+01
3.177520806705323864e+01
5.232765425699458461e+01
7.210013780825822494e+01
1.201269862081232844e+02
6.265233142639353048e+01
8.200540458862519699e+01
5.907607990171427303e+01
3.646319983114324970e+01
5.699194096259944331e+01
4.617784661176834504e+01
2.087893453429677137e+01
1.177228193153670759e+02
4.182908264205848070e+01
3.943200091367424420e+01
1.043743410336490740e+02
4.607450054406225348e+01
2.829727860698164577e+01
8.781716905569226128e+01
4.374299608645082316e+01
5.235066741822238612e+01
1.784753507905491290e+02
3.401784581772421490e+01
8.648604817003806033e+01
8.999774894783355705e+01
6.105029181951106665e+01
1.038581404306969489e+02
7.264104156308226834e+01
9.097938222769319339e+01
5.897480559025148494e+01
9.696015782868212796e+01
6.534684098101546113e+01
3.929273516193105564e+01
5.935095224807106007e+01
2.469870698300099576e+01
4.963311860203479142e+01
4.267631661600825765e+01
4.978994797566866737e+01
5.560331282225955363e+01
6.492158875231980630e+01
4.818263613070972440e+01
4.929851689542248039e+01
5.243650997763374022e+01
3.269033075286045431e+01
8.829085049743953562e+01
1.577478266475427233e+02
1.203473181876100142e+02
2.509367907039650731e+02
9.164448449264232011e+01
5.894628475622963037e+01
5.306335297365686188e+01
4.547468541282911758e+01
3.286422130502436545e+01
8.472006369983297702e+01
6.531973869038050395e+01
5.881124657232714981e+01
5.032274335148100164e+01
1.302156156090769628e+02
9.552296162935668633e+01
3.164192598378469157e+01
5.189905819457407432e+01
5.744821072346762492e+01
7.473228387170890130e+01
1.438457919795298210e+02
1.767590454960895556e+02
4.233784507196040181e+01
7.828051672775787040e+01
9.482210074465724858e+01
5.731717456595263371e+01
6.568401344451355328e+01
5.087767521546809490e+01
7.902176226640607126e+01
5.394171106205313038e+01
3.142760295027884254e+01
5.074479502384183860e+01
9.091391678982760993e+01
5.630320720488439434e+01
2.991320009082294362e+01
4.830932023693498678e+01
8.126093577616792629e+01
8.441831420486234094e+01
5.052932779619744252e+01
6.018421500685785475e+01
1.459302412282344505e+02
6.046778991124412528e+01
1.248487809551397731e+02
5.406118202887444824e+01
6.452803256414875932e+01
4.907160606833802063e+01
4.079046390562133695e+01
7.756147492679298239e+01
3.322675317067525924e+01
4.547195146836088497e+01
1.214988216361120976e+02
7.879553595969460389e+01
4.399708001224794174e+01
1.632807942132869243e+02
4.357747129077269221e+01
6.050285696602468022e+01
4.511647388241772916e+01
6.057291939211090437e+01
5.622525860362188865e+01
5.890461225653715616e+01
4.991600511628848835e+01
5.863335899263100259e+01
5.597935680740977915e+01
2.705548310446624072e+01
4.534438406835614188e+01
3.689604280425820093e+01
1.069446111204818664e+02
3.408675483392976702e+01
5.820615620094540077e+01
1.078550255079666442e+02
3.465425028450266609e+01
1.116337405108135812e+02
2.944132950646485369e+01
6.277349600736247481e+01
4.272410122017869583e+01
8.410818469010206400e+01
2.638927775405302256e+01
8.649700149554470840e+01
5.087563716512722323e+01
4.205349749377023016e+01
4.496275201427415880e+01
1.945146588936463061e+01
1.066797834200394988e+02
6.682203725698073526e+01
7.877478441807660658e+01
7.457856097163542586e+01
1.485401844128841446e+02
5.370255132232328066e+01
9.946477909580272581e+01
4.168966231724865423e+01
5.530665150884008341e+01
7.893327233533788956e+01
6.910669985453964159e+01
7.365195714008581263e+01
4.261460258019483405e+01
3.420171123002785407e+01
4.459496081248769883e+01
6.906294980980985088e+01
7.841641862333230506e+01
3.818029575798820474e+01
4.290558368059019756e+01
6.929597679542185062e+01
1.026870327439259256e+02
4.232367337017108611e+01
6.076916724251940138e+01
7.113283106123040511e+01
1.021314083223204534e+02
1.096742349852061551e+02
1.016081225065106821e+02
1.830000377079276461e+02
4.648093473651075413e+01
5.052739937652877700e+01
5.235827990835911550e+01
3.794841499418954101e+01
7.189385515065201560e+01
9.629053776452667535e+01
1.035264961101495516e+02
4.875403943135852103e+01
8.454961150729830877e+01
6.712439864834382774e+01
4.056938513277714264e+01
6.787829990896962329e+01
5.248227730722743445e+01
5.632988945725689689e+01
6.579295524652039262e+01
6.059781820752521497e+01
1.167593778101552431e+02
1.265994808639959217e+02
1.110409706408645292e+02
9.541795505369509556e+01
7.680061174639027399e+01
1.174620413860551480e+02
5.521278761042709959e+01
3.924903988235918462e+01
3.323658879522540133e+01
1.683012041938581547e+02
4.256470237271807378e+01
4.573242092040833739e+01
7.134573628164324077e+01
3.820925597912673055e+01
1.013134470997622145e+02
1.458873209867457490e+02
4.226706179484008885e+01
3.533318288228100812e+01
1.920389416780553233e+02
9.521219850648118666e+01
6.867698206380106285e+01
1.750673621724816940e+02
5.882905130370493652e+01
4.498953630971001871e+01
5.598828663649263149e+01
1.090600723699533177e+02
9.974809821259474063e+01
1.362916144236282605e+02
7.995697708971987083e+01
1.122223712449984561e+02
7.517292727275494713e+01
3.415381144892801757e+01
3.684757014549769849e+01
9.823269508833890029e+01
7.680706865880840439e+01
5.800464995916355093e+01
6.396480147076736955e+01
7.666467710941310543e+01
6.866647254190739602e+01
3.544115238442437743e+01
5.979828289001218877e+01
8.664707172286352943e+01
8.238220894193415234e+01
8.030138903664229133e+01
9.106428562825301753e+01
5.870746457921203643e+01
1.370248097126544451e+02
9.397789879770517985e+01
4.036688913377912513e+01
1.354894034389680542e+02
3.895391057280991021e+01
7.732289916979688371e+01
3.246093145171695937e+01
4.977881518633153490e+01
7.884986699351320283e+01
1.182273920757932757e+02
1.289279275756217942e+02
3.127929922778173122e+01
4.753193471508649992e+01
3.659479407254784888e+01
6.836526868511508326e+01
2.455159755884275441e+01
1.110783219575630199e+02
1.042349691401478680e+02
1.079445286291151120e+02
4.085214292346525866e+01
7.316127243859168061e+01
4.156428921790849529e+01
3.333083539725195976e+01
1.208264990024935202e+02
3.601391341178575090e+01
4.336877276744472454e+01
6.137333435005057680e+01
4.753693586130582105e+01
6.063472922121583508e+01
8.634948872232627082e+01
3.787085956724367719e+01
3.911339060249047606e+01
6.078263418772186100e+01
5.974483455127757736e+01
5.849729833194275130e+01
3.851695087293688857e+01
1.056958074045909513e+02
7.896876165812425086e+01
5.233395396142112332e+01
8.377359778292726844e+01
6.835288825245899602e+01
9.533037259650369322e+01
6.848362973329420811e+01
7.800369125170479379e+01
3.121192946482058517e+01
1.091351165969848438e+02
4.368678490352296251e+01
7.525678128884875662e+01
8.064783974464718597e+01
5.933693760993963195e+01
4.262507338193265127e+01
9.511229198102250848e+01
3.146901795953612080e+01
5.619126596982935240e+01
6.208038631367445248e+01
2.072706907050610710e+02
6.765758240707340576e+01
1.333695265164513728e+02
6.336278805703285144e+01
7.514846894027409974e+01
7.381627106233491986e+01
4.193540037138863852e+01
4.843870142743566021e+01
3.280535108604864547e+01
1.168174098282378992e+02
1.752058839149840708e+02
1.010358195715099470e+02
7.009317562778841193e+01
3.087062555773092143e+01
7.595255446690505607e+01
7.759182711718000292e+01
3.575679601365396110e+01
1.870349719350666646e+02
6.433866337109245137e+01
3.244183097212928857e+01
5.455614849867784955e+01
2.623307765820096549e+01
4.008256279576737313e+01
4.554380248633534478e+01
7.740656466178704420e+01
7.907500335264055025e+01
1.000897095874369143e+02
6.603151572230039790e+01
1.259160928959165915e+02
3.692094396706667681e+01
7.843497265693312670e+01
2.922242186313278722e+01
8.333914069816887604e+01
3.776659756159982351e+01
9.974847024999422729e+01
4.144244337188715122e+01
7.277133936749019938e+01
6.787003932286573615e+01
4.530226253109397305e+01
5.628128492128601579e+01
7.184858026080370053e+01
3.004098658889791551e+01
5.328126067384498299e+01
6.759170860505879830e+01
4.675715941584743973e+01
7.989129924291229656e+01
9.986805299560887761e+01
2.144633022021039181e+01
4.172969564641722684e+01
2.903201246699795490e+01
4.207287264374531333e+01
6.705352033848120641e+01
3.825847698070695202e+01
8.978116102741859095e+01
7.661900043227750245e+01
7.509791869346346971e+01
1.220035373656083948e+02
2.804633930051250701e+01
7.149425098208219254e+01
4.316290443677284117e+01
7.442972006937601748e+01
9.026543665167578467e+01
7.586940932642812641e+01
2.827916976578415031e+01
5.500004541866923091e+01
6.713651194291819024e+01
1.068108873669548018e+02
1.658822967922704379e+02
7.924646771494356301e+01
6.380875365621967887e+01
3.151053557890509182e+01
1.004302556583089938e+02
2.841082415247173643e+01
1.597597360565428914e+02
4.515613640090504788e+01
1.271603450062785186e+02
4.027607497882117116e+01
9.439077202411037604e+01
3.823629096516608428e+01
7.016346213119365416e+01
6.306290784609622335e+01
5.581693848620457032e+01
4.808326961179835024e+01
1.451535303789794114e+02
3.287172079504455979e+01
5.270417284103735511e+01
2.225369016708455661e+02
1.039385029144690833e+02
1.716389823331187969e+01
5.651868210394636094e+01
6.836980553277702199e+01
6.004544617565227327e+01
6.412540430484332887e+01
4.944034342553257488e+01
4.208137771333925770e+01
2.509787253940677090e+02
1.127113623039076202e+02
9.866403648885223276e+01
9.885853561119274957e+01
6.046077014732186683e+01
1.073924722017690527e+02
5.637439015547886356e+01
1.271697071908942718e+02
6.556465951259893643e+01
4.765626948009909825e+01
8.492955028392412942e+01
1.474767240991229755e+02
5.516492531765286600e+01
6.871626146706834959e+01
7.230663504500753902e+01
5.194849878411850597e+01
1.763414783349655011e+02
8.128428090646346504e+01
5.691688703714358866e+01
6.418378967643586464e+01
4.557554517192367882e+01
5.334296289810642833e+01
3.698335814336991945e+01
3.845860738112253330e+01
3.923427297758241394e+01
2.794819352560352854e+01
6.754662550465265269e+01
3.558476868043256758e+01
3.648855163274630087e+01
9.406667070034804112e+01
1.021698010279043984e+02
1.561844267314583306e+02
4.181813826382209953e+01
7.813619966157821750e+01
3.102067579464398506e+01
4.900800240474546854e+01
6.729076584446983134e+01
9.187462017328991237e+01
1.187924632299386616e+02
6.301130503172818464e+01
9.531479273738007407e+01
2.102094299194321252e+02
8.110487111649493386e+01
1.643558317608054153e+02
1.202603921477021203e+02
3.899610266517408519e+01
7.886383399531951000e+01
4.139304366044952133e+01
4.107058369896986960e+01
7.500150372303714619e+01
3.705978776325358837e+01
5.260449738398111919e+01
6.377358208323709476e+01
6.097113266727019720e+01
1.249416277443514645e+02
8.329844086298270156e+01
3.572101226614874747e+01
6.579129755438962945e+01
2.715604736410235986e+01
1.316181061747352885e+02
3.132548919120627318e+01
5.277761722996775262e+01
4.719197822354246341e+01
6.565163809853518728e+01
4.856694439087459614e+01
4.284179013672420666e+01
6.567863917835983045e+01
7.104061773007941838e+01
2.913469798106534725e+01
5.038968512711080194e+01
1.911361598476193819e+02
4.367203957979864271e+01
7.126680273947826549e+01
6.332228689932394872e+01
1.837521139917781099e+01
5.524422969164165664e+01
4.007986571262189557e+01
5.130096696500858400e+01
2.402408387065754525e+01
5.288754670919939826e+01
5.207476993782087504e+01
5.554685259058662439e+01
5.006517596302912665e+01
6.475188041091992375e+01
5.121349274838791388e+01
9.366416146506536222e+01
5.567975255991393624e+01
7.560557966147665354e+01
8.569013372205037626e+01
1.557021973376821506e+02
7.753487899440874287e+01
2.932375026475455826e+01
6.617510242655366426e+01
1.498697003586818823e+02
6.792323685694962876e+01
1.018125458060272024e+02
4.445471183577264895e+01
8.681725812064277648e+01
6.511619097036756898e+01
1.217208673818409750e+02
5.152499554945114824e+01
2.615859558208288860e+01
1.758223050186222451e+02
6.319178970609611667e+01
6.827926950867893652e+01
1.065378880803059616e+02
4.554776315217734606e+01
1.056865433992943366e+02
7.366651626368964401e+01
6.806158451840344981e+01
3.147558541168366375e+01
6.040892959935696638e+01
4.598943417539753398e+01
4.847327426444194742e+01
5.748621738595761599e+01
2.395072899668261357e+01
5.501954947452281175e+01
8.837950144576097955e+01
3.393977271427183950e+01
4.068573259395578390e+01
7.224408368733342911e+01
4.124646879765368368e+01
9.523874278097369483e+01
9.386373252266217548e+01
5.629469458985033725e+01
4.656482923733575774e+01
5.860289637931735029e+01
1.007397120730508533e+02
3.817381609334425718e+01
3.486336398071388487e+01
9.797143793479101248e+01
3.007927319071422190e+01
6.927791526368653763e+01
7.217834350316806535e+01
5.031052629488714700e+01
6.253758290592497104e+01
6.954407001632290530e+01
8.222802572010523647e+01
1.251312702602750164e+02
1.000538149495114340e+02
4.762091651508151102e+01
5.276490500666139383e+01
9.973399339080401660e+01
5.901067095843502841e+01
5.418796158212503400e+01
9.702086223194233128e+01
1.752806096869403234e+02
6.286082370780884077e+01
3.900006253144865553e+01
5.996375394876837106e+01
5.264349640563972343e+01
6.545619269079028868e+01
2.896569011567773089e+01
2.810165320039913084e+01
5.496255696240309874e+01
4.983633582217634483e+01
8.930369710316685428e+01
3.778721587727706321e+01
8.400594753369698253e+01
4.886950916625574592e+01
1.066750245721414387e+02
3.871743166641932987e+01
9.599242441159145756e+01
5.750942849473107543e+01
4.848687691074081840e+01
6.531108777576405089e+01
6.342011409106700626e+01
4.887189795268408687e+01
7.288638097737077715e+01
4.274300463493252522e+01
6.297000344645609005e+01
7.163978364125406983e+01
5.442790799230549936e+01
7.877092935219098990e+01
5.025088549570037344e+01
2.339290544857063381e+01
4.425609449085340685e+01
7.719117166345266412e+01
4.493232546686419226e+01
8.524143546381445447e+01
2.610076020546231845e+01
6.869851452483315768e+01
7.119983546668433405e+01
5.230058692243364504e+01
6.106992798076094431e+01
7.358239313081755029e+01
3.957600749610008251e+01
9.763534874629368687e+01
9.515071947646231365e+01
4.080891776855211361e+01
4.949690163822549493e+01
8.611664657883193286e+01
2.639791813672746201e+01
6.104294128317881984e+01
4.262746232369386945e+01
4.994975353925857320e+01
5.246668644107097634e+01
8.203869968874818142e+01
5.124808843967662142e+01
6.476675518981312507e+01
4.115024848939806645e+01
1.073472337880184568e+02
5.024275095086926513e+01
5.176187669380183110e+01
4.659350583049248939e+01
8.613091751376994409e+01
7.753307412083948691e+01
8.887413692676997812e+01
1.063502300805619285e+02
6.612904830552582780e+01
1.143421801367337025e+02
5.994332808606608154e+01
5.784203102649796335e+01
9.138596670183011383e+01
7.007953309895988525e+01
8.773328020389922699e+01
7.226347935946257905e+01
3.391523557424413582e+01
9.539384616902597713e+01
3.951965303626235482e+01
2.524833963987290986e+01
4.015949529892160541e+01
4.768108728648667949e+01
4.283267133159043993e+01
6.992727358840727447e+01
4.105314606344236239e+01
3.327043296775050152e+01
6.203042554134636077e+01
1.204793183853995941e+02
8.828302701247375239e+01
6.249731016946751794e+01
6.937518479514163516e+01
4.263521934640113642e+01
6.109772832722048719e+01
1.380848142353769674e+02
2.751750355752569632e+01
7.308227731618286782e+01
7.653946684635083386e+01
3.240106921635322834e+01
8.628081742120177466e+01
6.566658614808737582e+01
5.317749745454807453e+01
3.721657089612291713e+01
3.798926331521284538e+01
1.546520133487893816e+02
3.403187539888505597e+01
1.188738289459192572e+02
8.100672775737757547e+01
7.837116922331753699e+01
3.924763023883779312e+01
2.467118135534967038e+01
5.070107450624233536e+01
4.354507771968142293e+01
5.697709049840457141e+01
7.195169225740880847e+01
6.618095069400270347e+01
9.677390252807285265e+01
1.159527750263697783e+02
6.563448488753964227e+01
6.662341334857845254e+01
4.750349083152684670e+01
9.923351723382947398e+01
8.080002638410697102e+01
3.494373243158831599e+01
8.132660749169333769e+01
5.489833842910118022e+01
1.322596215599318441e+02
7.114088272789499001e+01
3.529319608140251319e+01
7.034712701423443093e+01
4.409103577900813775e+01
8.481863157754398230e+01
3.012567096452495008e+01
1.399922890740131436e+02
5.433557138029282640e+01
5.760242169728785200e+01
5.759919823713109110e+01
8.071822851906463825e+01
6.407075458295894066e+01
4.131004589681547401e+01
1.105206091871872047e+02
5.421183500765614838e+01
4.887008453856989831e+01
4.407989832382398987e+01
5.596051009181039149e+01
6.912286187604878762e+01
3.846263131455329898e+01
2.862821972903341106e+01
3.182102142257443589e+01
6.081314691977924980e+01
3.467538608813615042e+01
1.094598595263668415e+02
6.120450471910504575e+01
1.265995047339241069e+02
7.755787412804946257e+01
1.573888535109195459e+02
7.358150024718203497e+01
6.498132681457501292e+01
6.259587846490111218e+01
9.969466017263131619e+01
4.877957537493364981e+01
1.201211751414086848e+02
4.576367085873789620e+01
5.568087805149220060e+01
5.582123672740568310e+01
9.831507331011077611e+01
8.723332438294275448e+01
7.969923844601888163e+01
6.420926521736613779e+01
4.215940200407566607e+01
5.077131211072124017e+01
5.327148049556663523e+01
8.387563579542680259e+01
9.498644693826705065e+01
5.397748813462457917e+01
4.841543689167517073e+01
4.247242291586323404e+01
3.789683503028107481e+01
7.963010125548460394e+01
4.174890875705141013e+01
3.661959562478632790e+01
1.022794764352391184e+02
4.225282524361411163e+01
1.406149239676382194e+02
6.578353277592380266e+01
7.326953349579576980e+01
9.298383076693318117e+01
4.868832503544317092e+01
1.446315319303577951e+02
4.350513072284224592e+01
1.052494476605985056e+02
1.918232256501491122e+02
9.471509605764499895e+01
8.204254937149654836e+01
3.705658225600999600e+01
1.972469375296577354e+01
4.844921676871079796e+01
3.021248339292937857e+01
5.526198206646245126e+01
3.282908045015201992e+01
2.963696196754547785e+01
6.163277189592200500e+01
5.391915870686411694e+01
5.524299480732006629e+01
7.577104900942862287e+01
8.010485006972641031e+01
9.766562515721885518e+01
3.121183707532881257e+01
3.727587974821881289e+01
5.847882736004201831e+01
6.337125361062902584e+01
2.100017781409480904e+02
1.135340637260742369e+02
1.185472037601071662e+02
4.865098096037999653e+01
4.521063371629436745e+01
5.651919565843115123e+01
4.333292376707066040e+01
4.455172981778894581e+01
5.582560145762091963e+01
8.338419918340272829e+01
1.149164382271725486e+02
5.022459454583265170e+01
6.556398452275550426e+01
6.984269912231398791e+01
5.747324405030769157e+01
3.421750553112816817e+01
6.283210954449346985e+01
7.444043661867193862e+01
4.159085663750146722e+01
4.680003033604605633e+01
7.366910064665954394e+01
7.774546264923009176e+01
9.529521115070447479e+01
5.164335983143642039e+01
7.544582469836669247e+01
3.657345658649280296e+01
8.039170363947857822e+01
7.453626562939064115e+01
2.310651003979780782e+01
9.286325937849146328e+01
4.287688732389270996e+01
7.856035476454329114e+01
8.505617222722490567e+01
6.176399286323611904e+01
4.834045977673110883e+01
6.723267905956501522e+01
1.069148855565582750e+02
5.466175535984364586e+01
1.117498258238836684e+02
6.746393502612605175e+01
9.900459232941095422e+01
6.334617530471605562e+01
4.124285100365003842e+01
6.273619037503598150e+01
4.605127583527765722e+01
7.450172618230762112e+01
8.464295673203169201e+01
9.711086136998495988e+01
2.028108302070281752e+02
4.486002592684828727e+01
1.220244547284946890e+02
1.218260609061860009e+02
6.960880798288648919e+01
1.087840845903895257e+02
6.244555798691084902e+01
7.377906234084554171e+01
9.825738433767891422e+01
1.048178856241055570e+02
4.906649194631301469e+01
8.591192461382672718e+01
8.778600122299677366e+01
6.210566104998302706e+01
5.607043865374470215e+01
5.931853168080283467e+01
6.861593106895863059e+01
5.508924046855533874e+01
5.762707288778597103e+01
9.027400329201672946e+01
4.174186545891853939e+01
5.668347491344552935e+01
4.541714297640428555e+01
5.510863386190863622e+01
7.655626454643535794e+01
5.640867104811786703e+01
4.629771636341543228e+01
7.440283412759666248e+01
1.514635244231815818e+02
4.618228478021860894e+01
4.463202995027324249e+01
8.780641534902018464e+01
1.320257390283503867e+02
1.373818473483327693e+02
5.635347523781644696e+01
3.991814582328625249e+01
6.081972054571696162e+01
5.344943279308050421e+01
5.316899171015083425e+01
6.617874938707372223e+01
1.542727742911971234e+02
5.932857706055121838e+01
9.865340147178156371e+01
7.003428234140400832e+01
7.820509747609796136e+01
5.636149892486841395e+01
3.437929798946549198e+01
6.318946735513032564e+01
7.881688462036818521e+01
1.029656457844051545e+02
1.080036555745568307e+02
5.515687778249174045e+01
7.679408007715197471e+01
7.590404238047179319e+01
1.135883495361485700e+02
3.547470873137819325e+01
4.231342829024261931e+01
4.601837279762323618e+01
3.968960433140260591e+01
9.707052928645481416e+01
6.837924787109179192e+01
6.589083622510003124e+01
1.019509346793389426e+02
4.415421168338574631e+01
1.444248247489259427e+02
4.987574854236172683e+01
4.014367356422656741e+01
6.001356472746062565e+01
5.956779415343402917e+01
3.271807817092205539e+01
1.855837927815975164e+01
8.093967448855978830e+01
5.015049165098655237e+01
8.906194406104748396e+01
1.245977963724444635e+02
1.227778918223810507e+02
4.852637053514744281e+01
1.253780231041133391e+02
6.887886973508484800e+01
1.548666078681091562e+02
4.483612356708662361e+01
6.253036523329565455e+01
4.905122398283628371e+01
4.828157679251563650e+01
8.124311044384751312e+01
4.192883314839872355e+01
1.017934413096930086e+02
5.222904860272464589e+01
5.620620274688774032e+01
3.561878331301250000e+01
8.286116270472646761e+01
7.040046949582183800e+01
8.470922039438593742e+01
4.813814955440810195e+01
3.638152467046343475e+01
1.184958424277034510e+02
5.009687169530663198e+01
4.352510893894464061e+01
4.425093268724372564e+01
5.668399829484790331e+01
4.971371659113273722e+01
7.720365791873311423e+01
3.957782246116620684e+01
3.235919790545864316e+01
8.568295040004159091e+01
7.741869221482394892e+01
4.149474451313817269e+01
4.090868908263788484e+01
6.213663744834720859e+01
8.724047270367260865e+01
3.518632157527130033e+01
9.242464751838795678e+01
3.665527732120578719e+01
3.616371588820514660e+01
1.174053588174265883e+02
7.807101349430148218e+01
1.011765114755238955e+02
1.195800736500807488e+02
3.567044500872694357e+01
9.132886580893249118e+01
7.824811878687609124e+01
4.771465029628381416e+01
7.960363518012916018e+01
3.275127925866707557e+01
4.051119590703736151e+01
2.575218287532961625e+01
5.557779896169027722e+01
6.123384914403963108e+01
6.326993477816110101e+01
5.336427047873110041e+01
8.674424025363906310e+01
2.230385889581762981e+01
1.612263317238096931e+02
5.060049974778458903e+01
3.307656346126096736e+01
4.817538067153316206e+01
6.188011241100799964e+01
5.264588932516983277e+01
4.085039695755433087e+01
6.320130054844698009e+01
8.210049929441585448e+01
4.412899726200928541e+01
2.891758978415303361e+01
4.135343779588538382e+01
7.841991095059765371e+01
7.121235311166795157e+01
1.048814585431208428e+02
3.804278195577107624e+01
7.533842642770798648e+01
7.861776623506293049e+01
7.429947524977333728e+01
7.077114910291599870e+01
2.473110290022616908e+01
1.003766893273696326e+02
1.191622202647351401e+02
5.464667917823823728e+01
3.926454123157232345e+01
2.021978236320050470e+01
1.416558375801803038e+02
6.267596127555697194e+01
9.281926396713049598e+01
3.894210474401322841e+01
3.750155961005631156e+01
8.357701743736399180e+01
5.030901101879358350e+01
6.389684787802097077e+01
1.927525582887563260e+01
5.316453444208120516e+01
1.427210476401622543e+02
4.135820148681345643e+01
7.589385153706646747e+01
5.928489597416798773e+01
3.112468938051700107e+01
3.211511298896965627e+01
3.266810791243037215e+01
1.115156506441503694e+02
1.108870972227967684e+02
3.105932799932653410e+01
7.256730586868809496e+01
2.928468866966253614e+01
3.776080051942444982e+01
1.723638569492165971e+02
7.140877509900290931e+01
3.013401729553267572e+01
5.993666401376713537e+01
5.815519638661477586e+01
2.860459482627286576e+01
5.436021113204254362e+01
4.376617716394348889e+01
9.495728301123774884e+01
6.308044986478026317e+01
3.303790221362169888e+01
7.210911449355214131e+01
3.075886747168981472e+01
3.858824998979540766e+01
6.048157059976897187e+01
8.049873997960277450e+01
3.134209796158501149e+01
9.641370028799032355e+01
4.578681253227013315e+01
4.149920522502133480e+01
8.200396627327647536e+01
4.653443336601624480e+01
4.927278442389567203e+01
1.179602882249408111e+02
8.084961622641515078e+01
7.052941881041127203e+01
9.174080502797166048e+01
7.490056283458928021e+01
4.099526955259455008e+01
4.268705009195143418e+01
4.004115802009597758e+01
1.583836598495981889e+02
5.275845572630915115e+01
6.690188106286908010e+01
4.032055290111227919e+01
5.108015438360923355e+01
1.381601306377799574e+02
1.331496357197124780e+02
5.726237250661314704e+01
7.668329240640242972e+01
4.577244713599414894e+01
5.366710884753427990e+01
1.009590027260293823e+02
4.478070047350233551e+01
1.546409011080152140e+02
5.608379372224059978e+01
8.710588792645849310e+01
8.390795217882947554e+01
5.634815007440599288e+01
6.661589112470758778e+01
4.859425279896374406e+01
4.237073186239427969e+01
5.292343543443637799e+01
7.170947521662300517e+01
4.323066374749593876e+01
7.155841486983132427e+01
6.004269657293942686e+01
1.077017848517953524e+02
6.510391332764228878e+01
1.338677120384666921e+02
1.224988055634553632e+02
