1.589919572320388852e+01
1.008062897235333644e+01
1.593263034238968601e+01
2.062508259361804264e+01
1.691181003317719345e+01
1.563938676528021077e+01
3.983836665518824560e+01
2.414110721984232200e+01
2.814682638324256203e+01
2.431998711298052740e+01
7.110231826592293025e+00
1.548844582670972692e+01
2.522863889103016533e+01
2.171428371497372112e+01
1.327049060688981896e+01
1.520517615881960616e+01
1.688659238473822910e+01
3.821944672917911845e+01
3.987389464458881605e+01
2.612303664871230069e+01
3.248797983287754931e+01
1.644103989731904036e+01
4.396616934074765481e+01
2.146447644268909016e+01
3.023623335142346491e+01
3.457397328287182603e+01
3.557141959113759810e+01
1.778768404479586707e+01
1.200805042231644748e+01
2.246471676976171139e+01
1.541553536017817727e+01
2.385886732188816950e+01
3.238216637459242975e+01
4.714991462561876290e+01
3.325519563154874447e+01
2.038930197949064294e+01
1.443359381022199273e+01
2.194131355450992515e+01
3.219109297612138221e+01
2.334160495600106344e+01
2.070562161595735873e+01
1.617383620060452643e+01
6.304053632109863514e+01
9.702418884108915620e+00
2.605607443054680772e+01
4.131444062535632611e+01
2.095249226525639585e+01
2.359934589654314507e+01
2.867850726979381903e+01
9.701013970642843987e+00
1.674853046533705481e+01
2.802678344390484000e+01
2.162051910735056026e+01
1.340514308829069279e+01
1.755604441178591202e+01
2.991956878273390075e+01
2.075323848124428139e+01
1.246342185711342232e+01
2.290646301567794652e+01
1.589703469854409335e+01
2.412694508089866829e+01
2.377927810589528335e+01
1.918843492269312279e+01
4.606658396720452231e+01
3.962489620715390970e+01
1.285259483490039933e+01
9.544044300752029031e+00
2.040265398970493393e+01
2.317334279208416703e+01
2.138638158241310805e+01
1.102441222041029611e+01
3.582562114600827385e+01
4.128584652387761622e+01
2.588496243831826504e+01
2.634809948647582800e+01
2.008458521037064770e+01
1.939664324969967524e+01
1.572660012003101038e+01
1.512281998952315654e+01
1.124740264397444633e+01
1.413318637294896973e+01
8.140270056911397489e+00
2.285350794385418283e+01
1.933900273525968672e+01
1.047246521628329852e+01
9.733326224007797123e+00
4.728851055806443071e+01
4.577612707027921601e+01
1.731929377635244904e+01
1.626038231945833701e+01
3.391639343185386934e+01
3.952419909320668978e+01
1.123949380424256006e+01
3.562738111067384494e+01
1.522895725899295627e+01
3.624451500810226889e+01
1.656413395678723788e+01
2.804590745242107630e+01
1.464420352709811013e+01
1.618042471229529156e+01
4.653474750884871014e+01
2.338879205707765863e+01
1.815262644341557063e+01
3.244025108268132840e+01
7.443725995940840612e+00
2.898880163754609285e+01
3.496786942293304890e+01
2.191159633128811990e+01
2.529617581105946655e+01
7.304531017771661361e+00
6.885173700684919140e+01
2.609110393339867429e+01
1.171717690251511357e+01
5.651548630474650281e+01
2.386188205077641200e+01
1.681344587962297155e+01
2.449814805767084280e+01
1.772025201541558914e+01
4.519208615607537638e+01
5.738867806660064730e+01
2.646161029941278642e+01
1.617998606247972049e+01
2.032566048764347499e+01
2.673170826249207011e+01
1.538473992114283995e+01
4.144186281833669483e+01
1.887343165867685357e+01
1.332596613839921318e+01
1.738468285040601913e+01
1.775861557858564765e+01
2.691988920318129530e+01
1.288191630215296790e+01
5.774971762347817617e+01
1.316886600563847942e+01
2.360153622069001500e+01
5.067073726049287075e+01
3.185867137607944954e+01
2.064793893597968477e+01
4.445989736812347104e+01
2.912202851071990040e+01
2.523352890077574884e+01
3.781117486588193799e+01
4.077836653957572111e+01
2.232218771864055995e+01
1.962785127072308100e+01
2.171729082200944205e+01
2.394159833444644292e+01
3.097223618396038347e+01
3.116399300631838898e+01
5.068625030451495661e+01
2.833035932177779870e+01
1.580171290037933396e+01
1.082958787950554047e+01
1.199280716751491305e+01
3.566887797707587282e+01
1.661740919770210922e+01
4.588244137949100576e+01
1.725236148140009007e+01
1.819739859396878856e+01
5.270959111075993064e+01
2.559372840360276413e+01
3.362927351101077988e+01
3.061176571321320949e+01
2.648623979713408616e+01
3.008899033962395819e+01
9.034941367461600592e+00
4.204143021025064542e+01
2.446604598845827283e+01
1.673865622953809762e+01
1.621962014685532338e+01
2.607554037073833086e+01
1.860203144444934154e+01
6.387294714078456614e+00
3.678928884268467669e+01
1.605909240407147465e+01
1.161522584239574840e+01
3.169891815321728856e+01
2.344823957648402413e+01
3.395669392874181369e+01
1.641464568110594158e+01
3.070891701725073375e+01
2.339331524312220267e+01
1.536319978986221813e+01
5.151624495232830014e+01
4.542262500617729515e+00
5.405415140783063066e+01
1.597769614480043110e+01
2.840162369071133952e+01
4.039211559775502991e+01
1.121856907092514000e+01
1.614790881522467458e+01
1.287864252169040746e+01
8.234852486970353880e+00
2.325286519288827947e+01
2.459148945756813376e+01
1.142110337798783881e+01
2.403860113092826722e+01
2.985596290269041830e+01
2.360438739046101730e+01
1.129161545934873168e+01
9.581112487634053210e+00
3.988428672272809905e+01
1.083910033436392162e+01
1.081965891689819692e+01
2.558771691276921700e+01
2.036434840454600703e+01
5.107463322608367662e+01
1.071291880918504269e+01
2.001210974376250462e+01
2.089152289458908029e+01
3.718491179436753669e+01
1.906913372550832619e+01
3.857384139982529092e+01
2.354508377787953322e+01
7.659957558744539874e+00
2.039982818833208711e+01
2.146603307726763532e+01
4.864563052418766631e+01
2.263729452475807236e+01
1.402462519663152385e+01
9.786581073352095927e+00
1.775618410456834795e+01
1.641955553444009652e+01
2.178400498924387563e+01
6.670263515706947999e+01
3.514383403023573038e+01
4.553776957672241821e+01
2.708096690651797189e+01
4.022750790200122140e+01
3.606410804026839401e+01
5.059300481326673093e+01
3.354650565939506635e+01
1.511067462025690666e+01
2.463873028670166221e+01
4.823619175472012444e+01
1.193127122528579420e+01
1.206642812003090626e+01
2.828082433382922289e+01
4.118800556808155022e+01
3.797572462577341668e+01
2.998095467957314852e+01
6.610417625762175398e+00
1.536746655490250113e+01
1.920576590170398745e+01
1.865300202456176137e+01
1.420647385496627280e+01
3.331878706191593409e+01
1.896815444823699082e+01
2.165887037302309182e+01
8.909482994027435154e+00
1.482945985019021506e+01
2.803569815250794761e+01
1.573049159133607056e+01
2.220346703619118500e+01
4.626786612713896574e+01
4.047702252070084938e+01
1.284222800518842433e+01
2.739550354800372389e+01
2.333198700313970164e+01
2.734374750975123547e+01
2.317331529350170882e+01
1.607874401311248747e+01
1.417508897158302261e+01
1.592336167942185554e+01
2.494300332189027358e+01
2.027758910814013404e+01
2.828105742680322265e+01
5.605247175069470345e+00
2.104484252238900410e+01
1.935209024088941376e+01
5.262015934355822822e+01
1.201240399978187945e+01
7.746825421736906137e+00
1.669624276329950519e+01
1.887843126791246817e+01
1.767683024448757578e+01
2.185242647157899398e+01
2.467828165601976309e+01
1.830666632027660867e+01
1.623014149797420203e+01
2.323671828037025477e+01
3.215171855192554773e+01
7.540669257418959326e+00
1.718211339632996015e+01
4.729194818403197331e+01
2.460281076843429560e+01
1.698163390489690983e+01
2.110408815822012940e+01
1.371189859117799337e+01
3.464798928605023320e+01
2.642792993255343248e+01
3.387004407389075311e+01
1.178202035793190561e+01
1.049949334204536200e+01
2.756452900564202224e+01
2.068648062925618092e+01
2.436355418622047608e+01
5.822059748176321392e+01
8.620070364289972531e+00
2.742752742379171593e+01
2.882380787674043177e+01
1.911765775737796957e+01
3.794263481374334646e+01
2.540695692761069679e+01
2.040562300407928120e+01
2.019091849257597460e+01
1.695306389521407553e+01
3.255816062920209220e+01
1.187231931398662255e+01
1.196507371517531126e+01
3.768715556399403965e+01
1.861143666624243664e+01
6.367436374971764401e+00
1.115114414197748438e+01
1.738224974717900295e+01
1.353690282914518406e+01
1.658153004978007061e+01
8.969733905813269814e+01
1.560791581230061276e+01
1.425322413257343790e+01
3.243507017343552690e+01
6.534509718978489978e+00
3.988293770597473298e+01
3.591711595262675871e+01
4.627344301911001168e+01
2.116807833556051932e+01
3.930936737177221119e+01
6.337227536763236913e+00
3.212988395406630815e+01
4.175276214254996887e+01
1.204644577169474395e+01
1.735548142965742358e+01
2.876751328170499633e+01
4.371932045893965579e+01
4.239955526938526020e+01
1.931594314491847442e+01
1.898553774363006852e+01
4.685530812289384528e+01
2.114273962477296109e+01
1.758123607311528502e+01
2.116815385518686909e+01
2.166794230474250327e+01
8.024642233614587283e+00
2.557706384369770092e+01
2.758054498369917695e+01
3.400511833353204594e+01
3.054346997352282500e+01
1.887724987883158079e+01
3.290131186899302662e+01
9.999031878723243949e+00
4.739463347179744801e+01
1.501445020429116006e+01
4.692251819432610915e+01
1.749255006285241620e+01
3.650345566721240687e+01
1.968467118369878577e+01
1.765724845804801291e+01
4.338246366239820517e+00
3.860427730339355179e+01
1.595832240604280194e+01
3.250532023653208569e+01
7.440398048589965185e+01
1.508010654356827551e+01
2.644024192806222118e+01
2.390250612926862317e+01
2.726203477107261719e+01
1.119015430471366912e+01
2.226829286408374742e+01
1.445795739720797712e+01
3.575164460368208097e+01
1.030786974831296376e+01
4.382996165271079292e+01
1.515874436628732269e+01
1.894269917103589052e+01
8.131691301896113444e+00
1.863043443966958179e+01
1.785045303143305517e+01
2.721290735603502320e+00
3.271778147804366199e+01
3.375030839765116752e+01
1.503254591079639724e+01
1.105232598459828068e+02
2.925230336159602018e+01
6.444360212779727703e+01
3.497678827208549279e+01
1.291007704091837205e+01
4.364957591897101707e+01
2.136634697591526333e+01
2.824780210938779135e+01
1.735213886003817407e+01
3.366385007124124940e+01
1.668993877912194534e+01
2.214482504300728394e+01
3.151622679913294434e+01
5.314923627560102659e+01
1.925936268686742281e+01
3.460640454713266934e+01
2.739699195234026874e+01
1.542044533212298063e+01
2.099181018396826914e+01
3.632680959677563948e+01
2.629392166059615477e+01
3.610997136787482020e+01
1.934883705307914781e+01
2.041748923288979611e+01
6.221507639082983765e+00
3.339151720128321443e+01
1.841076640745457027e+01
3.351986346882338097e+01
1.465534111505491488e+01
2.421375842976154047e+01
1.849801413280015083e+01
2.113681654723785641e+01
3.053990534557105363e+01
3.681540468818602818e+01
5.511911294095600056e+01
5.877212763677085228e+00
1.071405474259581148e+01
3.257372914065863512e+01
2.318996943661715804e+01
2.255417821447045057e+01
6.017006819109625582e+01
5.325378357773325178e+01
2.498134985851319101e+01
1.357999047840227647e+01
1.704108246156869555e+01
2.897818874583307291e+01
5.735215645111100713e+01
1.212325178856448460e+01
2.566628296466983983e+01
2.417305083023052958e+01
2.208856187169228491e+01
1.447179915005778383e+01
1.554065592070756274e+01
3.173788972515905371e+01
3.121144549450539429e+01
3.337696295391486956e+01
1.455029865177452919e+01
2.251950801645660505e+01
2.047299725527570402e+01
3.200888369462514760e+01
2.302604682794817492e+01
2.981591239042465702e+01
3.372965200794673279e+01
1.499088813897245309e+01
1.960474315195230588e+01
1.864020727642211028e+01
7.563937423168981766e+00
1.562104445394829710e+01
2.315513075085253192e+01
2.284428779673138266e+01
4.093319823585023443e+01
4.287628962797451493e+01
1.847375245245383368e+01
5.364709337191355587e+01
2.656392200239327650e+01
1.906405655082290806e+01
6.303105537411245685e+00
2.237708133686792067e+01
2.534539231522965963e+01
2.412108643502432059e+01
1.418103798161418183e+01
1.051219079095348441e+01
3.401331955597439816e+01
2.652405866798790157e+01
2.345840078942938334e+01
1.417930633395145534e+01
2.754102833400249395e+01
2.392502134049807339e+01
5.684589723712547027e+01
4.114987310871846660e+01
5.588781638683944664e+01
1.444370500555576875e+01
2.601039855399244871e+01
1.735207086958618206e+01
1.438905447393009496e+01
2.197393472699636163e+01
1.847832085620852993e+01
3.016896045306462071e+01
3.356327504794129624e+01
9.238765721343636272e+00
2.252161603215566998e+01
1.948594391060932551e+01
3.158719117438936763e+01
4.295356683388910568e+01
3.387030392838652659e+01
1.650562436662264432e+01
1.860820997981818792e+01
1.066740119833877642e+01
2.856265511375774935e+01
2.401813290350161267e+01
1.859152789456999244e+01
3.113893735656129635e+01
2.496306654499494826e+01
4.421490812572827878e+01
9.082374500627847169e+01
1.894136317084036492e+01
2.563218457980720544e+01
2.546246058742311291e+01
3.577447299776559220e+01
2.178431301929065356e+01
1.459726483441927591e+01
1.924667766715853290e+01
2.364577728410420931e+01
2.234285112805671503e+01
1.490021774282588396e+01
2.312734398235427946e+01
1.962255941765750578e+01
2.411334432411642581e+01
2.401493381373644098e+01
1.069276750957335409e+01
1.961796497688338903e+01
2.587546812489015480e+01
1.561888576145051211e+01
1.559052482344376678e+01
3.052925620269870421e+01
1.794818771075961905e+01
2.545967154235296448e+01
1.104471826342915186e+01
1.760696676683325279e+01
7.423807458569799955e+00
2.301209047385538753e+01
4.088654688031680529e+00
4.549948222120054453e+01
1.912268844565936732e+01
9.432641909569607463e+00
2.091774047498112665e+01
1.764564498457090735e+01
3.014107981919487500e+01
3.557647267385846135e+01
2.720880611739478283e+01
3.393796086079483842e+01
5.722375116811326023e+01
5.616931869402829136e+01
3.309034112130002114e+01
2.123786932345313261e+01
4.144373340672436967e+01
5.297628004819992498e+01
2.205397120252335696e+01
1.257806563233206987e+01
2.648603950433023613e+01
3.579519856738835415e+01
2.053424227844051231e+01
4.890776588236678180e+01
2.019132146005232897e+01
1.935798254348432579e+01
1.073708476799465394e+01
3.045800573647223786e+01
3.790182106571678844e+01
2.445079048626815066e+01
1.750629680280218281e+01
9.266071995500373859e+00
4.840179061555560480e+01
7.999345962856405379e+01
2.925066068857450219e+01
1.644544743834822143e+01
7.944331689471043845e+00
1.383928244717513323e+01
4.331005765099765625e+01
2.466316697529279267e+01
3.276887891533284858e+01
3.297672413288657367e+01
2.963701496804020863e+01
4.189167968384666807e+01
1.590466196449864533e+01
3.863795589011385800e+01
4.044655037208065096e+01
2.140910228482960775e+01
3.140019319116193230e+01
1.622812512962564213e+01
2.644546108383870120e+01
1.675653865740780546e+01
2.394220371872043884e+01
1.998216102393450910e+01
3.113270747616260081e+01
6.657507448550742168e+00
1.639589429218754546e+01
1.395671343289889066e+01
3.753524406300016381e+01
1.240188097514896270e+01
3.878923727329520688e+01
2.104892394603868233e+00
3.699333663869226996e+01
4.444465517671407184e+01
3.356822280048496765e+01
5.371891897206096189e+01
1.287115744285015140e+01
1.685979917249724380e+01
1.166028317891156973e+01
5.069596626879418722e+01
3.531051223284402596e+01
3.047803375458993003e+01
3.428585182532664533e+01
1.389626025568440681e+01
3.861195001692860274e+01
1.702350297161652648e+01
3.059721563063757088e+01
2.170985231315255248e+01
1.428683415896778897e+01
1.153148772682345324e+01
2.720307341165221615e+01
1.395259724795585576e+01
1.624153233219598746e+01
6.182655948014750180e+01
1.366112258202837637e+01
2.289020684896894764e+01
7.815193897615124285e+00
2.169692902718286831e+01
1.116990421534166167e+01
4.813219760253344504e+01
3.531600000353105173e+01
3.546038750090007596e+01
4.813009367671541838e+01
1.929408216578097068e+01
2.063453272070676547e+01
9.826764002637805362e+00
3.990464184267633385e+01
3.111218432445734905e+01
3.090815207178000534e+01
1.934163208264671496e+01
4.954646703239472316e+00
3.665705072401522990e+00
1.876555394374451424e+01
2.338101095103542093e+01
2.864667023465565521e+01
1.237321650659797179e+01
4.076466067363261203e+01
1.397420527501235021e+01
3.989670096076083894e+01
2.945962913040112241e+01
3.469220043788977392e+01
2.434372382109880562e+01
3.354145471107910481e+01
3.522820672798755481e+01
2.648239994939406117e+01
3.086031641562853167e+01
2.510998748643821799e+01
3.802587412509651443e+01
4.194200497161244101e+01
2.214506958410249737e+01
3.092159388976569900e+01
1.740209825746111250e+01
1.995438331058188908e+01
2.907767057865514815e+01
3.756599366919871130e+01
2.288778490882154060e+01
2.221602500163794858e+01
2.039427685615715191e+01
5.863758151097108140e+01
1.852252496109776558e+01
4.245979887706153022e+01
1.952341243402405979e+01
1.754291619021648430e+01
5.881493405511795913e+01
1.437060403368771411e+01
1.108126757549086250e+01
2.098837227598338018e+01
2.533146693481994305e+01
3.696165398847787031e+01
4.498782038888082724e+01
2.688525636459618795e+01
8.510292559912072008e+00
2.163823171002523793e+01
1.323114020276893044e+01
3.122734144344130414e+01
2.941223620770554348e+01
2.237721683367476544e+01
1.818400851964927867e+01
1.104286990087135223e+01
1.745768246264569257e+01
1.561136597993107600e+01
1.855689732998236252e+01
1.875082624753009597e+01
3.241928734979125437e+01
2.683807564053491745e+01
1.300303452694966033e+01
3.493955015004898712e+01
6.145322040783229411e+00
2.376020993303711748e+01
1.176365896536228384e+01
2.743061869351982196e+01
3.734276602805864798e+01
7.878891156730485790e+00
1.146884384384374478e+01
1.515707353038027705e+01
1.825474684327677011e+01
1.880936012468336216e+01
4.173580177702068994e+01
5.534635014803859576e+01
3.401742085995534381e+01
4.188435762208882807e+01
4.426642908926714881e+01
3.742019770980256510e+01
5.776798394108156742e+01
3.208972160242736749e+01
2.354471325680064808e+01
9.161704708309830636e+00
2.721502195893695131e+01
2.295839450485810929e+01
1.699582351818140680e+01
4.115437150034345848e+01
1.510226304576269030e+01
2.037651586028621153e+01
4.418470667744118430e+01
2.671467712586751730e+01
3.086619660980070989e+01
4.399498110430739928e+01
1.202529618665834654e+01
2.460375346992793411e+01
1.524821123757011421e+01
3.452882790709555394e+01
1.336274155261890861e+01
4.839843246624921846e+01
1.426522355985473034e+01
8.348923382715266683e+00
3.679259872421065580e+01
2.052649340553606194e+01
2.049252369691216202e+01
2.716001256352354076e+01
1.599489667709563889e+01
9.083397798065243833e+00
3.120352225026096704e+01
5.106956183409749883e+01
9.172419847451299901e+00
2.575254567917270876e+01
1.767511179387995668e+01
1.819450475563994374e+01
9.922701747692300955e+00
1.660475378075554431e+01
5.322972203091643095e+00
2.803520392757116397e+01
2.367530431598777696e+01
1.435002781042831899e+01
2.900042440166067337e+01
2.747067055937617397e+01
4.923155185364241504e+01
4.673342464821179476e+01
2.768652940063556045e+01
1.483460641759900334e+01
1.055600304583227711e+01
5.322850943620703212e+00
3.230563398000619912e+01
3.260335487121123066e+01
9.534455411942342806e+00
1.005349336546162675e+01
3.034695554973240661e+01
1.724274587453673035e+01
3.810182216578805026e+01
2.503834161555895577e+01
3.348420155218251182e+01
3.443414274409150977e+01
3.490615718303555326e+01
2.575094719690775236e+01
5.058317650424721990e+01
2.144121536155603280e+01
3.406512743112284625e+01
2.767211984887535081e+01
9.086389453066518129e+00
1.938190815968111735e+01
1.887475155581477892e+01
2.309777878878577440e+01
2.191336960763838348e+01
3.469829559853342715e+01
1.200041749947510006e+01
3.253158213385653852e+01
8.291387090163389928e+00
2.930185920955895540e+01
2.543738922909152933e+01
3.250112177964558668e+01
2.131098514921787412e+01
8.153851793281996052e+00
1.689611107443535332e+01
2.550779255441470994e+01
1.008190536107262325e+01
3.592778002182416230e+01
1.338369251636854784e+01
3.024589226748036097e+01
4.968313912482904726e+01
1.469228353657213404e+01
1.654008201097571629e+01
1.302665963349971356e+01
1.803426844291779219e+01
1.503276366700516498e+01
1.593531411722148050e+01
5.987708264909913680e+01
3.297008236341272180e+01
3.875585473315790352e+01
3.422866160382174172e+01
2.664055664127924672e+01
1.957870800778603027e+01
8.537581408784769010e+00
3.333794182712929199e+01
2.631469795371854659e+00
3.027673252250759361e+01
2.211183338520872965e+01
2.112659980667914184e+01
1.459502232145304390e+01
1.566017848126986323e+01
2.173236784770366725e+01
1.550765465393821074e+01
2.051708125279067119e+01
1.362475573126558714e+01
2.910968245369302565e+01
2.438872556215415344e+01
5.597963405535391246e+01
3.641469138773489078e+01
2.002042096824503403e+01
3.655692652170888834e+01
3.367498581195383878e+01
4.926172109029418067e+01
1.980203401283857545e+01
1.637377012768850193e+01
9.279405021446855528e+00
1.784055327557935300e+01
1.929895770809932998e+01
4.428827753885694563e+01
3.289522682245461027e+01
7.173149887900743238e+01
9.709707529843434770e+00
5.667321258933777983e+01
1.856593095033623086e+01
3.256957221933644320e+01
4.292545528459557147e+01
3.782315894202919537e+01
2.661335076518440701e+01
2.200120735179844189e+01
1.967853970868948110e+01
2.525956766979289014e+01
1.181113786812016642e+01
8.025188713793111717e+00
1.769589949709158105e+01
1.156540000898542964e+01
1.619470429115181886e+01
1.619461718318803989e+01
1.843663990526371776e+01
3.199000260144009999e+01
3.389707861055889992e+01
1.306612286548429935e+01
1.251255871354811866e+01
2.237032219702537716e+01
1.506861842007846519e+01
1.857977366516279716e+01
1.950609975339646240e+01
2.359248342352442407e+01
2.712071749081200878e+01
7.434306149860653079e+01
7.393187707105441930e+00
1.048611289389711310e+01
6.210360640193106718e+01
3.063204313341454821e+01
6.263931171124453812e+01
1.488138459746379638e+01
3.076785749807955384e+01
1.774109605145748958e+01
2.979651434772664231e+01
1.093415904135621197e+01
2.065729662929384958e+01
2.358082034361831703e+01
2.487633374358751226e+01
1.869642867348665760e+01
6.570401010497182881e+01
4.024924599794646696e+01
1.534499200666253493e+01
3.900609335774856845e+01
2.484494445133446661e+01
2.384740330562783583e+01
5.276726658744745890e+00
2.376067884473657799e+01
4.985804750449943157e+01
1.692545808027630017e+01
2.928322930009347758e+01
1.906454586315918931e+01
6.374562889726141179e+01
2.017297911656126885e+01
2.731234409535818131e+01
2.590138319305050274e+01
5.695418439205202787e+01
1.728396999115447130e+01
1.138613094830152228e+01
2.748734922358159949e+01
1.164210613148605766e+01
4.167574742975023128e+01
2.418524434102109311e+01
1.055784668650303004e+01
2.315696418144196755e+01
2.123621782439505878e+01
1.228752192818582856e+01
7.923555920389564733e+01
1.878158639516849959e+01
3.848630260908469580e+01
3.491302160669305721e+01
1.585988587219666002e+01
2.267166747597621423e+01
2.554494733151829777e+01
1.495878263129870689e+01
2.546933223684332503e+01
2.050108055771629267e+01
1.603024269893126785e+01
2.674785485621604053e+01
2.387599567857916938e+01
2.228350471783994990e+01
1.791847559199583628e+01
2.666699426007405904e+01
1.332529018743862004e+01
2.609288194004094308e+01
2.505817108066989007e+01
1.394473527707302019e+01
4.875645222611183272e+01
2.109489942010896613e+01
1.267939360902501278e+01
1.753930645380196296e+01
4.244667301292426487e+01
3.110791707428501596e+01
4.421420336275155449e+01
5.597690268667779634e+01
1.346873468709204680e+01
1.418399129935541403e+01
1.207743707912187503e+01
3.089368242714796509e+01
1.442393317141552345e+01
2.769222816255386022e+01
2.235829540342449917e+01
1.363174320099678916e+01
2.743902327886968351e+01
1.792387792511804179e+01
4.221913870053381856e+01
7.627801494458732456e+00
2.639500459841204361e+01
2.703303628917627321e+01
1.243505165713821548e+01
1.384158266767669510e+01
1.700389249759962240e+01
1.565325010841769071e+01
2.289266407141178306e+01
2.064198767313216365e+01
1.636049647107387983e+01
1.803642374765097856e+01
2.430776691006039059e+01
3.230042380091906296e+01
1.914417755013625211e+01
8.478358721031860057e+00
1.265233283238571538e+01
2.504255712934960343e+01
3.533102317018670391e+01
1.188893652008472301e+01
1.709054104131455176e+01
2.448925895591859359e+01
3.977417004682936152e+01
1.000029267427313862e+01
2.468924510218093715e+01
1.000316973297849721e+01
2.391454051591077246e+01
2.304321080581360093e+01
6.302185578956792433e+00
3.424020058076504824e+01
6.271690336640104846e+01
2.024291874223256471e+01
1.994354432072560357e+01
1.880199830218887413e+01
2.088770653249416753e+01
1.364407261048005715e+01
3.764589749835404575e+01
3.428094572407655960e+01
1.789464955278609537e+01
9.000960829484315084e+00
2.568096879370126473e+01
2.537170349467920616e+01
2.440297436041431922e+01
1.101297390283066058e+01
2.338543323194167911e+01
2.318640035819367284e+01
1.983944877023377273e+01
3.904662736696774772e+01
2.890611446677095842e+01
2.431409550413495424e+01
6.855345585262400121e+00
2.256715272548266427e+01
1.685933136719002690e+01
1.368186487497615644e+01
2.378250237241193332e+01
1.186001055865453857e+01
2.243425209021256350e+01
2.397011606187579602e+01
1.523414690060491239e+01
2.401057321277232148e+01
1.461054584436818260e+01
1.869318487341159596e+01
1.830620431336485510e+01
2.279535926917651878e+01
1.735241871178651607e+01
1.054682579408593668e+01
3.998972412898582007e+01
3.862238441218633689e+00
9.190439879988199223e+00
8.291388045576550070e+00
1.192825933738272859e+01
1.188336519579137907e+01
1.738116971017993251e+01
2.526112118248341076e+01
2.554313810656247341e+01
2.687508480259268495e+01
2.655886183251459798e+01
2.555186215852232934e+01
