2.859611040928942316e+01
9.931091757446772306e+00
3.694727178105414822e+01
7.482019145823996631e+00
4.215081549482976442e+01
2.945699035199159965e+01
2.110956904349305674e+01
2.934146412308642482e+01
5.014344812150822150e+01
1.409025096412986144e+01
1.772967086745459397e+01
1.947161781921103696e+01
2.474364886360270077e+01
1.079217426693404747e+01
2.091298954962243783e+01
1.748822120236365407e+01
9.899226738728176045e+00
1.310344072440492447e+01
2.994053504296672230e+01
8.641555476115774681e+00
1.804668197445081645e+01
4.750486360023246135e+01
1.585426546189082586e+01
5.764980011874450128e+01
3.130235288071054001e+01
3.301930584930923374e+01
2.303477031899742045e+01
1.017074139263342580e+01
6.715829686913117769e+01
1.822630704929317602e+01
3.829419696349614810e+01
1.740380371281761995e+01
1.551246280851734838e+01
2.427618293105224367e+01
6.235009560841164955e+01
4.535743662905594675e+01
2.614140370982946138e+01
5.285705969578260266e+01
2.075390392819759455e+01
2.744363840163543955e+01
1.924081174981176900e+01
2.092234278662593638e+01
2.647956824950911070e+01
2.717034018301428588e+01
1.967400812065214666e+01
2.750664159423163824e+01
2.280352245253308752e+01
1.793367479916143381e+01
3.725007317255770545e+01
2.896908233169515867e+01
4.595218085601754154e+01
1.669138510769525396e+01
3.663355351309503760e+01
1.298556012663169312e+01
1.687795605788893027e+01
3.386668404214718464e+01
2.454280150915076675e+01
2.644650439966809330e+01
1.877212028822509637e+01
6.433699720576859704e+01
2.044451581027360731e+01
1.694467486259103239e+01
4.643223285602920924e+01
2.225052951508419596e+01
2.165656956748579631e+01
2.251097053314101615e+01
2.090392073391856798e+01
5.818462679723745623e+01
3.261061797143798202e+01
3.464609106009741879e+01
4.759758504164751258e+01
2.425476397723215172e+01
1.328441373513689605e+01
6.315368576900722530e+01
5.436827461768332626e+01
4.010053391571134540e+01
2.030355546938451994e+01
1.745089264330088952e+01
2.627613154139512375e+01
1.736764785392170296e+01
6.169507948367129302e+01
3.780311670757379972e+01
2.991861514817101053e+01
2.411813253497443910e+01
9.292254069765233382e+00
2.994807908782994232e+01
1.475230652703599610e+01
4.896439013856990385e+01
2.991912436343914194e+01
2.344633734228250788e+01
2.708550396239427371e+01
3.369506970413711855e+01
2.732762304263506792e+01
1.789693654105053255e+01
2.746948550796119903e+01
2.927601080928819854e+01
2.181102617279955425e+01
1.578133702534505822e+01
2.464462738653303120e+01
4.393960842943990031e+01
1.205063001219152774e+01
2.264386667561004884e+01
5.669193044802279147e+00
7.470379046797809508e+01
1.944789997897550293e+01
1.800372967224516785e+01
1.721090782025854793e+01
4.467696737617050928e+01
3.740081956776634797e+01
5.043026287038225064e+01
1.635569501368778234e+01
4.002018385948526458e+01
9.204518169105966763e+00
1.641109172636592461e+01
1.356663520835092029e+01
8.322083109030373294e+01
1.775256714164444105e+01
1.715819391599814736e+01
1.629578833940439964e+01
2.356107657968097513e+01
4.964422652566122451e+01
4.576376455132585619e+01
2.471573052163009976e+01
3.659116159894328035e+01
2.367602841798030866e+01
3.805720035240985766e+01
9.738643916544146961e+00
3.748738815970403948e+01
1.922892416732037901e+01
3.950341817595863603e+01
1.025413654571860178e+01
1.688925165141387197e+01
2.636565000940364811e+01
2.794768730290423520e+01
5.183887597871382980e+01
1.517040435011329791e+01
3.012321620729913008e+01
2.444773959154031928e+01
6.704332336416892701e+01
2.324079569215088981e+01
2.683841965862029966e+01
1.270304937776871412e+01
2.337975875750598220e+01
1.706219562178943505e+01
4.107411472147258280e+01
4.556020296378274281e+01
3.112469850982531483e+01
3.067808746707692080e+01
2.485104963390113042e+01
2.174195837539865650e+01
3.310386325206876990e+01
3.527473183462886652e+01
2.864341754838982723e+01
1.453208559601237404e+01
1.082203467748654369e+01
1.869393397957007963e+01
2.634078705591889857e+01
2.758360981463505368e+01
1.228660197208589011e+01
2.718680441958218452e+01
8.900170204324979295e+00
1.101331216911207811e+01
2.119713839312877113e+01
6.023096938150788304e+01
4.890617773774083332e+01
5.792920698798099011e+01
2.883292412795109882e+01
4.240964004062491455e+01
2.094988661143268516e+01
3.628732801212848358e+01
5.588372403521469778e+01
2.760348292616058430e+01
2.832345994095927466e+01
2.449970865674542964e+01
2.519693896355612850e+01
3.937942200676696558e+01
3.967840346414912744e+01
3.451793545806212649e+01
3.907442679497106752e+01
2.958960384460034021e+01
1.052783065981246047e+01
1.004522815116615142e+01
1.995128473266277425e+01
5.652306851812595312e+01
5.867287525559873984e+01
3.094706419300806033e+01
2.439889762344261115e+01
9.427267801042404471e+01
3.264093344231552152e+01
1.886096279971244982e+01
3.109896157438118891e+01
1.441947985373276708e+01
2.662710934044208955e+01
1.795974454340862536e+01
2.416864064228786191e+01
1.418217825069486437e+01
3.103298870028227086e+01
8.836139999902094644e+00
1.925743254288617123e+01
3.199084599462213774e+01
2.066288139865631024e+01
3.522989541678007441e+01
9.885410111201419880e+00
2.257862241636962253e+01
4.398570872664230080e+01
1.256830523203189109e+01
2.591023994033876576e+01
3.572218915857519050e+01
5.987738392291520029e+01
3.217352770320002264e+01
2.374123181024345897e+01
2.745986380838951035e+01
3.624997034424279718e+01
3.910219957518254574e+01
2.724197169724796197e+01
2.040586192714829039e+01
2.452313792696601169e+01
1.975495208691754456e+01
4.840491671764476678e+01
1.634567939313143370e+01
6.559070309597424853e+01
5.301321887578053094e+01
6.034886944825348820e+01
1.257614280307237919e+01
1.490780352871660597e+01
2.917349369347138577e+01
2.028468014288170806e+01
3.619749985657306723e+01
3.296345681333613697e+01
2.871728530032758187e+01
2.372881563794388526e+01
3.490214570576367947e+01
3.051033117714526455e+01
5.594632880774332762e+01
4.752386594621980009e+01
3.889598740662574272e+01
2.099590947985485556e+01
1.036819039927939556e+01
5.755653893774832142e+01
3.220983346082723386e+01
2.843746686021673398e+01
3.129623437055088431e+01
6.656658424924195572e+01
1.406595160602984329e+01
8.510770970862857610e+01
3.223613557202860136e+01
1.369213702840006697e+01
1.715955354736076899e+01
2.163351635515121174e+01
3.651362174704856756e+01
3.808612440114896458e+01
3.111010257766208298e+01
2.086869630888794802e+01
2.021511087977776100e+01
1.346044119158991350e+02
3.277225475927989606e+01
1.061435711541503935e+01
3.743218703165892691e+01
1.805112703444691391e+01
4.409613833827665985e+01
5.483091602076202520e+01
2.283914108803701737e+01
4.197459230819228537e+01
2.776004909394830733e+01
2.543697503703012330e+01
3.935068194823213616e+01
3.538339457953882317e+01
4.388147083646826729e+01
2.233500494951676174e+01
1.630652511179426867e+01
4.585504599436039541e+01
4.198526492225924045e+01
1.913837584190580188e+01
3.505596328403015605e+01
4.612529920297357222e+01
4.333555266322841248e+01
3.726062164888094941e+01
2.212733369817013696e+01
1.812415307812722887e+01
1.473467556365322295e+01
1.840360907942684676e+01
7.072980720207976901e+01
1.742975081369527857e+01
2.901884406817714535e+01
1.011727256647334272e+01
1.607146803776441502e+01
3.281257859015192224e+01
3.090563917854376896e+01
1.246302710559995219e+01
2.008463052360890444e+01
3.614309669030107131e+01
5.307954791140828377e+01
2.456372128389953247e+01
2.027045703379558361e+01
1.805325506422972026e+01
1.832615736664122963e+01
4.414433757421921456e+01
5.807614306043884511e+01
6.245164601896475176e+01
2.144473391443237986e+01
1.485239724959726004e+01
2.645906775029401103e+01
1.981730897039795991e+01
1.945744004476224376e+01
1.786343830725831694e+01
5.281340469918187353e+01
2.904384395479649328e+01
1.151315189542851769e+01
2.958702537664472132e+01
3.579184444638633522e+01
1.746153809235225651e+01
1.669649077345643562e+01
1.785031849684729721e+01
2.444601630342191001e+01
1.829136650876766623e+01
5.728265968722041634e+01
3.393461592484495526e+01
1.532685209398327686e+01
3.935767819568639680e+01
2.516050439580475384e+01
3.084778631952252326e+01
1.491711615167940508e+01
1.696827136235454603e+01
2.428709243402913387e+01
2.787015716000340504e+01
2.456477257956559157e+01
1.727854216719467217e+01
3.401099716039403376e+01
4.196184866895799814e+01
1.575023021261887735e+01
3.191704724765980572e+01
3.118275657755001973e+01
6.052501309828663523e+01
1.690035565283450580e+01
2.738371549995516574e+01
1.603976480247106196e+01
2.034236806616677384e+01
2.291873013560141814e+01
4.506992762751058734e+01
7.424929329623034846e+01
2.295521166907018440e+01
1.313475690618755642e+01
1.088383992749236207e+01
2.759480314796388356e+01
1.835441627985809276e+01
2.776163258626769093e+01
6.287679542196710969e+01
1.413157825653949118e+01
9.624211172694879579e+00
5.543610524952045893e+01
1.303460142273717892e+01
2.222753471282635118e+01
1.788756824034912185e+01
1.480894957417461733e+01
1.571124774718203732e+01
3.122181410182450634e+01
2.917719251487684673e+01
5.585980976041300039e+01
1.659206698865210328e+01
4.106297915829162548e+01
4.796407041977168006e+01
5.030296433813555979e+01
3.307130719947233644e+01
1.621538151484570989e+01
2.862683755402122188e+01
1.760102197789305833e+01
8.478181496636065617e+01
1.401596412853816886e+01
3.060905095649467356e+01
3.005477741590756580e+01
1.658823531239658422e+01
4.394404410582374254e+01
3.439828990390431329e+01
2.670729910358521408e+01
1.559371834605648033e+01
5.322119244101618563e+01
1.558442138790021048e+01
2.901534903610527394e+01
1.035662258244259881e+01
4.070471178475943219e+01
1.126614950296332118e+01
3.274349565783411009e+01
2.963392928239302293e+01
1.324781472950900429e+01
1.628492390836299819e+01
5.564376221119844956e+01
2.261760111061593292e+01
2.805187146935199038e+01
1.091464891500690548e+01
3.024279627368327539e+01
4.352928503263926530e+01
1.752729048474312634e+01
5.108084018496827383e+01
3.465453104974432108e+01
1.642851632558954478e+01
3.200241999505441015e+01
1.440498467453499387e+01
5.621188481719378416e+01
1.644582830789230954e+01
1.348297772504987790e+01
4.200505836575010221e+01
2.602535237932919188e+01
6.110623158136498034e+01
1.351257695575533369e+01
1.421113098557210641e+01
2.185122560484349563e+01
2.484841001512988257e+01
3.100326618529306799e+01
2.987743069180543998e+01
1.445767276730071593e+01
1.355967642299965092e+01
1.277309233656674436e+01
2.050076778779023812e+01
1.544208467394845208e+01
1.383202451959434320e+01
3.677700947626847494e+01
3.667371072268203847e+01
2.306414276621753956e+01
3.127841408664199108e+01
1.007072559731135364e+01
4.969751986438388514e+01
1.847761985916337935e+01
1.674521004963794013e+01
2.334562880721101408e+01
4.152283388715056844e+01
1.880275804068828194e+01
7.434077917699890747e+01
1.457648015876965353e+01
8.669118724425187850e+01
1.747875918282941754e+01
4.014876106841356318e+01
4.989468012945679476e+01
3.589285268840493615e+01
6.955498116982408874e+01
3.962240512142363258e+01
7.620729796827252756e+01
3.707687145452022293e+01
3.427459726146810226e+01
1.760157008002864032e+01
3.747912909710767337e+01
9.652574282296463082e+00
1.088035992377628247e+01
1.174256901719936330e+01
4.475249539757503925e+01
3.359248541167925595e+01
1.729201311640012761e+01
3.269463233089637555e+01
1.653441120571128309e+01
1.239614415577997342e+01
2.010685224769050805e+01
2.909982226526966542e+01
3.428924562838666645e+01
1.959666056628539366e+01
2.320765446444577051e+01
5.240157289755721592e+01
3.472379696580422603e+01
1.900205853371192077e+01
1.548212947077642276e+01
1.389996319698605554e+01
2.127125103711098930e+01
8.134833521909366993e+01
2.757750714330433439e+01
2.067899106652176400e+01
2.931967552586351644e+01
4.576732669128938369e+01
4.148838391852354590e+01
3.964283813123864064e+01
2.381683532901710265e+01
4.234483430984403896e+01
2.830120036821248064e+01
4.049792074741644399e+01
6.078320314542425251e+01
5.065329325582014519e+01
1.340569726101996295e+01
2.994534721871504246e+01
4.390317013775995747e+01
4.074952220366838418e+01
4.343261775341605357e+01
3.372675194253343989e+01
2.112117353319600355e+01
4.513379800599707181e+01
3.369890065839434357e+01
1.972204921463526262e+01
1.868216532279849318e+01
5.121755974020319968e+01
6.817920585038351078e+01
2.524421618327847483e+01
4.730785562781911580e+01
7.277847139341240279e+01
3.151616284290217607e+01
1.002693389597971141e+01
3.355671010244958552e+01
3.304588886794896752e+01
2.802511198352630117e+01
2.928995093540599015e+01
2.359352726634620723e+01
4.590355005632288510e+01
3.333386294528626337e+01
4.273002057660372088e+01
2.151575755149037406e+01
6.863758514166116598e+00
9.736603312200168503e+00
2.818062121773156292e+01
3.087846091934996551e+01
1.314749882377225987e+01
3.299960725148866203e+01
4.208701266968510168e+01
3.658689089973868391e+01
1.937863834348663872e+01
3.078779004346451131e+01
2.365659389741992058e+01
2.655333741445185680e+01
2.810496096122057352e+01
4.497224397279572372e+01
5.352502362520178991e+01
1.411175866220832198e+01
6.032366148022083507e+01
3.663552888945669395e+01
1.570630613076543725e+01
2.182158380807566544e+01
4.444211610002130186e+01
4.175599227765431465e+01
4.730265791386318597e+01
4.051871595889648603e+01
1.834324821152160823e+01
1.519627570103702219e+01
1.502743732900227336e+01
1.499098219134469723e+01
2.993508238893066320e+01
1.950098520976607119e+01
3.678185649354190900e+01
3.283907874969894891e+01
2.969559787175923660e+01
1.766428830073625278e+01
1.063982981927351723e+01
2.730284879596168679e+01
4.962639989151065123e+01
2.638794933605004900e+01
3.890206996862681166e+01
4.270176448510873257e+01
2.849281594245399063e+01
1.224232611598973719e+01
1.924405161597206870e+01
3.802866141792329557e+01
1.634359832110844124e+01
1.800407909797064221e+01
6.242900841672834389e+01
1.710859913257927900e+01
2.450651664561934595e+01
1.030422096210031668e+01
1.550412980221553738e+01
3.573727514015468643e+01
2.685992460422037098e+01
2.248519163659613795e+01
1.739741646783260620e+01
1.810963113526169010e+01
4.665415157389143985e+01
1.845508835742073117e+01
2.647287676438813264e+01
1.622464260489571330e+01
1.891238972222383552e+01
3.369834389631461136e+01
2.410210579574536993e+01
1.196727601292227305e+01
3.572385757928902450e+01
2.642380761245093268e+01
1.769041652717007551e+01
6.545813917482320221e+01
1.177519804702315476e+01
2.885482395247962728e+01
1.719996403300471854e+01
3.737859103623264190e+01
7.217428559146307521e+01
2.201204143658844714e+01
2.270696802462402175e+01
1.342309319892373587e+01
1.104034595947545938e+01
2.062276398013292322e+01
2.552230187552618190e+01
2.144274578102232098e+01
4.544002984898564534e+01
1.169178262912770094e+01
2.358193490939866521e+01
4.430875018724427861e+01
1.434878388740933275e+01
1.974831387960924545e+01
4.427630339897582701e+01
2.165441904600094958e+01
2.128063152791261103e+01
5.057524994861390866e+01
9.744906477363599606e+00
5.391936826104714697e+01
6.841894366294314977e+01
2.417157881366062355e+01
7.781607714415928001e+01
2.212627164831347315e+01
2.849327018840377690e+01
1.364509811427190300e+01
4.822936280572194789e+01
2.333555232759808717e+01
1.129990912276642590e+01
2.240826333053480113e+01
1.702623504423472411e+01
3.769306643112209798e+01
1.264507957290182283e+01
2.720095375762735657e+01
2.154359939283937209e+01
2.257461915003031550e+01
4.308150124365229061e+01
1.160293164693260337e+01
2.792808149617616920e+01
1.844008118660738660e+01
1.144783992021850594e+01
3.504036105152577107e+01
1.889339835305933590e+01
3.224305511887826015e+01
3.947516363549005547e+01
2.571491740380831814e+01
7.912905408177961419e+01
3.512151283781002320e+01
1.159285052658529835e+01
2.704905191548114374e+01
1.597443550544242008e+01
2.144799443688326690e+01
2.666108875375982734e+01
1.927923456804260383e+01
3.802246058014819852e+01
1.715741444575892416e+01
1.409321047770039748e+01
2.310340322371210675e+01
3.313555137754310209e+01
1.900343309434037664e+01
1.386377269775584509e+01
1.710986819920242397e+01
1.304563809035158961e+01
1.814989186389357556e+01
3.192132986773296111e+01
2.529709523717042430e+01
2.467573413742553257e+01
2.929808454582609301e+01
2.252013791813526922e+01
3.790985040500464720e+01
2.914884924419407497e+01
1.851237881861482748e+01
2.786356293097029990e+01
3.077581447639505541e+01
6.665980121587386975e+01
4.337313964785725062e+01
2.559747385619260385e+01
1.882796645008815162e+01
2.251162578005864390e+01
3.255784463807213314e+01
2.228054605932823762e+01
3.422859288312881176e+01
4.447895555880537444e+01
3.068905258384030788e+01
4.592561940128435083e+01
5.578224346443088422e+01
5.404466675296006173e+01
1.882322955251140328e+01
3.959033914722475345e+01
1.282776900496418193e+01
2.258172169971000898e+01
4.218128187899093007e+01
2.308813855830078410e+01
1.538404036123798235e+01
2.115795250840725572e+01
3.420876547620813568e+01
3.912312092646248374e+01
3.104672052780037106e+01
3.845024716320197200e+01
2.308158696506223251e+01
3.772882849240114922e+01
4.686529570672417577e+01
4.314781339104479940e+01
5.040550733601005362e+01
1.054119617520196783e+01
3.812471403063781139e+01
2.575122445591405551e+01
2.758911234555371905e+01
2.055912119685784845e+01
3.919662304645048323e+01
4.895955806871293703e+01
2.443355255487685085e+01
2.083682691813899623e+01
3.137404939746470234e+01
1.750284713474421494e+01
2.645829466421238862e+01
1.786813640394742819e+01
4.315200549394942442e+01
1.604555471292693980e+01
4.968825583480080610e+01
1.924742798452363246e+01
9.071928646177873645e+01
2.011009536940925102e+01
5.096543089095973045e+01
1.086947767055969827e+01
1.501752486003313969e+01
2.695662525818162081e+01
3.160681918327846773e+01
3.987689575291199873e+01
5.046611988636261259e+01
2.882754593801653442e+01
4.498059864143793618e+01
1.708690502307025127e+01
1.079506790209460476e+01
1.598952015212059052e+01
2.644605652928522943e+01
2.089020484171898673e+01
3.538588152829998990e+01
3.645412907712942285e+01
1.867256917638593450e+01
3.041054201257152556e+01
5.133891511049833412e+01
9.595417657315779891e+00
2.292418479444348023e+01
6.069788178620766672e+01
2.749533256371227097e+01
5.860614121915604358e+01
5.761984165503244526e+01
1.792645303506352050e+01
6.309129847119758949e+01
1.403099085008260083e+01
1.499049676934475883e+01
6.749580474013447073e+00
1.745434303234310391e+01
3.589193237434473360e+01
1.461855603494003297e+01
3.774837598345629175e+01
2.701708926106150699e+01
1.241321034498401232e+01
2.507428229751266713e+01
4.819018361200561884e+01
4.075164484051675373e+01
6.442713051420282966e+01
5.245557032394182784e+01
4.300809724168852455e+01
3.337887776954288199e+01
2.813710950985408843e+01
5.721402193081765830e+01
8.353518648628386245e+01
2.203848952641512327e+01
2.197250005456158561e+01
2.542824526875302382e+01
4.342286407781368496e+01
3.028735279782228318e+01
4.851719923201038398e+01
1.486251798772759791e+01
1.576432634317215253e+01
3.230360353979911281e+01
4.244220156511358510e+01
2.083902886670825438e+01
6.360856361689425853e+01
5.295247263939946691e+01
2.228804882494519291e+01
1.570710302213660725e+01
3.991298383924118554e+01
3.003350259007499901e+01
2.392607179502773462e+01
3.062439416733620234e+01
2.309890886189996095e+01
4.060307613127438486e+01
2.575734941447527504e+01
2.629578638309583383e+01
3.250616965982747786e+01
1.338328902626210315e+01
1.418814467738900298e+01
2.460657443727675897e+01
3.784101642163625456e+01
9.211163664594099032e+01
1.370285994193112700e+01
2.978289169124472480e+01
3.081546084284720521e+01
3.071654898306730885e+01
1.599379956928349422e+01
3.713190609105082274e+01
2.277561228298771212e+01
2.287689863523802103e+01
1.732892306211436662e+01
2.650892362975062966e+01
3.935085292434492743e+01
2.038172611385734001e+01
6.605327953926746432e+01
7.621765579962129777e+01
1.480796925923350393e+01
4.860315780653490236e+01
3.670069898907429717e+01
2.214043890505576684e+01
1.790833767366612506e+01
2.699027219345404660e+01
1.485165901300971036e+01
1.953397119045142105e+01
1.884973246170911310e+01
4.185711253794475084e+01
2.640877722343471845e+01
7.542294424017097043e+00
2.038571453956061319e+01
4.551653610108105141e+01
5.027826227108744206e+01
5.367017858030546051e+01
2.633222816352421702e+01
2.216970748772188671e+01
2.542678045021265376e+01
3.012075797687655410e+01
2.470973400240655948e+01
1.740267852018551764e+01
3.358817065983460992e+01
4.092086507855594135e+01
3.227050334037019041e+01
4.533421072799795581e+01
2.723470076002402251e+01
1.519177379919855042e+01
1.557808781788256525e+01
1.489458733481042962e+01
1.864229448747817841e+01
2.086335764862847597e+01
2.477174617158478753e+01
2.822265005196856080e+01
1.058166706321690675e+01
3.348684544989260559e+01
3.408353452821538809e+01
3.793677525113088933e+01
6.143017324287588821e+01
1.611855068356568310e+01
6.092010758265750781e+01
2.108456938416196991e+01
1.929942715671636932e+01
1.733334879556255359e+01
3.727165517861207888e+01
3.420814200931887683e+01
3.224975133702206165e+01
3.286037373502136916e+01
4.425816608350250192e+01
1.112339009450130334e+01
2.582178994615267698e+01
1.525259956787398430e+01
3.385114460313901930e+01
4.750605849864182062e+01
3.519224233473740071e+01
1.124271742583640510e+01
3.262186124398260745e+01
5.578384958628284096e+01
1.838865757924220290e+01
4.618834988417052045e+01
2.133460550764988639e+01
2.459169623750916145e+01
3.113283053721104565e+01
3.877316079366337220e+01
2.531707599133835629e+01
1.379537006971167834e+01
2.157745431902804256e+01
3.654305321589967548e+01
2.526034295230974536e+01
1.103354863694698729e+01
9.965745494467034504e+00
1.958768606752720132e+01
2.264701825456927153e+01
1.788595601020999837e+01
5.433185818599247341e+01
9.427601281225916452e+00
2.734247942954443289e+01
4.346833995420835350e+01
1.728913272838653725e+01
2.059224546786379051e+01
1.739107065375937111e+01
2.938669154120873728e+01
5.321572374419911000e+01
2.652473269998298022e+01
1.583784924566163710e+01
1.243821815471434356e+01
4.233707625617194026e+01
2.594367480291348116e+01
1.722704253164802424e+01
2.742066455780092582e+01
1.743545553629060052e+01
3.428490240810646839e+01
2.555169930443059201e+01
2.194005674567594255e+01
3.665426730765472740e+01
6.009596131310090072e+01
6.604550638480024816e+01
3.832209513818440172e+01
1.604040020447489567e+01
1.826731815158236927e+01
1.583028844219411724e+01
2.483946130287879228e+01
1.767688210414959826e+01
1.456684602014790997e+01
2.739581070110857297e+01
3.967925301047815623e+01
3.297886627739757159e+01
2.393793747607884015e+01
3.809055244878179280e+01
2.490907939990786701e+01
4.493734733449257135e+01
2.161231608144177585e+01
1.887150602120193454e+01
2.038227816819039973e+01
2.357149884028066111e+01
2.481344730208222771e+01
3.649140542171067381e+01
1.673014517925079403e+01
3.552522467008547835e+01
1.972033996192462268e+01
1.797987467466423794e+01
2.001442363124901291e+01
3.033599474784369932e+01
9.143275381480526320e+00
4.813485756704682039e+00
1.751187909263027365e+01
1.866618952900655515e+01
4.931971192190363240e+01
3.772336673817810038e+01
5.135053895855286754e+01
3.394863911350466879e+01
4.907868542461834238e+01
7.744000487022130130e+01
2.241804906509076289e+01
1.410053080260574276e+01
2.753797424265624727e+01
3.625475922531025219e+01
2.138243387335121071e+01
2.116650179295095668e+01
4.486300954026152965e+01
2.073635855259581717e+01
3.637715970293088219e+01
2.705312781967026936e+01
1.526023231820989601e+01
4.703688396434063890e+01
5.992887759130077541e+01
4.475831600712768932e+01
3.025616774716406709e+01
2.689756765766570012e+01
1.673223774718096735e+01
5.887159937104755159e+01
1.944281409308054975e+01
1.527692136894319042e+01
5.612339714939075463e+01
2.255890604394954124e+01
3.249787442610497834e+01
3.087940869334869021e+01
1.338382912007620718e+01
2.066186583529699661e+01
5.712135635186693605e+01
1.669611140816444816e+01
2.914670894504402199e+01
1.747113346105557952e+01
1.775862371923306782e+01
1.158450064851867900e+01
2.775842364782633354e+01
4.141890397438147176e+01
2.698122677146287529e+01
4.195097465486304600e+01
4.853236646334519122e+01
2.601239420484997567e+01
2.863585676844154193e+01
4.347846137926372023e+01
3.520491265725090813e+01
2.674139993886903710e+01
2.955929275045838978e+01
3.501517582402326667e+01
3.410647238958292604e+01
1.913294024037866947e+01
1.523082182286301745e+01
5.337760170657386283e+01
2.925152847939666501e+01
4.442127913312107523e+01
2.449083741987396223e+01
9.915990549868373805e+00
5.254582932604904499e+01
2.450487769792316328e+01
1.400427134654702321e+01
3.877113648302899662e+01
8.485964358898974069e+01
2.428066260095620166e+01
5.646926201350027696e+01
6.512178752659252723e+01
3.732421136767204217e+01
1.970422541031685881e+01
2.272836004611697192e+01
2.956393365218211500e+01
1.994574210231647271e+01
2.354916080934590283e+01
1.846515681901706785e+01
2.269189202728937715e+01
3.085426965331581783e+01
1.568469768757074689e+01
1.209489705235082724e+01
2.684827157934147834e+01
2.617485167598735885e+01
4.716672494104589930e+01
1.989757729572250611e+01
2.711459414476495056e+01
1.530633471608664209e+01
3.612316492620077923e+01
1.551649730089839885e+01
1.581455214321750091e+01
1.202949049520194080e+01
3.555455980805055560e+01
1.592004029344890270e+01
2.319660388502061465e+01
2.307072190453691718e+01
2.254654070789805331e+01
4.212308140892738351e+01
3.117092695103391620e+01
3.786818137168594234e+01
3.724705514867370937e+01
4.307651921388725924e+01
4.376379772322804484e+01
