7.976241041489153361e+01
9.024669409138354581e+01
4.659452206058076484e+01
3.812987277375907524e+01
3.480095525982467564e+01
8.149686831219673877e+01
5.434801025879615111e+01
2.887683236306921941e+01
5.123613528628965241e+01
5.620284020994798624e+01
8.181663496714189421e+01
5.640068227196090334e+01
2.752858175920946238e+01
1.327150641578565171e+02
6.224516527110788644e+01
7.219876519713098162e+01
3.166748280958052320e+01
3.407380471455301318e+01
2.673279697094004348e+01
2.087296025359006890e+01
3.755522360701582585e+01
7.189730170728633141e+01
5.818269876034391075e+01
6.459121976584472691e+01
8.186139347690406964e+01
2.874030190478507052e+01
8.475152452296316596e+01
1.133953033335374272e+02
4.538479847180806814e+01
4.609099427242217928e+01
1.499516504123426159e+02
2.807106627365089579e+01
2.934694677902839643e+01
3.189540570139040554e+01
4.494369945770741737e+01
4.368232470291971481e+01
4.996281565234037458e+01
1.811700912505591248e+02
1.070335471646011740e+02
1.046886643650113342e+02
4.565390807592182654e+01
6.910174061066543061e+01
2.087144594687369903e+01
1.287943250067745993e+01
3.920237183243576595e+01
1.012561812668849797e+02
1.505607815593767498e+02
4.260450214178720785e+01
1.275368673532212824e+02
4.122214632247863619e+01
7.151810987935844821e+01
9.711641152967197854e+01
5.178821077471093304e+01
3.188133152728412867e+01
6.418442005872685741e+01
5.718030294648584544e+01
1.457373478085086163e+02
8.777688370948264662e+01
6.325852852962635353e+01
1.025207439669904090e+02
3.661194173922627471e+01
2.547237854201450702e+01
5.713152634327356338e+01
5.070586012722390734e+01
1.110010034162832113e+02
1.229523783972190927e+02
9.146066947139699721e+01
3.438352102955433054e+01
5.916995572129414427e+01
8.106045102584121764e+01
5.523764943229548408e+01
4.921485422996769188e+01
3.866481135092659827e+01
4.048391506522277439e+01
1.796450633127884089e+02
2.244659310900583549e+01
1.183662630034057912e+02
2.387765019359160235e+01
4.352507814087114468e+01
5.723143777666437160e+01
4.876388288339680344e+01
6.048336114168031230e+01
9.908519036516041467e+01
1.109000946370004499e+02
7.059622883402452942e+01
4.740302319112673501e+01
5.113001626300071933e+01
4.870368172335212620e+01
6.506080517633711224e+01
1.349686846479561098e+02
2.933586196670857760e+01
6.313646134141732347e+01
5.740838860819408751e+01
5.279612664636809427e+01
5.994896081073944316e+01
4.469326919777616069e+01
7.422764511163184409e+01
7.519478664393570000e+01
5.002496619688910329e+01
7.104592430234701794e+01
5.002585434507999906e+01
4.407303543485597430e+01
3.239083498745392831e+01
3.780097704693907446e+01
3.172125606125554143e+01
3.323029320145487731e+01
5.118953595030180992e+01
5.687435613758807307e+01
6.034626206822200345e+01
6.691994073886424133e+01
7.884495605145355057e+01
8.998129398862158723e+01
5.446445087482333491e+01
8.597798647628559365e+01
4.582640529998282375e+01
5.152234556173508651e+01
6.970609820104024834e+01
7.265413551036624540e+01
4.971061452494531352e+01
2.774214776790538295e+01
5.566940624028262619e+01
7.879117583176882533e+01
7.562556420944761726e+01
7.653788488355657194e+01
5.410688563148039520e+01
4.932364802218290833e+01
4.336810724078760160e+01
4.843383477857043573e+01
4.326270323156829534e+01
6.053972631579537733e+01
3.207902301419075286e+01
1.110577836470952633e+02
7.065669053558805501e+01
1.371236610062546220e+02
5.124078000940729538e+01
3.539567554776818525e+01
4.269780649119594074e+01
3.897529623142294497e+01
2.932676159300458707e+01
7.921999579269851210e+01
9.405982170937933518e+01
7.735187686954517972e+01
1.519584985243696735e+02
1.357683839003197193e+02
4.498464373884775824e+01
5.317308033043195081e+01
1.115618861914894921e+02
1.466659958970928130e+02
1.508464478188182341e+02
6.517968633591493699e+01
5.540662109277848657e+01
8.319151992576156829e+01
4.360929073920380006e+01
8.034035521388545931e+01
3.787097045021868524e+01
4.332381149568977463e+01
3.227518163502755044e+01
3.055300430736551931e+01
6.598556761087142775e+01
7.669968479642577108e+01
4.591108693637254135e+01
4.313098323049437255e+01
1.321005969435940983e+02
7.829039730948956333e+01
5.396252104922739079e+01
8.068008850815741084e+01
2.437693236157656784e+01
7.463524755580931469e+01
4.638054695017125795e+01
5.727023891197205074e+01
8.191493420681061366e+01
7.246633848869232963e+01
6.644326095919383590e+01
8.757731013824104593e+01
5.442904088168545229e+01
3.488656839803190479e+01
2.819479373972864522e+01
5.282983047873660354e+01
9.278058101396557333e+01
6.807412178449348517e+01
3.248170697316532340e+01
5.665365730058243088e+01
3.942813740801035749e+01
5.873447018723167901e+01
5.021052924727883493e+01
8.159041217258457834e+01
8.277694486236609350e+01
8.585379800149051732e+01
8.563341342229198005e+01
2.214528911794296562e+01
1.130876149901229297e+02
4.283313087184785672e+01
4.391698636667869948e+01
5.769122830117972711e+01
1.075099307553469714e+02
7.629237637328387223e+01
6.981448207020515895e+01
5.685312471026677628e+01
6.935930853849588118e+01
5.088662462383472729e+01
6.063944778459057972e+01
3.642101803199701493e+01
1.261215999436202821e+02
4.210405231581545848e+01
4.794174555754756994e+01
5.380174458546412097e+01
9.298290346509828908e+01
9.252711125238877798e+01
7.580723274100981257e+01
6.523956582882991029e+01
6.209259678504756863e+01
2.818590441874235353e+01
3.362784857938228811e+01
3.606581858484926073e+01
5.413453142526674355e+01
9.446922392427320858e+01
5.793886952227374110e+01
3.181443857040255097e+01
5.925786067668336443e+01
3.588014449115532045e+01
2.526053041832086166e+01
9.115425222451835907e+01
3.788718750946066649e+01
2.613523702910731217e+01
3.489092840735000323e+01
2.489024449240587344e+01
6.753360149250640632e+01
9.218288027973764542e+01
6.985025758264070816e+01
1.167537140017276300e+02
4.200878659775962376e+01
1.362182048922569422e+01
3.903304362235972036e+01
6.499168515750767483e+01
8.111420074967074356e+01
4.694150744908360906e+01
6.239482034234391961e+01
7.232752181413937365e+01
4.321629530604517555e+01
5.860672249726065530e+01
7.566319119084009515e+01
5.370837776454159496e+01
1.022185515182191295e+02
6.573093212307192346e+01
1.860174611044439885e+01
1.384191092968559076e+02
1.417819835662463959e+02
7.269991620951567768e+01
7.080050730685105975e+01
6.563921162579482882e+01
6.196421580671471219e+01
5.400705640285392661e+01
3.080594073537753630e+01
6.492297271657037072e+01
4.366680204136210364e+01
5.406891108336613172e+01
2.714512933524876814e+01
4.174194350379026019e+01
7.421411854797145224e+01
9.106354823284823397e+01
4.252649726923363716e+01
3.352016322524521286e+01
4.457031739018297145e+01
5.788796461197726728e+01
6.326250474291507686e+01
4.482860448389728703e+01
6.287105024885073590e+01
5.986127236845321420e+01
4.456866296105699377e+01
4.789401226543660783e+01
7.685920955510007957e+01
4.806184959391916323e+01
4.588873889984914456e+01
4.484212110555870368e+01
4.954357197761006404e+01
7.361835036524664133e+01
3.800264524766847529e+01
2.649151312726296581e+01
7.823685067733040910e+01
5.326164909540130310e+01
8.678013355591461675e+01
1.377184340551376067e+02
3.955845732180046781e+01
6.051256075028072701e+01
5.590489042788500029e+01
5.173981901200686906e+01
5.793775183490780023e+01
3.716416698109748751e+01
2.719901204648362736e+01
9.586815262912601554e+01
3.959970806538355248e+01
9.904661814176419909e+01
4.554687336141327592e+01
6.813150273130271728e+01
4.344086190843603390e+01
6.528857555968635040e+01
1.213191765077071835e+02
4.591655243882686932e+01
4.556007420322193013e+01
2.866097076670042298e+01
2.957466378620353353e+01
6.282572827019529882e+01
7.050372086766084578e+01
5.286890793994192705e+01
2.040886083688645840e+02
1.331760539319373322e+02
9.720619165349685886e+01
3.049255855179272245e+01
1.433029804140946908e+02
7.149596239922473728e+01
2.264541314815782513e+01
1.987660863939046862e+01
7.006124308381669152e+01
5.934327254585510758e+01
4.283962841983512249e+01
3.250374900866466277e+01
7.235744779209483113e+01
8.377074402328740632e+01
4.320827800768852001e+01
5.407059787794498362e+01
9.591592838022667422e+01
7.219046723203025806e+01
1.807657751644517674e+01
6.029775754017372691e+01
4.126698359943051742e+01
7.288456594088529528e+01
9.235150073726929065e+01
6.093283400276258988e+01
8.582179884181300622e+01
1.007337857460277490e+02
2.488495174772024399e+01
4.523912163399047159e+01
9.390155634313687472e+01
5.947616120852305244e+01
1.387839625730223077e+02
6.696485918079356736e+01
4.330416717549848471e+01
7.654240564057514007e+01
6.648036382835425684e+01
5.777602739903641549e+01
6.456414429514634890e+01
2.955870110246116766e+01
7.996562041166843926e+01
3.364151916891162841e+01
8.887188120623781629e+01
7.763482387985597200e+01
9.493888227742431241e+01
2.228336145765460969e+02
8.495267725847949691e+01
1.060983115002914303e+02
2.595495526495227523e+01
4.129949598561903912e+01
4.873110614542006402e+01
3.848689271484247598e+01
2.037093463262237236e+01
7.159077633656762885e+01
8.671912895345363381e+01
7.942324509681637323e+01
4.062132297571327655e+01
6.709757161769147160e+01
3.889389773561849495e+01
4.096892264847101472e+01
4.674767352900364870e+01
5.297218180424402334e+01
3.534109318225269192e+01
1.294324441489152662e+02
8.739932869388293568e+01
3.336884661046753564e+01
2.645827043568563397e+01
4.252139267905219810e+01
3.374857263452050660e+01
1.196836263683233739e+02
2.759300358645181817e+01
1.146813380605458264e+02
8.858705305078221670e+01
7.927073362461884187e+01
5.988321212243020852e+01
3.914105834741673817e+01
3.846615310856103065e+01
4.125791530500771387e+01
3.078556207577717885e+01
5.257823187318819436e+01
8.666670244558227409e+01
5.915452553710240124e+01
3.783934529821311799e+01
4.043642175672713535e+01
1.123433839978809914e+02
2.804479538231026226e+01
5.244775288632317967e+01
4.300750682767291977e+01
4.839835137991688896e+01
5.421052624255127483e+01
6.614602520882166914e+01
5.858472237267439908e+01
6.711871014255399359e+01
4.960912746046448518e+01
7.815462963195562907e+01
1.028693295007637118e+02
6.265414784977646434e+01
4.188021893217440805e+01
8.504254079272912747e+01
8.704864448405821520e+01
4.383436747949707524e+01
5.721875886342102291e+01
1.165981220342963240e+02
6.921289363332502376e+01
4.568030479284065848e+01
2.872531023000371064e+01
6.349217388820213159e+01
1.160279519753589739e+02
8.261990225388149156e+01
6.504472615852917272e+01
5.446676440238591255e+01
8.220550513351703614e+01
1.281562240937914510e+02
8.067790692447802314e+01
6.805594402704134893e+01
7.717771954360968323e+01
7.338875247884624287e+01
4.359374348674477773e+01
1.627568383382697164e+02
3.827958067435582024e+01
7.887034515685763836e+01
3.568311031669072264e+01
3.077340482680561706e+01
7.173328516769801411e+01
1.189736941962448071e+02
4.598989056922437157e+01
6.645302017786605120e+01
1.166892906793776632e+02
5.007966576558104066e+01
7.804897825929896271e+01
6.579561339041184453e+01
3.380941928335466429e+01
2.484309482603254793e+01
4.047190467510027645e+01
6.308681461418273528e+01
4.495951239453643922e+01
6.455181219090179923e+01
1.412001648382322969e+02
2.881847546300378937e+01
3.687250100516855156e+01
5.813176831518912024e+01
9.195484934446069758e+01
6.285008364996515695e+01
2.407247402445834439e+01
5.973283093017769119e+01
3.107019827813607193e+01
3.451896058492535957e+01
6.088015226343811293e+01
1.020140945165515802e+02
8.154446569702561476e+01
3.682416106775087883e+01
1.150261721344422341e+02
5.221876534378326795e+01
6.171556584962396386e+01
6.315324846181772500e+01
1.149519738521282477e+02
6.403659063335776125e+01
1.054915115928687470e+02
1.021131615472154834e+02
6.195199073597926542e+01
4.265791197417898672e+01
5.190868692917879912e+01
6.198870344489994721e+01
5.929329906466518452e+01
8.280403134540161147e+01
4.869343156739765988e+01
8.651436408211905871e+01
7.813178459826178823e+01
2.759578127492576272e+01
5.125333149280221079e+01
8.851217370079028512e+01
4.857371084519405002e+01
2.426235345404905885e+01
3.435480702756231608e+01
5.389160140957005041e+01
5.278685883797826506e+01
8.389893263852478356e+01
8.459502962418245886e+01
8.345064161694284621e+01
4.165141281659912664e+01
6.825176112131775596e+01
9.798035999225984938e+01
1.272699132719547066e+02
5.680903417277149714e+01
1.000996900993521876e+02
6.290869260862416468e+01
3.005043038568637925e+01
5.415518534270830031e+01
6.869034196672946280e+01
6.416507957944031659e+01
6.959810275413116187e+01
1.826226067376805133e+02
1.364276339369858135e+02
8.225533010777425602e+01
1.155427270260480128e+02
4.798070376709002005e+01
4.076245286690762271e+01
7.147627671911894254e+01
5.099009703357378243e+01
6.010637619435522083e+01
9.971000647744094181e+01
3.997130809122218409e+01
3.536004039790500286e+01
1.088903330229091040e+02
1.153432697197269334e+02
4.176163932511156673e+01
7.941453014949894396e+01
2.441523661170548465e+01
4.795380005959421510e+01
4.294396153311213737e+01
5.790032105718703548e+01
5.109683997188505344e+01
4.990758994246133540e+01
6.640274643990048276e+01
4.240212707240144852e+01
6.114125957449261506e+01
7.795036650168724179e+01
5.068776696284173511e+01
3.997495432104016544e+01
4.457139953712669467e+01
5.440543067728813043e+01
4.353950714437169012e+01
2.915960370914042699e+01
4.487007489713158037e+01
6.593391594584979032e+01
1.391308046719427409e+02
6.823174690117474483e+01
9.452516116269721635e+01
1.035320599098349561e+02
7.429612872022421755e+01
4.972775724753735460e+01
7.593835590666215296e+01
1.264749506085886281e+02
6.304663869439036716e+01
5.822549912594156041e+01
3.055892702577372333e+01
4.294544588562060738e+01
5.896680903185671241e+01
2.964103820564134750e+01
5.195478508408734086e+01
4.127830405437700279e+01
6.587998927387937442e+01
2.803716090785358261e+01
5.091856506647354053e+01
2.957716053180746130e+01
2.804067605549963460e+01
5.105736306477368203e+01
9.118464599367287349e+01
9.194843424366008833e+01
6.546040971469359704e+01
5.412324197861355657e+01
3.486984762835813711e+01
6.897675030374107052e+01
7.052123450178127939e+01
6.478270508165928732e+01
4.863626779625739260e+01
9.459469556074076024e+01
8.534121441927634066e+01
3.794700931181856873e+01
9.956721871522179867e+01
3.321831610574859894e+01
4.769417288750692308e+01
3.113292920710797063e+01
7.885805564208408214e+01
7.235376287508402982e+01
8.492341770827498237e+01
6.131172912918891882e+01
5.972871197402492527e+01
4.493825638452774029e+01
5.702285051273776162e+01
5.802651660873399919e+01
1.046234366533801108e+02
3.767641018514636642e+01
5.055808276713402449e+01
7.540263609947079715e+01
6.200698570419122291e+01
6.975071354297195114e+01
3.433024222268181802e+01
3.127622613057539880e+01
5.676564224810963566e+01
6.602285596343087093e+01
9.242725546922659419e+01
5.233166636101796598e+01
2.551286691941243845e+01
3.439700567852537461e+01
5.487149380577572799e+01
7.414936655917307462e+01
2.833642627896918498e+01
5.178275083249514665e+01
6.467640109431496853e+01
5.263061211242497706e+01
5.251285705957733541e+01
5.471242610166559217e+01
7.218353672008062460e+01
1.084077264805414416e+02
3.583191399544061539e+01
8.593995514768235466e+01
7.963375728586692048e+01
2.355934080297345901e+01
4.198362962214594774e+01
7.691228412501169487e+01
1.000072089038565082e+02
7.239851009667978587e+01
3.373260981949132997e+01
3.128879254832474643e+01
3.856304388605101963e+01
4.057478950645000282e+01
4.913375471694530461e+01
4.807939071422642030e+01
7.058532408812570225e+01
9.390723377700764729e+01
1.526885873237926035e+02
3.056075116965815042e+01
6.049645576973053096e+01
7.055079582176179542e+01
9.000324850411305988e+01
5.159394533761587098e+01
7.311669179895457660e+01
9.929169382428557356e+01
7.634842249945860715e+01
8.580340317386504978e+01
3.579334073117698267e+01
3.705703171749523506e+01
3.793805917211215473e+01
5.030281248546523187e+01
7.961393215181396954e+01
5.363640165560249784e+01
8.323869279915034269e+01
4.675107240677171916e+01
5.306100665886903300e+01
9.278942362087670404e+01
1.011059910333216152e+02
7.073238937779528612e+01
7.278544486698018545e+01
6.526775567922997823e+01
3.917890812232921149e+01
2.089175899559460348e+01
4.140911844463780511e+01
2.853178936144993827e+01
5.831293986312612532e+01
5.714879417839937048e+01
2.603028623233467442e+01
1.061917463789958305e+02
2.933521545321136514e+01
5.193137453630900779e+01
4.278595786511943544e+01
4.762491182121391375e+01
6.285176985445365716e+01
5.194945127887405079e+01
7.156459554073428819e+01
2.345485434135439107e+01
1.080574713120317654e+02
6.456694203456218872e+01
5.568736203748094482e+01
4.369219353946234463e+01
6.787601117289680985e+01
8.521997997801065594e+01
2.962731924556890561e+01
5.355987326239481661e+01
1.069044760886903589e+02
4.272672005762652958e+01
4.004882240102155322e+01
4.141251673301315606e+01
3.956648634420738375e+01
6.749839086311615688e+01
6.631426003838505778e+01
6.020175374233309640e+01
2.413025309590697631e+01
4.639633591622993691e+01
5.085806872979849658e+01
5.409856578593541343e+01
9.804606087610227405e+01
3.809946584640862000e+01
1.902133380688352560e+01
6.109791818663179441e+01
5.420573981102660355e+01
3.880048592521733752e+01
4.754913219767012578e+01
8.546885691546381736e+01
8.400915401573638519e+01
9.875571439163448417e+01
1.396865075780615939e+02
1.411954183555371500e+01
7.938936901029242676e+01
3.336003062006757602e+01
1.173880670689826360e+02
3.783017644727781459e+01
6.498488351845455213e+01
5.073799624326189672e+01
3.441009501550073679e+01
5.663709579972548624e+01
1.362479749790057895e+02
8.286902091938452486e+01
9.479028497254414276e+01
1.175379404654935058e+02
7.385093451711556156e+01
2.461952299528141452e+01
4.439585807848103371e+01
3.518056188275310348e+01
2.220396978891255557e+01
4.427108644178944985e+01
6.048232040516631258e+01
7.759209299649032232e+01
3.794847345185505816e+01
7.570799184216387800e+01
4.334082390130802764e+01
1.029917133454373470e+02
3.643070915654504915e+01
1.169952945483847913e+02
1.381233090343370975e+02
5.753371376711278629e+01
3.749342933598254035e+01
3.682019998011136863e+01
7.650798106873030235e+01
8.704594311987062838e+01
6.018481775636106335e+01
7.920440460369852076e+01
3.317912102574661759e+01
3.412587617610906676e+01
9.273515808298078866e+01
6.870495323245792463e+01
6.051878703262511294e+01
1.233803088799571270e+02
1.078725307568862490e+02
5.205211034931311076e+01
7.520138291063760505e+01
5.865255891541184496e+01
4.131561853273698404e+01
7.748309265897155740e+01
8.521861974224340486e+01
5.853398511255371517e+01
2.732863584044957150e+01
7.019249031043878517e+01
3.592147838905804491e+01
3.307653857672456610e+01
6.729254284416326470e+01
5.489266836662527282e+01
8.124136770109348049e+01
3.210770114791509400e+01
6.831318896551132980e+01
1.985983844207814641e+01
3.440761949970818989e+01
5.318375409811826415e+01
7.624966791109937958e+01
5.542083863713947522e+01
2.208529191516316814e+01
6.984715864519701256e+01
4.686379286192484273e+01
5.381594972309296310e+01
2.830050773925571050e+01
6.115486463441192910e+01
2.374456743480041965e+01
5.824098400324159286e+01
5.664278658413371659e+01
9.471880291271332908e+01
4.009038605165387992e+01
3.605028454551250405e+01
1.121584939799311940e+02
4.902392933279403309e+01
3.891196657484200472e+01
4.755242917015415571e+01
8.083219328708712226e+01
6.540383920326894440e+01
4.528770666986346782e+01
3.468473424091584434e+01
6.776598959978943526e+01
6.206511065406770200e+01
4.875922048616456550e+01
8.510762283769251724e+01
9.063735153904580955e+01
5.707061392381735487e+01
5.513118291433715967e+01
3.101197220983045355e+01
1.026886376352008057e+02
5.944545803415382323e+01
8.753264195709527939e+01
3.048320211881489783e+01
8.052666459221842388e+01
6.000413934318721942e+01
5.853512536777235198e+01
6.407674257781422966e+01
8.297770663923741097e+01
1.500501564085055008e+02
3.413546715414966570e+01
9.598859556804980286e+01
4.699707017887531890e+01
8.090904738255918005e+01
5.294788562223950379e+01
7.648545319210060711e+01
3.869828124982345230e+01
3.020544820650320617e+01
6.013865431601535505e+01
7.701241046744945606e+01
5.937283564341117881e+01
8.140493526252524248e+01
6.568171182288160992e+01
5.036829936173791111e+01
6.334868653860840482e+01
5.283785986778718780e+01
1.356352760238848418e+02
4.786727512004303975e+01
1.450934219894219268e+02
1.042220509124566235e+02
5.964873858939111528e+01
6.319237528308315888e+01
2.835744625982933087e+01
3.688365548759950485e+01
2.348170877588379568e+01
6.069819473371057228e+01
7.839088696575019810e+01
1.253396001385883665e+02
5.780131918292704540e+01
6.639063844238695822e+01
1.622983797913417732e+02
1.801809876874499494e+01
5.207566180340926110e+01
9.056986892542447265e+01
3.003771529585160849e+01
4.629331631466695285e+01
3.364368682570125202e+01
2.197094463189836588e+01
1.102737404385863726e+02
4.290257325779185038e+01
1.099899188535508046e+02
6.583166167730767881e+01
6.731987092767296588e+01
6.327788140859680510e+01
9.617793421461324499e+01
5.009380240941930396e+01
5.536281734752733996e+01
6.431386305920162272e+01
5.821165126322549810e+01
2.928847289005665289e+01
9.606817321277644339e+01
9.103117025941880058e+01
5.751112231178863254e+01
3.191477756926351717e+01
1.189446385106633528e+02
4.968146590601538293e+01
1.196193644519541976e+02
2.642624310033277624e+01
2.949244678300474831e+01
6.878012175297413933e+01
1.313312153715706927e+02
5.074484279381989893e+01
7.902585662498293573e+01
5.433058220330124044e+01
7.022638673393329611e+01
4.450101361446733961e+01
7.429376058380375980e+01
9.381040985697254087e+01
7.146449854137965474e+01
1.826089326385527443e+02
6.022152639081128456e+01
7.519165559053837455e+01
6.693267808206742586e+01
5.455309051818578325e+01
3.122976962454664474e+01
1.020827687808752700e+02
4.545824877836682276e+01
3.580896422662416256e+01
5.418862017937387776e+01
1.319243170798272331e+02
5.821518839084544084e+01
9.009298812633727493e+01
7.069316577509854937e+01
3.509052626193710722e+01
4.020388252356877246e+01
8.249163109910114144e+01
4.738013081414216288e+01
4.341197878029662149e+01
6.593728093644378419e+01
1.074279159221722466e+02
8.838432563819037568e+01
7.081175585903660874e+01
6.512650009770977988e+01
5.535501005741566871e+01
2.715681314412380587e+01
4.042151140002881249e+01
8.436800630564736991e+01
5.191932966606061228e+01
8.777274950983445478e+01
5.781037328718623769e+01
1.503603035127461567e+02
4.803093246956330375e+01
3.241955676550345800e+01
5.873476718979301836e+01
5.202303183046410595e+01
4.619584057688580003e+01
1.130320381940914700e+02
1.099655710642180537e+02
7.809309801802618267e+01
4.484115133318891822e+01
4.404995735725240991e+01
6.345697198369656888e+01
7.815309314758631842e+01
6.938584995272924516e+01
1.202945750225516406e+02
4.193244445327176351e+01
8.839342321255978163e+01
9.537523005635351581e+01
2.042708159482911157e+01
8.445720363282096343e+01
6.363439479543745847e+01
8.739407297745158587e+01
3.278532444461044548e+01
2.818216619093389497e+01
4.361865312585651111e+01
1.028417859314155436e+02
2.122432177868795833e+01
2.467536710997838867e+01
6.006921070722167144e+01
1.669128640981263629e+02
1.103014386178718951e+02
6.256942789295685259e+01
1.023201223136455837e+02
8.344755575248429125e+01
3.108902428213610847e+01
1.317781104532081429e+02
1.512492244355184141e+02
4.835978372552575166e+01
4.441633583586149570e+01
4.292713191914125304e+01
7.831501636618735063e+01
5.561961032185546827e+01
5.143169587763356532e+01
1.795586411392289250e+01
4.470060711037879742e+01
4.441447683269021240e+01
2.948670192584655325e+01
3.352748709818111195e+01
7.973105239419824386e+01
8.698916464022995854e+01
4.131517940702301672e+01
6.812507908001808232e+01
4.855943580126703552e+01
5.678939564365185788e+01
6.340280686653529330e+01
7.389732472395101581e+01
7.657210143400658353e+01
1.321974634568513807e+02
4.848287050835146772e+01
4.869835967443290770e+01
4.645063159832262301e+01
3.884721711264550947e+01
9.259540364251158451e+01
5.244813261305645824e+01
7.798297906195534779e+01
5.083622786144788819e+01
4.725433874298896342e+01
1.768792270909014874e+01
6.642286328001065954e+01
9.655618598711518530e+01
8.021984858485039638e+01
8.828835448613612868e+01
2.988482328499765117e+01
4.272124449744389807e+01
1.060592163113493029e+02
6.902461523238564212e+01
9.088721953359829797e+01
3.922272056386380967e+01
1.105023380557514940e+02
5.769299370288626960e+01
2.699786513939617905e+01
5.456472953575329399e+01
3.620404510569154866e+01
3.430318596459308367e+01
2.214370776341646518e+01
2.755617692002289587e+01
3.140198675199234657e+01
5.410654208057879089e+01
3.414536873744749812e+01
4.692418240459891621e+01
9.060255211811768561e+01
6.459269500312119305e+01
1.243780936788813705e+02
4.917134018365445058e+01
3.678449011692261905e+01
1.433051706984401505e+02
1.267858651187761723e+02
1.312094174551346981e+01
3.186884539926471405e+01
1.916846767110155625e+01
6.108859378091367631e+01
4.388431221209601318e+01
4.019782842532574563e+01
9.355010618738957362e+01
3.939606944537091238e+01
9.954099995793539790e+01
5.558558177156368885e+01
8.302008954685280173e+01
4.421549117896317682e+01
2.984297068769562244e+01
1.088948351477060044e+02
7.120144893863614755e+01
9.481297526933998654e+01
6.725765061347692608e+01
3.516946804777433755e+01
3.199994166481872426e+01
5.155774566826917749e+01
4.534614565132207531e+01
3.380257902289029204e+01
4.261955371267868742e+01
5.896721804824758806e+01
6.687121975101777593e+01
8.217084613008800886e+01
8.639164107811454585e+01
1.328536072110459259e+02
