9.374683679778915035e+00
4.356633449623749499e+01
2.085166769367438278e+01
3.775087869982645827e+01
1.927835285687361377e+01
2.070180472769700586e+01
4.895254159520685100e+00
1.465140950068791348e+01
8.997765574682038192e+00
1.671400937716314772e+01
2.588508294880229244e+01
6.631142036192748890e+01
2.158646156527147753e+01
1.383140663823497185e+01
2.991371109240315818e+01
8.865735039222579772e+00
2.248067315806390098e+01
1.319903407534801154e+01
2.927268050935038701e+01
2.628835381418947037e+01
1.931313794488540836e+01
2.660398341779954379e+01
2.362018307582537702e+01
3.934648616531745091e+01
6.980134172464264708e+00
1.875920061939706329e+01
1.236837850961444119e+01
1.187442859653755711e+01
1.239272539338135637e+01
1.342296009269402113e+01
3.416900480301842435e+01
1.785794372219032411e+01
2.009028602296237409e+01
1.778680384990926555e+01
1.724801444328575428e+01
2.675681514342068912e+00
1.443482191226151201e+01
2.156425102632886492e+01
1.671695442613102855e+01
3.580336094550732540e+00
9.851542446831551558e+00
1.019176918336755655e+01
1.561389380748741829e+01
2.796297549701964513e+01
1.168102586664509701e+01
2.622994015913963040e+01
3.352495411391628721e+01
1.610213647102834145e+01
4.520205603603218947e+01
9.381849098096987305e+00
2.319976473415046669e+01
2.032932535015762809e+01
1.923896810298005278e+01
7.990221173643589303e+00
3.073856783817900862e+01
1.077224096533902831e+01
1.123706332473198266e+01
7.376264565660475725e+00
3.103467406675048679e+01
1.080271692497658265e+01
1.210187807728103415e+01
3.297717546706517311e+01
2.483709535285271386e+01
3.734411534626848095e+01
1.288484516137860325e+01
2.588932798605478069e+01
2.201803181414333821e+01
1.454287864082155224e+01
1.875873690808755967e+01
2.179519317246401400e+01
3.579592172131324190e+01
2.738443918036657365e+01
1.118625109622841940e+01
2.432584439645687269e+01
2.178810154352103012e+01
1.536848149532719354e+01
3.185419888728974058e+01
1.231586224843739785e+01
1.078877986062282091e+01
4.194509039431284236e+01
1.143182517351822192e+01
3.691748961109239957e+01
1.834699679537804329e+01
1.882076398414593399e+01
1.376131214495796407e+01
1.029126894036755502e+01
7.220185257031970671e+00
1.515385182383112372e+01
1.514728419682167804e+01
9.451743684589358097e+00
3.337901098250590337e+01
3.839166106778823462e+01
1.310019087756365508e+01
1.872263285411674971e+01
1.099082645987520479e+01
9.391589295380619262e+00
2.087615446654291063e+01
2.054538346652441660e+01
4.231832553946296116e+01
1.954775327658323292e+01
1.680207429887996895e+01
2.210809101286730893e+01
9.613449687471470995e+00
1.857730987266205958e+01
3.468959866403302783e+01
2.430598220303533097e+01
1.671986896535653599e+01
1.705192487917675237e+01
1.644287647647394124e+01
1.519184412077387236e+01
1.832934814599213169e+01
3.741657946885042918e+01
2.499506875571607978e+01
3.064054116597403876e+01
1.456036906579231704e+01
1.682431142816707492e+01
8.682590382509774329e+00
3.985077011115714551e+00
1.961840504333776281e+01
1.524035220076411434e+01
2.859486482590104828e+01
1.125381021968259887e+01
2.638975232144315086e+01
2.518475727053948887e+01
1.003453161476438105e+01
7.942494820493362084e+00
2.284135599191273158e+01
6.434631784904053298e+00
2.242303471820617844e+01
4.058915274029650533e+01
2.024601496122599542e+01
4.664393208049236961e+00
1.848257005310286161e+01
2.471210850872536824e+01
3.990714693967527893e+01
4.347687900619520462e+01
3.308394856151466712e+01
1.240153475360567192e+01
4.306639311019650052e+01
1.210252752112743124e+01
2.909618652843631992e+01
3.324391086448837029e+01
7.642350590993657100e+00
1.176759073963132529e+01
2.233594627008985611e+01
2.651056900018997098e+01
2.713092295085852612e+01
3.350814925924117915e+01
1.973049267182480193e+01
2.519868274144422315e+01
1.076959781603699540e+01
3.367338002902864247e+01
3.348141803923024895e+01
2.258842028685566206e+01
8.898643598343710437e+00
1.889565877627787316e+01
1.814196648116767463e+01
2.023468224997184706e+01
3.235436008783288031e+01
2.240039403910954974e+01
1.846131372732837761e+01
1.423697991878617941e+01
2.699795060557176640e+01
2.029483425368777105e+01
1.662121643116408976e+01
1.623578303221752961e+01
3.176588355111210760e+01
1.402776124772072031e+01
1.880183492177553362e+01
3.796277460223172540e+01
2.118357752541677641e+01
1.242200538948777044e+01
3.904634572043996599e+01
7.612331641766501455e+00
1.594324780430948429e+01
2.334572023905847971e+01
2.711010857677596420e+01
2.012664986585519600e+01
1.571809849995963049e+01
2.289619395322239725e+01
2.468624028719402475e+01
4.009640374034687227e+01
1.189799639942776999e+01
2.431534940639001618e+01
1.711977481964901315e+01
1.265422098079181623e+01
1.657567356954718463e+01
1.544920071968073216e+01
1.074676260192874366e+01
3.047534311208004354e+01
2.559506102165384078e+01
1.928500218684113676e+01
7.725556682484436166e+00
3.837131052572719625e+01
6.370400639179563562e+00
6.033627877166712494e+01
2.226360241954267138e+01
2.576129876254220008e+01
5.612659311953009933e+00
2.972263711729179647e+01
4.223637236906566983e+01
2.436142204839125824e+01
1.829535358941939549e+01
8.744441856234086430e+00
5.426785783081281345e+00
5.746413327071471677e+00
1.505017351135889747e+01
9.932184982929635808e+00
1.587040759268111501e+01
2.065455282755673139e+01
1.791010107833648846e+01
2.046563496620850842e+01
2.284739685157524747e+01
2.303816081263263271e+01
2.047889839218025188e+01
9.976166022549092460e+00
2.171698522823954036e+01
1.576870196306201599e+01
1.590880885657692723e+01
3.128633585937267014e+01
5.406689328650548987e+01
1.734654702278500338e+01
3.409896729167395790e+01
4.825258770346351866e+01
3.169791831382860892e+01
2.012305046726736890e+01
4.415618869333003182e+00
1.750527082490743780e+01
6.253956368222256756e+00
1.894453526530497456e+01
2.229736078644849684e+01
1.157683118714993142e+01
1.637073429429931792e+01
1.674286851447236302e+01
1.651709025258663033e+01
1.490405934905057883e+01
2.240827454848979983e+01
2.025358007210433087e+01
1.257234631973956240e+01
2.777121227444007801e+01
4.492525974555319124e+01
5.070841656462184766e+00
1.783224712490859076e+01
3.328137771580963289e+01
1.651794765932065445e+01
1.240580873265459694e+01
7.361447743038723068e+00
1.331397707227483984e+01
7.777399578708783956e+00
8.026372773823762685e+00
2.032338358284678037e+01
1.913299942278636223e+01
4.511493471385144716e+01
1.270984324847212754e+01
3.649358594659120314e+01
1.357031942253194501e+01
1.315303669509489204e+01
1.071182354786468949e+01
1.352913217857564909e+01
1.505765994571194177e+01
6.759867221377384716e+00
5.758012030306883844e+01
4.045139008766858524e+01
1.429265077659005101e+01
3.155643524670984590e+01
1.676747059923262739e+01
4.145427596301122897e+00
3.789128383372727882e+01
1.702570839480846843e+01
1.283549812079894892e+01
1.420226207703882437e+01
1.642548118977640215e+01
1.561631956051136783e+01
2.128557792190497366e+01
1.687810845860769504e+01
1.920579515573839302e+01
6.498169577027034904e+00
1.885928226353470905e+01
7.663403995387472634e+00
1.513285566787082281e+01
1.398056153864935069e+01
1.627293775287050082e+01
1.223955968011039452e+01
2.474945491462827363e+01
7.496675069512920508e+00
4.068255015574609246e+01
3.771222084114325668e+01
1.803856813489160160e+01
2.166271633223305315e+01
1.118681146409234906e+01
4.227007465253016250e+01
3.291943541663778916e+01
5.029555017029059627e+01
8.911937317678392034e+00
8.715926479863931320e+00
2.188328529259348088e+01
2.378364454237668113e+01
1.080336217778659424e+01
1.947892374857963205e+01
2.974004823422709265e+01
2.136855626273460018e+01
1.086396865139268009e+01
3.117184090937572805e+01
3.198824258139947219e+01
1.300524284360628258e+01
1.653722877283649950e+01
8.894908088521281897e+00
1.722978708641546675e+01
1.981259259484823332e+01
1.159092865707296305e+01
9.957698333849052119e+00
3.736865514250892772e+01
2.480982310456787232e+01
1.488714273744868599e+01
1.462326639201754297e+01
1.065868489833121657e+01
1.889781307652832965e+01
1.061518807639028950e+01
4.691615366248585772e+00
7.039890143260345567e+00
2.002752615089959320e+01
1.771670009723162664e+01
1.670846675750214771e+01
1.723683143339342649e+01
1.680273535790732353e+01
4.463630446830686438e+00
2.658605764203884547e+01
6.980893607883753127e+00
1.245631923656999440e+01
2.496087699712912311e+01
2.601135281713989045e+01
1.475931432821421119e+01
3.190767438593185545e+01
1.656371572042166562e+01
1.197576673634663003e+01
6.067774375957942112e+00
2.292603668631037550e+01
4.684213799794791910e+00
9.610535574958538163e+00
1.382507754805971523e+01
7.036426051572187035e+00
2.246144891824421208e+01
1.364513303326418736e+01
3.187610317689961903e+01
1.120809968273553281e+01
1.359270270342115694e+01
2.320603163661503032e+01
5.139238550863723276e+00
1.004283277629307314e+01
2.189042081938448803e+01
4.503600445080974879e+01
1.108296489325347878e+01
4.021736642526988703e+01
1.978865838025404855e+01
1.993184573464157339e+01
1.705118194955035449e+01
1.390994371760417359e+01
1.153305833869992370e+01
3.601117837005920563e+01
2.111675179107897904e+01
1.857910673130700019e+01
2.790018926798535404e+01
9.384653482145880687e+00
2.014535071146342915e+01
2.520555074829470499e+01
1.699816940605641591e+01
2.054926849863165472e+01
2.285797383459555121e+01
1.090365886257009720e+01
1.595656871693081058e+01
2.036816994534785863e+01
3.211272452754871409e+01
1.281481402010080117e+01
1.290752690270175407e+01
1.954678163080474107e+01
1.960935933031946377e+01
2.972219006521338258e+01
2.640857787103254495e+01
1.210115093578428436e+01
1.086347523409815885e+01
7.078113216943833663e+00
2.057754400838760489e+01
1.516602725086062797e+01
1.707368150017447306e+01
1.730038834424677319e+01
1.936874609437348482e+01
2.589544334727236929e+01
3.552543364363661027e+01
8.204414012432406977e+00
1.752140988711822089e+01
6.135281158341562957e+00
6.068028506532664679e+00
1.312611105090225649e+01
5.317116181743930525e+00
2.842128171749314092e+01
1.320640379367815420e+01
1.321805716000680242e+01
2.542256690489464788e+01
2.912466205796384955e+01
2.122578531127797064e+01
2.022916877030881366e+01
8.349598799262725635e+00
1.290538425205465600e+01
5.328249897776529131e+00
9.476033183517090563e+00
4.166042494491748016e+01
2.291700622021111400e+01
2.255604754700257430e+01
1.579703838903618163e+01
1.681170927869735365e+01
2.494944050299760008e+01
2.931373315373902244e+01
2.367407593750739636e+01
3.354632223962529736e+01
1.868869948232052636e+01
9.981180739047751160e+00
2.255065843103143663e+01
4.537357820446992207e+01
1.150013593826183822e+01
2.346535832603256821e+01
2.457354088359953437e+01
1.320176007830292697e+01
1.605609700253641492e+01
1.362734403823573359e+01
2.035676807246962028e+01
2.468817358902530756e+01
4.084157873147793438e+00
3.074113354713683677e+01
1.645134727352563431e+01
1.017801376604566421e+01
1.379033838236321330e+01
3.531113656519960387e+01
3.257543015985739743e+01
2.718374748855941903e+01
1.086538754357983727e+01
1.983405815709820175e+01
4.573528453529560522e+01
1.122544831691777922e+01
2.446392949402876482e+01
1.042836734083098094e+01
1.213962967009012139e+01
1.529377380413362353e+01
2.051847116084358902e+01
2.152351774507343052e+01
1.604803530669110501e+01
1.401304366189582495e+01
1.542112768417916158e+01
3.610762290341067171e+01
7.775158419788714248e+00
8.231667995149102524e+00
2.331324088790512050e+01
8.297108391056122301e+00
3.930355716072480732e+01
1.953436159713732678e+01
4.437923766800220271e+00
2.800423361539979084e+01
1.755715425325456991e+01
1.830277341486116782e+01
2.338292492414133505e+01
1.520081221412379513e+01
5.877123389534832931e+00
3.531748866753432736e+01
3.683426065250050385e+01
3.230636169738264840e+01
2.111399317751009974e+01
2.232085789397676479e+01
3.990717509954023257e+01
9.876739541368069197e+00
1.795919733954443487e+01
2.117406491928306878e+01
2.468468223480194723e+01
2.767773865265125366e+01
1.272162243695604822e+01
1.448369395166353257e+01
3.406264533584441523e+01
3.180337682836067614e+01
2.211854525489595957e+01
2.366800290680465579e+01
2.981230412521494699e+01
5.319489853228647291e+01
3.221651802317639834e+01
1.258900354705927072e+01
2.829707049512735040e+01
7.379509042235042671e+00
8.499257117191634237e+00
2.880993089113972871e+01
2.522579096360897566e+01
1.677364627071215608e+01
2.027140678339093682e+01
1.816609925564000960e+01
4.730212860917869477e+01
3.729839067584237711e+01
2.409558765195958685e+01
1.891324245801174442e+01
2.565804533079731087e+01
1.406656192463844057e+01
1.190921490563038887e+01
9.344838164951342563e+00
1.024630841536630399e+01
2.743914142737083495e+01
1.800089085741468153e+01
2.799584448434244166e+01
3.871086092579677995e+01
1.286067477719456953e+01
1.820678613020600523e+01
1.571163577241441978e+01
1.804749669983945637e+01
3.039670629807567437e+01
6.231829091188381575e+00
1.358007484465598402e+01
8.892250631199365429e+00
2.241524735392885503e+01
1.869268892954197625e+01
2.740214572065737642e+01
3.661501603522940940e+01
1.559507972980611967e+01
1.215307543887102426e+01
2.427065212458385446e+01
3.453600432356014949e+01
2.477475382186076303e+01
2.447695456055118157e+01
1.380901250842898342e+01
2.736564936715156904e+01
1.888034721154627604e+01
1.241298006618532312e+01
2.318499881579201727e+01
2.243178855540844907e+01
2.008009706512150316e+01
1.278635109161933592e+01
3.913804968970912768e+01
1.826280426583272032e+01
1.886351206748373954e+01
3.529571599749716171e+01
2.254316022259315844e+01
1.826209610465150845e+01
2.655845902588574958e+01
1.546093847970675839e+01
1.941368614273967452e+01
2.186192969352749671e+01
2.654068524152991415e+01
1.624459716374954610e+01
2.244673083143723957e+01
1.607154541550827176e+01
2.462003953045977767e+01
5.819139492489413534e+00
4.343219331944422379e+01
1.312686899840617905e+01
3.904700539605300236e+01
6.747534962989870877e+00
6.665730340814175925e+00
2.222332064466022672e+01
7.711627804388426988e+00
1.220541077199400171e+01
7.351713971866612241e+00
6.873679371082715761e+00
1.859274957898510294e+01
9.498030133544949294e+00
3.492207910388374614e+01
3.842222733657334288e+01
2.812248256088480147e+01
2.236157433250306426e+01
1.642602533217359806e+01
3.896830480981241607e+01
1.972837382835557563e+01
1.318823734806424497e+01
1.232579766650622766e+01
1.946025288365237316e+01
2.044044404141499527e+01
1.187798570520723906e+01
4.523595674685719104e+01
1.764742832877432477e+01
6.188768432243739426e+01
1.042415066161094117e+01
7.469500830156011517e+00
2.190220397028951993e+01
9.220102779571703877e+00
3.259392073882536778e+01
1.781479439176800739e+01
2.659790075185104641e+01
1.405202024347612877e+01
1.202379728517359858e+01
1.717360969884688160e+01
1.454786350398088679e+01
5.437882069444300193e+00
1.947803896167077653e+01
2.082222252410701557e+01
1.404829496218966689e+01
5.892358487062828942e+01
2.316921642344660626e+01
2.031558262487327582e+01
5.906760024999748282e+00
3.379247281174564677e+01
3.199469008020106919e+00
2.650679998432632800e+01
3.196182141668104748e+01
1.880872115205487560e+01
3.186081256285671159e+01
1.150607853163988104e+01
3.715122732808465145e+01
3.559759712957174571e+01
3.055655291530812079e+01
1.215434670145092610e+01
5.978658585359925581e+01
9.568517081934146518e+00
1.404928825251637470e+01
6.935224458341387788e+00
3.631794830461438295e+01
1.181519030636008694e+01
1.804767901378992434e+01
1.883770750211573386e+01
3.842540992144672174e+01
5.953462230256167231e+01
2.928639341617932601e+01
1.576658308276307530e+01
2.864119736064728272e+01
1.628408247408896870e+01
4.143211015438874512e+01
1.549172008798547040e+01
1.957851877665876472e+01
1.448124030794790151e+01
2.452556464703542005e+01
4.749112386898656979e+01
1.347032928114458628e+01
3.606569456586018418e+01
1.224014446580995319e+01
2.337550162065834769e+01
2.820575647747872239e+01
3.450246420721345686e+01
2.665694433004019004e+01
2.130310438689152974e+01
2.897736082598127894e+01
2.329117298586563933e+01
1.580921728233679779e+01
2.644021921739189906e+01
9.091900391615634902e+00
1.690420630619285802e+01
3.024304019799393473e+01
3.326345612258884898e+01
3.682788405674644139e+01
1.854015491836936746e+01
2.351831573058195701e+01
6.400377568321459876e+00
7.395753466534245035e+00
2.480546451612144310e+01
3.627130358196029647e+01
2.806218305552844328e+01
1.327929725423467389e+01
3.432226797712538513e+01
8.541617133789735306e+00
2.301695437664539767e+01
1.998904392430960542e+01
2.067400375206305085e+01
2.926758953828992915e+01
3.098277658097029530e+01
1.736494169774788077e+01
2.176879681327783800e+01
2.721255583740602901e+01
1.527374789777422492e+01
5.656249955608909197e+00
3.297639869335872476e+01
7.105032843299156298e+01
1.718102277580345216e+01
2.051724537544559368e+01
1.299171974909134342e+01
1.396502006118973860e+01
3.641835446655321107e+01
2.618627435360171063e+01
3.289964789343809315e+01
2.182663763868272255e+01
1.624177471704058462e+01
1.454571545281775258e+01
2.554583038512173943e+01
2.788017115827138426e+01
1.278641968798585360e+01
2.524907932343012718e+01
1.287573671562054756e+01
3.909740118715254198e+01
1.388101910496813574e+01
1.253108360370155694e+01
6.296395426392174954e+01
1.742755297497319233e+01
1.360230854054369232e+01
2.791143478338764083e+01
1.754356977359252667e+01
3.465888386095956264e+01
8.022261972402841224e+00
2.442519892268896697e+01
1.989002824295407024e+01
1.765522738883958453e+01
4.666187721516038778e+01
2.380106478190793950e+01
1.284008857515942026e+01
2.276407386047869608e+01
1.299639493675549851e+01
1.367953892473614808e+01
3.661400543887564396e+01
4.587608483580574159e+01
3.201868775748986451e+01
3.346777086980217319e+01
1.928328251488870393e+01
2.592071350233298332e+01
1.940627286801048257e+01
1.691383222598279801e+01
6.240430077532237441e+00
1.197423920252081508e+01
9.630235585158400724e+00
1.847202347748845241e+01
8.742824693063598218e+00
3.914791413622945981e+01
1.034701643472011590e+01
1.023458286362718894e+01
1.466937732421954621e+01
3.374138970634079726e+01
1.277146927902197682e+01
9.796396462868566246e+00
1.149541493507341450e+01
1.368254091920094950e+01
1.065023357305992313e+01
4.868072027368970112e+01
1.127690599065847543e+01
2.058986649332705809e+01
1.160742758229342364e+01
2.112233795578232787e+01
3.063894797184180874e+01
1.604467776599084772e+01
1.387862992181089439e+01
1.878984895029900670e+01
1.031821585862797441e+01
3.490051719771450678e+01
2.007285253993839547e+01
2.929205801298047618e+01
3.891354212919206912e+00
2.150073265380069287e+01
2.120830824218710831e+01
1.897725141480623989e+01
9.006756981574801202e+00
4.987850085460529925e+01
1.621424910395427332e+01
2.381293834946341192e+01
2.192365957546101995e+01
2.842483727851777076e+01
2.219812126353397019e+01
6.812666859782349427e+00
1.318081778836764251e+01
1.298289565650638444e+01
1.610546348261021876e+01
4.011054009602967341e+01
7.620721894977896760e+00
1.325065096161057454e+01
5.260676649040674668e+00
8.769015188197002431e+00
1.906710001353147277e+01
3.352492017420583181e+01
1.214933761414492430e+01
1.034708886894363467e+01
2.123735720037146635e+01
1.639629393405681057e+01
1.078431808380394763e+01
2.862859242940984572e+01
2.929763176939442815e+01
1.589952133504608511e+01
4.501515468824945465e+00
1.783045671397321286e+01
9.914993725315232709e+00
2.501819380814111682e+01
3.526226377159464676e+01
1.931481614723768203e+01
1.746705866314588462e+01
1.391113362518404095e+01
3.421972826433581361e+01
1.487174836194407312e+01
1.990402975008580100e+01
9.044898869793225771e+00
3.128448221199275991e+01
9.759658313970207999e+00
1.288268503128124465e+01
1.020809223796991105e+01
6.115131016584624213e+00
4.357185390265961189e+00
1.557536487792368973e+01
2.204103786788494901e+01
4.950683017160507404e+00
6.316311164234696918e+01
2.878308781234539282e+01
2.510256766870279321e+01
8.337894051065127599e+00
1.527114789644627635e+01
1.794514573975592242e+01
1.674524260871793402e+01
1.623390267374436391e+01
7.953099763684422285e+00
1.932974846610062158e+01
1.620619323495045094e+01
2.158009281560676484e+01
5.396619002035367174e+01
2.516818072530532646e+01
1.982173155465614300e+01
5.768498062192182196e+00
2.548363750700823260e+01
2.105944469877342584e+01
1.649693623102350060e+01
3.930056324820815661e+01
1.159508199046876165e+01
6.733569677304014789e+00
3.644231087909511757e+01
3.581439502910347983e+01
1.592898189046051804e+01
2.207531359146718053e+00
1.619182366463311240e+01
1.169643069286027348e+01
2.288537158627879098e+00
1.816742598662145269e+01
1.487499858833426636e+01
1.180556475147089124e+01
3.751388378250536704e+01
5.409385409501813236e+00
2.430922462995141586e+01
1.029910386495083152e+01
1.791817577807168860e+01
5.373463729558688229e+00
1.348533270486964675e+01
2.240940193802678593e+01
1.967204306228628496e+01
1.609070540705581465e+01
2.242725898112324856e+01
1.417081883280685872e+01
1.848475216711318581e+01
1.052872270317579506e+01
1.683128678466817263e+01
2.953349154933396647e+01
5.782502174636837466e+00
3.195503209535745626e+01
4.947904796823213935e+00
2.486565164145615370e+01
4.034582033791883759e+01
8.355407916252933376e+01
4.072299546186465591e+01
1.060431521141418365e+01
2.374002112511113260e+00
1.518189924863387219e+01
1.456179834168659504e+01
6.501838089815536570e+00
4.188840489164633141e+01
1.766476495045463935e+01
1.117056364592250794e+01
2.229803986776958524e+01
2.119451127432025572e+01
1.427043482225722393e+01
1.356669552462158634e+01
7.504846825479742911e+00
1.210957908553253404e+01
8.735342798919976559e+00
2.326327010217328350e+01
2.053481667272044930e+01
3.126705721063795806e+01
5.382033315516920169e+01
1.622655906133808656e+01
3.274754985879906144e+01
2.290065956718481033e+01
8.780047630637405121e+00
1.044642311524235900e+01
3.808055790298820398e+01
1.722558433474633688e+01
1.472038668384633553e+01
3.324325135930160968e+01
1.988787272530224115e+01
1.723720844496699556e+01
2.291155574068297085e+01
3.245872826279120460e+01
9.963910539035079950e+00
8.823507409682120439e+00
1.693530690215414225e+01
3.238035332968474478e+01
1.062535290380405861e+01
1.467357908344015804e+01
3.562336681245477621e+01
1.948848069501769231e+01
2.251316207799947122e+01
9.600889788846441064e+00
1.799276437635692716e+01
7.053128383635351106e+00
2.580843113263200550e+01
3.171117960804966529e+01
1.283812378736144311e+01
1.374758378544074411e+01
1.796985965051833034e+01
3.726967822698267696e+01
1.850426551902663164e+01
1.458619554558252673e+01
6.581489701325874364e+01
2.708642476098878760e+01
2.196362275959994648e+01
1.356764653755553596e+01
3.089801102759598450e+01
2.097892086038503479e+01
1.184192392854033038e+01
1.409535352626610205e+01
2.358289654431978732e+01
2.271093724592136454e+01
1.570310894805949076e+01
1.990255596856857778e+01
2.105634691738578468e+01
5.847278318713472700e+00
1.889970166329140255e+01
1.625177581532969029e+01
1.241763274662380923e+01
2.288835732667902789e+01
1.271366975116519882e+01
1.944838836696384377e+01
1.938198870558587572e+01
1.605416360877800130e+01
2.203418823588205200e+01
2.501224917951532589e+01
1.682930885125717779e+01
5.127594669247919512e+01
1.129598884885188959e+01
1.845128986705109853e+01
3.348724911638993262e+01
1.562129739274832296e+01
4.909590834685070071e+00
1.847021768261653563e+01
4.395903216164467153e+01
2.221310397834674077e+01
2.030642502071287936e+01
1.291805798622923973e+01
1.505724318735229694e+01
2.541127181922794165e+01
1.165013912673607344e+01
2.833805098720818094e+01
1.895114913641956633e+01
7.236853766191669202e+00
1.220335905619126926e+01
1.552382778743848313e+01
3.265181239041552885e+01
2.689163203454879181e+01
6.834089545698423862e+00
1.460446910158060874e+01
2.043450439986539635e+01
1.018855967235539595e+01
4.356792804319750800e+00
2.242697316365757487e+01
1.596086644005186095e+01
2.963157055551966579e+01
2.151482694473470403e+01
1.995462102573203467e+01
7.089887975342192838e+00
1.218547948842350692e+01
9.830608261631718747e+00
3.034051237128466383e+01
2.010351268359901411e+01
2.824021761091764304e+01
2.821193057381620051e+01
2.554473054664931908e+01
1.654176927376109063e+01
1.418004392073990161e+01
3.247162925808584077e+01
3.983729897199487446e+00
2.129979810773933124e+01
1.224482953361262361e+01
1.649015521649674909e+01
1.077915034592273003e+01
1.494557943930712085e+01
2.102000889734388878e+01
1.295923261250101355e+01
1.280577163765374493e+01
2.095008036449446465e+01
1.424057922795494413e+01
1.047573092248232740e+01
8.895674488084662102e+00
9.206249676193664300e+00
7.691981705592939811e+00
3.338901843603932207e+01
2.795559518171468305e+00
1.620998239095278493e+01
2.747709597197036402e+01
3.028386226691092986e+01
4.969001178447907563e+00
2.155276135059795806e+01
8.890828186596685612e+00
3.550104503191595740e+01
1.941897576716382900e+01
1.620874075869908637e+01
2.842725177420383531e+01
1.961908176843099838e+01
9.449016442740356680e+00
5.338595221578531280e+00
3.661936586057112919e+01
5.788623507840133442e+01
5.546495402864574764e+00
1.823186002364227321e+01
2.010920127481336195e+01
3.203209278269583393e+01
2.535235914796930956e+01
1.879715756306119756e+00
1.898776397860102705e+01
6.172955230698897289e+00
6.059118791071687937e+00
4.473619603470145023e+01
4.780783647143670123e+01
6.122297639084898435e+00
1.093191467808985706e+01
1.052276191659699478e+01
1.462359336983034375e+01
1.289728505911063117e+01
1.907916596813093690e+01
1.931107866786799221e+01
3.173445547024237712e+01
3.394271924304879207e+01
1.659804469045675646e+01
