4.226307113887938982e+01
4.645064011878232435e+01
5.193168499127368420e+01
7.843227280133889678e+01
2.966127989477252669e+01
5.395278644817772573e+01
7.000503413117360196e+01
5.575376413405386700e+01
5.680308269416434541e+01
7.343494009554061108e+01
2.852107005800199246e+01
6.710533853642498059e+01
7.208787188243992716e+01
5.531388519854109376e+01
7.835015307031601139e+01
7.188846834928801854e+01
6.660748178944929521e+01
3.605447153778548142e+01
4.283884775837434944e+01
2.422975067821847972e+01
3.336165558481572901e+01
3.024755221523843574e+01
1.008709124787523308e+02
2.406352926777936929e+01
3.887577936173493498e+01
3.692194382972304822e+01
3.040867804213065284e+01
5.020359465161034507e+01
8.162218539395708206e+01
7.442009455057200285e+01
3.309766616497672231e+01
8.437057794869384963e+01
1.551486778150084831e+02
1.054570075280308714e+02
4.453150114648236979e+01
6.542042446272250800e+01
4.109792369455043115e+01
5.395702105520197023e+01
3.121166570222985115e+01
9.759128056551801933e+01
1.686125698213446711e+01
5.013497810491814022e+01
5.122100898284816139e+01
5.730020936405906440e+01
4.711560580152328725e+01
5.525768865818608333e+01
6.253618287519073249e+01
5.570453757844456533e+01
4.568469439361979312e+01
8.463338824144044281e+01
5.968021025730963203e+01
3.269629548850912926e+01
3.417470264143160819e+01
6.617803025721588028e+01
4.658790162108915212e+01
5.597038286678071017e+01
4.662246376210046606e+01
4.373973225659514696e+01
8.343801232217305142e+01
8.060958261541236425e+01
7.286289797525446943e+01
7.687115266894245735e+01
3.257289058085439848e+01
5.108046876082507026e+01
3.248891345178358847e+01
6.898612212382832354e+01
1.030343410366956505e+02
1.006558873110340784e+02
4.865977752782733035e+01
5.047105613796640000e+01
3.989508922938264845e+01
1.336808050677775270e+02
1.604065931420039348e+01
1.167618528693705997e+02
1.252566393861578860e+02
6.019505191967645885e+01
7.225387999068021827e+01
2.420426077867548287e+01
5.638661836352677170e+01
1.827512197932275484e+01
6.910739404158076127e+01
3.257665123713901778e+01
7.476286850508404314e+01
4.132638309960199763e+01
6.371905484067255543e+01
1.027258524762543033e+02
7.218671223769914036e+01
8.761327059390724514e+01
1.182705513143932876e+02
6.204092001839806159e+01
3.559664145381136535e+01
7.456515359115252295e+01
5.009691710237959938e+01
2.375127035735607706e+01
6.293869601002794667e+01
5.611005811153263068e+01
3.692845355026557996e+01
4.141033447117108324e+01
5.638352792815904024e+01
2.698255358116190195e+01
3.186756633557461171e+01
6.896166005987960546e+01
1.116683999414376984e+02
3.809817303643186648e+01
4.300836913331138334e+01
8.812866640723166256e+01
6.758813563949924230e+01
5.219009745025917368e+01
9.152798560083385837e+01
6.736105727694710765e+01
3.961098948339682835e+01
4.869133622136234862e+01
8.163892326997785176e+01
4.935431014934156480e+01
2.640733667510020055e+01
4.940817948932287607e+01
4.409245908576869510e+01
3.774222851991103056e+01
3.652200375408737898e+01
6.035871915926824016e+01
5.450132608038222770e+01
5.494127008002492829e+01
6.161932788935096994e+01
8.799387498772500749e+01
4.106241226630807262e+01
3.010791544574756173e+01
5.335730101740892906e+01
3.102664765809311831e+01
1.082608620155603063e+02
6.229400574997076490e+01
5.192957996841223434e+01
2.683995101603031230e+01
5.954765378718547453e+01
2.589524502319281396e+01
6.776432718622417894e+01
2.035609388446646761e+01
1.074087072005257539e+02
8.541128874569560026e+01
5.985547484023456377e+01
7.997697423636942915e+01
5.727012789528360770e+01
2.971632526806021701e+01
6.847185827692339899e+01
4.391108365805116165e+01
5.884558727248241894e+01
3.307142545393385547e+01
4.111758781732596191e+01
5.450956424308103010e+01
8.186208551700151759e+01
5.573634761802917836e+01
4.622303691606217058e+01
1.007811436838844372e+02
3.077168461963253776e+01
3.528981946055422725e+01
5.871424996425900389e+01
8.335033338702537264e+01
2.773712985756889182e+01
6.374703545923932779e+01
3.671842576188195295e+01
6.189609077106320711e+01
6.799761131641453460e+01
1.227797619309035895e+02
7.449967599692435272e+01
5.762730409011973620e+01
2.556765014621943521e+01
5.314657043905447864e+01
6.764904072258653400e+01
8.383638892432264811e+01
1.437634331181243681e+02
4.734634649903890136e+01
2.926734083512288009e+01
5.492589115606289596e+01
5.520382186923960433e+01
4.736933237735890145e+01
3.973679677559591283e+01
1.416421669335750551e+02
3.454525812059051049e+01
4.542950523857282974e+01
3.152662335397128501e+01
5.246223867946902431e+01
7.143396392748930168e+01
6.073179145473960716e+01
6.406952185015001078e+01
5.394100595188807290e+01
9.805656450906705857e+01
7.215071163215623073e+01
6.609548313413746712e+01
4.265500846904606647e+01
1.550210220830934702e+02
6.087329995505052693e+01
3.276834916628546779e+01
2.954212008303936088e+01
3.017401878018653605e+01
6.242514241329768510e+01
8.615334923382482657e+01
1.186695759102330499e+02
8.460821787294523233e+01
6.812098916748428223e+01
5.971659390143348389e+01
5.551016002979358177e+01
2.003112764079758179e+01
3.263298636128734387e+01
6.179471338421356563e+01
3.456334820470576119e+01
6.593654039312673376e+01
5.437755983089109435e+01
7.073519181407411338e+01
1.970102167511427993e+01
2.800972571405357670e+01
4.910208451727294232e+01
3.240431558115454180e+01
1.033165120494885514e+02
3.235154821954350268e+01
2.389194930350779700e+01
2.899434079934537323e+01
2.894101519086169461e+01
3.704735702424218147e+01
3.432957882823797036e+01
2.348643356677145633e+01
4.363383488359823303e+01
3.983354368531871614e+01
4.111830953192364291e+01
3.698075933489584344e+01
4.068777507200659471e+01
8.376289127923276112e+01
6.949183439391197226e+01
6.539244519729336957e+01
8.902001707415755050e+01
2.505603132802870903e+01
5.482162355389459663e+01
4.165666845910567417e+01
2.574215448106593129e+01
1.092247420865651293e+02
6.321032546007549513e+01
4.164499932748744726e+01
3.789691001556372640e+01
5.111225556399774206e+01
5.204304034326263917e+01
4.722498059103465096e+01
6.675432287825506705e+01
5.686661799638388715e+01
6.973343499772663279e+01
3.205444896095938390e+01
5.046382993727969080e+01
4.276295904379269786e+01
6.477531910036428542e+01
3.670093207022884485e+01
2.974035633818821012e+01
3.390403188771050225e+01
3.383944926179967894e+01
3.263557811725171121e+01
5.002605446706808578e+01
1.030449481985914844e+02
4.030300984806052611e+01
7.016166248377385273e+01
5.036628912767976374e+01
2.699397746715994018e+01
7.456584323359265909e+01
5.181382605873899649e+01
2.232958910702843625e+01
4.837308424051585121e+01
4.266650151149768533e+01
3.548813899044443332e+01
3.056936162797985190e+01
9.931757957838597406e+01
9.316571363447187082e+01
1.290862159967529124e+02
5.305419918926632761e+01
3.963230530378499594e+01
4.359345898384809459e+01
9.728992245490250923e+01
7.866951570391351822e+01
1.130281893468937966e+02
2.636541397004460308e+01
3.704787995099223963e+01
7.502289514884051869e+01
7.317479142719774643e+01
7.292638412855652064e+01
1.849852110116656547e+02
4.458708818247311712e+01
3.586789019057587069e+01
7.966105483013151911e+01
5.679787057883729062e+01
5.004637604292333464e+01
5.127778110394376654e+01
9.053975006402380643e+01
5.205499301287930791e+01
4.169360372322925201e+01
5.690461244673087293e+01
4.433704866505502196e+01
4.424981524208985917e+01
6.460078254750706606e+01
8.224452649116143732e+01
1.599791920389213544e+02
4.541776332078415379e+01
4.838160028350953468e+01
9.122016929240224670e+01
3.166467885274390781e+01
1.702190394136293037e+02
5.503459206177696217e+01
4.602181237489539001e+01
6.945581324773499432e+01
1.272692883755884594e+02
5.831974173362640812e+01
1.472326936516211049e+01
6.084900058742228879e+01
1.083039803262679897e+02
3.504445111194915796e+01
5.869367570751509078e+01
9.158560524582713924e+01
5.483116507191989797e+01
6.809953346211935354e+01
6.792473735346570152e+01
1.095404115696149745e+02
6.349090990714925198e+01
2.850589577916610651e+01
5.981050130189479574e+01
4.596608566956028596e+01
1.123769015879124140e+02
3.400969127283295990e+01
6.933070532095129579e+01
3.443547870861813465e+01
5.758487659290902627e+01
4.070863344575664655e+01
4.351557412110559397e+01
4.132941718770447892e+01
1.231828286493768161e+02
1.774528079107198408e+01
4.115615561777988773e+01
4.574676654641726259e+01
3.770024971058863628e+01
1.016699263470047327e+02
3.756224046181854703e+01
3.187098477143006647e+01
6.329270869743955785e+01
4.790528244530440816e+01
5.375393740904091544e+01
3.804459353053392334e+01
3.505867746588413780e+01
3.487781542568250615e+01
6.092479119430378631e+01
4.802613518468780285e+01
6.286273649358409443e+01
3.046628867936018992e+01
7.713222251100279436e+01
3.572777650526271032e+01
9.798466930616143600e+01
2.977732679012795813e+01
4.012859021878735888e+01
4.244612743868916027e+01
8.515872357675891635e+01
2.066865164677508346e+02
1.737418893232853634e+01
5.191423595440193139e+01
7.600210444159603185e+01
8.547767690960068876e+01
8.681225162761776915e+01
5.520205016991150160e+01
4.785745673033353853e+01
3.973701284321716543e+01
4.633206927755211524e+01
3.285462569957022794e+01
4.242990121164131523e+01
3.631172309384815833e+01
4.628441936645307209e+01
4.374041457884557360e+01
2.831209642531644022e+01
2.559493306037991189e+01
3.288838818774135575e+01
8.166365817718231312e+01
6.163352473911815821e+01
3.448399129541429886e+01
1.555536808756819482e+02
1.101055598378151785e+02
7.367774520805146210e+01
2.149480164837531504e+01
4.452019263708703534e+01
7.889288413377158804e+01
5.984811032077106319e+01
6.415405832036724121e+01
3.245976744285182747e+01
3.391525182487803391e+01
8.626137051185500582e+01
5.156579262934857155e+01
3.352906295814639748e+01
2.781293092499488750e+01
5.539154837713378043e+01
2.795762985985828308e+01
5.105663084225135151e+01
5.703128003069069507e+01
3.116631848270227323e+01
4.510602083140653207e+01
5.464549979181230555e+01
4.048946399749231517e+01
4.397915026953030093e+01
1.302807052672702071e+02
9.530788305898225587e+01
9.579337941219837660e+01
5.919025053769416900e+01
6.794945886941840740e+01
3.897985570524795662e+01
3.154295777070116813e+01
5.569313762812531365e+01
7.345827082058180224e+01
8.759910692862405313e+01
3.555773335427907966e+01
6.032827118762827467e+01
3.752963484295834462e+01
9.027131381956132827e+01
5.031221622956402939e+01
4.318724414244475440e+01
4.723463775335423520e+01
6.349701067056084725e+01
3.870092451906944575e+01
4.590155346201010644e+01
4.237834799300670596e+01
5.452931069306411871e+01
6.119718362163141734e+01
6.208599007755235988e+01
5.741645556534257366e+01
1.097707165982971134e+02
8.699908357610320309e+01
3.732319613097276090e+01
4.470015074718065762e+01
1.203764052595751224e+02
5.242277520782850786e+01
3.215052140630996291e+01
9.522355391585730899e+01
7.464391792009578808e+01
8.164469606418658998e+01
6.661910428845247623e+01
5.195674279768157788e+01
6.195508174317846084e+01
8.827483148164064630e+01
8.025620834762968059e+01
9.884012247584291799e+01
7.321948947992764545e+01
8.092447885148803266e+01
4.514640167134972160e+01
6.057316262520578221e+01
7.543227815411424331e+01
6.723675455116416799e+01
5.123819600502400817e+01
4.981274163096507124e+01
3.998609894872463855e+01
5.514940297524362478e+01
3.463470627677438785e+01
2.622159288075517480e+01
1.082437382898991842e+02
1.084989156809807156e+02
4.393830873275516069e+01
1.873415415696976893e+01
3.385153715425005316e+01
4.056263311085846368e+01
4.218681405257326134e+01
3.573543930818483005e+01
8.800948432148003064e+01
4.264648836803588239e+01
5.076635045525296874e+01
6.058470106968023572e+01
8.455109731169447684e+01
9.943868878107225839e+01
1.428842457470759655e+02
4.468323580104742376e+01
2.935029504467252082e+01
3.195959479886232657e+01
5.542836586651704067e+01
4.922261733920129245e+01
8.848025346619914444e+01
5.542422822344419586e+01
3.522147095706079512e+01
1.155732067863478676e+02
6.781019833461641610e+01
6.798768952545077582e+01
5.923261890780569416e+01
3.698461865032442830e+01
4.161371775440851906e+01
3.182940356736521892e+01
5.813515805583205776e+01
5.415027381473475998e+01
5.248709282545318189e+01
1.307944492687782372e+02
5.002286142865209939e+01
4.467893390379044405e+01
4.032819930180632184e+01
1.677148734256366325e+01
2.433571235163440605e+01
5.901091556283771666e+01
4.742173890537551983e+01
6.101723439330358900e+01
2.437476414684561021e+01
5.279647129206943390e+01
5.919020833647519453e+01
4.650272019509782240e+01
4.282673218624297817e+01
7.916025181512800657e+01
4.125393034666865333e+01
8.338680831220116829e+01
7.497419395031442946e+01
5.526085877352328168e+01
2.700023637939736076e+01
4.017640642066605494e+01
5.947266620773568491e+01
4.821658118959678774e+01
5.730655900753306753e+01
7.445255168620839470e+01
7.739141071558597673e+01
6.328910248510563008e+01
4.344319292416231093e+01
2.709404770155375886e+01
1.276016336853194986e+02
2.511580180362821935e+01
2.282903184933871898e+01
9.498897687108816967e+01
2.817819677819232282e+01
4.252470326505547149e+01
3.056693829375699067e+01
1.709360078848163198e+02
2.215934035836639993e+01
3.748456191159797157e+01
6.459706165267945721e+01
4.442887948942911436e+01
5.196617011780865170e+01
4.219332201949790573e+01
8.323012872505771043e+01
2.781782172414865073e+01
4.856259515551526817e+01
2.538594429534529695e+01
3.317739643157345597e+01
1.602037141071511783e+01
5.389020490744439940e+01
6.779669523467833869e+01
5.629232536006387022e+01
2.653675505015736036e+01
6.004972916691371410e+01
3.892241033666164185e+01
3.982107873342565796e+01
6.748627422727105341e+01
5.104736138566557457e+01
6.486071578895743528e+01
8.620824675139081705e+01
1.378362879063570290e+02
5.027122027545350846e+01
3.744033679180092378e+01
4.390831232713933474e+01
3.364506024742878765e+01
3.518622125942533785e+01
3.063390857536131406e+01
6.536790357521674366e+01
8.130917013659133374e+01
3.970750823292621590e+01
1.100946614015425808e+02
9.552741695596959914e+01
7.343468491878186910e+01
1.182877558316620537e+02
3.469514034137440461e+01
3.469754324406480350e+01
5.938509226066683766e+01
2.748750435203664821e+01
4.907043408856155509e+01
1.104418573834992969e+02
3.337984320074392741e+01
4.455748272680550315e+01
2.656328435259027287e+01
6.622116725687594396e+01
5.156879183307343339e+01
3.222865274287621418e+01
6.201349610225928899e+01
7.347125843392463196e+01
7.748364932876781097e+01
7.326063909671773899e+01
6.235607122267285973e+01
1.052535824745081641e+02
3.796706681206688927e+01
3.548434768605006440e+01
3.611436959513318357e+01
6.220638622007690088e+01
5.242048340706250542e+01
4.654202437558895156e+01
6.740996736194708205e+01
5.506850734994262808e+01
3.396064138057715098e+01
2.561883243653977260e+01
4.352550266671417489e+01
6.521404674577971150e+01
3.764616302674405546e+01
5.303594606135235523e+01
8.362088717570738083e+01
3.431926834560131567e+01
7.992280322465967402e+01
7.304035738900597607e+01
5.753320050947346687e+01
4.585639721817218373e+01
2.955618629578233225e+01
5.588816694100872695e+01
5.343110663321245113e+01
9.710552287300929208e+01
6.919147635079421832e+01
7.077334476869113189e+01
4.519093139978473062e+01
3.526650871534540244e+01
2.736572765258758722e+01
4.329246042531308802e+01
3.256384099999581139e+01
3.378092980468097295e+01
6.793162673625802483e+01
6.873888669846128607e+01
3.736231535255895864e+01
4.791941268668542619e+01
5.921114049459474415e+01
3.442055401476623189e+01
6.562278404224608153e+01
4.867115852455448533e+01
5.947439028319054444e+01
4.084872607735443495e+01
6.324724483600122227e+01
2.900426525891415253e+01
3.523803559665465457e+01
4.599641447129653926e+01
7.136878230983710125e+01
4.979802471231491978e+01
5.897969109703368673e+01
9.911067653329259031e+01
2.984499607089357198e+01
6.188235052553373094e+01
2.520819737180018549e+01
5.341652115197238260e+01
5.478305811372651135e+01
5.101375411746017363e+01
3.830713141081229622e+01
6.182190190687344256e+01
5.464997182516913909e+01
7.023608318242271764e+01
5.857557227921107312e+01
4.066114862684383269e+01
7.020017846418971885e+01
6.752711392073555885e+01
6.980051802971178176e+01
6.184407463326287768e+01
5.504566559109969148e+01
8.325917417820006960e+01
3.929974224453582110e+01
1.839364319349687449e+01
3.952316632177733879e+01
4.352064956450497846e+01
9.197800004862713763e+01
7.103841349029430319e+01
3.342606184602912123e+01
1.406240875725952435e+02
1.158132768351574242e+02
1.304097028918797605e+02
2.740785403001916620e+01
2.279352913092848709e+01
4.790692734188422008e+01
7.009835763400592157e+01
3.285531417660267550e+01
8.495538677657374649e+01
6.395239610749248982e+01
3.620362278595411709e+01
6.035947982880929175e+01
7.301725155739974582e+01
5.860650593735356040e+01
4.077034566045647068e+01
5.302246274628708989e+01
7.167576662271211774e+01
2.792284276751583150e+01
7.996518566126701444e+01
5.401700665294632131e+01
8.708166778879036940e+01
1.103981114712981082e+02
4.018866827641961237e+01
8.683669859847675809e+01
3.373899280454486416e+01
5.374282950185512675e+01
5.871958952916408947e+01
6.215802105902874786e+01
4.449986854221283039e+01
2.913687311246323475e+01
2.168028109145825866e+01
2.896800765868490402e+01
5.445232600551405255e+01
4.676168313424559386e+01
4.871264254156927365e+01
9.596572138112072992e+01
4.485496961260479765e+01
5.973153444924729172e+01
3.706269639260413129e+01
6.656460905706620679e+01
9.099793625941846642e+01
8.984607848484975534e+01
5.833418674812519811e+01
6.290090099423493086e+01
3.658841224798420200e+01
5.038296792229738230e+01
6.485557133622580750e+01
6.062444059645829242e+01
3.860307255906263180e+01
6.155728954965547928e+01
2.770194435796751620e+01
5.812446624488204350e+01
8.106403298426950244e+01
5.262759686040721618e+01
1.805638153636641619e+01
6.907360214798652009e+01
6.032365391786873232e+01
3.450980546129348170e+01
4.375878217168963147e+01
6.864682239013040999e+01
3.391671319818157571e+01
4.122376334039223167e+01
2.730058943239182767e+01
7.497680898623445955e+01
5.010614142871860821e+01
1.895670285837134017e+01
6.262294512986309769e+01
1.190055923836102352e+02
3.116581417536932364e+01
7.557287025991431051e+01
3.192623514627469916e+01
3.668129897378089765e+01
3.158173351520084182e+01
2.129926199883769655e+01
1.076633736528033864e+02
3.485035597783882366e+01
4.454694182315984818e+01
4.366750777237330539e+01
2.714601179096850103e+01
4.283767740457479789e+01
3.122080414051930575e+01
8.504271263140095982e+01
4.996316709624080943e+01
5.365603636588394210e+01
4.506494337121163340e+01
6.774723646253454490e+01
5.078582997664585008e+01
2.191007035097728206e+01
7.210726980980490453e+01
3.710887304169004608e+01
7.852676028595382718e+01
5.678002593325334146e+01
8.490209164065858261e+01
6.974455697676545185e+01
3.595448781285973183e+01
2.650516006941056801e+01
3.514666325446102491e+01
5.210631041578098888e+01
3.233172465427414011e+01
7.772172399660817632e+01
8.358771570809309992e+01
4.012913729712451527e+01
6.216664706153287057e+01
3.879357226394537150e+01
6.476982844948652485e+01
4.322534088002344532e+01
5.426225818635531795e+01
5.597074897216720757e+01
6.897168253213385469e+01
4.815092105340107054e+01
3.851658316393986325e+01
8.374490372712415365e+01
1.645466688702655489e+01
6.742782228746096962e+01
8.379797755340058529e+01
3.937608199433491052e+01
4.904155409389015574e+01
7.047715418920067521e+01
2.193212646439291547e+01
5.898541860337383014e+01
6.239998681463651309e+01
3.000489351606475097e+01
2.054834193396708031e+01
7.896180245375406059e+01
6.313923862582711166e+01
3.851879324672621152e+01
4.528550215750602348e+01
2.599704039792468535e+01
6.855177373789679507e+01
7.756065162130099111e+01
2.499998463941200555e+01
3.923156627764372928e+01
1.195293781268944713e+02
5.727642913254513246e+01
3.140995675247565089e+01
4.162924899660475830e+01
7.659094504379446278e+01
9.234098151685473965e+01
4.211919859948947931e+01
5.474556264221703827e+01
7.519938334746957764e+01
2.887336007033852781e+01
1.260601902538783605e+02
3.312542133815936296e+01
3.786980258581095171e+01
9.483746020950458444e+01
5.172169179863848143e+01
4.714795317910538586e+01
4.381554438772297289e+01
1.320860214762096234e+02
4.659510063278345626e+01
1.338089368670436272e+02
1.359714192312544867e+02
5.700711022082361978e+01
2.089550886720569878e+01
4.442822727068499944e+01
3.892443734629861751e+01
5.918271363525487772e+01
3.269231869175801819e+01
8.958784272853543484e+01
7.728973582233525974e+01
6.626345747256480934e+01
8.313193649081924264e+01
4.789564051901575681e+01
6.588345020357458282e+01
2.167810133636342229e+01
2.714262801337561086e+02
4.075336353892215868e+01
5.095276391419540118e+01
5.608164048373513566e+01
4.717918510714586944e+01
7.123257811224986824e+01
8.168974210232545374e+01
7.620098662723384564e+01
6.618310837139956959e+01
6.762193576546548002e+01
3.093770207156637397e+01
5.447156367302238777e+01
7.152597814639740648e+01
5.342228092700256070e+01
7.648000011479581417e+01
6.953325239817489489e+01
4.384709716692521653e+01
4.168970021580499008e+01
1.006407452058132321e+02
5.627693009787001444e+01
4.885123779817706691e+01
5.378617582996628244e+01
6.823490137556444779e+01
6.490554080249218316e+01
4.088965931432326784e+01
5.154654666212159242e+01
5.902074161827802357e+01
4.561807507349511326e+01
6.641024162070196724e+01
4.163423591466529672e+01
3.462012494841236077e+01
6.892006286140384930e+01
4.748913011335386614e+01
6.464859076929349158e+01
7.664399889830504264e+01
5.666267324977341246e+01
6.707120911682601161e+01
1.522652540748756422e+01
5.991398317806911678e+01
5.910211041043193347e+01
4.061841584690242968e+01
7.872537997858292158e+01
6.322875740333103778e+01
2.945816636079479167e+01
1.083686571601412254e+02
3.716637616944283451e+01
4.036084811166487896e+01
7.906333328903745894e+01
2.035104890749509821e+01
9.711241127325529021e+01
7.788170346638968056e+01
2.968410426570363825e+01
7.356971215046232260e+01
3.522224067485123555e+01
3.297294230170410856e+01
5.804943820347374128e+01
3.463360187632576981e+01
3.460834744811631225e+01
3.887597229062059512e+01
3.621020131165722944e+01
1.332038150833971599e+02
4.939912403218083625e+01
7.238706950342199775e+01
4.571830462608014756e+01
8.023316984809522978e+01
6.827790296639234668e+01
6.118254275251155860e+01
8.538158486704199390e+01
5.866719396711467738e+01
4.391693768930053210e+01
3.437689864668469397e+01
6.841039536664013099e+01
7.620048133399419044e+01
8.525042891569901826e+01
5.247063437488560567e+01
4.674364739253736900e+01
3.097497601773486409e+01
3.812990323099145940e+01
1.171435524643102610e+02
1.067751892529237665e+02
4.933794684965741340e+01
6.427260776627306882e+01
6.567923260878299629e+01
1.763907814937193450e+02
2.795256627434541130e+01
9.015409906078336633e+01
7.284007680746685764e+01
7.366393663968359817e+01
5.816398807577377994e+01
5.302353940450290537e+01
5.091441069680718812e+01
3.357406805550314033e+01
6.503962626442951489e+01
3.748311503915153509e+01
1.651532783913666265e+02
5.184791189984765936e+01
2.777002329655543988e+01
3.760677516833496981e+01
6.059198598767363819e+01
5.052449752091371948e+01
2.522800591195819209e+01
2.914723764394875616e+01
3.898885051673146762e+01
4.530103800481769838e+01
9.252026531174722379e+01
1.180596301995781232e+02
5.317789250991916816e+01
4.369488107638041186e+01
6.468588669753764009e+01
2.131005818312087641e+01
9.968603791541113424e+01
1.396279117474927318e+02
8.111632767701424029e+01
7.614938671304177831e+01
6.684269608440912691e+01
4.576182535685337172e+01
1.853000016710559805e+01
6.347745719988145652e+01
6.360596559855410703e+01
3.535715385147761936e+01
6.515131315284419600e+01
4.955729342709908281e+01
4.948632598397696114e+01
2.944054971415360100e+01
1.076931768743836528e+02
3.201836243833238171e+01
1.307206514649691087e+02
1.178635040400060348e+02
2.898824805413191186e+01
3.251843752340251115e+01
6.619486350969873456e+01
6.833668363266511392e+01
2.760019315093510173e+01
3.157681293612907680e+01
4.380972826739475323e+01
8.446479409570343933e+01
6.698588223331564961e+01
1.408068894571530905e+02
5.043263853721988710e+01
5.230339021639906605e+01
6.942191192171236480e+01
5.461546079813964383e+01
4.250995498002762218e+01
1.366448251569454158e+02
1.527266880942424336e+02
4.086361922922120726e+01
5.732846398719517822e+01
3.113667812440309390e+01
3.618412231292976600e+01
5.238044791929963395e+01
4.698264469981893399e+01
3.453571585823670631e+01
3.610301443734790894e+01
4.929432873999245857e+01
7.528713144846088312e+01
3.191231519827552532e+01
5.787835562794372635e+01
4.499918831633169702e+01
7.264917052323545477e+01
6.187444370429984275e+01
1.288514845041670753e+02
4.010000735409783346e+01
3.714429836604643498e+01
7.688643114484693797e+01
5.003636761804693123e+01
6.573083610582609992e+01
9.298484435243082658e+01
3.010820149411903301e+01
4.979698943904440966e+01
3.968275577748671878e+01
4.636833036136669506e+01
2.537402916964609290e+01
4.259980680037048728e+01
6.931259877772832567e+01
4.201019452616205285e+01
5.038403425098045574e+01
3.000403728808966974e+01
2.355863325550848941e+01
4.627685729891874900e+01
7.805085089532585130e+01
5.200896963078476176e+01
5.030509899867231383e+01
8.503069050173067467e+01
2.506863381920118172e+01
4.053025523216293635e+01
1.894947872312909354e+01
3.026281077219796245e+01
3.060322645128627883e+01
3.304947931890921353e+01
4.892478891168179445e+01
3.549053030604284231e+01
4.854329344051706130e+01
4.598484219936240436e+01
6.210749724517345527e+01
1.365857372520314357e+02
