2.249027854309728980e+01
3.374920453667543541e+01
4.888109527659334219e+01
2.829444395020020764e+01
5.083349837873690547e+01
5.126986308988794150e+01
3.833955955165270524e+01
2.972920171710322990e+01
3.608424605589365797e+01
3.220849947641475097e+01
3.775062506158511155e+01
4.251698479817414267e+01
2.614484302785949410e+01
4.124098266170908289e+01
3.629484145418553709e+01
4.904621571908908351e+01
3.238275290450729216e+01
2.365063019072526274e+01
6.760028731032892324e+01
5.106798287751004040e+01
2.647127602930704526e+01
2.582052286523946449e+01
2.145896664515160168e+01
1.794621988903847409e+01
4.286127815989098622e+01
7.162738009631684122e+01
4.670034440609701676e+01
4.340139651706473956e+01
4.628885596944823533e+01
5.231252482291100847e+01
4.005481403453654821e+01
6.613881730294291117e+01
2.633253814975006080e+01
3.944151516268961899e+01
4.555339936781488319e+01
4.720814079010717279e+01
1.467304867390799075e+02
5.094760927245177839e+01
4.653589135490097561e+01
6.767194433511578211e+01
8.410780290834870243e+01
2.317026672669824805e+01
6.212650583160372264e+01
1.777617484639690915e+01
8.863785922497460490e+01
1.486931398502096435e+01
3.748519940184734622e+01
2.745534265474037028e+01
3.169179098220913104e+01
4.454075788842334305e+01
1.170858181161589755e+02
4.475030014049513483e+01
8.635098204550938306e+01
7.166307265609763988e+01
8.881406179787349231e+01
6.682239926396711382e+01
2.853642960145639762e+01
3.392715937410421390e+01
4.044545911806820015e+01
6.187668370129831885e+01
4.199648499446642091e+01
1.778201537118556530e+01
6.673313446860593956e+01
2.731838580914201131e+01
7.998420542352027951e+01
6.082917533670580923e+01
3.569520988662230110e+01
4.738383817867029535e+01
3.857171209492055652e+01
7.594592848767091198e+01
4.947982493623774758e+01
6.935272361913635564e+01
5.453293552307565051e+01
9.810207555353350983e+01
8.322272446479938424e+01
6.006653577852625148e+01
3.449672169941646160e+01
2.490827671913691006e+02
4.629182968421937971e+01
3.414211171250587284e+01
5.406700073645198756e+01
3.052022021070601809e+01
3.867520427604992506e+01
6.730635987795353969e+01
9.125133821557324154e+01
1.820530741657528040e+01
3.423040378160458630e+01
4.031256112657756319e+01
7.045165690428409278e+01
7.731296852990287505e+01
3.092258807659564468e+01
1.056332707737133774e+02
4.988467116880118368e+01
6.910833315383653996e+01
4.339075763864458679e+01
7.820214888008507614e+01
5.647323289004172864e+01
6.435615867476958840e+01
5.315613011225690343e+01
1.817788147467758364e+01
3.083967213531781937e+01
5.506642159148112370e+01
6.583560451105640254e+01
2.015881634752124896e+01
1.081572865126767482e+02
5.000298831387237186e+01
5.803667875125424302e+01
4.742577490453028588e+01
4.425515733837715260e+01
2.916918851507452004e+01
6.937432692177262084e+01
6.168540099939159660e+01
4.632072925359710069e+01
1.063853112866823381e+02
5.001496791490737337e+01
4.759725630525884554e+01
3.341705566264464977e+01
8.323414152430900970e+01
7.285058589214877145e+01
3.668137955219810920e+01
2.949057739444557669e+01
5.088022586454611940e+01
2.017550262873177047e+01
1.354558294604617572e+02
2.684835866934546544e+01
7.396297198879774726e+01
7.432090365745798977e+01
7.628184982367974953e+01
3.658387584342239762e+01
4.795606054852908073e+01
4.047497603705403435e+01
3.248878377231935133e+01
6.397274373827645633e+01
7.824551884062984186e+01
4.032763298978630218e+01
2.913845117213119451e+01
4.183504931722917775e+01
1.058366801459815889e+02
4.363644486290682067e+01
7.198731786327168436e+01
2.314212466572799087e+01
4.452006833902959926e+01
4.147425866563020236e+01
6.111222807531270007e+01
3.531421599563110902e+01
5.040698506936729473e+01
3.212723529667797351e+01
2.895539531821843227e+01
9.849955502822921005e+01
6.743733770687532569e+01
3.202581345156419701e+01
3.144237155969992514e+01
5.055191434585066190e+01
1.941144579165824524e+01
3.678945727277020694e+01
6.257378203336983802e+01
2.704316124592352821e+01
4.268332560383075958e+01
2.359008646830005063e+01
1.821837631612478248e+01
2.995413469432159204e+01
3.149340776311738210e+01
4.738385932526590238e+01
5.389682290103343121e+01
3.250414500939797335e+01
6.667215807326553545e+01
2.935202406945130704e+01
4.497537939293826525e+01
2.819961185398577896e+01
4.360560508538291913e+01
5.725564377165514429e+01
3.535999628710243314e+01
6.607220298854306861e+01
4.834287189868916101e+01
8.210956393364962480e+01
3.065450805875691387e+01
7.835646015672080011e+01
2.153313361558246797e+01
2.701892099015315907e+01
2.931398211174876067e+01
1.988766610897160092e+01
3.002804109031436042e+01
5.458781386850473893e+01
2.284062658838440996e+01
3.297329329991575264e+01
3.272621554675649946e+01
1.692865506145942049e+02
1.115819872827025421e+02
6.721350628492999135e+01
5.903043809221996696e+01
3.973941277671494987e+01
3.604771481222353202e+01
4.840913453109730114e+01
7.857333943627128292e+01
4.582691871920600590e+01
4.320120791999440968e+01
2.162239077477179094e+01
5.759763046937189301e+01
4.917243845595276497e+01
3.038072789003053131e+01
3.149490700140013644e+01
7.292467083459207799e+01
2.714211369385190764e+01
7.446434400494703709e+01
7.853846822007298556e+01
2.518838977421323122e+01
4.284971942558356517e+01
8.614074979775567442e+01
7.239211373968586827e+01
5.153131302974062322e+01
3.339840041454203856e+01
4.680509733423824059e+01
3.900796811718682022e+01
9.475640870434990859e+01
4.833011043259774908e+01
3.431885044272860341e+01
6.811207682790008278e+01
3.465591302727507639e+01
2.870993893199839420e+01
6.034678822825403444e+01
5.497103714119622708e+01
2.943845678939609911e+01
2.772244629116072545e+01
5.772258118736898780e+01
3.331525108668109425e+01
2.729080688346741468e+01
1.765850807030600578e+01
8.348205116812765425e+01
3.711763316358474185e+01
1.608108469960881948e+01
3.004005750915476369e+01
5.453615513006279514e+01
4.797068806388666928e+01
4.948357084044173604e+01
3.651391930567705657e+01
8.802398361432142337e+01
3.552116676474960855e+01
9.222975644928831684e+01
2.186005318598874680e+01
4.454130068201251191e+01
4.058524177332330396e+01
3.797778859313623201e+01
3.625425673426194351e+01
1.034770637977502474e+02
3.388924100133375106e+01
3.262436863844689583e+01
8.708181028017428105e+01
3.297242497423258811e+01
1.013107563914728360e+02
1.159039462638273648e+02
8.125695221511381305e+01
3.290165972687077556e+01
1.704326708173289262e+01
5.264051190221282184e+01
2.743679561991378080e+01
2.278034664814375532e+01
8.182691207858265159e+01
3.724525493855072966e+01
1.124933228384418982e+01
3.127488323271753146e+01
8.721620181084773549e+01
3.973432669072684575e+01
4.144572663750147967e+01
6.528174981381113184e+01
3.654044631210057759e+01
4.927529042721091201e+01
4.445457093984568075e+01
1.524444166378838439e+01
3.959716071952413330e+01
2.117755522427673398e+01
4.746387328089311808e+01
1.164060800752006060e+02
3.058835465362369632e+01
7.480200378893002267e+01
4.020901606633808711e+01
5.002697431864578448e+01
2.897216748127630126e+01
3.848952431666469920e+01
4.151308193585999362e+01
2.014704985846965712e+01
3.721439103190361664e+01
5.217290965299292083e+01
4.137116910161268635e+01
2.410240038428833387e+01
3.939238345544745101e+01
3.582055366528599194e+01
6.769212736682776210e+01
2.737843560038883695e+01
1.711347862103041706e+01
5.849427069759990161e+01
7.326845852645404022e+01
7.588638353975186135e+01
5.280551981905320957e+01
9.600662955643322505e+01
1.088828309062073885e+02
2.699133992597770870e+01
3.526650001146180813e+01
2.299086866170643972e+01
6.040592685498622672e+01
6.706105853425657415e+01
9.353917459511507104e+01
1.118808297660821154e+02
1.356822488345726470e+02
4.756328036050907571e+01
6.405093593618511250e+01
2.117112511030077471e+01
2.357592332204879781e+01
8.038833059718301399e+01
3.051357124932905762e+01
3.323994153239478777e+01
4.532124113855478242e+01
7.411018523933381630e+01
2.516340994539701015e+01
2.663148044899344313e+01
3.017265874269596893e+01
3.564190911432287123e+01
3.533840685319307795e+01
2.864615366608880009e+01
9.810412686998435561e+01
6.776203843426165463e+01
3.664621490707948936e+01
4.123840452105137899e+01
5.518936226003070544e+01
3.650463314235996393e+01
7.698464982843329096e+01
3.938985068604956297e+01
4.055598250287683726e+01
2.997243241632900990e+01
1.126146753169054051e+02
2.856935167098750128e+01
3.656684623901517028e+01
2.035821912490919772e+01
4.689804586368990158e+01
2.955374592560157510e+01
4.212571904829565028e+01
9.157695811082612636e+01
4.159962937543205186e+01
4.536531245018464631e+01
5.343624369002881025e+01
2.413133128063162758e+01
7.104971927888098548e+01
8.003159872008278342e+01
5.285285573540372894e+01
6.440282822136795460e+01
7.587679584420853018e+01
4.990589210298957568e+01
3.974059519883930136e+01
1.396833007658296708e+02
2.219920552687160509e+01
7.700012693442302236e+01
3.010018979674082118e+01
4.508050053414168445e+01
5.423753929663445206e+01
3.027605492716253721e+01
6.607151751946817342e+01
5.221317470189905663e+01
3.257269338117102109e+01
5.863877442372875493e+01
6.861657557657159145e+01
5.983770366974706434e+01
6.448926024935276757e+01
5.707332228610558644e+01
6.135642806532154481e+01
6.940418418471162454e+01
8.908202451331871430e+01
7.868877875985789672e+01
5.323822470233294979e+01
8.416730828285447785e+01
2.992136667228189495e+01
5.439492763679130860e+01
4.747330226259228425e+01
2.966309137663328599e+01
1.182720418130909650e+02
3.680192799478086130e+01
9.919784743889397305e+01
2.385466586882063922e+01
9.550904644312979030e+01
7.239601504854000780e+01
5.183988909765965047e+01
7.125154973309517459e+01
4.199308515730977120e+01
5.917221783133693691e+01
6.282949463878904339e+01
3.352780737534600775e+01
2.319903685052514319e+01
6.946531743820560223e+01
3.303479215232427180e+01
4.386371097274496833e+01
9.115879795739438407e+01
4.124759440068952898e+01
1.711635653833364401e+01
3.364911418446999392e+01
1.344157445128050909e+01
1.118801517270753294e+02
4.425387064687534888e+01
3.415083716180171081e+01
1.015457203421582904e+02
4.087461145377149307e+01
3.325702662857775493e+01
2.693090923897922906e+01
3.959444055876865320e+01
7.332956334730489800e+01
5.276906105228334809e+01
7.690178289178196280e+01
1.167117598422107250e+02
3.282692132174194910e+01
6.077300474926930463e+01
4.717629462215270308e+01
5.118763528241820637e+01
3.475641901916124965e+01
1.732673758886273419e+01
4.529001143139404206e+01
8.124684843802640444e+01
2.134825155821598841e+01
2.247403922730152104e+01
4.116864247772131336e+01
4.173116576658841836e+01
1.932654859128396652e+01
3.481824486957551557e+01
4.951761291217876249e+01
4.069167962621153833e+01
3.425959550905707829e+01
9.174812916777733562e+01
2.258669706163753332e+01
3.937292215987804411e+01
9.752176207851488243e+01
5.278765735498880929e+01
4.086355515193557153e+01
4.060967783780643714e+01
2.215579293123714777e+01
1.243463448581513831e+02
1.458809847734818099e+01
2.361010063907924206e+01
2.963653313368012476e+01
4.587787782132693337e+01
1.037312910992795310e+02
4.838318700693503160e+01
4.679972599269216005e+01
5.574604917437525842e+01
4.173334764231376681e+01
3.897056522308020732e+01
3.470532560222934393e+01
3.888743602714205849e+01
5.079809874014529214e+01
1.753959510177986303e+01
1.020461047943962853e+02
3.408826344733797953e+01
5.282964033937531667e+01
4.855646596924892577e+01
4.457282732645691681e+01
7.488230533744174977e+01
5.386238181644703360e+01
3.102495768546353005e+01
4.777160779619808295e+01
6.129978619632260006e+01
3.683979570751372989e+01
3.925133460502159721e+01
4.589718502319652060e+01
3.306759945159495828e+01
4.782742764313552186e+01
4.337218094255080558e+01
3.245254238825607729e+01
3.344073079756000766e+01
4.023967122073937475e+01
6.996580911660363711e+01
2.375219774549279350e+01
2.430609078506800813e+01
4.799124522396589043e+01
1.115010631408767523e+02
7.608976002837954411e+01
4.715241700958259230e+01
6.646596461782877441e+01
3.375851450487124339e+01
3.646683034411274349e+01
7.894710203284834904e+01
2.159137390758121100e+01
7.793727421428779678e+01
3.623816874744207439e+01
4.461293756227622254e+01
4.112722728867897359e+01
2.423683926245756126e+01
8.318043899214609382e+01
6.464890245753011300e+01
4.968301445674687500e+01
7.245210226707511936e+01
5.073190537859949245e+01
3.634251007591077354e+01
3.342424420645178884e+01
4.202061955796972370e+01
2.385972939761304445e+01
7.641612854110478281e+01
2.084405513387213560e+01
6.136592850967694091e+01
4.256457582875148660e+01
8.260695843335577138e+01
2.994072323449192297e+01
3.745513604727914725e+01
6.414422104697848681e+01
3.279732944194179822e+01
3.446557856768458805e+01
3.232648185879198621e+01
5.690013289199129787e+01
4.209035898401324971e+01
4.852355198175905571e+01
4.316859971827420139e+01
2.411962676936961003e+01
2.098837678101245174e+01
6.633338226769488699e+01
6.986227118777193823e+01
2.810509353009487654e+01
5.775939122993025165e+01
2.733738367066296249e+01
4.670806922912237980e+01
1.921527431302174094e+01
2.927380567845581893e+01
8.047691055483468858e+01
2.386653175205057664e+01
7.509891839441812067e+01
4.068505939382973224e+01
3.694068714118946417e+01
2.755584482723514839e+01
5.291614211757816832e+01
3.245701628701139896e+01
2.755063959216210989e+01
2.169700918829360248e+01
1.992761580692921441e+01
5.723251753739766912e+01
2.324819711366212260e+01
3.539564107350349076e+01
3.893620372025355181e+01
5.259783458004032752e+01
1.642358600999633893e+02
6.131836041057285058e+01
7.271308241448871001e+01
3.046741061926309158e+01
2.928461344605409167e+01
3.698919817720141623e+01
4.520172853343770214e+01
1.040019680850889188e+02
1.004945817124948917e+02
3.425041135115304058e+01
1.725922771149774348e+01
7.530375775527939197e+01
2.635426954827330448e+01
5.033696637935650386e+01
2.937729738335471907e+01
3.175722382740110916e+01
9.178905112959327539e+01
4.463485968616922150e+01
2.894817091541790433e+01
4.629647298216404749e+01
2.062754430009169582e+01
6.307808368850043479e+01
1.158481248641376595e+02
3.808130474677439281e+01
5.965747047936703495e+01
2.262839459805883990e+01
4.966627471823787232e+01
5.392814188997913760e+01
3.412932958323850841e+01
3.052773528645123591e+01
2.008719496858994802e+01
5.916946086251056158e+01
4.290892175181311075e+01
2.048876837833178399e+01
4.351999439216096732e+01
6.510030533538342468e+01
8.617822917621101908e+01
4.884984989392709309e+01
3.815512785940904195e+01
8.722364563753669131e+01
3.886820028230322066e+01
4.339098955221852805e+01
4.380324112388811386e+01
8.175775530933015034e+01
3.033574403887263671e+01
3.822592572378776765e+01
2.583545196314270953e+01
3.054708246976238328e+01
2.180643488258352747e+01
4.670915903469757779e+01
7.022948350862172617e+01
8.224476816714364702e+01
1.004440138211560196e+01
2.456420841893629969e+01
7.102360989142560754e+01
7.015024434717030033e+01
5.012628878101327956e+01
4.576025472564165142e+01
1.861092895922999446e+01
2.505519373053696697e+01
3.630551920974856728e+01
2.724906959429497633e+01
3.466598300601665272e+01
2.727919363233764471e+01
2.225212887899341041e+01
3.851003026003646568e+01
5.944877257127681247e+01
3.003186426354925587e+01
5.440770614725077792e+01
2.914239140386785465e+01
5.530622897447067743e+01
4.364304228350414405e+01
2.619494762033859914e+01
3.306682906387263188e+01
3.546335814271042608e+01
5.289571528853217330e+01
4.896076826527446002e+01
5.506335699892975555e+01
2.413970787918934846e+01
3.280197655576684213e+01
3.407827328775326947e+01
6.496404325599984020e+01
9.409946268522315904e+01
6.172205430281248795e+01
5.027091260816106200e+01
2.662955595150191357e+01
8.036756155461803530e+01
3.724125250420240008e+01
6.037298808587745214e+01
2.944359121924144063e+01
3.328652733586936563e+01
1.953533558825102290e+01
7.278980122453722856e+01
4.142822596472565522e+01
3.929634395849971185e+01
4.867573850634504140e+01
3.018038114105574721e+01
2.165365849938884679e+01
4.879660229316917963e+01
4.971670535102710176e+01
5.842856952923437319e+01
3.999526030884446470e+01
6.094667570875797935e+01
6.459767872316170667e+01
7.064555864600694690e+01
3.756694093199895690e+01
2.438818615631844722e+01
4.852636467216201765e+01
3.756518962166708064e+01
3.066558823014101165e+01
3.668565239454519400e+01
8.873675730510426263e+01
2.283360845965923858e+01
1.731867546192775720e+01
5.904734159846714903e+01
4.861808935599102455e+01
4.261552368128382540e+01
3.398881979222355909e+01
3.825586339841942873e+01
4.094386549447400370e+01
3.423864340383887850e+01
4.738149754162199656e+01
1.535161849866367056e+01
2.763507494381967433e+01
2.378337214448084680e+01
4.256338453854037596e+01
3.721040452863309866e+01
4.806753103746199685e+01
9.123774605197225185e+01
2.161984280873373621e+01
7.609134970059179182e+01
7.795266443366494968e+01
4.248352298611643363e+01
5.727347963179067136e+01
2.740667359216786991e+01
5.030555137712387648e+01
3.572457085913119812e+01
5.850540003960336577e+01
2.695314535298131275e+01
2.669285626228659325e+01
3.974152926569557565e+01
8.065522786097901076e+01
2.393523185175773449e+01
7.402984420606800597e+01
1.348123046064277446e+02
4.518304473268233323e+01
4.588560152507321277e+01
1.326283986296824082e+02
1.011279600019653202e+02
6.239522100177427433e+01
6.796437280200937892e+01
1.937344778334028206e+01
3.459885466612912808e+01
6.722202962492697509e+01
4.995782285667871747e+01
9.169214470198178901e+01
8.463737852910590220e+01
8.449955142458254898e+01
2.581825187846361302e+01
3.041530542200915121e+01
5.355841274718905254e+01
3.199017472518517025e+01
3.623676758104638651e+01
3.368929549624582620e+01
9.017763166084563409e+01
8.160048801299896581e+01
3.803088880097239866e+01
8.054697996218726530e+01
3.878769772953026518e+01
8.447408409564864940e+01
3.090327873214712540e+01
2.411998144553327350e+01
9.258492053949588296e+01
1.198045958266152695e+02
6.285362592109409974e+01
3.766568647686180782e+01
3.004869907679332641e+01
3.463106414956332202e+01
3.521541414808478265e+01
4.067206267101612127e+01
8.582295718976737930e+01
3.331995851266260900e+01
7.819055258643636819e+01
1.737563309197832595e+01
3.042332958400417198e+01
7.154236442538282859e+01
3.156269488599074791e+01
4.753627547062453829e+01
4.824024631392978790e+01
5.206207402992495759e+01
4.433543565209143367e+01
4.466859812279710695e+01
2.526272278977082664e+01
7.625156180343761037e+01
9.733581853038982956e+01
1.174415199011622057e+01
3.571540304984166170e+01
7.413122478470234000e+01
6.016338768576661522e+01
6.339647104269702993e+01
3.524022392464592457e+01
1.145322206544857551e+02
4.075629940911701965e+01
6.883210977864274582e+01
4.333802119492309401e+01
3.896184228666452043e+01
1.323811594021959337e+01
3.007118768434113676e+01
2.398031922069480615e+01
3.116710383795715700e+01
3.215985734361349557e+01
2.567260236553821784e+01
5.300005374785126122e+01
7.654062644155445128e+01
2.761116831072407507e+01
3.860525761661320132e+01
8.158924625194319447e+01
4.953901050828476116e+01
2.919203101345500784e+01
5.551485712281197493e+01
1.339519665278761806e+01
4.616591323923037038e+01
5.106261954765544431e+01
3.341199063647303547e+01
7.460120547962260673e+01
2.497848440512693102e+01
7.544459227846856209e+01
5.355358750301918036e+01
4.210540330200633008e+01
2.741328062088496864e+01
4.646615931965985169e+01
9.816519779913458876e+01
4.496976002711466691e+01
3.184803863075994457e+01
3.734523529694956778e+01
6.128774577261862788e+01
3.130926640686777418e+01
1.062123992327585711e+02
1.876394793689527063e+01
4.553946169426124158e+01
3.168676541501947241e+01
5.932269981969302108e+01
7.183180243681660215e+01
5.954386952585912951e+01
3.176746598805800659e+01
6.327401809235585972e+01
2.022110252685164511e+01
5.577563391678013005e+01
1.111224605272534234e+02
5.559517017116296955e+01
9.301516612254567917e+01
3.973731855647236699e+01
5.549372033007987426e+01
4.166691373483743632e+01
7.762658370559039156e+01
3.131886120505705762e+01
3.525729324775757334e+01
1.509227094711282859e+02
3.017346412159459845e+01
3.246817145919142433e+01
2.887520003047385231e+01
8.776008428938682471e+01
5.939977717943082780e+01
7.062771106646890473e+01
3.503209891958551481e+01
7.007197355652299109e+01
3.543439053613449374e+01
5.803373001688814981e+01
6.750570228687686836e+01
4.140457659072301055e+01
5.625211443595292593e+01
6.143561959066430234e+01
2.794271219303633202e+01
4.671152156864514637e+01
6.964558701808182661e+01
5.215651454766880590e+01
2.549782320185718021e+01
7.508574282383634113e+01
3.651927805294683793e+01
3.868834599422998366e+01
5.348598017736696875e+01
4.718285571071000817e+01
3.033576777290650739e+01
2.942583734624390246e+01
5.047309875685284908e+01
5.704502945577812767e+01
3.355745517633295094e+01
5.112730277344096663e+01
6.285639203417661491e+01
3.722701310442062095e+01
3.683108000609445298e+01
2.708454009035816767e+01
9.991404114052180319e+01
3.983686271939458123e+01
4.743094234829690237e+01
3.261832493314318526e+01
2.494668477041524213e+01
2.285746664497469993e+01
6.168238779293145768e+01
2.480099349969032119e+01
4.574262986666558817e+01
4.085864711264898119e+01
3.367234393457177788e+01
3.782249426414409044e+01
3.777252664501656909e+01
5.557989443660627416e+01
2.125831385957332387e+01
4.523800264528180293e+01
2.814298747068520967e+01
2.031388926027723940e+01
4.534236984488098443e+01
5.889884458755810925e+01
4.321706998372974340e+01
4.048305024047415657e+01
4.527961102609312150e+01
1.036683171170917461e+02
5.662148941203827945e+01
2.885284931160580868e+01
1.602091936850799812e+02
2.768834919154992136e+01
8.976265757362099862e+01
2.771173883278236971e+01
3.095568102008667566e+01
6.240678281508446901e+01
3.473645736425054054e+01
8.819957141479132190e+01
1.765825475566003533e+01
3.730389551202523535e+01
4.357351490814086503e+01
2.114608130861342161e+01
1.149961163189474860e+02
4.733515637537438892e+01
7.766322566116542703e+01
3.040586570490030027e+01
2.830588482473074663e+01
2.119999877708752578e+01
2.086780549684917574e+01
3.299132683204030769e+01
6.099721746601939287e+01
4.731691645101257393e+01
2.071151209374164992e+01
1.979352128728925209e+01
2.842042563578916159e+01
5.322755561829395532e+01
7.487809787585266008e+01
8.968788383372353223e+01
2.021020205313836016e+01
3.068243168013013289e+01
5.938891958936974902e+01
1.804783791629390777e+01
6.377684253892439870e+01
2.301141125476964078e+01
4.960962273987386340e+01
3.157519902420070324e+01
4.321061978120849290e+01
6.173964620596657227e+01
5.847705904231399643e+01
4.581246261155264676e+01
6.873473941712451563e+01
7.343053872399008242e+01
1.944397562658016554e+01
5.048722545091484903e+01
8.443661694300053000e+01
9.496501289331318674e+01
4.634817075379553586e+01
6.459558908371926123e+01
3.203502627107086198e+01
5.529767755415939945e+01
1.977368363929465289e+01
4.648168505135645745e+01
1.909048021302172415e+01
7.198173705528870414e+01
3.620673708756046238e+01
2.208393898441898529e+01
2.638213042604871816e+01
2.777979601148003752e+01
2.223150066799021474e+01
3.341829335987838334e+01
6.775080340001174761e+01
1.978149420886829901e+01
1.821830202255710773e+01
2.853675956707306227e+01
5.525075214277478608e+01
2.232566170567656982e+01
1.290424305921576718e+02
4.216799561332170754e+01
5.231975228600191485e+01
2.860726209649141083e+01
3.653125249118132700e+01
1.801429027612457290e+01
1.565654634325283112e+01
5.508626909499870550e+01
4.390802167528242705e+01
7.540040089047207061e+01
2.728540271460907007e+01
4.027103801022281004e+01
5.400888245118159858e+01
5.860681163071126321e+01
1.000220572218013046e+02
4.352840147205459687e+01
3.947082781526939499e+01
1.213737065283764593e+02
3.429100893357837521e+01
2.405025868326412208e+01
7.962057304193876917e+01
3.826011269465682574e+01
4.432384198279887499e+01
3.340682450280379356e+01
1.693563698757772329e+01
1.226749043504496512e+02
3.534605317699360683e+01
2.081631865246187729e+01
4.297986908427449748e+01
4.748946333297264033e+01
3.733321902483076116e+01
5.507211203379474540e+01
3.568806845178318099e+01
1.815943290394129406e+01
3.780100445159722966e+01
5.079073552396982905e+01
8.163393498955649363e+01
5.345630401543690624e+01
5.686547395379040637e+01
6.453720810057367885e+01
2.814405178164944488e+01
3.609414698860341275e+01
3.733298972132735116e+01
5.205431730604237117e+01
7.502934941217691289e+01
3.288687552289770366e+01
9.144926093774752474e+01
2.691052172547795962e+01
2.431832756728169898e+01
4.223713568918513772e+01
1.875050579258182637e+01
2.405854402637612566e+01
1.783524940758026389e+01
3.927073824013260861e+01
5.474315849665677547e+01
6.265579836391803070e+01
3.648762639864706614e+01
5.474307009191763740e+01
7.000114205264100065e+01
1.915368564719040734e+01
5.016336291891176558e+01
2.364847246214685939e+01
3.741099367125383424e+01
4.277294890183264187e+01
4.995038334821143167e+01
2.224023329275328820e+01
6.796768161341191217e+01
2.506812743337144767e+01
3.374033008228492747e+01
5.747395034699923144e+01
4.690491712857556905e+01
3.351225525706753672e+01
9.728387069351705918e+01
9.344499486949544576e+01
5.707896824729225216e+01
3.999098556799436466e+01
3.250092745821958573e+01
3.652125660020435305e+01
4.949972809344467350e+01
6.352738918644467248e+01
2.658154775516157997e+01
4.778074417845047606e+01
5.212575401830709865e+01
3.273755655661123143e+01
1.777891153765591525e+02
2.623514799648861029e+01
2.301589355032622208e+01
3.465840590697784762e+01
4.165015725093425658e+01
3.573223364809703639e+01
5.163934667298511982e+01
5.406093152617030029e+01
5.536972501810413405e+01
8.342359718859866291e+01
8.776520859421363241e+01
