1.709457106920776681e+01
5.989373665863715779e+00
1.462824537614535458e+00
3.905642879923505895e+00
2.300127999003748513e+01
2.522093444224580239e+01
1.287445443260549993e+01
2.133036156359459312e+01
9.749566250892344854e+00
1.175382824171272311e+01
1.040935105208528633e+01
6.970802561740758740e+00
1.598760428090773544e+01
3.402195978619287242e+00
1.178970516412218394e+01
8.925085291809077503e+00
8.369657115974010964e+00
7.982645685592596685e+00
2.416501533540628088e+01
8.422879353776636435e+00
1.412798778952237022e+01
1.893773600674849789e+01
4.495127038946385056e+01
2.974421214977024519e+01
2.177982555889725447e+01
1.136217223260373110e+01
8.882061801835519077e+00
4.343467395274632281e+01
2.193981082101248248e+01
5.998602965949591415e+00
1.354845089256606805e+01
2.520780572222682636e+01
1.973616108248990031e+01
4.758010371161246255e+00
1.126782799879715213e+01
9.071491583170995909e+00
2.245540723809882167e+01
2.855122356805762962e+01
4.340660939725093925e+01
4.890957277609776277e+00
2.125117842304722870e+01
1.707964210892441770e+01
7.838846132418820112e+00
2.107502132979060860e+00
4.873615744693319485e+00
6.370992942315341523e+00
9.549100499113798435e+00
1.715561049160821128e+01
9.125692288605812053e+00
2.023137913773548391e+01
1.152366340705717818e+01
5.143654544942162232e+00
1.223271623556157195e+01
1.836585994409398026e+01
1.761894280140717939e+01
2.676398929707866969e+01
1.658334039466728882e+01
7.359223537996667730e+00
5.311380682079452242e+00
5.150211603260782312e+00
4.071916626143479156e+00
7.852415817641661633e+00
1.308952808519027933e+01
1.509687860447996677e+01
1.630484993355309342e+01
3.320728581093720067e+01
5.356365630179567461e+00
2.574173284151953567e+01
2.530521635121578683e+01
9.921286288462027869e+00
2.957369770760565331e+01
1.992159906305266759e+01
1.931394292635207677e+01
1.525772088120336178e+01
2.812142243189120094e+01
9.260500405426155268e+00
7.110323972613826982e+00
4.188613408920523362e+00
1.712779452660469559e+01
1.903765025292803870e+01
1.186893562128807922e+01
1.230948578106512770e+01
2.175319367123120529e+01
3.813718162388084920e+00
5.187516391848247643e+00
2.458049060282683485e+01
7.474627495114518183e+00
1.670929383213574226e+01
1.822369169404550249e+01
7.432848122063276719e+00
3.361250323310642329e+00
2.078508608233266131e+01
7.290134612745691634e+00
1.746922867100481369e+01
2.068048662367831980e+01
1.191820287864305605e+01
8.835624596036785405e+00
1.457052578515265928e+01
9.984202287344096760e+00
1.858606023012254482e+01
1.877527517961288339e+01
1.602133484318671819e+01
1.003963981169175312e+01
1.152273168318694729e+01
1.235562918936928689e+01
9.430402971211057306e+00
6.188912208280751059e+00
1.277848542252876740e+01
1.734892771006673229e+01
1.078680817270310577e+01
5.338277864361191227e+00
2.898905971131212400e+00
1.520040608299421159e+01
3.024559540846060557e+01
2.378654608165651041e+01
1.060292836802338101e+01
9.572153342720367775e+00
1.526163555256999693e+01
2.319156389867890766e+01
1.386367568547409768e+01
1.364891889642398937e+01
3.545606692631793511e+00
1.448184122171943855e+01
3.973019274749475471e+00
9.674060339829646082e+00
3.842223049633682663e+00
1.487215139054084290e+01
1.694300040571435773e+01
8.731451416393289477e+00
1.369021148351102468e+01
9.366578112179107407e+00
2.174816231334514427e+01
1.509194817331986904e+01
1.668346326719116490e+01
2.791384261564198255e+01
1.386135744917067569e+01
2.209135204372417860e+01
8.600375403141663710e+00
1.397537190124231365e+01
1.458508599189127430e+01
1.942976563833442327e+01
2.220994247168409075e+01
5.866658368995933515e+00
1.341935436590513042e+01
1.867441402077144375e+01
5.693192911103877485e+00
3.794323312537684956e+01
2.665859434170287035e+00
5.238210057223792404e+00
2.447458900188701136e+01
8.313670361680074450e+00
1.846568953337471086e+01
1.968475524945291610e+01
2.041314784554358752e+01
3.337173589238256355e+00
8.882389231792087614e+00
1.288646295781838980e+01
3.613537092102274251e+00
2.076015641977106796e+01
2.241782061446502894e+01
2.469729766637822621e+01
1.132086867083549819e+01
9.300633635919593800e+00
2.314442579612311590e+01
2.671398251964761883e+01
1.276799623415147344e+01
8.483130261210135359e+00
1.819570643822447309e+01
2.106420915024166618e+01
3.710832477075455671e+01
1.055692631717065311e+01
1.269563362622801606e+01
1.261144424271582309e+01
1.033773352191357553e+01
5.368890156516371803e+00
2.044872735114005025e+01
3.410696589948863533e+01
6.275883152916977181e+00
1.410710620141351157e+01
3.777667513229633123e+00
9.721870036261757164e+00
6.721094687756491659e+00
1.319575513588799076e+01
5.534775369663019973e+00
1.145345800589370810e+01
1.308962323886739476e+01
1.001974871213457696e+01
1.853950946338554218e+01
1.299149831440378833e+01
1.468900472369259980e+01
2.265366158874886793e+01
1.353540281367389042e+01
6.282578907082490005e+00
1.360749374828914071e+01
1.132613376952075868e+01
1.606397254544384623e+01
5.267033265537088838e+00
2.113901790553881455e+01
3.470933520087500312e+01
5.765857573048321250e+00
5.160865657889391223e+00
2.759161544691899692e+01
1.651996083971838658e+01
5.023805802871968318e+00
1.301271165088648907e+01
3.383069365612026314e+00
1.159130982533325671e+01
2.358121180928942628e+00
2.342641105569121862e+01
9.021360898047614540e+00
2.268953102080407547e+01
8.220463777508706826e+00
5.395676816515188712e+00
1.749108829474908688e+01
1.043359584417992991e+01
2.035227209860821063e+01
6.122343846998090200e+00
3.272874623545786221e+01
1.912148368183325076e+01
1.813047312622640206e+01
1.919733495282094893e+01
1.788460225495087741e+01
4.861262393039145202e+00
4.481521668730495733e+00
1.567583412603736548e+01
2.673063933014358184e+01
3.722807510705059553e+00
3.652990118269775266e+00
2.087676334377055909e+01
8.951895157918972501e+00
1.526204280214624731e+01
5.937056987456094781e+00
1.189689303093837580e+01
1.392329956825134829e+01
9.710371037022696328e+00
2.062107006011338939e+01
3.367128744930707462e+00
8.891629894117127009e+00
3.325328216880455656e+00
8.547385345669283652e+00
2.137265327589112474e+01
2.966368759284979362e+01
2.248267543657635059e+01
1.463360637532869823e+01
1.287613223101594784e+01
1.664678111585952891e+01
2.331341720568384446e+01
1.025050680812729453e+01
8.295751519784113626e+00
2.957352119459542905e+01
9.624364523242084246e+00
2.489362612515087392e+01
1.491801809154106628e+01
1.854213063196039712e+01
1.903412105483361216e+01
7.544793088693253047e+00
8.589354338677951617e+00
1.806960336183200155e+01
1.631369803542673225e+01
1.074275540260203599e+01
3.752872812561818705e+01
1.283591037682058200e+01
3.266385075437665364e+01
2.435652487677847944e+01
1.501574679844254412e+01
2.131289711342231641e+01
1.136880574401251032e+01
1.194857994589619032e+01
2.626329248447819964e+01
1.163148656555917171e+01
7.738626462312907961e+00
4.447628529217209348e+01
9.323745595503018180e+00
9.144022111787707630e+00
2.132979728567648081e+01
3.448816430822041479e+00
1.646942543158713335e+01
6.363648820991849142e+00
7.997616387353255973e+00
1.083249776075680515e+01
2.649538077281148674e+01
1.556296414818512197e+01
1.108839867307695037e+01
7.953516033527525231e+00
1.900035940256986677e+01
2.581021484711381930e+00
4.217616034275809334e+00
1.409458135579995641e+01
1.807997690222140008e+01
1.983030948150858563e+01
7.291870972021579966e+00
6.042071764509664433e+00
1.390638433497486837e+01
2.509301791224043754e+01
1.151106166161805078e+01
7.139597977753078695e+00
2.041712406725688922e+01
2.161468882595754692e+01
1.470021677623669376e+01
1.361914123882517380e+01
2.397051682802695893e+01
7.943959036884715275e+00
2.486188617345584007e+01
1.418211605411382870e+01
2.259137410898330600e+01
1.111677031020788675e+01
1.678519314375606086e+01
3.274285675680612684e+00
7.658384408390813469e+00
1.047748974114139564e+01
3.282356061782255807e+01
1.404171038969740870e+01
9.979295028678057733e+00
5.268210041779446406e+00
1.965152516775586733e+01
1.612333785494715954e+01
8.468581054748328896e+00
4.678781650847140128e+01
5.432249587212779396e+00
2.804673805500987882e+01
8.413435552671602480e+00
2.236548936466110504e+01
3.317947933177192166e+00
2.229671847473019852e+01
1.514473555189409915e+01
8.458918245861386964e+00
1.903755302958978390e+01
3.620256366314782071e+01
9.392492322328354959e+00
2.497051896213265820e+01
1.617381700628433805e+01
2.105847569145242915e+01
1.734229467622409970e+01
1.293205770541642430e+01
2.706235847740302702e+01
2.120026605584568458e+01
1.281179665568363468e+01
1.031067187465576396e+01
2.910042343297090106e+00
1.166445007093680886e+01
2.767399518027316674e+01
2.701167022117403604e+01
1.685731855635719612e+01
4.939864835530741516e+00
1.885906173645015116e+01
1.677411160056551864e+01
1.939681213610912636e+01
2.028634915953823992e+01
2.452538161177199783e+01
1.748348724784391450e+01
2.937954410510755920e+01
2.464325302643759841e+01
1.202494541041926013e+01
1.824305155794629485e+01
1.399921909112951113e+01
1.427452425732906427e+01
9.092289714207396401e+00
1.461658090594028181e+01
2.667607682684446857e+01
9.639388553660285908e+00
2.276981419799384909e+01
1.409207457138827024e+01
1.896446257338890717e+01
7.425260292939769080e+00
1.199959207382956272e+01
6.322078211314108742e+00
1.387496459264042592e+01
1.096792638197027436e+01
2.690909645882806345e+01
1.225555923774830980e+01
3.531444242911474518e+00
9.712118332994840841e+00
1.103886666046892628e+01
1.987249089593514029e+01
6.041550187885013301e+00
1.035150880680285113e+01
1.147114291549982745e+01
7.293413143028133483e+00
6.303687508201113232e+00
2.629661136716970660e+01
9.721059407228162641e+00
1.681512657601893324e+01
1.300779337205911368e+01
6.523926030886991079e+00
5.342391941172540015e+00
2.615426260224314703e+01
2.009340726170820446e+01
6.165646032163905943e+00
1.213229920282346441e+01
1.062114670797276972e+01
4.969671360008169891e+00
3.489146981339045084e+01
1.147091902048674328e+01
3.021779276296686412e+00
7.717775452880095699e+00
3.110940490295748262e+00
1.706451260083037269e+01
2.824207921441804103e+01
2.053367690809304236e+01
1.570364114503396280e+01
2.432809342019738352e+01
5.433118016664709948e+00
2.064831446711927043e+01
7.381543509285477533e+00
9.655899990068183669e+00
4.688457516478841569e+00
8.749975372535303109e+00
1.111491124149732990e+01
2.173005210276571120e+01
1.810317011146092270e+01
9.532440056806715134e+00
1.581902877860934709e+01
1.517960532363282589e+01
9.550007708286756269e+00
2.961292027498538815e+01
1.904387149944141910e+01
8.313815184446539774e+00
2.030517336222327884e+01
1.079558933646101515e+01
1.241331645518020821e+01
1.801274256152102282e+01
9.997446304028937192e+00
1.311003125668248437e+01
1.587197120909592662e+01
1.143385679021021950e+01
2.791932007099921265e+01
3.693159644672395103e+01
9.926868568445257779e+00
1.322129480578420768e+01
2.447467530136480107e+01
1.506578342918047753e+01
1.307223874227080351e+01
3.156786122466729072e+00
5.735855792838084710e+01
1.213258098623671799e+01
1.219702430257676795e+01
9.802994604181277438e+00
1.944651989011190096e+01
1.427956039252876685e+01
1.808976258591520292e+01
1.412777681578483957e+01
9.422859123922473046e+00
1.359019896138045347e+01
1.020974826323607054e+01
4.259965197178092744e+00
8.917175027356462280e+00
2.284340696449730501e+01
2.027609266279402789e+01
2.089185596379556742e+01
1.023310661543636613e+01
4.121226087588564901e+00
1.134701204361902960e+01
1.773769608018087496e+01
4.044738273755650226e+01
1.369356079836266460e+01
2.613610919720551351e+01
1.849620296866359226e+01
1.848168672807251278e+00
1.672326575002300686e+01
5.056544181950591188e+00
1.989519131142483488e+01
2.201184786666234316e+01
1.023690424464994742e+01
1.366982225695655551e+01
2.227668124098691038e+01
8.317005537022836847e+00
1.169814337628404388e+01
1.446718066696413096e+01
6.226346516819441845e+00
1.840087912602358244e+01
1.338660664992817928e+01
9.004497556385571144e+00
3.189429939367482536e+00
2.112459698865873747e+01
1.776133541111809322e+01
9.096274336567686802e+00
8.578072387325878623e+00
1.971499319737629463e+01
1.382119859703721687e+01
1.862824847596811395e+01
7.837282556782657394e+00
1.104700618941980750e+01
1.803624456907954254e+01
1.184274950896277012e+01
1.012891365854235559e+01
1.365004160020429680e+01
8.416504409690226396e+00
1.300994573440729418e+01
7.092406917593169879e+00
1.666913256805956323e+01
1.130463446266500505e+01
3.004013933296606709e+01
1.774412297309595132e+01
8.497833112606812733e+00
2.733721084699141812e+01
1.429711342133549046e+01
7.204170062475140135e+00
8.789187235633798778e+00
8.812217512336841807e+00
9.902355959238896332e+00
7.447922516768384682e+00
7.591098222407870466e+00
3.846947961647301018e+00
2.364832205356824346e+01
1.754662463461048816e+01
1.822546119554516864e+01
1.212197976859714110e+01
3.589143504103252003e+00
1.425520215131389357e+01
2.526513070443179743e+01
2.719369438787588855e+00
1.531157778398745073e+01
1.565363513630354930e+01
1.772577734827875418e+01
1.462913263869146618e+01
1.792342820868466191e+01
4.328096841437607090e+00
2.646672856014750153e+01
1.126990978195085802e+01
2.106636834951066106e+01
1.610811206704545029e+01
1.346813149972637547e+01
1.170537402240241676e+01
1.636915604649099976e+01
3.226718345793571974e+00
5.096392119626699468e+00
4.340591717042299180e+00
6.547880157376916976e+00
1.822464530787816628e+01
1.758767791384108037e+01
3.002347255880994936e+01
7.647261900624641839e+00
7.612385242121188611e+00
1.187367592581893838e+01
7.589011781498976816e+00
1.826359558949856066e+01
9.571685504842667669e+00
1.661220931809610235e+01
2.322063569518189929e+00
3.416541006953527582e+00
1.874996805804989464e+01
1.087817141963876999e+01
1.731304886235211526e+01
3.201997238915161414e+00
3.541147352575581220e+00
1.221312708273681480e+01
2.062532110932193774e+01
4.495003646732303793e+00
1.562886837734836654e+01
1.131370079427706976e+01
1.524275056016060681e+01
1.748941881892093519e+01
1.010151408270960971e+01
2.740742267818512445e+01
2.505559910322129014e+01
1.240377295326420359e+01
1.487799763340396808e+01
1.983147748052481774e+01
1.572310257871766126e+01
3.369164819901272256e+00
8.996041480140647195e+00
2.326171080858635065e+01
1.414308509049049078e+01
6.989456223766788767e+00
1.293696609509655815e+01
8.663419833413692928e+00
1.700272583470734133e+01
2.266485779263561540e+01
2.154313002723584702e+01
1.998172707508468093e+01
3.207244192016114681e+01
2.636905964017316961e+01
4.385653299054673049e+00
8.642692028477451771e+00
1.873030549926068389e+01
9.094063392024285264e+00
1.906361183443548768e+01
1.441389812828897377e+01
1.316500147880565486e+01
2.551579068783252424e+01
2.105230882368685030e+01
2.274084749999092381e+01
1.397415171354240293e+01
2.127080921246182399e+01
6.973984930874229882e+00
1.900132756802744538e+01
9.368644315186577032e+00
2.575032567706773179e+01
1.033616555324231179e+01
1.329161939508036205e+01
1.329016715873929932e+01
1.039180074850126267e+01
2.786041457857527348e+01
8.528169566456037742e+00
1.402491819104146487e+01
2.001491317223818101e+01
8.575118457278591677e+00
6.968287766183705934e+00
2.466651802605501231e+01
1.089879726031678331e+01
2.277478130267538248e+01
2.603674431026844260e+01
3.576616027355215888e+00
2.075774826602580703e+01
3.438748210967725871e+00
8.395045081307316082e+00
2.449662079943770365e+01
4.917545796872762942e+00
1.690510605189506421e+01
1.835797667772794028e+01
1.105761523458538242e+01
7.781045243447900717e+00
3.079401044200765725e+01
2.473674912638839984e+01
2.176576954708215084e+01
2.553280855748810474e+00
2.412981652569034097e+01
3.009137852213929065e+01
6.846164394120547669e+00
4.715321577239591555e+00
3.556084225509193431e+01
2.558419287929592301e+01
8.665480570109394876e+00
5.361593807394877231e+00
1.807914375996125500e+01
9.176400086076796470e+00
1.043928383700567863e+01
8.254699393640997584e+00
1.985410189877050513e+01
3.296394329800196488e+01
3.024713130114573900e+01
1.139668064397266534e+01
9.272076063268164248e+00
2.161562665920925053e+00
2.059352722603165731e+01
2.123779725032898469e+01
1.918943937922668397e+01
2.387501541183512188e+01
1.939812158566839528e+01
2.813009638444211191e+01
2.864411341729907434e+01
2.734400370211941933e+01
1.591045986026798609e+01
9.032142283165418561e+00
6.715533761397144197e+00
5.356161875090157842e+00
1.804918005395669667e+01
1.120130869761116799e+01
1.747706872710129389e+01
4.034297890531271413e+00
1.348340393207315735e+01
4.270192696222449769e+01
2.313669529987367213e+01
4.275550929586781734e+01
9.445257242626929894e+00
4.126907745377904391e+00
1.388091577392705034e+01
9.991142738324557016e+00
1.634329245617945148e+01
2.031629057712210340e+01
3.707076791884144029e+01
1.443647823589404844e+01
4.479654397050839343e+00
1.801892348163283586e+01
9.007424571668835256e+00
1.797542162370411134e+01
2.204230887469766742e+01
8.295996350936656327e+00
1.214012182005678930e+01
9.506458403733985207e+00
2.529260818025294455e+01
4.184788566513548247e+00
5.727693497436648684e+00
8.660777031985192664e+00
2.904078150793128898e+01
1.715272148063698054e+01
8.406763759187715124e+00
7.282902889688356751e+00
1.679856652689142038e+01
2.010551205361115024e+01
8.132530756713249431e+00
1.628013597722723560e+01
1.087043928046796104e+01
1.468717418605030289e+01
2.439029143700636126e+01
1.498989020597092470e+01
3.192880507102011478e+01
1.133710454583446037e+01
1.593255469738286934e+01
2.191128413458173085e+01
3.089972905583982055e+01
9.860026797790347075e+00
1.808308598353998420e+01
2.331548370953970561e+01
7.765921670753304973e+00
1.370180246270959046e+01
4.719084363268908788e+00
8.102473380112302337e+00
9.972322445277256975e+00
4.842135540283754480e+00
3.555358135147077547e+00
1.816273903642994014e+01
7.764824835277484461e+00
2.013463154415778078e+01
8.789045057399317074e+00
5.551817291930365883e+01
2.332923854159567867e+01
1.711618785419147670e+01
1.394459296944974902e+01
4.388702915017194783e+00
7.507463970380368501e+00
1.033765028559193588e+01
1.174156703879749308e+01
6.336369968481472270e+00
6.344691179170851569e+00
1.668056719055718062e+01
2.129218440604532248e+01
8.863611779278999236e+00
1.836924770865117296e+01
5.555882907098435020e+00
8.235642161533576200e+00
3.876869442176340996e+00
1.277759563506025131e+01
2.216871028138328015e+01
5.403443971533596901e+00
2.069014654950019860e+01
1.112397164030470442e+01
8.181166960871449234e+00
1.470281791228495294e+01
1.149522637351847543e+01
6.236318084203809953e+00
2.034451384899211490e+01
2.422830067993642444e+01
7.960885816256527470e+00
6.659159902712478818e+00
2.169266322821238901e+01
8.648894648614508185e+00
1.177108167753240586e+01
3.267638285945545729e+00
2.982493989311615934e+01
2.541171159938695823e+01
4.901833985859444631e+00
1.336337767254990894e+01
2.401796574635920578e+01
2.041528322888323999e+01
4.640207061765954322e+00
2.678490299856071388e+01
2.004567109014051951e+01
2.210367857258371771e+01
1.421676535497449123e+01
1.279235862113509192e+01
1.009293482435297484e+01
3.378801173258448642e+01
6.905403755144744693e+00
5.210620481629486989e+00
5.547680340203154259e+01
1.406955356118580092e+01
2.010203619856951107e+01
2.474972628866662205e+01
1.697606104477655364e+01
9.140062080555926727e+00
2.750793974456842150e+01
2.467800580708328084e+01
2.009191683200440437e+01
1.946058064487266037e+01
7.893681110588950389e+00
1.330178239682957653e+01
1.518270773070027069e+01
5.768689675424275798e+00
1.924917186853310014e+01
2.260684895280760642e+01
2.273595838694866345e+01
2.096179487256390672e+01
3.427423673948220006e+00
1.492088751157933935e+01
1.573154508335613500e+01
4.906209954468756251e+01
1.668580591060635498e+01
1.290646483523501153e+01
1.799492916154496314e+01
3.859657552672408798e+01
3.764326400269101036e+00
9.883204496215221013e+00
5.649147413054596001e+00
1.706150153050693064e+01
4.241313552431328127e+00
1.497912832348563583e+01
1.152901050568612185e+01
8.184518934584261274e+00
1.780094689898156801e+01
1.506648216798907391e+01
8.325264629845305464e+00
1.123863259314014407e+01
1.256745803888203028e+01
1.749319410877610892e+01
6.400827578166722986e+00
1.812071984520611423e+01
8.561994156116107035e+00
5.712546545236767415e+00
1.293093790649289154e+01
3.823896915980023348e+00
2.140499612000943941e+01
6.779986839517317954e+00
2.061231872602699688e+00
2.858913035738519781e+01
1.063215646524583491e+01
3.668091706425649079e+01
1.761579420198829737e+01
2.219330422955185256e+01
3.268609710429782211e+01
1.664608577876145645e+01
2.144824128310418132e+01
1.008598483795447009e+01
2.038577837089059841e+01
1.693195816630742101e+01
1.376798166331818862e+01
2.013650176510970979e+01
1.142492039683324734e+01
1.360302297888439504e+01
2.132675359653476477e+01
9.400968626800031203e+00
5.573992667355222252e+00
7.390496195327321161e+00
7.055428803460746856e+00
2.511292346912062001e+01
1.410072519492458554e+01
1.082701985237276254e+01
1.118515452865827164e+01
1.647855877301922334e+01
9.613185746153828148e+00
7.563316703828871113e+00
3.262162127806499257e+01
2.620354246308590263e+01
2.284230400912835890e+01
2.023445039310829330e+01
6.758491219929744886e+00
5.525818110796440585e+00
3.963177742283719596e+01
2.043157499424715340e+01
2.875111722208985920e+00
1.396877218848148061e+01
1.273662696595952504e+01
5.902324696725176345e+00
1.365331161982776109e+01
1.632432369984038800e+01
2.001101408354556099e+01
1.684340649080468211e+01
7.746894375991555393e+00
4.059923177362755986e+00
6.188715136221172308e+00
1.143508432120334639e+01
2.963755081140111258e+01
6.751634797868613980e+00
7.009352904376872750e+00
4.033357441381875930e+01
1.670758202634568690e+01
1.832224607700328178e+01
1.027398069802910641e+01
2.368005550809543891e+01
2.116033516403371451e+01
2.199292071687783690e+01
8.048148294060149865e+00
7.550691058845883319e+00
2.910236095294891712e+01
1.652826478603710214e+01
1.016904471987787950e+01
1.019821017700923704e+01
1.172104862746411413e+01
1.338782682996799167e+01
4.511352808304581075e+00
1.700240799441320050e+01
2.571199818340176435e+01
9.107621120493943678e+00
1.961319673119773199e+01
4.138308533637048647e+00
1.930975821401602133e+01
1.213912912309039349e+01
1.138830629372636416e+01
1.001797004630813603e+01
3.427228929515678146e+01
6.851257274367010375e+00
2.271703187528248691e+01
2.884529585744979840e+01
2.735791070766469701e+01
2.697574870364712218e+00
1.974204077331020457e+01
2.885190027037316529e+00
1.019405667567816032e+01
2.916512676389561420e+01
2.615826631940312907e+01
1.104751815786879376e+01
1.654099197552289624e+00
2.170044036511534813e+01
1.598642165751083510e+01
1.724382064413584459e+01
1.837779624564023351e+01
8.613324063030210809e+00
2.514261619544929616e+01
7.265350392206492813e+00
1.665171177970267280e+01
1.441277107213332798e+01
2.018384708684179074e+01
2.698611802110416846e+01
4.740841293724940009e+00
1.161894886358981971e+01
3.734578029865803472e+01
1.947432975419339840e+01
1.530512986201013526e+01
3.482154055681559868e+01
1.939860153440666224e+01
5.941978805829976729e+00
1.490817221477719734e+01
4.928012912141446655e+00
1.897538560488064974e+01
1.003506836230067378e+01
2.419943791023892388e+01
2.316864542048858944e+00
9.229150510227560389e+00
1.137446537198055196e+01
9.843668013826727403e+00
9.390026437635201617e+00
3.116119152214481858e+01
1.155491105484266079e+01
1.699606363760789662e+01
1.120279577589007936e+01
8.437413904530442821e+00
7.898305931269909763e+00
1.436898232786437468e+01
1.125782472902369769e+01
1.129703826486660567e+01
1.642188637095364356e+01
1.507595409752028992e+01
7.963401966063035964e+00
1.884216404965653169e+01
8.108699910076190065e+00
2.378851842125159521e+01
2.740180181214804733e+01
4.548538291350484819e+00
2.129331322248291869e+01
1.700702977147452089e+01
1.619591337278785304e+01
1.770735859165330695e+01
5.170268241824611977e+00
1.725650073859322120e+01
4.052417743322949129e+00
1.923279437938408165e+01
1.726852755198867939e+01
8.769523159116998201e+00
2.869802922593676975e+00
3.942417600945226308e+00
3.580719231276833625e+01
7.743630527172325806e+00
7.862749720245055585e+01
1.843412996537971082e+01
7.161214522645482639e+00
8.059686735483481357e+00
1.929272191751803334e+01
1.440871137624836429e+01
1.931029852720128304e+01
5.368491137818690362e+00
9.235954744675435535e+00
1.759833081811459365e+01
1.342165502777212005e+01
6.950470687116905744e+00
1.378143284128007551e+01
1.493919827166888403e+01
4.358752947197921657e+01
1.251586523526104955e+01
1.157672788877248315e+01
8.924856593640685176e+00
5.595100629230137734e+00
6.248554970051721114e+00
1.620598168528207594e+01
3.025195696252490762e+01
1.159738617583902176e+01
9.754694366021395169e+00
2.224514952065845108e+01
1.456155712347765885e+01
1.927015596211935033e+01
7.170628483836847700e+00
2.138116199352042202e+01
1.672272121929295707e+01
5.042829156533589696e+01
1.808413936901271768e+01
2.674168821498639215e+00
1.636414137146261893e+01
2.326027815980486579e+01
2.262158493281215499e+01
3.641933919769421379e+01
1.803077099319856202e+01
2.319146648520701604e+01
1.931324228483155636e+01
2.117885850742050735e+01
1.091853157607053681e+01
6.094682411841226610e+00
7.567755802434218637e+00
1.150054962305024375e+01
8.588362377044482798e+00
7.726649752805908378e+00
1.084097909209218891e+01
1.887977902483339321e+01
2.173464995863804106e+01
3.423836904915140167e+01
1.490825140637500645e+01
2.764286496070984356e+01
