2.694492174191908873e+01
2.349502714608496134e+01
1.259026119419990764e+01
2.472899596078827500e+01
2.288883552097384566e+01
2.073594954233041321e+01
3.871794820906940515e+01
3.550479346139280779e+01
2.459665246478739320e+01
2.849397461393335007e+01
3.608408793563213379e+01
6.097229225107006556e+01
1.952086422295742096e+01
1.588136762231527577e+01
3.324796307557003416e+01
6.569721979647215448e+01
1.537301606698343726e+01
2.431699877694867951e+01
4.958978575731796923e+01
1.334943454743624969e+01
2.206725784475632324e+01
6.807771371688011719e+00
1.664378182370909087e+01
6.908314666911482504e+01
2.119223747604147334e+01
4.450992627129421919e+01
2.524842719527331170e+01
3.416166155950630667e+01
5.185607537693667268e+01
2.631681230012830852e+01
1.265791054157838147e+01
6.234526531735616572e+01
1.958479894259271958e+01
1.918919134055945364e+01
1.288457312716318448e+01
2.044033832438319465e+01
9.100359633991959640e+01
2.751712146548288729e+01
2.136468653164019926e+01
3.625685666269404805e+01
1.006304763276624392e+01
2.250484021325658190e+01
3.445730776538756857e+01
3.911921668631493532e+01
2.942458756378265505e+01
1.236094127558405731e+01
5.661358567974655642e+00
1.003984075124312447e+01
2.739732654380399524e+01
1.612739502205933917e+01
2.237868156507616035e+01
2.661246536864543089e+01
2.282694430354142412e+01
1.709799258322353310e+01
1.000031293690215861e+01
5.222444757973529761e+01
2.389611242823103865e+01
1.327436444142746552e+01
4.812403655671548108e+01
3.002163022623289379e+01
2.773605615148263581e+01
2.433799937173411365e+01
4.102528426004234063e+01
3.788090059710706470e+01
2.900727974731433179e+01
6.351061842403519897e+00
2.351549254472287487e+01
2.073691182087626217e+01
2.475662042224057302e+01
2.895130098682197328e+01
2.176998337407834683e+01
3.805705400466502653e+01
2.447850986017861175e+01
1.106148818972948966e+01
7.137625631919578950e+01
5.081506228257246960e+01
2.900627237916405576e+01
9.762198812986582652e+00
2.690899142612994765e+01
1.222297191630019775e+01
2.527713205958206899e+01
3.275767409106431671e+01
3.114597514125320288e+01
1.714186475374270557e+01
6.569933839268658460e+01
7.605385629510683998e+01
2.198424773570541291e+01
1.684915630388216456e+01
2.857540843323344149e+01
3.716968626024930700e+01
5.969441412516533596e+00
4.034511265186409901e+01
6.682787589225765146e+01
5.691935521115109964e+01
3.143644357368864206e+01
2.805566377627571484e+01
2.268638659144244940e+01
1.577298473022218417e+01
1.887778676223291896e+01
9.733881072968701531e+00
1.667811939156305456e+01
9.497353783062681742e+00
4.031422553859986380e+01
1.785742677774169351e+01
4.473740259710012879e+01
1.197192632278767022e+01
1.831049244055639846e+01
6.346337380347629065e+00
7.299968547352984061e+00
3.645490564221368146e+01
3.372811674907038082e+01
3.915261657879768364e+01
5.307794240096010441e+01
3.509603340574653885e+01
5.494893861054095829e+00
1.631667541673878219e+01
1.921559763182925806e+01
1.827459371767693952e+01
5.990041314059783240e+00
2.875210239837098314e+01
7.026314082901508051e+00
3.334435458150369413e+01
1.841894292688447976e+01
3.277868193693204546e+01
3.708337503307501493e+01
2.712869127084472609e+01
2.657802530531873586e+01
1.549410235370384648e+01
2.730569483903251893e+01
1.025990928984622386e+01
6.211640661122190465e+01
2.668774502443099550e+01
3.536474404968225116e+01
2.327581241497424358e+01
6.190911710792185829e+01
9.999103589277256177e+00
2.622159967174667017e+01
7.089305836261108595e+01
9.017258519148052542e+00
5.118904542341938679e+01
1.785321992026111459e+01
2.647227372739946460e+01
3.464220057104553518e+01
3.865839384429391856e+01
2.857547684831558499e+01
2.403550430774993885e+01
4.005576466140419711e+01
1.035842679405047662e+01
2.271877043153098086e+01
4.672001038863253797e+01
3.891696471206130070e+01
2.822700937881492678e+01
3.247787230642622802e+01
2.404372770961129646e+01
5.364626968904773463e+01
1.548377768732217952e+01
2.544738560653104287e+01
1.360014405422189654e+01
7.209250701294145358e+01
2.632694349927708188e+01
5.524959583270862140e+01
1.241394369851748891e+01
6.580020918517638506e+01
2.568451295720230831e+01
1.283002601683625521e+01
1.435349987498440072e+01
3.530737647528940926e+01
7.322854342069902600e+01
4.857634030837935057e+01
3.834259324978923189e+01
3.727224427660721062e+01
5.023454078502287956e+01
1.796653385260805180e+01
1.297243709642630272e+01
1.307359436155466881e+01
2.030789078586342455e+01
1.795714369933491028e+01
2.246360682565859790e+01
5.878227030688663746e+01
3.341974917010745116e+01
2.755395801851137350e+01
1.445973616795605388e+01
3.922208999882742830e+01
2.435448164111820901e+01
2.020630309764156252e+01
3.229460467994600492e+01
8.608518791939907544e+01
2.657499955842564532e+01
1.368700487681870648e+01
4.928558188161154163e+01
2.771599988392936353e+01
5.077424862166012076e+01
2.113102237834989339e+01
2.757475766056236210e+01
1.945331253112134107e+01
6.101773331085722951e+00
1.596327079914747493e+01
2.101040278340725109e+01
2.898518517844602016e+01
3.211612044583493741e+01
2.198010119556821351e+01
3.714979425915410616e+01
5.428556270667453276e+01
2.461411779227276497e+01
3.552546759306045487e+01
1.165164482673047708e+01
2.908111810121901186e+01
2.478601865773628887e+01
1.983085089718667149e+01
1.871008705744685230e+01
4.899690601395068512e+01
1.642383610453777010e+01
9.145622308924783894e+00
2.932948392613158717e+01
7.128023680030992182e+01
3.928186003577653196e+01
5.441936382298368358e+01
1.627422243763887266e+01
7.990610848272284628e+00
2.578860132454754606e+01
9.389877907693154668e+00
1.581687273081899470e+01
4.676548703142807284e+01
2.544014530259780216e+01
2.985555282724654091e+01
9.908938889037482767e+00
7.610871943598277767e+01
3.953983735277988387e+01
2.223313448299687423e+01
3.105823971544819173e+01
2.484607617895434828e+01
3.833528332815765793e+01
1.752496862037725833e+01
5.316582665328730251e+00
4.034333151330005052e+01
4.841847797224804850e+01
2.645379288298704168e+01
2.117401282428773257e+01
7.458176235754831396e+01
3.542192092305932505e+01
1.874166830583910581e+01
3.682262825093513925e+01
6.071819792423826101e+01
7.283260759361128578e+01
2.103444209517182983e+01
5.441140581352286176e+00
7.024499231137630773e+01
5.166494939012898158e+01
1.290338135528245367e+01
1.825316780862221933e+01
3.120615785799086339e+01
3.185889857479913800e+01
2.015763262846713744e+01
4.044170747670950306e+01
1.525515021537186300e+01
1.922308739399782951e+01
1.281315597737884993e+01
2.409203413883929201e+01
5.281187171531592384e+01
5.998226979505200340e+00
7.400436037358355179e+01
5.910754473848617963e+00
3.523965108200236074e+01
6.225841583179027339e+01
1.099139359746778943e+01
1.008350145525918329e+01
1.389542391884849337e+01
3.821477444079986441e+01
5.009386007899387749e+01
1.577916524162689882e+01
2.007835147743579540e+01
1.038544788101923544e+01
5.952515307126405020e+01
3.319927036528515174e+01
1.938844245424361645e+01
2.249676404099779603e+01
2.881859541992645646e+01
2.922959445989282656e+01
5.122383223202889191e+00
7.410719377293600196e+00
2.144843967039802024e+01
1.060682228947458228e+01
5.957257390646051753e+00
6.352263755834390935e+01
1.106788793517397274e+01
9.156285712451833092e+00
3.542979371266214628e+01
2.718581095004135051e+01
5.541709823627701326e+01
3.051905096297956632e+01
4.349180132177333746e+01
1.441612199836905006e+01
1.317846770917118171e+01
5.830083101926662437e+01
1.671123227192935090e+01
3.036840406255894464e+01
5.686237826097799797e+01
1.462966909742479515e+01
2.554134073660038950e+01
2.345118333161293478e+01
6.668198691534215072e+00
2.106845617122545633e+01
2.838175050521735798e+01
1.544483722405374237e+01
1.764114330513837459e+01
1.120225907047117175e+01
5.964173286700157206e+01
1.583346043527695635e+01
1.090992743623425021e+01
2.911275491420524020e+01
1.542225401439817389e+01
9.588381004454559431e+00
3.113067124404286545e+01
2.626640868578897070e+01
4.326683856745846413e+01
2.052719722289418769e+01
4.484188950395830098e+00
2.446642087839884994e+01
3.917405459596098183e+01
1.953573563329651464e+01
1.473698943803353423e+01
1.501652310100384291e+01
2.682987157491887942e+01
4.307633778696352067e+01
2.062743162092414551e+01
4.025989952267135408e+00
2.962776405695143112e+01
1.911461026615415193e+01
1.066597339342328077e+01
1.318031392244317246e+01
1.628707448620924936e+01
1.122548914691063970e+01
5.497438979706276996e+01
9.155710031637758206e+00
1.483673771071235770e+01
5.148995707277943268e+01
1.794844238218017907e+01
3.874817358610604856e+01
1.326567409581983448e+01
1.221519730486211941e+01
1.128074612809011512e+01
1.650551803987866606e+01
2.208631614822396827e+01
1.307531268184930440e+01
1.476380193756807202e+01
3.780670043215398124e+01
2.220673415138772100e+01
2.329042247237325114e+01
3.091418248375656574e+01
1.608074665678471717e+02
5.916151774902976967e+01
6.655299214234241845e+01
3.576867042041872224e+01
1.910129595971145733e+01
1.020263365610107442e+01
5.453490969539587496e+01
2.911986161191123301e+01
5.021775480530664737e+01
1.542110696201890718e+01
1.925798676650090968e+01
3.441344845520276863e+01
2.299932120651481782e+01
1.698002034848768815e+01
6.131663319044246663e+01
2.040680115276389373e+01
3.099809809513364911e+01
1.744063019947364523e+01
3.093721188870371819e+01
2.672012499074135050e+01
1.316983421685013766e+01
1.752030340951577969e+01
2.724739256460013337e+01
3.252727098463922317e+01
4.742863162892649598e+01
2.546044527318674611e+01
1.604309087578477033e+01
2.698305122209209017e+01
2.707766076865842919e+01
1.867438287484171511e+01
2.317127584980528709e+01
2.652050543716076447e+01
9.475501439239448587e+01
1.365834702262391254e+01
2.402657401265630810e+01
3.913762770469649865e+01
2.316939303016956231e+01
5.139261881162214962e+01
4.801978445650388494e+01
1.211778008639657429e+02
3.514268644901865457e+01
1.676985229723803528e+01
4.312876050974906406e+01
2.362632960297242235e+01
3.117023631176335741e+01
3.176236133957369390e+01
1.823401276209045108e+01
1.824622417417479880e+01
5.752582671262059222e+01
2.409783784933450335e+01
1.419769675049543700e+01
2.230179903959135856e+01
1.692927647961462867e+01
2.002667684410631921e+01
3.251064190229421769e+01
1.862629472624994520e+01
8.058337697805852073e+00
4.885838296471760600e+01
2.285972029851040332e+01
2.110669120961829393e+01
6.228816696676057774e+01
6.697933118449640233e+01
1.024029636223465189e+01
2.916660584272699097e+01
4.884612085787031077e+01
8.542717997143925857e+01
3.756744082250745720e+01
1.715217874274961929e+01
2.296562218287632007e+01
3.110235457433284623e+01
2.237803597556233015e+01
3.783167776965438378e+01
9.932531511240178190e+00
3.929321573513442445e+01
4.740384930040701050e+01
7.813273263324111539e+00
6.765179001002438497e+01
1.617634012375808794e+01
2.592190028851388917e+01
2.566180655848138770e+01
9.258934094429775996e+00
1.764355732515928921e+01
1.916015264929033890e+01
1.034292280643870221e+01
8.043910353063285612e+00
4.177266725612402354e+01
1.184319088515620706e+02
1.449954045548972914e+01
3.459558007669161128e+01
2.380980653231576127e+01
3.955913701569346852e+00
1.496832810115158452e+01
3.608751636566960030e+01
2.254696291591494273e+01
6.703994397963340646e+01
1.795760883895419724e+01
1.343141453006548147e+01
8.629163901943593729e+00
1.169359608008957352e+01
1.933114411515595066e+01
1.028053539203453326e+01
7.345103907988364256e+01
1.232031041883481315e+01
3.736994070545930668e+01
1.978714528334522171e+01
2.582950830436857714e+01
3.744133666768964730e+01
3.176177403484000905e+01
2.357840355827199730e+01
7.236331143239970842e+00
4.500691383531081868e+01
3.910641455428638125e+01
3.507749669546501536e+01
1.242824948793269257e+01
3.212966601583455173e+01
4.186837305781904917e+01
3.218789462248187050e+01
3.255605055252446789e+01
1.233346429235852071e+01
2.036009936382460239e+01
1.839783702826249367e+01
7.453605011298301974e+01
2.206130034164415576e+01
5.925307552402149014e+00
2.321940076121322960e+01
4.029532421089412964e+01
3.069353365856232330e+01
1.125749662265224238e+01
1.182330594206589325e+02
4.007456797292603312e+01
4.767902211458743977e+01
2.160517774131698587e+01
3.112824533975642893e+01
2.835988301633149078e+01
1.667866431930826110e+01
1.394105051257966466e+01
7.410529631321657007e+01
4.108053292482154717e+01
2.857212792151236513e+01
8.508517678059311606e+01
3.514591076598353681e+01
4.075035557444411438e+01
4.302330259173513838e+01
1.545356531369435515e+01
5.031142796814819462e+00
1.360495304445619524e+01
1.789273993582963129e+01
4.534496407895423431e+01
2.360617505027471097e+01
3.512451941066638028e+01
6.624350728943859679e+01
2.412251967221370208e+01
1.930177498937024083e+01
1.593289348217925827e+01
1.134097783996312714e+01
3.975258389595316544e+01
3.934410116839963933e+01
4.114474034233994360e+01
4.093726056842697147e+01
1.058310418121497776e+01
9.418831245129522856e+00
7.090955300244830006e+00
1.167357279619706745e+01
5.556731176854383847e+01
6.201062388787941870e+01
3.887853193079121183e+01
2.496521875507223953e+01
2.428579558897268242e+01
3.169029225536866790e+01
4.083170315631107883e+01
1.190683768119929198e+01
3.545838009785286715e+01
2.454546660004833214e+01
3.500927682383425577e+01
3.978228720485597592e+01
2.937304242771372742e+01
2.310936680077982430e+01
3.880402083758455944e+01
1.975072959380112181e+01
3.703787010480042596e+01
2.070964465932631526e+01
3.087998772579001994e+01
4.712054117629413952e+01
4.012333727277718509e+01
7.666771803371115368e+01
1.604155274641200890e+01
1.979107001301538915e+01
3.279062367134292799e+01
7.387308286482029018e+01
6.043305015472103747e+01
4.281850605587379022e+01
8.811707889759764711e+00
5.770387102800266632e+01
6.234164458303342116e+01
3.676245350130278666e+01
1.993352415184481785e+01
2.107889375953154598e+01
2.128618262391904992e+01
3.781873514750736121e+01
1.698701637519344487e+01
1.494823781069916357e+01
2.157004815473969472e+01
1.173014563003257038e+01
1.593759169215847571e+01
3.383895146573446766e+01
1.248320762738484646e+01
1.909446835942049248e+01
4.984321294357530263e+01
2.445069235560696796e+01
2.483630577034880460e+01
1.168029876569130465e+01
7.059203439294327254e+00
2.178393213501912484e+01
1.183686166501543546e+01
2.361696679279058486e+01
8.040137054662556793e+00
9.574011941504393164e+00
5.133731597421548543e+01
6.204902849461175407e+01
9.225299170734193410e+01
3.915144832758411297e+01
2.966083441469830362e+01
3.861934561973787083e+01
1.449196919018639029e+01
1.089322865768475879e+01
3.137774103795331015e+01
1.322930710341878680e+01
4.055216786308925947e+01
1.923311204685018794e+01
1.122827110363210501e+01
7.946132708576826076e+00
1.562722922385673030e+01
1.043230105706555690e+02
7.272696885907116382e+01
2.648307778727204465e+01
9.623237744713003394e+01
1.832317012505125930e+01
3.865506372594479956e+01
2.136195213740453624e+01
2.068762172331258853e+01
3.108868955601919026e+01
1.209652605064693454e+01
2.927117817691565804e+01
1.467813479524977893e+01
2.096731183242609475e+01
1.200549732277521819e+01
6.124700885099377601e+00
1.548332894764719470e+01
9.815536357327736994e+00
4.556290587585154128e+01
2.245741420417092016e+01
3.909206555544896844e+01
4.438184443176833582e+01
2.720127212802443850e+01
5.013614332747086877e+01
4.642488438743073687e+01
4.575384653776401223e+01
4.376402771507734002e+01
2.061692788574157831e+01
3.136645518765351426e+01
5.847340514517192389e+00
3.218015416698131759e+01
2.600583819389972717e+01
3.352224245407127512e+01
8.975673986444922647e+00
3.896115752171090207e+01
2.484472193805198259e+01
2.317857772654601334e+01
1.540189331188285671e+01
1.641822918875472226e+01
1.381901017910830376e+01
4.101087826326162400e+01
3.322628568790292292e+01
4.773012742688115395e+01
2.907757594195709672e+01
4.491705631120263575e+01
6.487188049358996977e+01
1.721076859449433982e+01
3.755490557539181395e+01
4.185633724659406596e+01
5.769195162188890436e+01
6.435374070115585710e+01
1.270898492384483802e+01
3.736990802106289067e+01
1.378869658010331278e+01
4.083191994226122290e+01
1.706687109048896644e+01
5.052314768685524626e+01
2.200434337897155856e+01
2.475968190599981256e+01
3.777765627255275405e+01
2.436454178633523071e+01
6.158886275225584228e+01
2.437868836347266921e+01
4.604104089448946979e+01
1.942610671371183528e+01
2.160374321354311888e+01
1.847995186300435222e+01
1.353096846824414712e+01
2.853915791184764572e+01
5.309357739448189051e+01
1.594341289813842444e+01
6.204242763648972669e+01
2.187073715083100112e+01
2.759783888455110912e+01
3.210825026380519631e+01
1.681745021063635193e+01
3.973923259902068850e+01
1.569615614536985149e+01
1.479985351132798144e+01
2.955586603102981158e+01
4.249619727396325430e+00
3.857270250568200964e+01
6.829971197673710037e+01
1.054610153877828438e+01
6.538509452092779384e+01
1.802651475991884666e+01
1.322881217234315621e+01
1.659929495659473275e+01
1.158790572244487649e+01
3.101339342933575338e+01
9.465558300786668156e+00
4.705294467118672941e+01
6.400907775694749091e+01
3.244163114533876779e+01
3.267056122117539729e+01
3.818474067575948538e+01
3.848600767928203936e+01
2.556566326916135168e+01
2.860919076234600666e+01
3.319347808234778086e+01
2.396616159968765913e+01
4.741354904384240854e+01
4.008649854394587209e+01
2.917414995984919557e+01
4.662854041232597524e+01
2.093004124085905815e+01
5.492828954497982608e+01
6.498850169161126189e+01
3.817501119051045322e+01
3.776639566235401446e+01
2.305920350449193634e+01
2.004031348343006513e+01
4.808187617519561741e+01
1.839010580549416929e+01
1.908218445449746170e+01
2.414735180479394572e+01
2.386126909244745775e+01
3.513373732330607169e+01
2.046927673390368341e+01
5.354621333774446157e+01
2.078817358866439235e+01
5.235950110537923052e+01
8.262573033009140033e+00
1.371782874043865696e+01
3.003042710108347180e+01
2.180676430700312096e+01
5.019273157306351152e+01
7.196443538505639026e+01
1.631987948144325884e+01
1.169910865537382350e+01
3.649595847125542747e+01
2.416557813515118269e+01
2.667130243368231746e+01
2.303367130087341863e+01
2.176278161772518871e+01
3.170607055138011887e+01
1.448235336084071356e+01
6.220623014001199635e+01
4.918960638360580617e+01
2.342186227720435099e+01
1.458337084319585841e+01
3.637281895446081137e+01
1.650099240995162475e+01
1.701150557875624969e+01
4.392554659955492014e+01
2.401224072291454448e+01
2.998240383237195417e+01
5.882745320814094470e+01
2.261231946499086831e+01
3.240431307947692829e+01
1.901647692995363670e+01
2.474847935668418231e+01
4.056850432079789925e+01
2.294202311444865572e+01
2.626057251736095921e+01
2.905082636550137920e+01
1.261368853430290748e+01
1.379503255489578706e+01
1.937926937468553845e+01
3.008047829561025210e+01
1.723812775439492029e+01
5.933737568225573078e+00
2.219941240889890111e+01
2.907148935707840209e+01
1.070523283815937532e+01
1.911555901921635581e+01
2.731193021862410220e+01
1.738165283459832366e+01
2.532177345427665927e+01
3.161690323992685236e+01
2.114531372967803691e+01
1.556358508046978173e+01
1.757301708447700506e+01
5.529355140920628031e+01
3.410317110713047839e+01
4.820579432083552440e+00
6.477658823266050092e+01
1.172945502944832441e+01
1.863585776081644951e+01
4.176166778934610413e+00
2.704466224236169225e+01
2.546191577325821243e+01
2.029712275290220802e+01
1.005606859127006913e+02
3.438359863293660368e+01
1.544692656576605394e+01
1.867834659959321897e+01
2.207718687781330047e+01
1.847932760772453520e+01
4.698075294880761987e+01
2.319254892692324432e+01
7.889638182057066729e+01
4.000532557189370664e+01
4.365739002006709057e+01
7.317580369761202519e+00
1.737486238996441656e+01
2.196569065283370392e+01
7.172376914037270623e+00
1.716560633615848630e+01
1.943904748472447253e+01
2.281813755467736016e+01
2.610013448972489059e+01
3.422027479213396362e+01
4.126898810059709888e+01
2.158679705912691915e+01
1.735159138205668228e+01
5.594730978685653611e+01
5.232189621514410049e+01
6.944117015830174466e+01
1.206484441023109966e+01
1.490780791360150737e+01
2.042783735436393400e+01
4.373775918909815097e+00
3.372183344528035320e+01
1.655997756329170656e+01
1.537200799156584630e+01
1.632992569326685128e+01
2.013182266130405651e+01
1.959725982456989968e+01
1.501145798508475160e+01
1.032268770275707581e+01
2.972830257590920056e+01
2.271083153305429292e+01
1.321948996793720710e+01
3.070717634530420170e+01
1.899592343633102942e+01
5.035596379352174523e+01
3.078520780314873662e+01
3.369291108184008010e+01
8.894086187197203230e+00
2.648074091548258480e+01
2.448704384804419476e+01
2.725699878582453550e+01
3.956266044663230730e+01
2.198697924397268721e+01
5.184604071647208201e+01
1.018310974299250091e+02
1.837620079519502880e+01
3.318051377767986310e+01
1.323711704467422123e+01
3.743890945888924193e+01
4.627986645828548262e+01
1.778892329536345684e+01
1.224368433826992231e+01
2.838292850097288067e+01
1.158209998255956741e+01
1.458799536507083516e+01
4.700216221859331966e+01
8.953149677470948120e+01
9.940615585801185716e+01
5.669007397108386215e+01
1.355850155963283221e+01
3.735400361823070625e+01
5.953480206181799517e+00
7.653445764905002591e+01
3.371272225749778784e+01
9.870695593375534926e+00
3.988524550507386834e+01
3.265583962152521735e+01
1.596792783863317666e+01
2.440365925642814204e+01
2.613803481664973560e+01
2.453085589599910321e+01
5.466024183472634945e+01
1.929904675195939490e+01
1.938005158796984873e+01
3.791292668591405857e+01
1.754086699393799975e+01
5.288107357826334010e+01
4.067710126777145518e+01
2.405910015353553888e+01
6.491274614644933649e+01
1.937962142280078481e+01
5.134430347752747537e+01
4.462391349686279796e+01
1.166294083977664187e+01
6.420965688283637007e+00
8.001740755996824106e+00
1.919066109667799580e+01
1.786206149201276006e+01
1.596297117531256404e+01
1.005022638672442170e+01
3.081406783455479115e+01
2.015007854120309005e+01
2.108955334334905629e+01
5.523642113915818186e+01
3.303052144604349394e+01
4.794390009858757651e+01
2.335608883337643604e+01
4.330401144572321925e+01
1.612723898227940467e+01
7.255849251980487225e+01
8.652535704182120924e+00
1.378955329452916700e+01
8.277616721889131668e+00
3.141316091102362051e+01
3.977367751287526687e+01
8.106955490467458958e+01
6.399589044771047952e+01
1.785421673288383460e+01
2.619493301309695354e+01
1.740228294591143765e+01
4.805960926000878430e+01
2.352445582825495762e+01
1.259574260313531013e+01
3.229498737971977107e+01
1.171580498914003243e+01
2.621466480062885296e+01
1.846817210483474270e+01
1.834154404241520808e+01
4.453858787867917357e+01
7.027248708274430378e+00
7.571271269486825162e+00
1.130254021574455869e+01
4.360920939574561572e+01
1.212606736835804533e+01
2.504413331924253683e+01
3.424808333708298846e+01
1.312149163328653678e+01
1.174721921251245504e+01
1.997606142009864882e+01
2.160441183020325084e+01
1.509985611583501175e+01
8.766778856911525253e+00
2.155583157639787473e+01
1.564649869308563446e+01
2.505158548032666488e+01
4.455437358584534024e+01
2.126062632968800514e+01
1.997716910050059980e+01
2.892144678050798134e+01
7.488109288666587204e+00
2.129781012445017829e+00
8.799140623309297382e+01
5.565144391473300090e+01
1.245128125027256161e+01
3.888308852794048676e+01
5.302365938785815302e+00
1.447307825538065451e+01
1.655928619946712033e+01
6.558539350506988796e+01
4.298516667773046862e+01
2.592478752731518910e+01
5.160174774804399789e+01
2.231982837360409277e+01
1.574930648096032293e+01
1.261194194990814843e+01
2.100987067235532280e+01
4.265796780691859880e+01
6.270238923205968717e+01
2.227178186718897024e+01
1.315018956561348240e+01
2.336847325006099751e+01
6.177135325849823388e+00
3.501271212795204235e+01
2.063883160361613278e+01
5.221400550686014697e+01
4.507053630954177237e+01
5.553673597830577080e+01
1.751710216987178725e+01
1.769470921298041688e+01
1.656046319776789488e+01
5.161534526138934353e+01
4.143282562438150052e+01
1.688379218880404053e+01
5.865940545476336254e+00
1.713515252313338166e+01
4.048023663815175865e+01
3.687346463725751278e+01
2.642873585867299013e+01
8.323056624003805837e+01
1.649338039642797682e+01
2.794115818790579908e+01
4.088372600122164613e+01
3.045574118121279383e+01
5.086267507419499623e+01
4.542094616865900036e+01
5.836256902166901739e+00
3.120487145778295357e+01
5.158763425605218345e+01
2.809427708563110571e+01
2.804838964620892128e+01
4.698776015839432318e+01
2.247264265359048352e+01
3.569431506811019972e+01
5.083437326686006230e+01
2.295380100412496560e+01
1.323846881434531397e+01
3.025379987677172267e+01
1.243827719913705820e+01
1.591322608426624718e+01
5.874338458631743265e+01
1.999092653270853503e+01
1.238478746363053418e+01
3.929324654863373922e+01
2.274051782911944386e+01
2.762775968589961906e+01
2.810280594290741263e+01
2.727668678126677904e+01
1.621480492273027707e+01
1.263949398178138672e+01
4.153171071963120653e+01
1.352634837538398926e+01
4.689897153170790034e+01
4.697919368758370240e+01
3.971331708738746613e+01
1.365694160430527226e+01
8.136330431761315651e+01
3.203482383643196130e+01
3.827776274879788332e+01
3.127456707332814290e+01
3.768140747720637762e+01
1.040662989356517087e+01
3.433098754179737711e+01
1.470130484624525380e+01
3.960651388402336437e+01
3.635363792258309701e+01
1.409762143673293799e+01
5.175749884190291539e+01
2.653588938671367359e+01
5.145984959160066374e+00
7.445799021204824619e+00
1.198548569820322385e+01
1.417818720771948904e+01
2.143180239525423758e+01
3.192206050531694927e+01
4.216323217192502426e+01
3.636197346264854247e+01
4.061210114602270238e+01
4.405043753258106420e+01
