5.362007958386217865e+01
1.046349822691496172e+02
6.034021925331713732e+01
4.717621999769471586e+01
1.176622980861079242e+02
7.911833903243247335e+01
1.189987668045291400e+02
7.491227667214681674e+01
8.710023410769564123e+01
4.921663301289202508e+01
5.265530709675878995e+01
4.650733076222982021e+01
4.714507443261273778e+01
2.862064703105148311e+01
8.270776757030111526e+01
6.647539280131580597e+01
1.073643237757647597e+02
3.188184855693995345e+01
6.813073501674479360e+01
3.352502298098412581e+01
8.795449313369044830e+01
5.859684055123417323e+01
7.407772420564123195e+01
5.317587500786543586e+01
3.983697869689305548e+01
9.412631609569432101e+01
8.632687631991234412e+01
1.118166398902094727e+02
1.036827764617799374e+02
8.615744282248331842e+01
6.034317950337252512e+01
5.335005224941638602e+01
4.615865906689809606e+01
1.263774069850231285e+02
6.814270773449433705e+01
4.267940842639065835e+01
5.663679701241254349e+01
4.371906698278672820e+01
3.131124303311485590e+01
6.221939662476589916e+01
8.436473142025022298e+01
7.417934616625269939e+01
3.707762514377065344e+01
5.300562169526013889e+01
3.060574738356651281e+01
1.355500208168178915e+02
7.650483600899974590e+01
5.252915356998132523e+01
1.126762211385201482e+02
4.084960784418434798e+01
1.691819118307442125e+02
6.964779591036347028e+01
4.412729953587317056e+01
8.082122144662366736e+01
5.450182025148754406e+01
3.683061085161879333e+01
5.933449496634131037e+01
6.054469032143729379e+01
2.757300946490159888e+01
4.367314603188955857e+01
9.550835167312415308e+01
3.987431037507224829e+01
7.988637548977806091e+01
1.715358819829309880e+02
9.853386868621977612e+01
3.064196615346164876e+01
5.806964771838751460e+01
8.906712348070333007e+01
5.049549625789006768e+01
5.746076989879748709e+01
1.023950748948426792e+02
5.845577763537287552e+01
4.881901321801606741e+01
8.036658724464336956e+01
8.224500730847263696e+01
5.643594308720574304e+01
9.679709099761744540e+01
3.913121855401240623e+01
8.848923966320033685e+01
6.724849721743098030e+01
4.061907002756019835e+01
1.312473693416999936e+02
6.048992892844880487e+01
7.400783939368149333e+01
4.046907373406528308e+01
1.324065163639102423e+02
6.984814718290286351e+01
5.883617708973979887e+01
7.483546991394209158e+01
1.231345068701593704e+02
4.280259990373175327e+01
3.044589473568690607e+01
4.076562291499802626e+01
3.273196150699669005e+01
6.167029431481569191e+01
8.417113873903906551e+01
1.213128610383136987e+02
6.057419850257061711e+01
7.614459411690164359e+01
7.047014026115829211e+01
5.968222118804532528e+01
7.469159279309178601e+01
9.743482731138981023e+01
3.989436159170003293e+01
9.240625807756383381e+01
7.211542026783133963e+01
3.519320807241084026e+01
4.638568261855047581e+01
7.159243663094623855e+01
3.693247555556769157e+01
3.688923759791363466e+01
8.594455434532262927e+01
7.088106342434710427e+01
2.478052107610321286e+02
3.293099087088405241e+01
8.777122117563827430e+01
1.431520662696860029e+02
4.395344645760685864e+01
8.112683662482223212e+01
1.113896024852858773e+02
3.072364531122922671e+01
7.399074780425465292e+01
5.140498118927494176e+01
1.208762113084851109e+02
7.756065849512556554e+01
5.448859112598864129e+01
7.953904984895966379e+01
2.149389111681194109e+01
9.845742280305921668e+01
7.398706420693955010e+01
4.534379684276854050e+01
5.854444666218654447e+01
4.705458702921313829e+01
7.066545343653434941e+01
2.870323743534997263e+01
9.369665436500322642e+01
4.825564241789477649e+01
1.449088391899744011e+02
9.348823633546126644e+01
1.451383484817703788e+02
2.459387959105136545e+01
9.575802261950556726e+01
7.387938223926256853e+01
9.467606199773838682e+01
5.885927884749970218e+01
7.722669525567584969e+01
5.165387603057636312e+01
1.143205802853024551e+02
6.599355804066257747e+01
6.445326028772576876e+01
5.881232453746211064e+01
7.525816027716204815e+01
8.853171900439964759e+01
9.249098832848846996e+01
8.053208682490902959e+01
6.545201405695267738e+01
7.059864472455178941e+01
4.116290821343331174e+01
5.633646989094956581e+01
2.852958448651692080e+01
4.990497196642974842e+01
8.160449153074716833e+01
2.929841656734847177e+01
6.993145751972839719e+01
4.967819376120832686e+01
5.476597274808700888e+01
3.966958797461795427e+01
5.958817074965335792e+01
1.372566274610369987e+02
4.453922034171309008e+01
4.449034700463444381e+01
4.042316014870944940e+01
9.470818453443027352e+01
9.334456765851001592e+01
9.031005858036876077e+01
1.243972359837288053e+02
4.462053639777700198e+01
6.069594777341261249e+01
2.407379736279509430e+01
4.162608761403793523e+01
6.411373652160538938e+01
5.084267758388524072e+01
9.421053116407820482e+01
6.481043577388412302e+01
5.155738394563097415e+01
1.102514065568063586e+02
6.571488666008340829e+01
4.237236633195330882e+01
7.796893581559730535e+01
8.821733772263999640e+01
5.758227925746040654e+01
2.410976406032227715e+01
4.154634437549712089e+01
5.522010000496686644e+01
6.020718072413877309e+01
3.694753433581747970e+01
1.176087069114336146e+02
9.316986279183662134e+01
5.726069087116392353e+01
8.133849706942675084e+01
3.927551838695058706e+01
2.503775250069992708e+01
7.831919707925254670e+01
4.931325947945434507e+01
3.689133500952569023e+01
7.070762169503977645e+01
7.644079787496795575e+01
4.084431550718385751e+01
9.655139568641529024e+01
8.686129593850101571e+01
4.981451347926666529e+01
3.128045596458888866e+01
1.535832710712160178e+02
8.065164928070849726e+01
7.736908256741261880e+01
1.022117399992615674e+02
7.902772419504796630e+01
1.453125210679641270e+02
4.336274536918475064e+01
5.901790754378937010e+01
3.844215959030204033e+01
6.456084529459782573e+01
1.733090745196237208e+02
8.291245905615819822e+01
5.707020881512896437e+01
9.106885162199678518e+01
5.609971251060794373e+01
1.975021693906066389e+02
9.735438592960896642e+01
5.793504819479639423e+01
6.213905050225889681e+01
5.335905909728515439e+01
2.325333727576589737e+01
6.963841284277913246e+01
3.405080871635283302e+01
5.772804760308042660e+01
8.151153129594126767e+01
5.185367404231413957e+01
5.206860233697447882e+01
8.219482800347741147e+01
1.436586358804743497e+02
3.571251053694066258e+01
4.077059619071166452e+01
7.706266058670385632e+01
3.489588688245957826e+01
7.915382874159037385e+01
3.954799460399733846e+01
1.045516501064824979e+02
1.086416599699308563e+02
3.254741740492536195e+01
4.803740167627857716e+01
3.985040780048188225e+01
1.139455264938613510e+02
1.389580838618009011e+02
7.308060735975125510e+01
9.324557704406528558e+01
4.949175147581950540e+01
4.497639276850780732e+01
2.403123546729144522e+01
4.412153261573080698e+01
6.102905649794244880e+01
3.525475646336736446e+01
5.597813008698830828e+01
1.026381572820296384e+02
5.772556112013202778e+01
5.559807216943890040e+01
5.341216922954166080e+01
2.641601044671444498e+01
6.444172007399590996e+01
6.291547542285185557e+01
5.898581387846298441e+01
4.399985719425257003e+01
7.753695354898678715e+01
3.228590029445955878e+01
5.198198604318575633e+01
1.402202015863014992e+02
7.043022221566673124e+01
5.714902521074536423e+01
6.792316157044544411e+01
6.437674685460703472e+01
5.684842159000690032e+01
8.039612047058319888e+01
9.153203173022509986e+01
4.361974470328322440e+01
1.303846596526013855e+02
7.184068199658291576e+01
9.189328269613285727e+01
1.187879071571356775e+02
8.987061431279576595e+01
5.476552884765484919e+01
7.179725809993678354e+01
1.198429804348520804e+02
7.380335731004939248e+01
4.322686718101208214e+01
8.514842344562147503e+01
6.304938002836602351e+01
3.970723651958775946e+01
1.796060836863545376e+02
1.048762419033450755e+02
1.304014233569133694e+02
7.400298416446310057e+01
7.998135214009199956e+01
5.202259494446452237e+01
1.376699919783964106e+02
8.857889770349183323e+01
1.395373850047454027e+02
5.956456257924257613e+01
1.249500745933018635e+02
7.003815214472706430e+01
5.171879999337263456e+01
6.506614242113913349e+01
3.798410238152388274e+01
5.351989254247762062e+01
8.471167818555160522e+01
4.318305913032718024e+01
2.228604687130616568e+01
8.598261002355907578e+01
4.873616615115938799e+01
3.867607874915312749e+01
6.999517957902737919e+01
1.207881063645386206e+02
1.212268063851276736e+02
7.040075017903134835e+01
5.973126538895557047e+01
2.699565990302650320e+01
6.564330612342249083e+01
4.378120860668138192e+01
5.785483403290108129e+01
9.123536892385229180e+01
4.781261150826932749e+01
6.402822104216298271e+01
5.680686325216812804e+01
6.853253072799977019e+01
4.030897394092205133e+01
1.088314030104287582e+02
3.858496209758797590e+01
6.755590444076152323e+01
4.437843906394849114e+01
1.017946174835660287e+02
1.339986906223310825e+02
5.161596302062281438e+01
8.357140544000056082e+01
5.106915329393505232e+01
4.076549234791917797e+01
4.714151125266798914e+01
1.000610696381857991e+02
3.963359183334740976e+01
4.991346105191879445e+01
2.674412146433846260e+01
8.173948073347698084e+01
1.683051534420873807e+01
6.576386231119363401e+01
4.138960443250083898e+01
6.657363935804961841e+01
3.749479235683154599e+01
7.825285068541077749e+01
5.623672919238542534e+01
2.040272500510965870e+01
7.368077359691727679e+01
1.751453030258213062e+02
5.560261320864741919e+01
8.821568304774267233e+01
5.010872567435959013e+01
5.413068947407844433e+01
1.050968378136372934e+02
5.334361160799471691e+01
4.261571373557357134e+01
3.741748147805538594e+01
4.459684396628197334e+01
5.335063777211629343e+01
8.659907479030066213e+01
7.954047345236187994e+01
5.917435407124050784e+01
4.394803117608115883e+01
7.463082325669317640e+01
1.497990732089885455e+02
4.464948648289388444e+01
5.341526232275109720e+01
5.059655037226131924e+01
2.122918900442899925e+01
6.336686946571491319e+01
5.775635224863918182e+01
4.872926928129896140e+01
6.465679206256716327e+01
1.131678479097326715e+02
6.004275579097187432e+01
6.383308725302545383e+01
6.399712859910482621e+01
1.051443927145782880e+02
8.812898981428365630e+01
6.700663172153383584e+01
6.572212866579546642e+01
1.096476894487558980e+02
2.961435346082155817e+01
5.481369870524427768e+01
2.705731684339956900e+01
4.329490359999343951e+01
3.964352810111134318e+01
3.865958466677524541e+01
7.505186010199327029e+01
6.917293988466300902e+01
1.159757400338625075e+02
4.118437278575371607e+01
3.980828671488236381e+01
7.924634627022518885e+01
5.314997311485177534e+01
7.689788941552411927e+01
9.974092335052468172e+01
2.046349596379996072e+01
6.980822468186165963e+01
6.880354051854773445e+01
3.731128635926440751e+01
5.067650304297298192e+01
8.259311373359535935e+01
1.551065712749568775e+02
4.882018417834075308e+01
6.499117635446131658e+01
5.308753461235564686e+01
3.813176951609515442e+01
4.419026359491584088e+01
4.403819684898414977e+01
6.363236218621474904e+01
5.968703391697303573e+01
4.628176637223415213e+01
1.131948189516408121e+02
4.139796754407581147e+01
4.852938619964537992e+01
5.606863380056901036e+01
4.111856423077056633e+01
3.879934496512122877e+01
1.189962277099715635e+02
3.688323691496090362e+01
1.072487011881084840e+02
7.869339404290977313e+01
4.827697764911175682e+01
7.563880787163468256e+01
6.050018878668193878e+01
3.485645385170311528e+01
4.858620429627561066e+01
4.988742555486751229e+01
5.886307495466891737e+01
4.964636462396940431e+01
8.552283888593177608e+01
8.201905137805613322e+01
1.014394957758834437e+02
9.049127415403131636e+01
5.349351639993616914e+01
5.383511841929670538e+01
8.597180684471484824e+01
4.576841833614341937e+01
4.929909330537959988e+01
2.641066462290351424e+01
3.479286618006046439e+01
3.121535716784313763e+02
1.038099968800472652e+02
5.063946977518055803e+01
1.200527281843479699e+02
6.771961998959524465e+01
6.844944960730296657e+01
7.413455473162218823e+01
8.022510988827546896e+01
7.183451492118916804e+01
3.893074865866977774e+01
9.462325579860518587e+01
4.441289299782937405e+01
6.971839028601252153e+01
1.141214817049955172e+02
5.915947299318828101e+01
8.451237614703377687e+01
1.115528577872128579e+02
3.423335138776844389e+01
3.545764577353679670e+01
1.833117433628465776e+01
1.075282542963482939e+02
6.227114547974892389e+01
6.662342115333416359e+01
1.164687955420872356e+02
1.951124401773880379e+02
7.099856648702603934e+01
1.427655700052835073e+02
5.249652998180438601e+01
6.977257243442832646e+01
1.253069871663427222e+02
6.056777374517611179e+01
4.451501801708754158e+01
4.300561066842045932e+01
5.159339047023962621e+01
5.335047409822686149e+01
4.502326333759044985e+01
1.065425280083614439e+02
5.874399503473219397e+01
5.777617077786437250e+01
5.256646268270196742e+01
9.093965767545860501e+01
7.205510770406966969e+01
6.747765551263998418e+01
1.048941398328859833e+02
4.390239943662695765e+01
5.059727147376201373e+01
7.969273133674646203e+01
4.731431124064567229e+01
1.185125727583369297e+02
7.268564478647283522e+01
4.769515303609234280e+01
6.182457633248268536e+01
5.949680504892427990e+01
1.251910959830598387e+02
4.660330754933165309e+01
6.908904665381278676e+01
1.412607350898215941e+02
7.574901415807926242e+01
6.025992442361444290e+01
4.980801043779321446e+01
6.366488722957682711e+01
1.035168527021697571e+02
9.731375252085021543e+01
5.567142712688489326e+01
1.033361784421189782e+02
1.803541130688367105e+02
5.457827028518595114e+01
3.298213236154511918e+01
4.228000579043269624e+01
7.645345012079464198e+01
5.227313858718440542e+01
8.639495907196284463e+01
3.195089112460932057e+01
7.309984897775555623e+01
8.780025084676574920e+01
1.289669980488596082e+02
7.721116669247820141e+01
5.781991643831321426e+01
9.912426057829816273e+01
5.572962173491998783e+01
1.324906986631047801e+02
1.218920949064205388e+02
1.389910283573127003e+02
7.650001884806934527e+01
1.077854718552633670e+02
2.550309155004593364e+01
8.858792231228227365e+01
1.438127703148885530e+02
7.994308213259765239e+01
6.063557751111200389e+01
2.278139477385118994e+01
6.556739745339484671e+01
4.748848196623838191e+01
2.873694997640598103e+01
9.098254670052419613e+01
5.328818473335381611e+01
4.203560114682214532e+01
3.147295013726101232e+01
2.879922450563707415e+01
3.454274926248921673e+01
7.652073903778889985e+01
4.730628372438354035e+01
6.898840280915700873e+01
6.011866261802560985e+01
6.677037525699542186e+01
7.322898066693745989e+01
2.209764012288186663e+01
4.916712869320703305e+01
6.474624217944781890e+01
4.288743741980498214e+01
5.620221946980574756e+01
2.779472073920765141e+01
1.937222123842680688e+01
9.749382278430373105e+01
4.370406415787658005e+01
1.077780744614061774e+02
1.489672922742683454e+02
4.443917423800873223e+01
5.264914772254692821e+01
5.665249044060642802e+01
3.957050397263989794e+01
6.568217999152473396e+01
5.071194556863537173e+01
5.037697959259197944e+01
3.815055401325078321e+01
4.264271147532689810e+01
1.796798860050676865e+02
1.539731280813062995e+02
6.961834244882105338e+01
1.622189683047085680e+02
6.894275074716688323e+01
8.783432710963889178e+01
1.056545896423340452e+02
3.728386192095365459e+01
1.088560216000514913e+02
1.029224195077221395e+02
6.460679174984176143e+01
9.977052274831982004e+01
8.335083598332745680e+01
1.081298077951692278e+02
6.423212520359457756e+01
9.213489141854081765e+01
7.612506715676616409e+01
1.171385030596263448e+02
7.229649367804682925e+01
6.320871778595496693e+01
1.275725421024329620e+02
9.201295520934444028e+01
2.179367031295229395e+01
5.089699800768931226e+01
4.922734609466007782e+01
6.337228884199460310e+01
7.691096052121089599e+01
3.371141048686605046e+01
7.109902210227905073e+01
1.166829228408364258e+02
1.133539601482521277e+02
1.122475257201690795e+02
5.275021849284348008e+01
7.025115456024062155e+01
1.176509784796087672e+02
1.308970925865096433e+02
8.816493130864569139e+01
1.305419315777638474e+02
6.181074633389457063e+01
6.805071462036647745e+01
5.235702435148307643e+01
6.179948149439351113e+01
5.245684680596682625e+01
2.819624261252564068e+01
8.866962186413344682e+01
1.008653515113232544e+02
6.774036160154187769e+01
4.837589418420380838e+01
6.717384177470825080e+01
5.086344700094019089e+01
1.358886483064439403e+02
6.271636880267358549e+01
9.719488884735064005e+01
1.331045352323844781e+02
3.556498156635095143e+01
4.125138525494913466e+01
9.992779885666877249e+01
5.879888984606395042e+01
4.271826208045496287e+01
9.136025701605619531e+01
7.707556533995911252e+01
5.279364642799772156e+01
6.456619633546793580e+01
8.006790081191310549e+01
6.199299381474448722e+01
3.108935693275056522e+01
1.000565598000478502e+02
3.312527200523830828e+01
6.565662612956721489e+01
7.071977864325293694e+01
8.436224837520461506e+01
5.431314247595388167e+01
5.546351894622250001e+01
4.212726382282637161e+01
4.148884720458222120e+01
6.312825562641148025e+01
2.631326710084101705e+01
4.155533127961595596e+01
4.056163019296455019e+01
6.791538017355244961e+01
6.301183654104076481e+01
4.100566048760519067e+01
6.414665682431463267e+01
9.790730823020125229e+01
8.387914771002920133e+01
1.021748543191366281e+02
9.376803934455730882e+01
7.134868047381694112e+01
7.190773559799808368e+01
7.588749058652054202e+01
5.978917086759937405e+01
8.078554249521084785e+01
6.413035253786615897e+01
3.470659001590581028e+01
6.371507448045998245e+01
3.887075162765609804e+01
5.381747067312821287e+01
3.858833807544559846e+01
1.132035148580806236e+02
1.464377792488873808e+02
9.265234690654357053e+01
5.903060682212634447e+01
4.917716503295468300e+01
1.005018723761151023e+02
5.928001466822704657e+01
4.812014090573298120e+01
5.880644391309323993e+01
6.694386138467808678e+01
1.179748790212546368e+02
5.703082777166666517e+01
1.055725183772293718e+02
4.353970216126600690e+01
4.087000087266422810e+01
5.948384430849138482e+01
8.455111470744527935e+01
7.771678087428639969e+01
6.733673384920227534e+01
4.391230431038621873e+01
4.939143559897990343e+01
3.438612640223176697e+01
1.256715195777592129e+02
1.046960793540151968e+02
6.520476152666132919e+01
6.414960985210792899e+01
5.235893953649099331e+01
4.234103565965168769e+01
6.475572166320787915e+01
2.595805258761018663e+01
4.454247920734051291e+01
5.877645808225364732e+01
9.225658309030275461e+01
4.859719622585770793e+01
5.293859517884656896e+01
4.609672601523854496e+01
6.483786099579660345e+01
5.225515152336264180e+01
4.554654131472066325e+01
6.913097542472240775e+01
3.610216544582011977e+01
7.937215843757589084e+01
3.660396004336842424e+01
3.475738310388564400e+01
8.324336871871643950e+01
9.102103831247465848e+01
2.817034406449019102e+01
1.089936551697967815e+02
1.020158999890991822e+02
6.697523591497953532e+01
1.058889822482925496e+02
6.431327848058492691e+01
7.424038400772064961e+01
5.679219103740543773e+01
2.423178713014188190e+01
7.077358443560629553e+01
4.078949531695952402e+01
8.012281636018776965e+01
3.921237680668824055e+01
6.082258124357323936e+01
9.433422443741898178e+01
5.369134499347310907e+01
6.537553498312728095e+01
3.407978698814939378e+01
1.169951677589906751e+02
6.644157224785421079e+01
5.980653616675670037e+01
3.588714841255753640e+01
3.250010222859975073e+01
6.269581466271537806e+01
1.641270077224505428e+02
7.121666787127647069e+01
2.872951448998221480e+01
3.591564607156830391e+01
6.195992218540254726e+01
8.515408971106400315e+01
1.489742187361134107e+01
3.751103000491969652e+01
6.929440692998939255e+01
6.377375748695629909e+01
8.505879570351052621e+01
3.158357428952466250e+01
4.522090714068114892e+01
2.953454418134821680e+01
7.021586113287466446e+01
1.697431285692958340e+02
6.356711256891878037e+01
7.582765798424185277e+01
7.459717698685220455e+01
1.265686313099012779e+02
4.934992411731509065e+01
7.242916494228002477e+01
5.554071303323509312e+01
4.726561790135655627e+01
4.054042769683800884e+01
4.125578334940715308e+01
1.011489630625595737e+02
1.374120159319666641e+02
5.199875997026001784e+01
1.928203810169965493e+01
3.258784385021028385e+01
4.507603672961171526e+01
1.247465771990735419e+02
4.711799969780386732e+01
8.189234090186707249e+01
3.725434622063713874e+01
4.291019051738929591e+01
9.395652928480797073e+01
3.695206717244378325e+01
4.158879842274289018e+01
4.207090411090337057e+01
6.321851965060039191e+01
8.843259899930411905e+01
5.145254278172728135e+01
6.196688873576121637e+01
9.674875439188754456e+01
1.602689720992860316e+02
7.738745857375835158e+01
4.480204557636097462e+01
4.695175771533236997e+01
9.787051714017901816e+01
7.317506815724966884e+01
4.677063222649201890e+01
4.902753853610568058e+01
8.723061386497165870e+01
1.124238044923990714e+02
5.618029553236600293e+01
7.840350819407116489e+01
4.625353836948672637e+01
6.686158585045072300e+01
7.495743066110733821e+01
2.602729871234448566e+01
4.441892938511001887e+01
1.420977551303714961e+02
4.565640431523835474e+01
4.324316893920721583e+01
3.695356441588148044e+01
1.034020324778303177e+02
4.588623785926185406e+01
7.401106318290959507e+01
5.651337277377050583e+01
4.565331816999521664e+01
8.397113196836340876e+01
5.318999867859813691e+01
5.009401184574979027e+01
3.926220966683971625e+01
6.895160562854853481e+01
4.793240115104758559e+01
4.789256449328304655e+01
7.743731718983606527e+01
5.666461147172217494e+01
4.757530559501580569e+01
4.072879917321133547e+01
7.322826997578846431e+01
2.078483130143733604e+02
7.928033243193677038e+01
5.289001965984196829e+01
7.387259052873032772e+01
5.623413790136791590e+01
9.012236514011131305e+01
3.879921371399489516e+01
9.089936505465804828e+01
3.380694042347599293e+01
7.645828277198870637e+01
3.367090735646051058e+01
5.391358102218489989e+01
4.999269493979853252e+01
1.586341053094856477e+02
6.600532597678129321e+01
9.088546789441376461e+01
8.060972382998869534e+01
5.610528743364186965e+01
1.556736069195040670e+02
8.823538568605891896e+01
8.254919279687646849e+01
1.726475730063253877e+02
4.767699230852795012e+01
1.020320614090187377e+02
1.143953830832765277e+02
3.242730269893593942e+01
5.758550208968100037e+01
1.118400513831716694e+02
6.828499449364899476e+01
4.839436439671123225e+01
4.390581655616487922e+01
7.424665926026071361e+01
5.707429823748817910e+01
5.704390765567095656e+01
1.164204320776492665e+02
6.087955403691450584e+01
4.303794846933147511e+01
5.997950937527667037e+01
8.138827837026155976e+01
4.852394041950170589e+01
5.216104142785476228e+01
3.934098732464153159e+01
4.640953428873130804e+01
3.471995092418678297e+01
6.691581498474681666e+01
1.436357184679213503e+02
1.076574302009347974e+02
6.070992419852633759e+01
3.169883454787926169e+01
5.674156111657581647e+01
6.339542811622722240e+01
9.442915650548411577e+01
2.731355492186875367e+01
4.154527774167925003e+01
7.136016118101235861e+01
1.428950150311202947e+02
7.385530619201369973e+01
5.857272646009886330e+01
8.721511165386202435e+01
7.244749150212997790e+01
8.849124671766480787e+01
3.969963675019982219e+01
1.028773596086707300e+02
1.279396333999417976e+02
5.879460783765282628e+01
4.662025405971277792e+01
4.214958024753892118e+01
6.825446627212990336e+01
9.306126921735315705e+01
5.109230675191724202e+01
3.854162047620893361e+01
1.963359935027207825e+01
5.042688734552150009e+01
3.277257275135646353e+01
7.048850845806936150e+01
3.494743811529302491e+01
3.306085345381590912e+01
6.509173874313506758e+01
1.625718256240452675e+01
1.320602228226805153e+02
4.682176348544211919e+01
1.897489809929421085e+02
7.383140092005510269e+01
5.276898709349185879e+01
7.801755410951932390e+01
5.162674624064445084e+01
2.845773213374450705e+01
6.644659080287264885e+01
4.474168347645705524e+01
6.239879595217948349e+01
3.088626384945190395e+01
6.832814024137357478e+01
8.705041032082003483e+01
5.640746024473551046e+01
4.082987910343376825e+01
6.906702626663972922e+01
8.840869530989692748e+01
5.445031214509843664e+01
2.946821762978366621e+01
4.467549599315298536e+01
4.211173115574050740e+01
2.685360959725281305e+01
2.566548913335745397e+01
7.102320509328639275e+01
1.095081809174872092e+02
7.832546345118493036e+01
5.245399678317176040e+01
6.478998367711274398e+01
5.987281617837832215e+01
6.065201607070726197e+01
9.806176820642471625e+01
7.364385556507741626e+01
1.054353912985904458e+02
1.209486603357962480e+02
8.727179830399794014e+01
3.623901710171559643e+01
3.168918986530615101e+01
4.141019433000029437e+01
4.318061320380962798e+01
5.548409303514792157e+01
2.706107280740533128e+01
1.286679514258171366e+02
4.197088271369246826e+01
3.601777949392617018e+01
4.091251024345420717e+01
8.042687491768525376e+01
1.042486773266404754e+02
6.695629209851780672e+01
9.006870450580494492e+01
1.176544584457723488e+02
9.899209551004354068e+01
6.105760764102371496e+01
1.622031931618542728e+02
1.397702989359362959e+02
1.214736622237636254e+02
4.969696768116157415e+01
5.007093749504863922e+01
9.463137365745109264e+01
4.970283148215687419e+01
3.363746287301020033e+01
8.044023499964293933e+01
8.920206087888398372e+01
3.182126687192120329e+01
4.924825634195697432e+01
4.117350475470101401e+01
5.304439580196608262e+01
6.521960615664880834e+01
1.426200504583395343e+02
5.724055244376874185e+01
6.152219892718037642e+01
4.592681462563685812e+01
6.871625976450060591e+01
6.835406703213395474e+01
4.831515745913647919e+01
5.213302452112440477e+01
2.314154958024551334e+01
8.403454165101142337e+01
3.947262483371811470e+01
3.697109780920686717e+01
4.864892877720618003e+01
9.950734042566288906e+01
7.747317019662058613e+01
8.883703116068828365e+01
3.094109791106084728e+01
9.085303423200892325e+01
7.312782975877563274e+01
3.524314636952918534e+01
8.351375153252541850e+01
3.518868831382575735e+01
4.627495846956676218e+01
4.871962123331538663e+01
6.690630186471054230e+01
6.457541576543800943e+01
4.900086239792022980e+01
1.096347651775375311e+02
7.195953675624393497e+01
9.771538204840175013e+01
1.139140249103175364e+02
