7.175321778284070717e+01
2.369861003652367160e+01
4.071219919556097011e+01
2.696200973911968291e+01
2.585697120126588899e+01
5.711959013519570760e+01
1.791749908996897389e+01
4.655365874337345389e+01
2.292351684478770579e+01
9.181059157022435357e+00
9.742433179661848186e+00
5.896150922062390265e+01
1.016083980190124123e+02
4.377767109625535369e+01
4.091282279741629679e+01
2.554531641313586832e+01
4.715685742799167457e+01
1.166099418395049625e+01
5.895852319492373539e+01
2.771138447530761795e+01
5.012875424184090178e+01
5.512244778205585050e+01
3.811425074316596806e+01
3.071775710924632818e+01
4.777493333437713829e+01
2.483565055214658557e+01
2.921780449754957942e+01
1.684424697792394454e+01
4.364684942341023799e+01
9.550072275444438219e+01
6.165883158825079136e+01
6.027012446221358033e+01
1.247553946338887876e+01
3.364440448905870795e+01
6.054909262510218326e+01
2.875481604315734785e+01
1.564693966241295975e+01
2.148469349930686434e+01
4.508914822594918093e+01
1.666989006958682396e+01
3.838278070959184163e+01
8.916700913655309080e+01
5.486686668019506641e+01
3.773484543012241943e+01
4.390110087224014279e+01
1.612371752414136949e+01
2.015148268913113938e+01
2.297236181173297354e+01
1.199124980631770399e+01
4.338413746654927650e+01
8.727720032652820237e+01
1.657341405499858666e+01
8.161151986488304999e+01
1.959592948697210346e+01
1.049415368027514432e+02
4.632591749730489283e+01
3.849872148954055007e+01
3.682387123417519348e+01
1.225193824095098449e+01
6.158980876063769472e+01
9.820859850161984639e+01
1.876981910006751164e+01
1.969325837271265911e+01
6.784621083436960021e+01
3.161235732704887269e+01
1.689748773471945853e+01
3.288957383643986532e+01
1.667702361460274219e+01
1.477206049102021552e+02
6.888725791674433196e+01
2.486792988548060279e+01
2.443627122442050137e+01
2.829983522478217495e+01
1.587587934530448024e+02
5.422728429746192091e+01
2.399758060475234700e+01
4.984432870956336359e+01
1.551681431143587808e+01
2.019806022280937441e+01
1.796440380961987557e+02
2.565069693754570324e+01
2.709135112703843618e+01
1.106651650447122819e+02
9.977810501298482393e+01
5.228828281490216767e+01
2.690185977726664035e+01
5.933804664691577813e+01
2.829446516462299144e+01
4.082331673080227574e+01
2.792336012572807391e+01
6.479451262768832009e+01
3.207299015484008464e+01
4.039166380583575489e+01
1.728504223746977004e+02
5.224671315673937499e+01
2.253840869770638733e+01
7.194341344864710663e+01
9.779891487641066306e+01
1.687411789176066179e+01
4.408784100151698482e+01
4.122822862053489956e+01
3.311898508380119921e+01
1.223414593848424481e+01
7.333249979993448164e+01
4.603528162476179375e+01
9.206994427308333684e+01
4.860495151879428022e+01
1.974686864646126594e+01
6.792910695190644788e+01
3.913541898352922743e+01
1.672420950462365852e+01
3.652456214813749114e+01
4.665050807979484659e+01
4.187065001211234261e+01
1.021975009854726579e+02
1.091079700412867624e+02
9.216384787858171990e+01
1.549274270192367453e+01
2.381837487533546494e+01
1.664882218767678168e+01
1.355038346365832602e+01
3.681062990275200519e+01
1.792055695492670253e+01
4.133819166569875847e+01
1.679560254630453286e+01
3.574440258704813544e+01
3.095313129624731729e+01
3.261172871776258120e+01
2.504989346363966618e+01
3.980043090753223112e+01
4.768700156037131421e+01
1.936179266292097267e+01
2.660939699829919292e+01
1.006804752712664026e+02
6.575266711992728119e+01
1.869148458917907263e+01
1.038062830688014344e+02
2.455157731280131017e+01
4.869761759361932008e+01
7.337025270274919819e+01
1.299355110982126860e+02
1.264769295238466995e+01
8.862175025105408110e+01
3.850071495154151791e+01
1.311556051835947869e+02
6.793791701416819251e+01
2.020524717425119476e+01
3.323695805976060313e+01
8.695024610809902299e+00
7.348908558669258184e+01
7.094492547768032864e+01
2.273689376175279975e+01
6.327575186570701504e+01
7.720147202296170974e+01
3.060979092296519255e+01
1.266661476044799706e+01
2.878656634278142334e+01
3.346769043839890401e+01
1.635407664278690731e+01
3.098519356649406475e+01
3.769995306741729024e+01
2.090013512552181396e+01
1.195783489832331270e+02
9.102004789168066168e+01
2.939464760344520755e+01
3.756187088527417473e+01
3.910463310109264512e+01
1.222097107245971870e+01
4.156322939657874826e+01
1.693218584367022217e+01
9.884758378824184888e+01
2.791897116540730650e+01
2.354548871572765378e+01
4.734229383706709626e+01
4.061108194217221978e+01
1.835979149866416904e+01
1.791471142452941763e+02
8.067137744940831112e+01
2.926459743479927056e+01
3.346503880436414846e+01
3.428561062202280851e+01
2.419771315946656287e+01
1.311604819676376508e+02
3.970003145305436476e+01
3.575471203610527482e+01
2.402503659055707885e+01
8.158988211290844106e+01
1.494410702202542929e+01
3.510896008805703161e+01
2.811901132908640477e+01
6.557570171287682115e+01
8.758920761815323885e+01
5.545730549580883206e+01
9.061117062002729483e+01
2.431819771542003039e+01
1.296191774589912882e+02
1.760041448041641488e+01
2.438696067952924906e+01
1.037105607482675218e+01
4.580428582400026727e+01
5.668019323676813315e+01
2.899293566352854867e+01
7.757127886952558526e+01
2.368324814645728438e+01
5.895549230913800898e+01
4.363562222705770210e+01
7.512132388151468376e+01
8.325925663247012665e+01
2.066734477857173857e+01
2.899021248049591648e+01
3.047805876575468886e+01
1.218130910297580272e+02
9.966908493777252431e+01
6.522983248730527350e+01
7.018378072208447804e+01
2.509096262924073528e+01
4.975542814895522525e+01
6.387188123182185961e+01
3.078216597073028993e+01
5.083784923210215823e+01
2.815036776033155519e+01
3.783004988747427433e+01
1.055351062233622486e+02
7.312419333424075774e+01
7.432335000935552216e+01
9.610307548470855465e+01
8.580180441360518273e+01
3.151099026288185101e+01
1.054381896495408739e+02
1.486882075090121091e+01
6.311829686614870383e+01
2.252418732013351033e+01
3.543885062130263464e+01
6.810495664626792234e+01
5.964043216641528034e+01
5.717278947885596807e+01
3.625821014818494348e+01
1.166422980949820527e+02
4.555332792451167023e+01
6.803322246999566403e+01
8.680177974007212072e+01
1.182164940609217751e+02
5.239979225961136677e+01
4.615346060059273725e+01
9.996370338598990202e+01
6.408050188135992187e+01
4.121850405663657568e+01
1.080864434724843193e+02
2.536884384513309953e+01
3.378983213880448488e+01
1.830625522987525855e+01
1.951974589979788988e+01
9.057118613477742031e+01
4.292284919293813772e+01
1.170329676351472870e+01
2.742772039206613854e+01
7.108422486354091063e+01
4.256786195989155175e+01
1.278832133390539028e+01
8.783526476196387023e+01
4.007491033176052042e+01
2.851036553302792598e+01
4.985167657275309949e+01
7.393033388816307649e+01
2.136795462124530687e+01
1.055147699464966706e+02
2.177494121916880943e+01
2.371120463697477376e+01
2.343545805916637192e+01
4.044749567990425732e+01
1.990122370780067058e+02
7.240298619390748058e+01
3.538938039916261857e+01
3.892595578012661406e+01
2.046245459921005505e+01
5.086753731151577540e+01
1.222097486982105465e+02
3.495557956765633634e+01
1.938776612416041800e+01
3.662533252064999090e+01
3.138933563516113168e+01
5.333966598357784505e+01
4.262316147132074917e+01
3.640184259520412269e+01
5.430205205848988470e+01
2.329655787226863595e+01
7.304341727032183940e+01
3.307622078994628367e+01
2.932684430659503505e+01
6.064846280197789952e+01
3.666379716512127374e+01
4.966180998492303189e+01
3.632297666889667198e+01
2.860510418697368706e+01
1.172373699060866414e+01
2.927107086817304804e+01
2.664296871187005777e+01
2.655921865357286649e+01
4.141733143348604784e+01
2.453732720561243497e+01
1.180876570376685564e+01
2.619345006848809376e+01
5.916616060143938682e+01
2.671557681064963674e+01
2.569481190458633435e+01
3.092082949386460200e+01
2.686455581260592851e+01
6.229909850617189448e+01
3.259607148661807940e+01
5.705717932248624891e+01
5.402357698604718195e+01
2.612885607837866431e+01
7.827131489450234625e+00
8.775958985073908991e+01
3.798527770854669683e+01
2.938557680151299678e+01
4.046208670080714853e+01
4.897542867524397536e+01
4.860261527613256050e+01
2.477115955265049863e+01
1.909283885383761259e+01
2.066844157103986390e+02
4.045095839825895467e+01
4.887788430487879765e+01
6.897536562113576508e+01
7.274538485651133612e+01
1.383760790775524541e+01
1.762858751440937510e+01
1.011452322822983518e+01
1.907279001619318848e+01
2.503568544579202992e+01
4.768440157887492603e+01
2.495790750532230007e+01
7.749382809756063750e+00
1.476666023713825027e+01
3.968812239846155876e+01
2.249029796023621230e+01
2.346217897471103342e+01
2.653782815728837718e+01
1.716440857088273475e+01
6.625070387847425479e+01
1.368614324333233689e+01
2.647925918642305376e+01
3.768840583621172868e+01
1.194042057587680716e+01
2.229518993726515674e+01
7.901844609432223443e+00
8.571451275060384489e+01
3.346753303332599927e+01
1.835818125735841022e+01
5.367465373513461202e+01
5.322332874766899380e+01
6.290707448718682571e+01
9.918733212006794986e+01
7.902285667557228521e+01
1.917689432744379019e+01
3.788184976618979505e+01
5.075450967105614097e+01
9.709973767837848158e+00
1.303451270744660349e+02
7.112562023963693036e+01
3.729133306838776463e+01
7.927098007155534276e+01
3.901523756272575127e+01
3.019295527495751230e+01
2.870630415674328972e+01
3.774473434963426399e+01
3.805481232513382395e+01
3.257352108394136536e+01
7.456804509910276124e+01
4.451186318182188018e+00
3.395894454385717864e+01
2.081086731105535392e+01
1.819277922310696383e+01
1.103133057480443568e+01
1.008928112345283949e+02
1.370561487481113616e+01
5.669008238995343163e+01
4.455136061533348624e+01
4.044511094483069513e+01
6.564998309692076361e+01
1.645546334895326623e+01
4.997904777186601422e+01
1.100855259055764179e+01
2.620486707886034594e+01
2.305204507050387974e+01
2.786960855158559269e+01
2.547357015964465532e+01
7.798907177655800638e+01
1.626640801321645569e+01
2.945244778358253512e+01
5.415633744762003232e+01
8.075165620302857405e+01
5.465256594284099378e+01
4.216425315140537577e+01
3.781602833607137626e+01
1.442802139572428999e+01
2.804538188146487343e+01
1.868294101725219392e+01
3.751342426533241081e+01
7.748299641031591989e+01
1.550196807571129121e+01
2.246891220468185324e+01
4.455663150723565025e+01
1.843382364730522838e+01
2.078686185341458170e+01
3.529923277919387914e+01
3.489256967421208344e+01
5.608276105155278657e+01
6.760480497199077377e+01
5.125863093484468180e+01
1.198333802259726610e+02
8.175309439009255641e+01
6.222872129322174573e+01
3.293725505345194904e+01
1.268859476054341968e+02
3.764708216479171909e+01
4.691195074801286324e+01
1.604518179097864277e+02
2.077831125114645516e+01
4.368849382880470955e+01
1.089649156701628527e+02
1.972265229061520841e+01
3.062348791968933526e+01
3.755709605090238057e+01
8.744715782001404136e+01
3.665097291836402604e+01
8.541716148599435598e+01
2.819126621024130230e+01
1.199917567114305541e+02
7.928247204817964189e+01
5.431401232926311451e+01
8.220795483569305873e+01
4.893634154306269579e+01
6.942445751623183980e+01
2.866606484195222038e+01
5.115806924266396294e+01
1.128433373261108557e+02
5.635383757261437410e+01
6.431886291190770066e+01
8.487048051431649753e+01
5.430271406474308549e+01
1.294753342185286726e+01
3.034110089102303220e+01
1.285240796738944979e+01
1.343985227863735510e+01
1.467739233898822881e+01
5.778040501162521991e+01
3.640436465707328750e+01
3.528134564444935251e+01
2.136181766651372627e+01
2.521027340718534049e+01
2.118651844173279741e+01
5.071609983341495820e+01
1.371624353444324385e+01
6.878169494241247151e+01
1.018705783446173569e+02
3.854113774848697460e+01
4.173900630891599661e+01
2.940216752662673372e+01
4.413026860021384579e+01
2.962033944084729242e+01
2.602355774966328994e+01
3.511513272189725399e+01
2.342585505125390455e+01
2.680461750474747973e+01
8.190481690355902344e+01
3.850407853607555353e+01
3.796812601696132106e+01
2.870843210529019274e+01
1.499921306234545604e+01
4.940472293122525826e+01
2.433531971305655972e+01
5.869691186251771597e+01
1.865215693351223933e+02
4.945519583430710497e+01
7.743605167740321349e+01
4.866502136529843625e+01
3.853128861267365579e+01
6.396884268702050491e+01
3.106926244112410629e+01
4.872329430079279433e+01
1.019713236034479920e+01
1.252253953799089743e+02
5.982345667329335726e+01
9.340327121813822941e+01
6.997788019112296354e+01
1.847456341207504593e+01
5.379075655928625821e+01
4.790545583774457583e+01
2.337826151297822719e+01
1.327422032255641398e+02
3.420992128176453662e+01
7.224371787491422481e+01
5.517275475597002554e+01
2.187427721153620297e+01
1.058383680210097992e+02
2.813771461989263756e+01
6.026874388811700811e+01
4.836444469648299105e+01
4.750437038142231927e+01
8.425730523045524478e+01
2.525020610623780470e+01
2.920156819998072706e+01
2.203532827505225811e+01
4.396939127731462804e+01
9.683577204644171488e+00
9.768314555699534196e+01
6.715104234027492680e+01
5.313951077347649488e+01
5.407888041106247812e+01
4.288878836037834219e+01
1.423955037622118702e+01
1.626667100894847806e+01
3.720340446423391256e+01
6.253571577814251725e+01
4.974388298715552281e+01
2.597999827872004275e+01
4.478729755821608904e+01
2.905635350223042934e+01
1.757951008750533006e+01
3.333216471975219264e+01
2.378424139973951057e+01
8.968732556552254209e+01
6.865864431416427216e+00
2.516237603941684142e+01
4.107612644903746002e+01
6.885812484175403370e+01
2.510056855254471131e+01
1.134290162699939373e+02
4.775663990208870047e+01
1.276838161885757472e+01
4.450034612044248661e+01
2.394552893134780192e+01
1.458665047327262521e+01
5.167595039031350268e+01
3.154819754173139756e+01
3.186444644177337437e+01
2.113308275358248878e+01
7.753166618117487019e+01
3.290615224024710272e+01
6.642984331421611444e+01
1.827469052707672290e+02
2.760213059644902955e+01
6.435523925908422882e+01
1.802579341514248767e+01
4.401568169076153225e+01
2.562045994015332440e+01
4.186835388343612152e+01
7.488592784243473943e+01
2.367946696769612913e+01
6.033483147427411808e+01
1.351855813007406404e+01
5.504601172150172772e+01
7.689234491326779164e+01
2.109872795787303090e+01
1.221660123230627448e+01
2.559365660804038001e+01
2.969209155424233515e+01
1.098089428960054619e+02
7.280855496817623340e+00
9.598674190650555715e+01
1.977751971183157309e+01
2.908738975460749643e+01
4.144395539529630668e+01
2.868776808632050290e+01
1.579188816905698722e+01
3.591864452517476991e+01
5.727084654140305275e+01
3.259259165909307399e+01
2.396408003734113024e+01
7.878332925631498540e+01
2.538476866992721526e+01
6.580158009911085060e+01
9.119651709452588761e+01
1.587335617648922259e+01
4.058657171181460654e+01
1.700551950094020626e+01
9.681771175040520916e+01
3.362224926801067681e+01
1.364216483724436557e+01
3.254541087445045378e+01
2.635873244810048988e+01
5.698426342488266982e+01
2.710602080486717824e+01
9.108764477072027432e+01
1.240364685109293319e+01
6.127590054018511267e+01
6.664263638556782610e+01
5.019535670069557654e+01
6.331930867415654518e+01
7.141851357739876960e+01
3.282328946816095083e+01
6.428307847864664382e+01
1.766247315013951535e+01
7.131494859491075999e+01
2.487325331499363301e+01
2.248174096734864591e+01
1.469337246206849379e+01
6.051650382033614761e+01
7.811682442301406581e+01
2.666306862666463928e+01
5.756090123444907647e+01
2.605757057497381979e+01
4.651991071361754138e+01
9.888061697861616040e+00
3.551335589023025818e+01
1.884928383627301329e+01
4.093691898635505311e+01
2.783723156011344813e+01
3.182097638977256437e+01
6.200110723737357432e+01
1.613747816797424761e+01
6.319212608966255829e+01
3.776472069972592038e+01
1.644710580690100699e+01
1.092123141018966948e+02
5.287914554001012135e+01
4.174149827372693977e+01
5.967252976185445590e+01
4.077706284723764441e+01
4.906954500018477461e+01
2.234749689370138270e+01
2.963085009912290957e+01
1.068688642531569144e+01
4.122980750270316008e+01
5.337931133509116677e+01
5.467475104019731447e+01
3.715409580459888872e+01
1.247442456838044507e+02
4.584449541364990921e+01
4.234804311906204788e+01
3.800827296741744021e+01
7.175621854610329819e+01
7.366942458599533339e+00
5.099298605368565518e+01
3.100586035367487270e+01
2.775315520584179296e+01
1.009736702605431162e+02
3.349979938405476076e+01
5.925663964097893910e+01
4.491244026665358291e+01
6.509935548066496835e+01
3.541221222498705146e+01
4.518148028478495348e+01
4.439851260737525962e+01
2.742342650356441780e+01
7.385150956613357209e+01
3.460807540323572340e+01
2.188040327623490455e+01
3.055939518979375435e+01
7.018618042759182174e+01
4.918529142014909894e+01
4.899852549271835045e+01
3.205188310281482700e+01
3.738833405481116046e+01
5.261624315469227042e+01
6.664250904834625544e+01
3.611268391580463089e+01
6.347971453777479667e+01
1.809684685838756835e+01
1.223698392894609199e+01
1.948436335606890779e+01
6.191665276945401786e+01
1.873726328837518551e+01
1.678621551396823364e+01
2.391547994305472358e+01
2.231174785699308316e+01
3.599588086786609153e+01
4.963508114283963835e+01
3.456081208715806952e+01
1.010385571224868784e+02
8.996661079880198031e+01
4.882982939127456490e+01
6.837967354098969963e+01
3.072143707004115143e+01
2.152570938324988958e+01
7.499267089236126083e+01
6.693238401839980156e+01
3.500094373064886355e+01
5.339132503807185515e+01
6.472707899902816564e+01
7.052927965659132781e+01
5.098883296675290211e+01
7.907121675626510182e+01
3.822607671340019664e+01
1.909421277017942842e+01
9.305967169422777374e+01
2.977894294462893399e+01
3.500368412470589874e+01
7.013112408293220312e+01
8.936572588616701296e+01
3.074428221189702271e+01
1.858025230777549197e+01
8.814593476477429590e+01
5.471777958616136317e+01
5.503971226422559226e+01
4.632785695387549652e+01
1.563131418546512066e+02
4.320624223612470871e+01
8.509104827285578665e+01
7.164453601418294681e+01
2.739907777107059061e+01
4.565362361256958934e+01
6.434409945266286002e+01
5.768598684398017440e+01
6.062879787841512069e+01
6.573545655682281108e+01
9.670606117561661108e+00
2.101022597224307376e+01
5.016646578220787944e+01
3.218201952482404238e+01
2.253297729475036348e+01
9.070626834929106508e+01
6.656873459481015232e+01
8.952367021611091502e+01
1.543430576146335298e+01
2.107525770350098426e+01
5.357466839973785255e+01
1.696644326035693240e+01
1.734687709477937645e+01
2.807521376279240855e+01
4.443445232659463073e+01
2.793320803769868732e+01
1.916367671754868240e+01
7.452813173721536089e+01
2.949241760650108901e+01
3.958424733037860221e+01
5.205293259609055667e+01
2.687517267484915706e+01
5.682847040154029372e+01
3.296637452923989997e+01
1.257893279055924154e+02
4.176200979957533832e+01
1.852055103958144144e+01
3.939393427186170271e+01
1.660548661363963845e+02
1.899471441705428632e+01
3.561459817333801681e+01
4.641059037701828061e+01
4.242918468252700848e+01
5.956931052099243118e+01
2.373902503206466363e+01
6.060418701925802054e+01
5.452930005022245297e+01
9.869863602453547458e+01
4.002482356660103591e+01
8.482904460119728540e+00
4.755415392336839631e+01
2.306888326283360158e+01
3.108141157699734691e+01
3.060436052559871101e+01
2.243096419422846211e+01
6.355541446093590707e+01
2.785062854156820222e+01
1.266679614726600178e+01
4.395223505918925611e+01
3.479929861908813393e+01
2.975681474467096166e+01
3.413139132071493265e+01
2.687190935730575703e+01
8.703987462730978564e+00
2.104058698433625096e+01
3.755782760937133702e+01
3.639931419289630554e+01
3.490563558797627763e+01
6.902260408187851226e+01
4.282585897016704735e+01
8.434007849281032065e+01
5.092454710528921424e+01
8.307949547518792599e+01
8.907189800490738207e+01
1.148061632944671260e+02
4.880409965241748438e+01
5.245673211275133951e+01
4.938725218446550969e+01
2.827313185323217581e+01
2.513768505722500990e+01
1.825025005005621281e+01
8.399151562573243268e+01
4.277044156563415100e+01
3.575022784679365628e+01
7.359428317437661349e+01
6.453785229177586302e+01
3.998005536959281869e+01
3.546356924869586180e+01
3.984908748825221636e+01
3.926406070198280673e+01
9.017451728130717470e+01
1.596987722351276950e+01
1.427204726735254212e+02
2.859080785267303781e+01
8.960303588805946617e+01
4.144269526508607271e+01
4.877712232165885098e+01
6.178896108295075607e+01
5.929112325415159290e+01
1.464164854196882359e+01
3.734416214393238675e+01
8.708545474873672276e+01
3.081293944656076178e+01
7.667815791349444687e+00
6.991809410280515635e+01
7.938206136373450761e+01
2.633905240268468617e+01
1.256038202755783857e+02
5.179732658731526129e+01
7.731728841099507576e+01
4.965454752930309468e+01
1.453113459991915413e+01
2.717998615947793439e+01
1.645228778429022753e+01
1.877484400262759223e+01
4.198834033693199785e+01
9.225092346093080664e+01
9.078044579200013686e+01
6.160660481026139479e+01
3.332937209356675368e+01
3.781792781766256439e+01
1.468304531472857022e+01
5.892996444599696737e+00
1.931854773013523996e+01
4.608073492753619149e+01
2.285403189121915091e+01
3.250586876155334437e+01
7.089948012764475038e+01
3.524484588159354814e+01
2.792309010108670364e+01
8.066595009731535981e+01
8.728782197137074661e+01
3.629067774658987133e+01
6.952383628439204699e+01
6.287211201166424246e+01
5.997837703625628336e+01
8.613016053987530540e+01
4.815077295445305339e+01
5.776414671393987277e+01
6.953273436680163400e+01
5.557967221519474776e+01
2.848540518806591137e+01
1.847041106648778452e+01
5.977351681277553297e+01
7.956383160154305756e+01
1.986000291071214718e+01
1.550123417624833166e+01
2.271500444392503937e+01
1.890563132718719785e+01
2.416905919944306902e+01
5.308803248699694421e+01
8.343347094466011526e+01
4.433398088368755907e+01
8.978931617945736576e+00
1.978103239779262879e+01
1.071096507169732064e+02
1.510905781670110457e+02
4.077935368412773443e+01
1.630615359254799301e+01
7.788652558396396586e+00
1.556909500734392360e+01
2.339552224739087904e+01
3.116188619702585072e+01
1.863742805627349526e+02
2.182453206291296866e+01
1.795697553468516716e+01
5.005859568446535945e+01
3.753767228564490921e+01
4.999520557929646714e+01
2.629418153240591494e+01
8.563354663441678838e+00
4.422953493820392623e+01
3.089448714108195659e+01
2.899960350719690183e+01
7.706249268277740327e+01
1.252128644172754157e+01
4.556212447892873740e+01
2.239397972869941711e+01
1.531587589511710235e+01
2.549568658236649199e+01
3.668348309797828222e+01
4.193280423788255007e+01
2.278670191858668304e+01
2.516275739291226898e+01
2.685376597592327386e+01
1.928691689386109331e+01
3.453848495263616059e+01
3.162156503752220971e+01
3.144821556057449996e+01
2.058408026403284197e+01
1.194175312932933082e+02
1.827912129445448102e+02
1.341512775676476998e+01
1.685175085858687893e+01
3.863911490154432471e+01
2.967631739831546156e+01
6.517926613709447281e+01
8.922503576124456970e+01
2.496598368961833714e+01
2.969164456502432969e+01
1.512492074418285881e+01
4.785225049232312244e+01
3.156658175699402591e+01
1.543546690142946964e+01
5.161658391695770121e+01
2.267541964348931671e+01
1.755212427803875386e+01
6.692842336048624929e+01
1.911852253894593190e+01
8.492846014894807283e+00
5.602864689569359768e+01
3.287104442483738609e+01
3.609874578386536115e+01
1.626387090106744182e+01
5.252406601666279329e+01
4.001650022359230263e+01
3.970736202926180880e+01
1.803549146079408416e+01
7.490521185581566499e+01
5.441359093153550219e+01
5.887467756537230912e+01
5.106018707880980401e+01
6.064217391804447033e+01
5.686303615206752937e+01
5.413986873023502255e+01
3.510265529547719865e+01
5.036474694272789776e+01
1.087422624718561259e+01
1.584049542838446030e+02
4.221624915308111525e+01
4.073414705466465335e+01
3.475693306347078959e+01
2.705754684143915512e+01
8.136732213160863125e+01
2.512138254787568670e+01
3.806131418068817851e+01
6.661786222902445331e+01
1.823401601072906999e+02
5.398393728767032229e+01
2.849058763205614042e+01
1.952677935849797564e+01
6.670734642295875005e+01
1.791329602876011506e+01
4.806810046441891160e+01
3.797360742223922614e+01
5.674970610769548784e+01
4.257197521363435300e+01
6.677376707038179404e+01
3.604516727261945164e+01
4.694538847936080828e+01
5.742114940279078183e+01
3.949846689285369905e+01
4.327591994703823275e+01
1.262639111681658477e+01
4.184242729645960424e+01
2.416092088929972803e+01
4.564735378804603272e+01
2.498073991528915982e+01
1.128333857881020776e+02
5.309259646922806297e+01
4.924151856133785543e+01
5.243783980988995097e+01
5.235790616696700539e+01
2.888211451869781854e+01
2.289051687999212348e+01
1.055512029021753762e+02
2.488721242489087615e+01
3.012772146237532311e+01
1.218205868050333684e+01
3.402171443622714975e+01
1.269243680309764066e+01
7.808498263527075878e+00
6.863847025611536878e+01
5.749947570454718004e+01
5.640423869364926901e+01
1.579666538080282301e+01
5.752126706552486723e+01
4.822110623778837635e+01
7.692576738916578449e+01
1.970211987888451333e+01
4.294111538695657515e+01
6.042269821047565870e+01
1.240024676654029747e+02
4.038227304298211351e+01
1.014071182586991426e+02
2.177866712021787521e+01
4.356278175477907411e+01
4.416854555092919554e+01
8.409485334788448085e+01
4.913706122260658304e+01
2.407578236582052611e+01
2.185848267671268275e+01
6.376571111854296703e+01
8.596158530673272935e+01
5.500577106337748745e+01
8.252335801577957852e+01
5.692799447399067247e+01
3.785400484665140652e+01
4.351642468982194600e+01
1.548015446117883016e+02
6.289541000626679335e+01
9.240360301017601330e+01
1.897964617648651853e+01
3.115095794532570395e+01
2.042398153532445448e+01
3.438107811108537248e+01
4.892136424398110961e+01
4.206331227121039973e+01
3.447772897844599527e+01
5.179467379390069937e+01
7.586590092042591493e+01
1.407120638985217340e+02
