4.654244719090699078e+01
1.312621521580862982e+01
1.294019326866925113e+01
2.956702797773897373e+01
1.435830058915289875e+01
3.354262361146150795e+01
1.302292950399567673e+01
2.476387099875021391e+01
5.297206734629577340e+01
7.050650515906458971e+00
1.981401287309880033e+01
2.008276569569381920e+01
3.500003437095945458e+01
1.484484424895570598e+01
2.912923282314399742e+01
1.935319302429677180e+01
2.593204988110519338e+01
1.712748031457076436e+01
4.040565804418460516e+01
1.017565273028428940e+01
3.898494628321789435e+01
3.271568694915977460e+01
3.234186920370201790e+01
4.828846683476480450e+01
3.336393899304584210e+01
8.435760184125055616e+01
2.453406654738370563e+01
4.422346113951543600e+01
2.775392991570017998e+01
1.715353083647648447e+01
4.784875387839304750e+01
2.026087902687913100e+01
1.361201991096511499e+01
4.991511300238188653e+01
1.106527475837346799e+02
9.155110739520418761e+00
5.011338705447700193e+01
1.915828387124257759e+01
2.463283454857685584e+01
1.878919286565174573e+01
1.634623885514965735e+01
2.138801864069354153e+01
3.569031515333344373e+01
1.468160448450413114e+01
3.761385704509384453e+01
9.108427653458666384e+01
6.348040073432923691e+01
1.783571484496525983e+01
2.188375912837736337e+01
3.707433716864323969e+01
8.943745371650587117e+01
4.857178232179390420e+01
9.824391992182746947e+00
3.214945695040817242e+01
1.777233339179383975e+01
2.639658229860541283e+01
1.433088179072878354e+01
3.491636362401619209e+01
3.069014697977999973e+01
3.180768639900833250e+01
2.960946311674906539e+01
3.770495632501874184e+01
2.977735743810274727e+01
6.905427349463646181e+01
3.532963091850218973e+01
4.409062700889896291e+01
3.467221507158502902e+01
1.571303220157972191e+01
2.258795454472350883e+01
3.147902693805455954e+01
6.957987286083869094e+01
2.863498850521548889e+01
5.248856391191336002e+01
1.995674760740079634e+01
2.889258872787602073e+01
5.508450897652912914e+01
5.124474320798643134e+01
2.995056145257867897e+01
6.819966475698679176e+01
3.933095435927277350e+01
2.001750540467577011e+01
2.470048137775088293e+01
8.595585050717859588e+01
5.497105361647942345e+01
1.411211295675079924e+01
5.805223463457834043e+01
2.861196938400611955e+01
9.722783229622375956e+00
2.853370644837392334e+01
3.035778190896677486e+01
1.807995889103031573e+01
2.188069774001046497e+01
1.758261186562808120e+01
6.731367374578863405e+01
4.066959648336852950e+01
8.302088568989701045e+00
2.071040232044826013e+01
2.080055918536020698e+01
4.610966124265098642e+01
4.497312532915054106e+01
1.746089638474761330e+01
2.773520248160319923e+01
5.425949983403136656e+01
3.608733010929220342e+01
3.054081031497956644e+01
3.218134853637958059e+01
3.353483151510050675e+01
1.976549648496360589e+01
3.369616259129692537e+01
4.306323569935515394e+01
4.288642764998861168e+01
4.000066899682592236e+01
4.437179651498132671e+01
2.993186068741626826e+01
1.170658268779163258e+01
6.186287670065708255e+01
3.416447126239809506e+01
3.662847344672015737e+01
3.728140327652292996e+01
2.646907277609007636e+01
4.601372714434508993e+01
1.939810353580455882e+01
2.465139782232767018e+01
3.181818029965754491e+01
1.588476116519409409e+01
5.964793197610215714e+01
1.557381346262337907e+01
5.452536788289253167e+01
2.763816568357162495e+01
8.052585735965104163e+01
2.732688513415339315e+01
4.523751473335850193e+01
3.992657702094393102e+01
1.237597341971345202e+02
1.164783416058561905e+01
1.463730699911937627e+01
4.657444965730059039e+01
2.989652577105865205e+01
7.685781850013522387e+01
2.745555131990008491e+01
3.818979522142609540e+01
2.468496106650133015e+01
3.624327226282178316e+01
3.706453523629179614e+01
2.235507966543410063e+01
2.587264187181469666e+01
6.110150727731635811e+01
4.279537176901376228e+01
3.820881558294974667e+01
3.075817349433238590e+01
2.125591583536601448e+01
6.662252417567125917e+01
3.511734280779577233e+01
1.967442014069848000e+01
5.388242545991642629e+01
2.177936545469005480e+01
3.500595808900783368e+01
6.508982160936452033e+01
1.577339886009701964e+01
2.408368250504824459e+01
4.152933846171241328e+01
2.641083896281571697e+01
3.052872713389853843e+01
3.911308921328294019e+01
2.859213988457046440e+01
4.893505490484982801e+01
2.614494143435061702e+01
3.150447593541038316e+01
2.184256084730661485e+01
4.465006430872795562e+01
9.730409052735563336e+00
3.235026974025823421e+01
4.560344919957578469e+01
2.205773005600365977e+01
3.346118288609396529e+01
5.557563494985530639e+01
5.667507735719902939e+01
2.111012537833297031e+01
1.613538150737202059e+01
1.939834783226932657e+01
6.982537911278036802e+01
1.607162597798000192e+01
2.613472218366924338e+01
1.425779779306960471e+01
3.786414413488939346e+01
1.338964023844994600e+01
5.505256139367909185e+01
3.575548643285237915e+01
3.374988722506324734e+01
1.346429633648982538e+01
2.740545788031490915e+01
7.958154159119358440e+01
4.007639626370420416e+01
2.075681047827142578e+01
2.322046538690390705e+01
4.118005620216508333e+01
2.146968851820252056e+01
1.304197512237976753e+01
2.912089249524320778e+01
1.839736285464304899e+01
3.464389512132629534e+01
2.731231739423693838e+01
1.574702682061505499e+01
2.322753951450526344e+01
3.071981672398998597e+01
1.250558010833588725e+02
1.778153913688617749e+01
2.399962859432725537e+01
1.044187818661267464e+01
1.066181404302007962e+01
3.561644787371031384e+01
2.566473418211127111e+01
1.767035842175211613e+01
2.279270860113426167e+01
2.894205480281517850e+01
3.530930077132704525e+01
3.427226503885796660e+01
1.370236868175410017e+01
2.643202514086848964e+01
4.805536730307828464e+01
2.015683240735151571e+01
1.273146547309521281e+01
5.552374841069658373e+01
1.673661183671440611e+01
5.116270451980146561e+01
3.596282123311252121e+01
1.069190574572410668e+02
1.099285742383342779e+01
5.341138232424648180e+01
2.121670330515067704e+01
1.700957832150564286e+01
2.747632492557063344e+01
4.793253575336976979e+01
1.955557608637799305e+01
2.139475225802608449e+01
4.216562321951353454e+01
3.247585174044911582e+01
4.292320615604861445e+01
1.635716419375316732e+01
4.169607411288271237e+01
3.332602080001302625e+01
1.813554992930717091e+01
2.469125722229730258e+01
3.750071094689353401e+01
2.659250651341537264e+01
2.501744209980689249e+01
4.597734456537568093e+01
5.259888360108961791e+01
1.778587314059225122e+01
5.369681018188516930e+01
2.156501008884500692e+01
8.118899404475833137e+01
1.915797417616769494e+01
2.624471380442217239e+01
2.627081576053356216e+01
2.074355963418975080e+01
4.927780225690532490e+01
3.194347707540588033e+01
4.549772829748399516e+01
5.409530370541899202e+01
9.818169109333746647e+00
4.624399177983582376e+01
1.617207513746715719e+01
5.564285525718377556e+01
2.799683038261346724e+01
3.987171540930282276e+01
2.716847637858775499e+01
6.337385035632097185e+01
1.468849357835522795e+01
7.030421836578405248e+01
2.679941076565988212e+01
2.292137397985383629e+01
2.032863611588498998e+01
3.897103495843962406e+01
1.651544176956084797e+01
2.942756006217344478e+01
6.072925345554441634e+01
7.981635191915906091e+00
2.988004339472572113e+01
3.122782415974396031e+01
2.112629575294016249e+01
3.549286738466474844e+01
4.058808967952726476e+01
3.817326655038090166e+01
4.488537386256800232e+01
2.741253247799086878e+01
3.783945311444765025e+01
2.578381648957202898e+01
2.330856017643515798e+01
6.234588335959428207e+01
3.315798897506149245e+01
3.446658534860684142e+01
1.253032607413146771e+01
2.761528024176906371e+01
3.216406542702119964e+01
2.542279998093105320e+01
6.361267691606972363e+01
2.024388818429579118e+01
4.622924957421464143e+01
2.194698170798032422e+01
1.359132560989536742e+01
2.314508345347964635e+01
1.072494154156648563e+02
4.824761409172657523e+01
4.049413934354577549e+01
5.836030150946272244e+01
2.011962527533404455e+01
2.972764343662747066e+01
5.658072393552791368e+01
1.975740019652157287e+01
3.015814445451022152e+01
2.467525920231246417e+01
1.818432156560268353e+01
4.366407975102043793e+01
2.376920147433609287e+01
3.064392191163289780e+01
2.961567094247041965e+01
3.722860174239183806e+01
1.137261116449731091e+01
1.758411635418815777e+01
2.013316689254416403e+01
2.778287722674773974e+01
1.914188930382607623e+01
4.421102752289827720e+01
4.157672974101924268e+01
1.874443110658470957e+01
1.579906799066204925e+01
3.061782985350753705e+01
2.386692616122239841e+01
2.223894119187696816e+01
5.492879504035670379e+01
3.093841501926109316e+01
4.192555087305120054e+01
4.970449192752134593e+01
3.300580663939610560e+01
7.297968496552162776e+01
2.379857594460975889e+01
3.156088889459746483e+01
4.819591079032586833e+01
4.150686367604057381e+01
2.573103492982542306e+01
6.144005534322042195e+01
2.035499324538731969e+01
2.923959599337982596e+01
2.016882420130263043e+01
1.123918472160308468e+01
3.843820961863281838e+01
3.138856559967994286e+01
3.204367021185298370e+01
1.626158643500752632e+01
5.157292436584432949e+01
8.338630871157546665e+01
3.330304559710516088e+01
2.018785623869472801e+01
2.967094862972095015e+01
2.838084747999416990e+01
1.574625826466154166e+01
2.529404996708276343e+01
3.665282755630450851e+01
6.209954923457222264e+01
5.237878368379186611e+01
3.238904517018248441e+01
8.818519634728056644e+01
1.916398129025350627e+01
2.031239949002581113e+01
4.838536078030001164e+01
1.874294806778034328e+01
5.375439087828453211e+01
2.421063080522989708e+01
8.718752019831002542e+01
3.046044344024154071e+01
4.758364014925655994e+01
3.142488758383643699e+01
2.363592013291448524e+01
4.482137986428404020e+01
1.901095407048279284e+01
3.365738996763846558e+01
3.276723038527871523e+01
5.113989403468772821e+01
5.792740118168463681e+01
1.897155062533266090e+01
2.701166895062231177e+01
7.006431180855547325e+01
2.047665844072781027e+01
1.768621098009869996e+01
2.184155212579156924e+01
5.049264104066846670e+01
1.096398689187582320e+01
6.827681800819453883e+01
2.468719978993257058e+01
3.731848065547596605e+01
2.489364670991499651e+01
2.422846181201480320e+01
5.459200782357164883e+01
1.300917636198425420e+01
1.367794959999424442e+01
2.458796070163133862e+01
6.087905753058160485e+01
4.691294133774665909e+01
3.806388633386253417e+01
4.593134560136760314e+01
4.525367929922136057e+01
3.122670054225028835e+01
2.641478303386671911e+01
4.324384569972617243e+01
2.804523040590653338e+01
2.167597164700119450e+01
3.915258995525653773e+01
2.348261338506630125e+01
3.041171148425368642e+01
2.845947145469652284e+01
2.804899178900522827e+01
4.506310596734852680e+01
1.922562569253735631e+01
3.439116151815150602e+01
3.922601730692572630e+01
2.998034148344440197e+01
5.226957135890910422e+01
2.810900965919199024e+01
2.327778788488700101e+01
3.610167885478569616e+01
3.017253272083739191e+01
3.048581088388457161e+01
1.644241297616798647e+01
3.690605220282822785e+01
3.528140911478234898e+01
1.629533892501976666e+01
1.090817938756103977e+01
1.655258729242720506e+01
2.143561173304010481e+01
8.994308782533606461e+01
3.768750501266065811e+01
2.457840457703618497e+01
3.439886741449930696e+01
4.943462129922011172e+01
2.799944038760154541e+01
3.011441014461015087e+01
1.589355716844752386e+01
4.621040975961882680e+01
2.341050242283287020e+01
1.967911945670715212e+01
1.237028551055644066e+01
2.884952364943804781e+01
5.428704332310439895e+01
2.520600651329770869e+01
2.589025845013020799e+01
2.879747012013063312e+01
4.455080842392508345e+01
6.543098201177360806e+01
2.777775360314316444e+01
2.580935876935013340e+01
3.884513681877569269e+01
2.578885949313194459e+01
3.217800801159797430e+01
4.523395186844745552e+01
1.907090532709000286e+01
1.543182440345760220e+01
5.757400578409715308e+01
3.114811018239247886e+01
6.834006893610016675e+01
3.591334271623845353e+01
3.929922562577610989e+01
2.985447796897612704e+01
3.845102129050760453e+01
4.657108967438398395e+01
2.977198787944488956e+01
4.469400310730610926e+01
3.839763402235176670e+01
1.030955844343136540e+01
3.804028818292183445e+01
1.740494317614147590e+01
1.946101245176847527e+01
9.584375570067201977e+00
1.953846625459914677e+01
2.884175725442615601e+01
1.057216633848051934e+01
7.155455883602789413e+01
4.968800970020729579e+01
2.767811637673600345e+01
2.574296591486103480e+01
2.938776068742228986e+01
2.297779055867641063e+01
4.639763353534520007e+01
2.114975291997110673e+01
2.526784450498343659e+01
1.202270027856175538e+01
4.048794424545054937e+01
4.799049182688106185e+01
3.296772535087610123e+01
6.041025785102348777e+01
2.040141537036940633e+01
6.979877264082985278e+01
1.034580701469543307e+01
5.740647308957061767e+01
2.217593569692969169e+01
5.285351828273128660e+01
2.071746235495989907e+01
3.601211521062842280e+01
4.845291365521879356e+01
2.339658427924091200e+01
1.693746528866955003e+01
2.877141840379663407e+01
6.054795812893438978e+01
2.051251998392658038e+01
2.849026738886424681e+01
2.485775679174274444e+01
1.549557991635399823e+01
1.896719484217234708e+01
2.764785595678980457e+01
4.450010235014824644e+01
4.735415527122862045e+01
6.501459432273266259e+01
3.244260446092650341e+01
2.098866626549414249e+01
7.161666978319541954e+01
4.140255419118388858e+01
9.196375567245809179e+01
3.082883888817308460e+01
3.626562087320176886e+01
2.521567879511880861e+01
2.281561875885951807e+01
2.342368788340040098e+01
6.345425364761475606e+01
4.090480687543499272e+01
1.695641287176383827e+01
2.082818057482687379e+01
1.211396639774019413e+01
2.241020388922806106e+01
6.491823151507396972e+01
5.580132658272980706e+01
4.310033003105834837e+01
8.492378904151369312e+00
2.625906499319744825e+01
7.238305485812058748e+01
3.649935802308684174e+01
3.289831883237490473e+01
3.287201094164821313e+01
1.309746837244724027e+01
3.087287657414536568e+01
4.202902334503115611e+01
2.569781870988803973e+01
5.964469945605842582e+01
7.489494755917563396e+01
1.197556090340286694e+01
5.247390017490690894e+01
2.248833212522853131e+01
1.951298075626764472e+01
6.125058576268304478e+01
3.181510860380823402e+01
2.215196913153004132e+01
1.761645965287310034e+01
3.412896877041749377e+01
5.115845096798140901e+01
4.550188175644061062e+01
9.731730026135435807e+00
2.408033933992357234e+01
2.038367606839917201e+01
1.421461435493599801e+01
4.033622793557877628e+01
1.748395815800254027e+01
2.608197790837645513e+01
2.454132758189479446e+01
4.682175141452169242e+01
4.713467421060575191e+01
5.115598201706892922e+01
6.284213988731894318e+01
3.286969728964582060e+01
3.867938470277621832e+01
2.503548056422303958e+01
3.097270721725773157e+01
4.765583199473730502e+01
1.558558310834746941e+01
1.729502295196147088e+01
4.770549137995439537e+01
2.106587920194512975e+01
4.633180210361494034e+01
5.029968809412022779e+01
1.513814604158600119e+01
1.909388788929578240e+01
4.512506077296684737e+01
3.557458965462866018e+01
2.193615595212627412e+01
2.749017224172219187e+01
2.585911317584553615e+01
2.185743991232327588e+01
3.140876386699358136e+01
1.698824680380111829e+01
2.395453353918045636e+01
3.661872931079924598e+01
3.748575370071169743e+01
3.148803501102510083e+01
3.646731676286828616e+01
4.345626491838633143e+01
4.524151334042922912e+01
4.266148526643811323e+01
5.120769689187652318e+01
2.302452612649354080e+01
4.312089667898757028e+01
4.111952163448010822e+01
4.587032147718252162e+01
3.408887155233944810e+01
8.228069543127706709e+01
2.703483643550176296e+01
1.617294087790329371e+01
5.372396327057932552e+01
3.421769360324061182e+01
2.981739591718858051e+01
5.267619479293242790e+01
1.896070644910340164e+01
2.611427767836114455e+01
3.404154558107270390e+01
4.985755228849811260e+01
2.341612959635833136e+01
3.805112966818469999e+01
2.591927694417078598e+01
3.726187578694091940e+01
3.500405063723460586e+01
4.337758926203251519e+01
3.573992782390992318e+01
2.649938522592857737e+01
2.257777996706004586e+01
2.180791192666958267e+01
5.077942171101518909e+01
2.605568631143737335e+01
2.349234058980663065e+01
2.283756057681902618e+01
4.623139139357348881e+01
2.549384399298460480e+01
4.653061053523009605e+01
1.213366909644988390e+01
2.036626846090347343e+01
2.065981784224369733e+01
2.982484587061515313e+01
2.004458283627463899e+01
3.440294208960462186e+01
7.384920986391504982e+01
1.268698013651317957e+01
2.635619880094979450e+01
7.434362204154261633e+01
1.316945102766386988e+01
2.468150258131180763e+01
3.321580263641421027e+01
3.197870468046374981e+01
5.106810096678579214e+01
3.460915776307674463e+01
2.609723518762236338e+01
2.683768651749713996e+01
6.242497067061864868e+01
2.751953501259394130e+01
2.693048988745927730e+01
3.056442268715364463e+01
3.676534977355896672e+01
1.897678522994310768e+01
1.940238260529259406e+01
2.564106764581836373e+01
4.090516871334151006e+01
1.867772859975343636e+01
3.876351074192893265e+01
2.170594508636054343e+01
2.388826783605030357e+01
3.646503723381328399e+01
1.902810198426804433e+01
5.283435015292672432e+01
2.454706870357767556e+01
1.911213492487842558e+01
3.300511957527762519e+01
2.379787838579734327e+01
2.658950062296233696e+01
3.756085518173851057e+01
9.604743206564691604e+00
5.316100646905182714e+01
2.532073837728958310e+01
3.701893543775138795e+01
2.761370167905570483e+01
4.279166516958860456e+01
4.580344900674538167e+01
3.431208546950325200e+01
5.782834221655146933e+01
3.002446194860345585e+01
4.986115962342992702e+01
1.086057566200930857e+01
2.402663040806172390e+01
2.334500165214306477e+01
4.757210627327074093e+01
2.535785422266347666e+01
2.013908996950989660e+01
2.133747180680632738e+01
4.250167880246905128e+01
1.555431707697545107e+01
4.839373885931518515e+01
2.426750359976379556e+01
1.491410765409560035e+01
2.360723648362029436e+01
3.952806587964833085e+01
2.425755168135627216e+01
2.646899033189465555e+01
4.558627411294063592e+01
5.618075771567481524e+01
2.857698438768876414e+01
3.121254821329048568e+01
6.138072947770255894e+01
1.708620774983112511e+01
3.018745572432361257e+01
3.211646876754081603e+01
4.744818747085328425e+01
3.754683724993090266e+01
2.227683138071827429e+01
2.037175528021110793e+01
7.741754015380682574e+01
3.885940934327456375e+01
1.829181858026878515e+01
7.682360843339753664e+00
2.169942026682372571e+01
1.822885784638315343e+01
3.988615779867100031e+01
2.092668060554853682e+01
3.271103426603586684e+01
4.966682021831142890e+01
2.943453697653017898e+01
1.702324615074568470e+01
2.823988309490843918e+01
3.234306729148941884e+01
4.770624742539817476e+01
2.320020342579739037e+01
2.932182633157119156e+01
3.676116614141484717e+01
9.321667568491417910e+01
2.049633275951773825e+01
2.050676961887020511e+01
1.109561175584583559e+01
4.143027882021938524e+01
2.807617679406057221e+01
2.325686828323553001e+01
2.721141670047662231e+01
2.803386507763223534e+01
1.613183334110662770e+01
2.923756435151395650e+01
2.808358296579026003e+01
2.340300315553777466e+01
3.508446365496472907e+01
2.380121798795632770e+01
6.058567612099729160e+01
1.060759573722840372e+02
2.121855045071015411e+01
1.448864348117465006e+01
1.543824775170978647e+01
1.086266341709116574e+02
1.919796429981096253e+01
1.777908455308395119e+01
2.697452501978334283e+01
3.144643645562574719e+01
6.248135885068995066e+01
2.334566639677339595e+01
2.582025600586957381e+01
1.462325369299713707e+01
2.633356846452848288e+01
3.230022989273342660e+01
2.732470231185032006e+01
2.318412006512864565e+01
1.839910078301711138e+01
2.857026125460009069e+01
5.834785318073651439e+01
1.170275279556430625e+01
2.811745553376119133e+01
3.849266960135926752e+01
2.293347657018575703e+01
6.191007898407771393e+01
4.536096150663890114e+01
2.724647299291287439e+01
2.773981385238958808e+01
1.536280133712159746e+01
2.657606631894592297e+01
6.212042970642735185e+01
1.227269850585746092e+01
6.389552576894884339e+01
4.045509160614529520e+01
5.261400643714170400e+01
2.076504405549626853e+01
1.535431669136302801e+01
2.971884006051409699e+01
5.009919448711145407e+01
3.790862733494067527e+01
2.518075138337382413e+01
3.416480961930932381e+01
1.133213728341685034e+01
4.783096527686736721e+01
2.999415458707259674e+01
6.375815243072641181e+01
1.731471145068379869e+01
2.445917195685401779e+01
2.617432267747831531e+01
7.651602646096566218e+01
3.042079940112359182e+01
3.883426647814984278e+01
2.585183390173412121e+01
1.543530264884732439e+01
3.525145235901906915e+01
6.404801787763275911e+01
2.446431151343720600e+01
1.140049336812058023e+01
1.665575503555036363e+01
2.229332511562830632e+01
2.798748333566830837e+01
1.606517670881709137e+01
4.340010017387366048e+01
1.710827122848860071e+01
2.659558535459715856e+01
1.936993395937584950e+01
7.566635639107191480e+01
2.731493642831564372e+01
5.879768172843257901e+01
1.841379696570334801e+01
6.067091165515953577e+01
2.715073933230019421e+01
3.507764693785340171e+01
2.205435316809804291e+01
3.005557465643889614e+01
1.756522660517241619e+01
5.932691408131087485e+01
4.206299490904708449e+01
2.224599623973703189e+01
1.526209815999350994e+01
8.689640072257630266e+01
2.271304554883714388e+01
2.420093143639206090e+01
6.447465186176152940e+01
2.109474105153939405e+01
5.864932327608936902e+01
4.661485666472691491e+01
3.299892702715956005e+01
5.298863818751948429e+01
5.114596018404949973e+01
4.407308795138247604e+01
1.460616450309581360e+01
3.525005025166529293e+01
3.038479513686549893e+01
7.780443260284151563e+00
3.054243537041429235e+01
6.351420697180793695e+01
7.535821569034796141e+01
5.024308430556660454e+01
2.531517948075598312e+01
3.185212831739979578e+01
4.321185269704430709e+01
4.088618982634852017e+01
5.910319634933728850e+01
2.578269001911981917e+01
5.680052895969959081e+01
4.099526645168644023e+01
3.869956583420660223e+01
1.343424795828023122e+01
3.523536805545829509e+01
5.729174111071240816e+01
3.261802212036990767e+01
1.884229654100126083e+01
4.017668777795103097e+01
3.174152917546718200e+01
2.265744066772117193e+01
3.195164087063015756e+01
5.161120237095501295e+01
1.776753738204150324e+01
3.557120636098594701e+01
2.795176385873750746e+01
1.804475444416551255e+01
5.802409783951903677e+01
1.444198707764653022e+01
5.047626438483765554e+01
6.955376696401651770e+01
2.212566285619751838e+01
2.000319321372416326e+01
3.797090827741811125e+01
1.889580298789265100e+01
1.826172097689350693e+01
9.179719748666119017e+01
2.176297022091194577e+01
2.244162120949953021e+01
2.883461341225261876e+01
3.668446535205462311e+01
6.415639445170828026e+01
3.025871084959230117e+01
1.885012166830625446e+01
2.344733565508362361e+01
3.663743248548564679e+01
4.237399665879589605e+01
1.605001057753534610e+01
4.494406154779896667e+01
4.458889308542151753e+01
2.652118882333154559e+01
4.331433032855937881e+01
4.713638282538242663e+01
5.182013548476091813e+01
2.892463650821072108e+01
1.411941042020784032e+01
5.340681092499391980e+01
2.515038391844090881e+01
2.727978250952942219e+01
1.567784141147797961e+01
3.484998378698544741e+01
5.243127813059074072e+01
4.223406044340455168e+01
2.554220646205209988e+01
3.603554930053044814e+01
3.409189424798086065e+01
3.223550882972907772e+01
4.136647301145986688e+01
2.333068444939937791e+01
1.484899494098799089e+01
3.717015365051005915e+01
2.619385317561498994e+01
2.123351982583123032e+01
5.012709901379697897e+01
1.224546898783372839e+01
2.429488959214952715e+01
1.323374007084129467e+01
9.349650600798679534e+01
4.978541857334487730e+01
1.585004976711524449e+01
1.802613311835083820e+01
1.911653050372990137e+01
2.614662149895253052e+01
3.034378780100005812e+01
4.562887047573454424e+01
3.295046128079121672e+01
2.002474780242219055e+01
7.016589139886099247e+01
1.882196940476573133e+01
2.223728333490565490e+01
4.813879169765625221e+01
4.382369388970700186e+01
3.014297941952321835e+01
8.755839193504786522e+01
3.154453589472832320e+01
3.182019262261868420e+01
1.938144638705897904e+01
2.277171109413155392e+01
2.690492488278571059e+01
2.048682653383827557e+01
1.869334506153912656e+01
3.230482915023830515e+01
2.988603627867471957e+01
6.989439758801060520e+01
3.314547860858907313e+01
3.049947318188432988e+01
5.346176147618496088e+01
4.743489965934761443e+01
1.844203151646568273e+01
3.121121889307194763e+01
6.212093056600453878e+01
4.560090285123177978e+01
4.188295895655562617e+01
3.029225791522580735e+01
2.832723472955391486e+01
2.721796991514702313e+01
3.928223307749703253e+01
2.731078720654906533e+01
1.029600208366818492e+01
6.698076459785329462e+01
2.575671266585868224e+01
2.341379902346172415e+01
5.127966327188807583e+01
1.422665269754109296e+01
1.264128114293660410e+01
2.229528481556022612e+01
4.134657481779482424e+01
2.860646737886118274e+01
3.032560450831182308e+01
3.867109164973513202e+01
2.558269257239293282e+01
2.905112386897920729e+01
4.333682411145863256e+01
6.075887373864984653e+01
2.827779491646817078e+01
7.243634850036914941e+01
3.274746734770274514e+01
3.333409718702876745e+01
4.393433983005722610e+01
3.184948136645593308e+01
2.911808372394446565e+01
6.303508308799146675e+01
2.953149743857453657e+01
3.465114791317117948e+01
2.130770101161431285e+01
2.066422421056877567e+01
3.130314047533628852e+01
3.027617087127043405e+01
2.098243369273238201e+01
3.840951300823417114e+01
2.238842802146259459e+01
1.449530468689279417e+01
5.398255415552505809e+01
2.750159160972338412e+01
3.836897325386780011e+01
1.723884010113887300e+01
4.479733392891468213e+01
2.269668392428835446e+01
2.193700810028317605e+01
3.406863604365297249e+01
2.747559973906461295e+01
1.327538112952750993e+01
2.903634104431326080e+01
2.148014509316893239e+01
2.993332560590649649e+01
2.290248278370336266e+01
2.388202187709440594e+01
3.093491427538857508e+01
3.058155497823468494e+01
2.572303235709728497e+01
7.471042141222979183e+01
