1.287183004777038775e+01
1.224913358537073371e+01
9.907644494766575605e+00
2.761460396373492543e+01
1.768993523216627395e+01
5.234506258698440107e+00
1.848089432729164017e+01
2.247205235406851997e+01
4.928031804726828824e+01
1.139055080589477065e+01
3.369648770613461153e+01
2.680516198533465655e+01
5.768277962036185613e+01
2.731165144694660185e+01
2.212112461399935981e+01
1.521329889518202982e+01
2.369602474158284267e+01
2.163400169102457937e+01
3.321566400343372294e+01
1.591371564466091471e+01
3.923894908927379532e+01
2.816623607796396556e+01
2.102068975481718383e+01
1.192344182148911180e+01
3.048335383166626755e+01
3.790466796294165164e+00
2.061058818266909753e+01
1.698465752225687453e+01
2.608351985813483154e+01
1.102385055833753924e+01
2.647512575194154039e+01
1.880122521234134680e+01
1.292089433253552855e+01
1.315090578021537127e+01
1.064315910166170198e+01
1.450057813802483153e+01
3.358773383153086201e+01
9.245351150151543962e+00
3.927095412893565651e+01
1.556803133140725848e+01
1.077245666445834438e+01
8.450745881108968405e+00
1.497868963308687107e+01
2.043449502534238249e+01
4.158107234193207269e+00
1.160390770984635722e+01
1.539700440224148004e+01
1.987962160806728207e+01
2.349101927472102602e+01
1.794990434294333781e+01
1.715236313275428870e+01
1.165463008612119644e+01
1.081203500820627994e+01
2.185288861940186322e+01
1.334957700712412532e+01
2.681831823904587964e+01
1.416734234695911709e+01
6.973051054742266786e+01
7.207511635736727840e+01
8.650383801354270474e+01
1.319771648323636271e+01
1.833008040104149217e+01
2.029137577451804830e+01
4.964098116088017321e+00
1.163308525231870227e+01
1.426199493906371529e+01
2.658080608791725297e+01
9.000445734632924299e+00
8.995533924980193774e+00
4.524783582404771920e+01
2.535453407036566986e+01
2.621083028379221957e+01
2.558600771946738917e+01
3.137351798937802627e+01
9.288230652824747580e+00
4.263364146398773613e+01
2.585651495284413315e+01
1.103300919850683215e+01
1.673702938700981591e+01
9.801002139114105560e+00
2.924249249255436922e+01
6.519715129487168781e+01
2.804039809827135343e+01
1.107546892992992049e+01
1.415884011520688190e+01
5.088813739397890856e+01
1.918125931203868362e+01
2.403741621244520488e+01
2.564628899415017216e+01
4.728731858821945622e+01
3.506681566392141036e+01
1.028756026102013088e+01
2.763698672994667405e+01
4.313255491485255533e+01
3.614101444463749857e+01
2.040944694051316688e+01
1.219163786335106181e+01
2.111056085542369232e+01
1.258481811533090422e+01
9.910796916793378486e+00
1.672974390511894072e+01
6.053058627002637415e+00
2.075966897753556140e+01
4.071734250974996172e+01
2.190605110875895534e+01
1.606735936666810716e+01
1.478693061270562481e+01
4.022219516329847977e+01
4.012940699448203929e+01
2.128204211221023812e+01
1.407693662105132582e+01
1.616087836145347367e+01
2.933126927307852583e+01
1.268353962542440172e+01
4.020513059679786672e+00
2.056528005776016954e+01
1.650595119872758332e+01
1.523474891723098779e+01
2.246101251606109628e+01
9.825321662631223418e+00
1.168218566847555273e+01
2.404333481663475425e+01
3.365813008333388012e+01
1.530750444674029254e+01
1.977858759721181414e+01
8.032539871511183094e+00
6.815200136273227827e+01
1.507482749033769664e+01
2.036683917163620450e+01
2.756374102114687830e+01
3.587941979934285541e+01
3.805006033961318224e+01
1.311466338083419814e+01
3.458243192196559335e+01
3.265288592162826120e+01
4.908435167136342159e+01
3.926500029047080886e+01
1.828359025213899258e+01
3.044257686080616310e+01
5.001393097489746964e+01
2.517970184345852758e+01
9.427892495964709241e+00
2.208498713206606467e+01
1.127563758453994502e+01
9.612005920241056600e+00
3.122856699847611139e+01
1.484430680364431865e+01
7.807342514521811161e+00
1.063406958779638778e+01
6.727587273834314985e+00
4.515699116821818393e+01
2.235344454867821185e+01
1.971305235089183228e+01
7.585952180716632576e+00
2.614914448498553146e+00
2.578043026250112746e+01
1.666370556048822849e+01
1.868553451470460658e+01
8.815092002695617879e+00
2.835311582339138781e+01
3.261571978517876147e+01
6.420134043159020365e+00
1.385644114464916932e+01
1.368589420512464017e+01
2.425180285748517051e+01
2.949482096934730180e+01
1.752871621523534174e+01
2.286782339372978612e+01
8.513235485675171077e+00
1.006538631630102998e+01
5.367733058350726338e+01
1.061056927106462844e+01
2.275153178332858417e+01
2.020836316065505756e+01
2.080338486264263409e+01
2.678962262265477179e+01
2.643431180419667825e+01
2.974324001733266698e+01
1.348487052373593187e+01
1.728042154057678914e+01
2.732786176821001689e+01
6.488346316767612620e+01
3.191977085813277437e+00
4.246555633698772425e+00
1.675385712284527884e+01
1.192368280168583894e+01
1.080669282833029854e+01
5.899907090405190679e+00
2.915898840452624796e+01
2.656317836250333286e+01
1.407308834991914281e+01
7.677492797596269014e+00
1.809702419809199725e+01
1.234228939443921824e+01
1.528042049730865060e+01
5.356489096795161053e+00
1.501096753581346377e+01
1.083709590978457982e+01
2.221492108975355961e+01
9.418027777789685473e+00
7.576880563823627845e+00
1.390258634574346530e+01
1.253226961237345449e+01
2.972536936733156310e+01
1.054115524108522983e+01
1.324355870244153977e+01
1.993469837909195519e+01
2.999665671073467621e+01
1.177626007303913624e+01
2.520662368873424697e+01
2.256329439813894666e+01
1.752143325783530159e+01
1.403793930747758267e+01
8.593083594612025422e+00
2.164446499603141305e+01
8.161856480775218969e+00
2.159439941802569507e+01
1.195346080392461197e+01
7.473512317377802638e+00
2.009284430981351832e+01
2.725005658892958849e+01
1.125045297804099498e+01
3.744315114718092730e+01
2.441639776318311306e+01
1.860360640551003542e+01
2.480325237170612240e+01
9.603778710342208313e+00
1.535745351869712572e+01
7.936897700938741806e+00
1.205868594249812809e+01
1.775548714650427939e+01
1.224201968630735315e+01
3.178063769114133308e+01
1.866848590146975084e+01
1.916624785308773937e+01
2.191865028895407974e+01
1.126555188094226345e+01
2.401898557498222075e+01
1.619480346530916393e+01
2.573276529170956906e+01
4.258245672501185197e+01
1.834620546322332046e+01
1.511142563303713082e+01
9.683060158165508469e+00
2.738007969809756759e+01
3.378419943274430892e+01
1.212100059727645807e+01
1.313142277913758349e+01
1.410164673315273376e+01
9.662873629721721258e+00
9.796511286483536196e+00
2.082029873301367218e+01
2.089186879259547425e+01
3.229291674654935917e+01
1.241471545058546866e+01
1.327314283218447954e+01
1.768130261246384194e+01
4.893901884650440337e+01
2.044639809808707653e+01
1.345807833756316008e+01
2.964531988638865201e+01
3.351000083538524166e+01
5.792594480838580751e+00
2.111857829645704498e+01
2.076951449100548075e+01
1.793052384794539122e+01
9.223776701313303406e+00
1.484747053364028346e+01
9.416615837252457766e+00
1.084915786134833837e+01
4.997664387834708677e+00
1.259814053032097192e+01
4.192561452315247905e+00
1.228038672801154618e+01
1.738288375947397668e+01
1.194851612035099464e+01
6.911428222162346202e+00
2.261296643975673604e+01
2.140548764843034135e+01
2.960661193827987425e+00
1.620033265196334327e+01
5.161806114191032435e+01
2.001565156666795176e+01
2.777428985086191560e+01
6.730032315647272334e+00
1.712413849536011057e+01
2.558684570344624021e+01
2.643562395371559504e+01
1.740112445720309964e+01
1.235746778737348350e+01
1.985889022231197032e+01
2.261833870835785376e+01
1.401815747220938313e+01
1.958700820613015736e+01
1.969090541481812906e+01
1.048863724286757559e+01
3.919212841777290635e+01
8.656887019797057548e+00
1.322427354805261857e+01
2.671951303675681189e+01
3.488181591385781388e+01
3.625681934076405355e+01
5.136106831165610487e+01
1.171133792268031470e+01
4.319114800924606357e+01
2.427634164711834330e+01
9.701030644915190848e+00
2.971908329229019685e+01
8.779705291875645301e+00
6.718783898016351941e+01
8.759614036206734511e+00
3.327222888532377709e+01
1.104581044883661178e+01
3.303366785690528928e+01
1.983592953674070003e+01
1.614200798899906886e+01
2.360324887972208430e+01
1.489366229367218253e+01
2.565929243413037497e+01
2.692794859924652684e+01
1.249174954452083952e+01
2.626039771269943657e+01
2.619678774617166184e+01
3.483631178095148329e+01
1.717406291917301786e+01
1.803113980870597288e+01
9.538446963874235962e+00
2.527275170690672113e+01
1.025180379953740228e+01
9.290410289411608957e+00
2.199624027780986069e+01
3.943123189898406622e+01
3.381700900736358051e+01
2.116990843177225656e+01
1.276751913306263475e+01
2.637287150465892083e+01
6.051616234864690824e+01
1.128309448798275838e+01
2.767556441095010200e+01
4.147777734873200473e+01
2.030851834212013429e+01
8.027756450556806200e+00
3.003552721369318590e+01
2.984870459157956191e+01
3.832376148246233782e+01
2.022599068576004910e+01
2.119114045242589839e+01
1.835950314380754023e+01
4.964212251075258564e+01
2.607838354483541110e+01
9.465055842447334555e+00
9.977534596608345296e+00
1.460098626735851823e+01
2.044471358368122793e+01
7.251785251128536558e+00
1.237894664337900075e+01
2.258420132113860745e+01
2.749922091579770367e+01
2.246449409392025842e+01
1.973051157418136015e+01
2.393053858504918807e+01
8.678909298278592033e+00
5.372751942927854074e+00
2.532784827685753370e+01
2.821311039525273046e+01
3.287732209960302043e+01
1.986548242670509623e+01
2.954274213047805020e+01
1.734440231373608299e+01
1.991104297018982905e+01
7.192340780996500982e+00
1.675546678773011777e+01
3.914238542471350968e+01
1.219817120363075524e+01
9.752731687331184673e+00
6.656569477879633823e+00
1.671302991199925714e+01
3.075935572435390952e+01
1.718278067317290692e+01
3.392152550781457165e+01
2.285987972212659969e+01
2.352149313506725292e+01
1.030620046636557774e+01
1.423474514596424534e+01
1.732946667659541973e+01
2.013267476099447606e+01
2.178471309112057597e+01
1.239412393435211079e+01
1.932809605138816167e+01
2.893184388481636660e+01
2.935088063585995144e+01
2.447735672013516961e+01
2.898944431127922527e+01
1.326927353993748682e+01
6.239460866540769146e+00
1.258776739855266946e+01
1.386996532583240871e+01
1.196460269114241903e+01
4.658705062434741961e+01
4.138644938793667905e+01
1.201941538021044487e+01
1.626609622581116099e+01
1.077206807955596979e+01
2.398169184318716773e+01
2.075362940326259320e+01
2.839108340844920519e+01
4.539827109051962850e+01
9.252506069217870888e+00
1.492817989801671175e+01
1.633577970963293069e+01
2.811371824062698366e+01
2.135614945236257611e+01
1.273495817651999751e+01
3.574944485572186892e+01
1.707504407117298939e+01
9.626849817333571480e+00
1.730417533528407503e+01
1.008023643878285291e+01
1.287415336171798685e+01
3.416800920522978657e+01
7.585530013406494021e+00
6.947451155326319849e+00
1.031307695249969214e+01
1.889094841237587374e+01
2.402555526533799934e+01
2.733845992467868768e+01
1.058026639533265900e+01
6.148893204483140096e+01
3.127454175413698678e+01
3.723203227880952682e+01
8.050698109140180136e+00
1.383780416363441645e+01
1.050367676569696762e+01
1.430450130841897405e+01
8.641439763995741430e+00
3.495094997037637796e+01
6.171932689674538786e+00
2.337729505329522084e+01
2.059878930901676242e+01
1.661145291470248253e+01
6.427765844985779076e+00
2.659513197749110347e+01
2.948920296822979026e+01
1.701897684996441029e+01
2.951769341139809555e+01
1.825236480757945401e+01
1.850846798298323748e+01
4.077201289661045003e+00
1.516803255135150152e+01
3.006773600878179664e+01
1.141002211648913267e+01
1.378236506411996132e+01
4.137726643747433286e+01
2.436909705170728913e+01
2.429606673262220795e+01
8.367171292419001816e+00
1.706611504469256602e+01
1.472649221424675581e+01
8.423211077358786270e+00
1.707505339736838934e+01
4.278662997443331761e+01
2.010703274412950137e+01
1.878328134469330735e+01
1.211149037337945167e+01
1.083339514853915730e+01
6.410921154586168313e+01
2.011840618114781876e+01
1.598740753995595476e+01
1.572049876592498130e+01
1.958708093436416320e+01
7.598861511864569707e+00
2.010736869740850707e+01
8.209599942279709239e+01
5.260274330792076292e+00
1.984098591809409129e+01
2.251743896291608493e+01
2.502457200566113116e+01
2.644051554315857899e+01
1.097416786871753125e+01
2.153543538133105528e+01
2.167685552981561870e+01
3.855136414847183346e+01
3.232876268395447283e+00
1.080634758281240515e+01
3.293386365640381541e+01
2.347443125928153762e+01
6.797587443720389366e+00
1.155322442006069572e+01
1.096104450878400804e+01
5.102044323283751481e+01
2.525706186830620936e+01
1.373275229429591704e+01
2.230944925603841256e+01
2.115981227155670652e+01
2.559947521984802066e+01
3.446646684769157076e+01
5.245345450777644913e+01
1.664557929537740577e+01
1.072035907551025069e+01
1.715564047161683092e+01
3.237401770624583008e+01
8.524179145786959566e+00
1.640092331273435633e+01
1.102168943037339055e+01
1.748159397270049453e+01
4.722205983752655101e+01
3.891597730232598451e+01
4.227382856566109126e+00
2.767165027333330229e+01
5.951917266195729894e+01
8.505108788297111033e+00
4.824064543420462314e+01
2.534957665536511584e+01
5.141736056397081001e+01
1.672283547140794724e+01
1.774886245766090198e+01
1.124733945877631491e+01
1.268453897531682095e+01
5.024109277846966393e+01
4.458621722742410753e+01
1.674640091753021309e+01
2.391773764997586227e+01
7.028066018918726066e+00
1.394469739595455060e+01
9.448675647315583959e+00
1.452492224913086538e+01
1.498182578979873547e+01
2.291909232812630748e+01
2.442347625785477661e+01
1.544661559318728550e+01
1.532561307569435982e+01
1.645115136905446818e+01
6.562543488173853135e+00
8.898803033611802249e+00
2.784435667386557256e+01
7.864543678689589967e+01
1.013134595045736219e+01
1.542185576838180339e+01
6.439255510368291802e+00
1.414518291800800220e+01
1.172986072905440125e+01
1.950732571522759429e+01
9.271442410370594800e+00
1.107134460580798851e+01
2.392206418438087567e+01
1.374127071129919919e+01
2.285194955670172234e+01
3.266914368852857820e+01
2.143192817915883097e+01
1.639832799396230101e+01
2.910259627025744678e+01
1.527958089019043619e+01
1.040745049670653977e+01
1.953563641471410506e+01
8.704813103973176425e+00
1.857363989050823960e+01
2.549969876697789317e+01
1.806132031265667948e+01
2.140320426020687350e+01
1.367320605492031582e+01
2.721549273448465200e+01
1.086946140586781162e+01
2.961751698565761259e+01
4.534452126659693505e+01
1.252335157439019220e+01
1.862376824199368741e+01
4.578062620583219200e+01
3.336099441937017129e+00
1.286206612797638726e+01
9.497187228671432280e+00
1.949627863873676503e+01
2.413415098638546397e+01
7.954132975869693922e+00
1.520009217494688691e+01
2.042352024232489782e+01
2.025601569320780371e+01
6.619835488971300208e+01
3.789603976539991947e+01
3.295499582736555055e+01
1.630701758931278178e+01
3.421554526786420070e+01
1.601064624560092042e+01
1.815868842306538156e+01
3.805206899516788610e+01
3.150896261038932167e+01
1.652450567010290072e+01
2.116278317693005917e+01
1.829891164360223854e+01
2.422827585533409689e+01
9.279049208260843784e+00
1.600342956762396085e+01
1.249878988459859208e+01
3.767348990933344410e+00
1.106022778761317937e+01
8.510335490727381824e+00
6.182410771926717175e+00
9.400617048894014616e+00
3.773664549264810830e+01
1.022394962705725696e+01
6.708284253676536579e+00
1.123438142450929789e+01
2.146799804036034232e+01
7.097956594293712840e+00
2.020785204597699547e+01
3.694103381728761093e+01
1.914506409569549916e+01
1.736404536177797908e+01
1.551855566928210806e+01
4.453709902712954971e+00
2.133277155030870986e+01
6.743516045129188008e+00
1.874066669459264034e+01
2.039746180101608886e+01
2.598824227343697757e+01
3.082242042400426385e+01
3.147950786363036002e+01
1.692185183559217876e+01
1.734948745347104548e+01
1.289487087341891858e+01
1.022152300735469588e+01
2.355515835939926461e+01
3.296856397106883207e+01
1.120660347312313299e+01
1.512857092943410997e+01
1.988527964989561525e+01
8.240703722585696056e+00
1.823713876374496934e+01
4.974136334183216235e+01
4.056840779678282161e+01
3.404191998715602807e+01
2.622649611841917405e+01
5.877491272274977518e+01
3.750566077657533270e+01
3.988372852862504203e+01
3.959272373245266152e+01
1.387929883195542047e+01
2.026772059417958260e+01
1.998232456794758960e+01
2.330879063158302245e+01
8.878990931997453373e+00
2.841233834373555212e+01
1.154818451431000881e+01
1.745181781649996466e+01
1.692220501144329958e+01
1.475412628420462191e+01
2.066301750219591327e+01
2.766958461494706967e+01
7.631508033874003338e+00
2.900596227589107912e+01
1.820144626723370607e+01
1.429433098176926720e+01
1.378827137399330027e+01
1.179940914294838095e+01
1.134301788928369525e+01
1.196326112822969812e+01
1.136397640552080190e+01
1.202207124234586288e+01
8.756916941003565213e+00
2.076750628610200877e+01
1.647930956300794847e+01
2.791836866640818471e+01
6.501816673959505799e+00
8.450958876923252205e+00
8.739447132727709899e+00
2.223645801309966785e+01
1.460678997263805101e+01
7.642732914361272556e+00
3.728859283203127006e+01
3.560407779445624588e+00
6.447258065307717168e+00
1.480828928824902668e+01
5.953182582890378427e+01
6.928142493133341873e+01
2.103793686429501975e+01
2.592823571629074308e+01
1.146862084427307238e+01
2.268398741024454779e+01
1.894510934720771900e+01
4.423376420506135887e+00
3.666289085976447382e+01
2.038132108462306391e+01
1.775950206698090739e+01
5.563004714874010936e+00
1.866587941961493868e+01
1.161503085823841985e+01
4.413375326950750832e+01
7.508258512844137478e+00
1.421446447760710718e+01
3.786283184719235351e+01
4.989262172036449527e+01
3.259893954872707411e+01
1.305618400265412760e+01
2.753970747585124457e+01
1.314166846257084131e+01
2.156659925628262897e+01
3.577023652156761102e+01
2.944464342213513941e+00
2.060791757917539613e+01
3.014058018938174044e+01
3.727173598527891585e+01
5.833418882731622901e+00
5.189767087911356924e+01
2.888002085342845149e+01
1.202326663836134024e+01
2.424285677544828488e+01
1.699087523494774388e+01
1.668275548843033107e+01
3.436797123120934572e+01
1.067362645124044462e+01
2.038850159073864887e+01
1.802481370279271644e+01
2.207421030555228469e+01
1.687649923487406411e+01
3.496746860455029360e+00
1.839750922236375175e+01
1.065443431281028985e+01
2.386910951434638051e+01
1.644052436308820120e+01
1.819741408335212896e+01
1.971469764753056353e+01
2.856095896769911846e+01
2.422166019971003337e+01
1.776633697242787591e+01
1.800164148478650361e+01
1.461495501159527599e+01
1.649754279411809677e+01
3.508768115820522127e+01
2.291097592476850764e+01
1.300380919485837872e+01
1.122328636607301888e+01
1.197929585328595437e+01
5.292906227768527927e+00
2.295355589511086691e+01
4.534038962919768068e+01
3.264689858106024900e+01
1.448962352299606948e+01
1.631559166398456640e+01
4.968825192672569280e+00
1.941406031271512589e+01
2.318318282186665158e+01
9.797796187088390951e+00
3.276738031331027656e+01
1.257398119232690981e+01
3.159653720807403232e+01
5.224512925934669205e+00
1.973136847308934705e+01
2.202525074079925460e+01
6.846136566337678531e+00
1.317434445688560807e+01
1.356572822464504391e+01
2.113218262985737539e+01
1.406315477464399599e+01
4.047324819733879053e+01
2.925656203792596699e+01
2.513529254967091831e+01
2.219665519905701601e+01
1.964186465205285614e+01
1.447286810595730877e+01
8.563080574929680111e+00
2.509655926883706201e+01
4.760910534416313311e+01
4.883325121517189871e+01
9.486272686528966602e+00
2.170536589289389795e+01
3.084467764350470631e+01
4.053569164500746069e+01
1.062654030126750193e+01
1.755018221542343682e+01
3.619664984828046528e+01
1.767496954965115563e+01
8.850231637286015030e+00
1.660766520252733258e+01
5.562045855487559720e+01
1.615870955194365166e+01
1.269575364103224580e+01
1.457345828154806711e+01
7.581025178045073254e+00
1.836192257750776591e+01
2.176958993655313179e+01
1.153225207412815934e+01
3.236161282788508942e+01
2.199199673982484171e+01
1.346652535919293392e+01
1.597944479304564069e+01
5.206016483633703729e+00
3.731042125175837754e+01
2.906086556710937785e+01
8.836252274923126038e+00
6.946572295837848188e+00
4.234564746452029738e+01
6.303023191875832509e+01
2.195726194535697573e+01
4.934667014952427166e+01
8.117972319862962749e+00
3.548120413694091724e+01
5.379237329210805285e+01
1.346480284066656097e+01
5.540435754890312126e+01
2.149060525768491559e+01
8.135577375303627790e+00
8.304842564400798821e+00
1.059202926295339964e+01
1.358937330661986564e+01
6.082719950903967998e+00
4.232063568274261911e+01
1.346169137201726507e+01
1.267530679593637331e+02
1.846337278084862987e+01
2.311763352830281093e+01
3.277061434476253510e+01
5.878684836701701499e+00
3.666857388210178215e+01
2.458750557839832496e+01
2.579614219039101286e+01
9.800578919309963055e+00
3.224954080828512559e+01
1.827856185048026560e+01
4.669232788382407406e+00
1.495671923221317279e+01
2.385834972083171124e+01
4.621526159057796690e+01
4.438074165645672053e+01
3.914070739361720008e+00
5.237843667491262067e+01
1.610556925773347459e+01
2.507891834166487399e+01
8.276544870734124260e+00
1.144340694529590507e+01
6.628057681994908990e+01
3.014634432806688835e+01
1.438750752282525092e+01
2.186222083016604145e+01
2.491078962359465976e+01
1.747568720238495743e+01
2.103382952997107580e+01
4.762696895210070380e+01
5.029885334009157560e+01
1.572611927385607444e+01
1.873555929024591293e+01
2.840354670685246319e+01
1.222019862696985548e+01
3.884879628679649244e+01
3.493625402354776099e+01
2.733300450818689242e+01
2.125556107066453748e+01
2.729678134960508018e+01
2.723563556780579376e+01
2.638303171630981936e+00
7.610282648465052091e+01
4.129610804600589091e+01
4.750359204964381910e+00
2.003821957080558747e+01
9.028897691605227038e+00
5.744990370623958675e+00
2.104934616485930476e+01
5.380046903256060631e+01
1.730321209714400510e+01
3.148672635227329053e+01
3.845517950290822284e+01
4.969371268329423330e+00
2.893638340925310715e+01
1.486021755498594743e+01
2.024791396536912558e+01
1.603028775460089506e+01
8.787138873212109402e+00
3.364935712535483248e+01
7.843738465381528968e+00
6.825159718082682048e+01
1.676094675439360060e+01
2.067746856351195106e+01
2.792993864039478069e+01
3.280960250201429318e+01
4.693661749139439365e+01
8.743597807275330425e+00
1.091347637770685353e+01
9.618626580117252800e+00
3.973310310680214741e+01
1.671480405843258055e+01
2.402139146803422420e+01
2.619460605246294094e+01
2.115040451514474995e+01
2.072506290827904252e+01
3.901784267629358283e+01
1.555723678458905290e+01
1.080946157155845633e+01
5.405630340804815859e+01
1.770968102404305355e+01
5.610562918964507872e+01
1.920618976766019159e+01
1.935124410138102391e+01
4.826816015211275612e+01
2.802020535759746522e+01
4.260506874341225370e+01
1.696668256034307376e+01
2.386874974198065047e+01
4.419460754004983016e+01
1.199230662877330467e+01
2.992158507219625463e+01
1.366379085329729115e+01
2.099565491762550451e+01
9.681903259648843019e+00
1.636255397707814296e+01
3.176277142855826696e+01
2.239876250408168445e+01
1.740962445918016854e+01
1.988406464852536004e+01
2.960363664814532214e+01
5.062397554938910105e+01
1.643153614232082660e+01
1.278287108861242061e+01
1.294244088899839795e+01
7.460736880178420627e+00
4.858654660681498427e+01
2.260348954461522197e+01
1.366563685425575514e+01
1.264530731211980985e+01
1.096896902918878425e+01
3.812573259320046049e+01
1.591232049574216312e+01
3.892989659085623089e+01
1.323643323796948934e+01
1.970106534182536606e+01
2.668828815037457858e+01
3.233673855644204309e+01
1.243969960413563669e+01
2.747335847949418763e+01
4.566069048381114825e+00
1.437391397123261605e+01
1.722570676096575326e+01
1.790626948923332407e+01
1.630504978816372130e+01
1.446693091947997445e+01
7.436029212411287226e+00
1.334362439594854877e+01
4.693374888882244989e+01
7.167411896977662344e+00
9.936560682127809230e+01
1.292499124124039867e+01
5.935632421072665466e+01
1.823627288822114334e+00
2.072144539867955615e+01
2.819630989779481567e+01
2.689692596025982851e+01
2.342475943130449423e+01
8.659113945401532675e+00
2.364001926393808262e+01
2.524586837272379825e+01
1.026912435170202720e+01
1.404912229666263102e+01
2.240969158085098556e+01
2.063639525669207941e+01
2.453666558056363911e+01
3.514935190141231658e+01
6.126199768724966788e+01
5.270628117389288825e+00
1.453611697757461663e+01
8.686845814314668957e+00
2.139933486648729755e+01
9.547169443560209245e+00
1.983587251639053761e+01
8.901252269686361629e+00
3.204156122962568531e+01
2.744668195035293934e+01
7.074012682394094753e+00
1.128706197614028106e+01
1.209729574733903767e+01
4.671121611460085887e+01
1.445544115792202788e+01
2.780475567448944574e+01
2.526444729271154088e+01
2.071624974460046786e+01
4.606673630014226717e+01
4.078109638310519358e+01
7.683997740099760776e+00
6.009514561164996138e+01
1.311019660376821427e+01
6.520324152114071126e+00
6.025288997207035813e+00
4.353692219578159950e+01
1.301170912512695921e+01
1.596768582371457157e+01
2.313639110347543237e+01
4.024360836514857453e+01
1.544386658350678410e+01
2.213798294736763594e+01
5.218657745820632243e+00
3.977286216277452269e+01
5.463400857549277845e+01
5.674810592957608435e+01
7.329749685835243156e+01
2.358103844907589774e+01
1.838640860214326977e+01
2.454241337694716663e+01
1.018877342037551692e+01
2.090961462380261793e+01
1.777001985616273672e+01
1.997292404159502865e+01
2.439975037265037283e+00
5.091426999037964585e+00
1.456708092447598624e+01
1.172688947684368621e+01
1.832584136243763950e+01
2.958023482422826689e+01
2.137062914756665322e+01
3.478112549591760683e+01
3.973487190715840711e+01
6.073727381927810853e+01
