3.566665096671611934e+01
1.715129819401938605e+01
4.789214772803345710e+01
2.131812108171081377e+01
5.493866172258078251e+01
6.968643922837161142e+01
4.300601464519408523e+01
3.129362173596272712e+01
3.442199071300662894e+01
2.475022016887442788e+01
2.947222453649559881e+01
3.231497451915885222e+01
5.780928974068338988e+01
4.881011063052688570e+01
8.813598037917266481e+01
7.074327868448459355e+01
1.128056693764746683e+02
7.170629920616276820e+01
8.746949923779152414e+01
5.490608371547688193e+01
1.432240447376020995e+02
6.285196885967209823e+01
4.072226173055364029e+01
7.377495005625422664e+01
6.439669912336910329e+01
5.885006199247164460e+01
3.246410825496018049e+01
2.689585388400330146e+01
1.438039996201263762e+02
6.176065474174918535e+01
9.627767343384626031e+01
5.173646962822898843e+01
5.561625592670628748e+01
2.719888722923398205e+01
8.217015186593434350e+01
1.435294303598814025e+01
3.347305919050943146e+01
5.424772534384225509e+01
6.752070297220227246e+01
4.875648084033409191e+01
4.571284857109276345e+01
4.477424248584772926e+01
9.664799177842067479e+01
4.217869658062736704e+01
2.535177578515495895e+02
2.033388497290431189e+02
4.314687984552622879e+01
7.176561208354820565e+01
8.797429062078734319e+01
6.391114345147607168e+01
3.373183140538648672e+01
6.083063591891041710e+01
8.191545837041076084e+01
6.430334281985450673e+01
8.416911543113543814e+01
3.945204835514719122e+01
8.304653261665842479e+01
3.209244192484094071e+01
5.184209376157659932e+01
3.843485852283246373e+01
9.946288145953245419e+01
3.282463203835131793e+01
5.546568723821111746e+01
4.433456714047328973e+01
4.021424305366862484e+01
4.935423904059982902e+01
2.147436248642116041e+01
4.638002729927072920e+01
2.727650833646153572e+01
2.206637269003120139e+01
6.412612884346275166e+01
8.332278097982270992e+01
5.972073205935545559e+01
4.667496860924263302e+01
6.978653149280557955e+01
2.505536128232804671e+01
3.044152358055020713e+01
3.564369387465072236e+01
1.888732495220357066e+01
6.906116862952606539e+01
3.581323079188599223e+01
3.320448357329030387e+01
5.827282901619636135e+01
2.962032211695621697e+01
4.598737158590581231e+01
6.202777876008555324e+01
4.693736283657044339e+01
1.821499031791842071e+01
4.738298730130403413e+01
7.171220278826586991e+01
3.198680324534783637e+01
3.938632730109701896e+01
2.714673803197251090e+01
3.175631088037965100e+01
4.617185439151291604e+01
5.676640021432945105e+01
5.174468045234380753e+01
5.340373625639857380e+01
3.835901038644686878e+01
6.962370077908062171e+01
4.286673288495297385e+01
3.286209378401093062e+01
5.349390423689107621e+01
2.205705461746939022e+01
2.389934598185025294e+01
2.330858926761144190e+01
3.057592444136898635e+01
3.190032668082060852e+01
1.750946954618697760e+02
5.005854496825149624e+01
4.529260799493098943e+01
5.731249414924587882e+01
1.976376689533538666e+01
5.373938449997579170e+01
5.774459408919030778e+01
7.291403982196949585e+01
2.942048373230021596e+01
3.495700157854525969e+01
2.612915232460932202e+01
3.227467283045900359e+01
6.818992237113650390e+01
6.141939444486076383e+01
5.862501856925458554e+01
3.802517755839906499e+01
9.922246503134321927e+01
5.230248876753039156e+01
5.044443271567259757e+01
3.008758141104846118e+01
4.591784477226057959e+01
5.885877821965429746e+01
5.666132427460544818e+01
2.638156872997527813e+01
9.835638870528070754e+01
2.507767300934265364e+01
6.703842043519775018e+01
3.992575150472531931e+01
5.722760883298295909e+01
5.394373899521940530e+01
6.009386206190097113e+01
1.738080460945668193e+01
4.399225528980210953e+01
3.907076941611451559e+01
4.712111767561048481e+01
8.179335032839360053e+01
8.297244218391496418e+01
1.717878663708454212e+01
7.395188983532395355e+01
6.266086117136855904e+01
6.109704770937032237e+01
9.598877358843790830e+01
5.139568052487020822e+01
4.846307013853025580e+01
5.313386129957030590e+01
2.642876780022287520e+01
3.012927886300565916e+01
8.450366016466776387e+01
4.045011534614731374e+01
3.861383580116035574e+01
7.455491466310517978e+01
4.401135390127753766e+01
4.319737197837160636e+01
1.451712401458139254e+02
4.459395583124275220e+01
5.259455681954033679e+01
3.136852530044913578e+01
2.733411915314493257e+01
6.923613206436259304e+01
5.100430103689210171e+01
7.310984082152212693e+01
7.377437997354759602e+01
4.069886155279412066e+01
5.515275925687169689e+01
5.534573875259820852e+01
3.319562777831104938e+01
4.489471284423102304e+01
4.240859114528822005e+01
4.668193946461064314e+01
2.843848753651926486e+01
8.136610433220978678e+01
5.626331358287328754e+01
4.479981384217711593e+01
7.039149124006230807e+01
7.542499860271284717e+01
6.357467605066633354e+01
2.980953414017954728e+01
1.175948628710452795e+02
4.582721610373758381e+01
3.355891038220233469e+01
7.917578925271870105e+01
9.319164120252338535e+01
4.817829794415271039e+01
4.511346350060444621e+01
1.058320614335498675e+02
3.332533640239540773e+01
2.594925344444764548e+01
4.067094072567694241e+01
8.712828544422583832e+01
1.598058480319096830e+01
1.110551152539629811e+02
5.499068173484256050e+01
2.700706291408824100e+01
7.347323475691121075e+01
4.412650853569514453e+01
3.581305015991593166e+01
1.045172100538155462e+02
3.848131187704471756e+01
8.831522814422751821e+01
6.622994359553844390e+01
3.664649103194749813e+01
5.052653384370991319e+01
3.165921194595409816e+01
6.919115125815217482e+01
4.490195856211903447e+01
3.123625316331180812e+01
3.039182725923063444e+01
6.110730127531470401e+01
9.055220631722735902e+01
3.468279550316382398e+01
3.844073780842848720e+01
8.104494285819929189e+01
3.231375128870821101e+01
8.306032483438124814e+01
5.044443887197220278e+01
3.425481880393276413e+01
9.044938589175350785e+01
6.851952034018307813e+01
8.872750278275144353e+01
5.588444168925805400e+01
7.780020520301803799e+01
5.057244924301948430e+01
3.130223517160971980e+01
6.030445930079432060e+01
7.684568923026043308e+01
3.132188745754014647e+01
1.462638576244397370e+02
3.335213896561605651e+01
2.128764205515982155e+01
5.016286105144236274e+01
3.667667365855855621e+01
7.404509917618221948e+01
2.190755035042144527e+01
9.192860126892038863e+01
6.842786723357859557e+01
6.253559574774458696e+01
3.229743546312278824e+01
6.645975340804973541e+01
3.373168996362572614e+01
3.101559988484565622e+01
2.578890127821570388e+01
3.314701711607340684e+01
7.554495196212437236e+01
5.937563916468432978e+01
3.207361089255781650e+01
3.198573940533067272e+01
7.922760148570871763e+01
2.762611225157320405e+01
4.305157032902599212e+01
1.255834799431984905e+01
4.805529730183352655e+01
3.050895558364515381e+01
9.125122741606971033e+01
2.100228968099207449e+01
3.391056627247070310e+01
5.277540286112564871e+01
3.796578934537786409e+01
3.731206086682189493e+01
3.284174272425722307e+01
5.459056477781154371e+01
8.941787041165153482e+01
4.575400173602041320e+01
1.934783567492345924e+01
1.872068169108993629e+01
3.415527744428603540e+01
2.815591659248047307e+01
7.574847893435679680e+01
6.604465784589541499e+01
1.016995431786745314e+02
1.070287502427223245e+02
2.359002559665180954e+01
4.797138039457002634e+01
4.861449000907663276e+01
5.648182088434525383e+01
7.681144013056719189e+01
2.806338211749814704e+01
2.488613042502491979e+01
5.342729285464146471e+01
4.395835242496421813e+01
2.759795617533563217e+01
6.519908682436815184e+01
4.370118763837020737e+01
6.237507146708433226e+01
2.493988651519389421e+01
5.680617171334620252e+01
1.145497707568780186e+02
2.540843079062205945e+01
4.689334848800876898e+01
5.987568524131896197e+01
2.894148524958244906e+01
6.462417279126968594e+01
5.809502502193553397e+01
6.878426400726671375e+01
7.315498660498030858e+01
1.335245251495051022e+01
3.319637568803313599e+01
5.691739731349752418e+01
5.397349810337754406e+01
7.008712522568168879e+01
5.613672398516207096e+01
3.371992162354627709e+01
2.759064335166175042e+01
2.674886687746412051e+01
2.739085360982279127e+01
3.533196576907339193e+01
4.742525339587849942e+01
7.882982911488478805e+01
7.406795723704898649e+01
3.559602695377818549e+01
3.729229830486094954e+01
3.293417483797263401e+01
1.010283808068924571e+02
3.256729156674218473e+01
5.361965933708987109e+01
6.309758413116042419e+01
5.211526983959208081e+01
4.419847235803820240e+01
6.558283556705579542e+01
5.722318242495697405e+01
3.885134304646069836e+01
4.093562607046091273e+01
7.981418600748112624e+01
3.935314650517228330e+01
7.342857330936448079e+01
8.173333512562474823e+01
4.326609314255129846e+01
2.585210404441273369e+01
5.794964292879743795e+01
2.398059315598189301e+01
6.974515667063707269e+01
3.274068495429551717e+01
6.329455149851014539e+01
8.682134985574600705e+01
1.089808972836300853e+02
6.961333651944916312e+01
6.431930200241993134e+01
3.727280583277303094e+01
8.633173268699464131e+01
1.042579018797532342e+02
5.402789759337871800e+01
4.490673360741566711e+01
6.582581434774587592e+01
5.077234397477941741e+01
8.325336182304346266e+01
5.615141411346377254e+01
3.803663405217618987e+01
4.523969990211037384e+01
3.618935823007134900e+01
8.485192306029313158e+01
2.475581606387272160e+01
3.625056446390392040e+01
3.940923872764560087e+01
1.425223799232734621e+02
2.359979386833466819e+01
3.252277939059483458e+01
4.014187571951036659e+01
6.146977507874490954e+01
2.719055050313147603e+01
6.078783534741904049e+01
3.407630672132621896e+01
4.896566201029941112e+01
2.043848484432742296e+01
6.673423497729044129e+01
2.754064427314830965e+01
3.868380917461023216e+01
1.013440799989103596e+02
2.511603862687443467e+01
6.281525238373722431e+01
3.972846661491473697e+01
3.603113219055098426e+01
1.161496177297566703e+02
3.746352114105226150e+01
8.520327247697032647e+01
2.573742217529317955e+01
2.044657663669440240e+01
4.236101814638568896e+01
4.690364580001762107e+01
4.219068795722454013e+01
7.571421333242223284e+01
8.992561490494678367e+01
8.074503748614046117e+01
8.195697035296045385e+01
7.650563980963292465e+01
6.423685011037026982e+01
6.052279828218473767e+01
3.838182691844748007e+01
1.569376388651999044e+01
9.458485911251901257e+01
5.983097110410255226e+01
3.005665171785786427e+01
1.108419964325479583e+02
4.164333241657407569e+01
5.426510246227196888e+01
8.910859480670069388e+01
6.642115624183637124e+01
7.702149221874070406e+01
3.710263710866971820e+01
4.797912462672270806e+01
3.331237307467541342e+01
2.621860247979501679e+01
2.682678308442888593e+01
6.047046012853526520e+01
4.714681944406814296e+01
9.054311728886661115e+01
3.015331602237860054e+01
9.547349928746068315e+01
2.953555855629761950e+01
8.890443854439858740e+01
5.724169021694421389e+01
3.885074266721163383e+01
3.411580349957257141e+01
5.134545173470036872e+01
7.472930219562833543e+01
3.223090135960102742e+01
4.127694728286348180e+01
6.214720875316366033e+01
4.898361416802956825e+01
4.128522823274135334e+01
5.985168424269405563e+01
4.181982822297334934e+01
4.969050853757090636e+01
4.942291506552294322e+01
5.302652745978345195e+01
4.102176206406277004e+01
7.674693638908705395e+01
4.464245957976175561e+01
1.951997714406008200e+01
2.589328642075319920e+01
2.938797201509785140e+01
1.216002681073863556e+02
8.598710793865360813e+01
1.059707169879608699e+02
4.704235896873728962e+01
6.424733301212883418e+01
3.114570029231214221e+01
3.362049739508572799e+01
3.805393551061104063e+01
7.253093874778582517e+01
3.161078289095123495e+01
7.090831026371029111e+01
3.653623591986390551e+01
3.214974010821705264e+01
2.232933926941058900e+01
9.124880216438654656e+01
3.317299282127815729e+01
4.282148467501866662e+01
4.718566260437241056e+01
3.971500230391173858e+01
7.310012196802887274e+01
6.036763517864112316e+01
8.761903676107900196e+01
5.427755180549317515e+01
3.206212207611312692e+01
8.337080355336175330e+01
4.202903592280305389e+01
6.094508555095800517e+01
5.503958554743551446e+01
6.352474173405882851e+01
3.736691758163170363e+01
2.196573043140943327e+01
4.455866828471378227e+01
5.382289744367093220e+01
6.350070501323081373e+01
4.785079728403385246e+01
3.213915627911762130e+01
8.290249265052737826e+01
2.771629216955626163e+01
6.640106111658164423e+01
1.447396877426466233e+02
7.056550330427205608e+01
1.157861985103281768e+02
2.714832992663510680e+01
4.397140214146611470e+01
4.429907726010074498e+01
4.298756926883533680e+01
3.310232713004235450e+01
5.377342106997570426e+01
1.132601861124175855e+02
6.743984892631090133e+01
4.272159077099154700e+01
4.331004591364695244e+01
5.372135779287296486e+01
5.800515312516441213e+01
3.751526984533332865e+01
1.772448281855402996e+01
5.473460210071482379e+01
5.604363699048600722e+01
6.043454820686295648e+01
3.708693956534191472e+01
2.694856085202412999e+01
8.401840387391449383e+01
2.775411367189189704e+01
4.349630726060762242e+01
7.573469703446428980e+01
5.180681421086291039e+01
5.098471521374472104e+01
9.930787236467259049e+01
1.001542432842177419e+02
2.656036593278402336e+01
6.027763804635556966e+01
7.574533437552183557e+01
4.706067940315094944e+01
2.518138879576112288e+01
4.419576395705719563e+01
5.060811539796599590e+01
5.003713340567990997e+01
5.684861908471212644e+01
2.947743081710518354e+01
2.979354135982274343e+01
4.471363153187018469e+01
3.573915592322528312e+01
2.471137946219154102e+01
6.221330041021364821e+01
1.040668255070847152e+02
2.514882907165538128e+01
5.241097471778861916e+01
4.979479100204817144e+01
4.600681385140496360e+01
1.307774077717228067e+02
7.791502682343956110e+01
3.670068863388729596e+01
4.841234237307376986e+01
4.724451663076867192e+01
8.567119292411820197e+01
1.514164969560805041e+01
2.135220812113448119e+01
5.396518301304096354e+01
1.050149179313169725e+02
3.745802373107830618e+01
5.611166983332095270e+01
3.412226550735623221e+01
4.549247011728666479e+01
5.773768858318299380e+01
3.520494790962181497e+01
3.077685728032414048e+01
5.002552007249964561e+01
6.932692742695937227e+01
1.306393664205569962e+02
6.196693222265481182e+01
3.055225408141539489e+01
5.600976533401559010e+01
4.383830203130240477e+01
3.376668262997215919e+01
5.825061748702766096e+01
3.670598605635277067e+01
4.781374009949252013e+01
8.345906616930862754e+01
4.966845706693127482e+01
1.552727153317511188e+01
2.582288525188121042e+01
6.634879720346167176e+01
6.049690341756341638e+01
5.108867239968756735e+01
4.100638306469721783e+01
2.368161740332944731e+01
7.672528239746986856e+01
3.545044555693228006e+01
3.135479637381549978e+01
6.776402872685622469e+01
4.656829519585213717e+01
4.047285840681422542e+01
3.774653041501184703e+01
1.051926784259741368e+02
8.280915898419355869e+01
2.714061973407602224e+01
4.018188876282381727e+01
5.596942717919862531e+01
4.774210516332962584e+01
3.387299471510503679e+01
3.947605933174942550e+01
6.013720303804694112e+01
4.690064285420132961e+01
5.188487318026287909e+01
4.173567483032942249e+01
7.275978515676821701e+01
6.927098557464566397e+01
2.952920608615202269e+01
3.444680142724211436e+01
8.428190363162583765e+01
1.172812267845346668e+02
6.224555040707722497e+01
6.064810500912296476e+01
3.390017037523451648e+01
4.311245527740879169e+01
4.716532810120508401e+01
4.856177326282649176e+01
5.102153404092612732e+01
3.060977221230715983e+01
3.977586237341107989e+01
4.874952318461658507e+01
1.619276329847181728e+01
4.483734420159665746e+01
3.687676761564991068e+01
3.661091337919034316e+01
4.629571259391570237e+01
5.233821396427796913e+01
2.786183349625804695e+01
4.558736318642896634e+01
5.509235699954201237e+01
1.214212682486579986e+01
1.323999360189352785e+02
7.671504529475033962e+01
1.030733713757631449e+02
7.118711914078514269e+01
3.204522923813600244e+01
2.639366887708105125e+01
4.630120662049360902e+01
9.350104870013962000e+01
7.900450829423726873e+01
5.306251425783715092e+01
3.439458977876112300e+01
9.655724454769944032e+01
8.477464704618584790e+01
1.795591208921605997e+01
5.094568001019600700e+01
4.336537692257725496e+01
3.588061089306660989e+01
1.144247422137490418e+02
2.671303235279403410e+01
4.330895549863667782e+01
4.080387550028802224e+01
3.946347877413092675e+01
5.689542122128476365e+01
8.851636619311197762e+01
6.657228250465077224e+01
8.134542124389915330e+01
2.205671406618247588e+01
7.973093522242108122e+01
5.639030331759552439e+01
5.009589382301548000e+01
4.268574224418435392e+01
2.762645875990962097e+01
3.914814555369088112e+01
2.521703280155029958e+01
6.458011347120422840e+01
5.996803162148294319e+01
4.338209245965258987e+01
7.869546408214466737e+01
6.416725629194334601e+01
6.537356512467619041e+01
9.171156398468521331e+01
3.978980573346858307e+01
2.852446600942921506e+01
8.385123915494725111e+01
5.777670230703579080e+01
5.342503934046472835e+01
5.636907695186955181e+01
3.084097041462660371e+01
2.146168158666884196e+01
3.492761953770123284e+01
2.858288385973561674e+01
4.514875821519624566e+01
1.716987464756600801e+01
7.806312517796912687e+01
6.359642475589708255e+01
4.632821669849897717e+01
4.981325028447125192e+01
5.807578855716928956e+01
7.697574889767005857e+01
1.492602273267202122e+02
1.066423204609702253e+02
5.937541218778166296e+01
3.037325617684083667e+01
3.873375249215205685e+01
2.974579992262654216e+01
4.835745061868537675e+01
1.218827107977167401e+02
2.925649962707750262e+01
5.623574679269434284e+01
3.192720225074737428e+01
6.944471677917040608e+01
3.691740784065119385e+01
2.305838448796099271e+01
1.236725492183612545e+02
6.391042761667996075e+01
5.850650597779588935e+01
6.994068974035110386e+01
4.026903811407303380e+01
5.351093965409605602e+01
4.309130906183358434e+01
5.796574985531608348e+01
5.323801056005697063e+01
4.619174405154098650e+01
4.145994107045738275e+01
9.125201735178039542e+01
3.652267929759721454e+01
5.328906928364640549e+01
3.590016514773321887e+01
4.367617733518879675e+01
3.798483675867578313e+01
2.926655759025636172e+01
4.016916656353651405e+01
3.138160134539920421e+01
2.774243205391861977e+01
4.976833442501828841e+01
3.581431026756733615e+01
6.904806266587907260e+01
2.670914464273364430e+01
2.628376603729145344e+01
6.225115142364730048e+01
4.785698190362603555e+01
1.340074225306869096e+02
1.033921034774440386e+02
2.738340360457567968e+01
4.812958512145507939e+01
3.433872924904650148e+01
4.781221882920087296e+01
4.975637465244182778e+01
3.106125558492556138e+01
5.253494625423044084e+01
4.242168916931653655e+01
5.236372891161386889e+01
4.045621754920000512e+01
3.968914617145011192e+01
3.349527033147089838e+01
1.412514678525036516e+02
4.543547912418489432e+01
3.153726994525741745e+01
4.498099147911075590e+01
5.236277575521668126e+01
8.844032507320234515e+01
3.000401440138315934e+01
4.300351707571153526e+01
4.631079879763800022e+01
3.263555943732457365e+01
2.451815181431225810e+01
5.504155507225734567e+01
3.668176331586738570e+01
3.691014747679222552e+01
1.514730350560535612e+02
2.256203686956570209e+01
4.815663421576353898e+01
2.727181289462769698e+01
1.012426705139436081e+02
1.033013403951919145e+02
4.683742162367416739e+01
3.313259509516069556e+01
2.005276154868352378e+01
3.582296100230547609e+01
4.896478896580647699e+01
6.551840562315051386e+01
6.212035741242821274e+01
2.218277460262315159e+01
8.685939013818182275e+01
4.823073047118005974e+01
5.888938565482636989e+01
6.945480648528797474e+01
7.818641960604911390e+01
4.095058125114434944e+01
4.200368956642505225e+01
1.834244687421530884e+01
2.652248977781266603e+01
6.259647213754377759e+01
2.918764055167165239e+01
5.225518408224844791e+01
3.748348796691879414e+01
9.095721032632491188e+01
3.328638006863074139e+01
4.483533692711557705e+01
3.215754012269299977e+01
9.714358158401660148e+01
1.715120252673711576e+01
5.031574918750629166e+01
8.074906418632225780e+01
4.932783732107772323e+01
3.459032970509572635e+01
5.068306880734554909e+01
4.766449623756624021e+01
7.848837479423502828e+01
3.352933009115822927e+01
2.848802161121643550e+01
5.592181814423815922e+01
6.667243578662483117e+01
2.315554737552943720e+01
3.083559182960882339e+01
7.644067495168025062e+01
3.280090604202239746e+01
1.628382765688919420e+01
2.169855484123670308e+01
2.924795854158613650e+01
7.691909197055106517e+01
3.427400287055095163e+01
1.018470757944966039e+02
2.571490374576177729e+01
3.165374455212392490e+01
4.789951200670515163e+01
3.197034644513285784e+01
5.195039625504064418e+01
6.299111743361375204e+01
5.644946426015229690e+01
7.688411982745209627e+01
8.386902746717335333e+01
2.606732366822883762e+01
2.059962921720674345e+01
3.097607283865855266e+01
4.571601955372828030e+01
4.069610659199815217e+01
4.948110884752391314e+01
6.154499653710250584e+01
3.995703217332111734e+01
4.584606309860693329e+01
3.409236086866926030e+01
2.213671239125494949e+01
4.180198859102439002e+01
8.966019344471389729e+01
3.864512576412854372e+01
6.136086865037040639e+01
8.719667154751051896e+01
7.395475816132393732e+01
5.331013531435693409e+01
4.651402358834893391e+01
4.604731960841458260e+01
5.095325125007046552e+01
8.214133323250486285e+01
8.191072275763512778e+01
1.923360061243915098e+01
1.724218281357112517e+02
3.824164583974907572e+01
7.399804823372063822e+01
4.031226576634288250e+01
8.905541088759096624e+01
3.993308304042009382e+01
5.555169295433167065e+01
5.724983298963488920e+01
2.865091086015467425e+01
3.452431551170419510e+01
7.067767271850910049e+01
3.000606387356814508e+01
6.021516017503059714e+01
1.858837225690320949e+01
1.039670455178436157e+02
3.322335668229620609e+01
9.299956316045826554e+01
8.574420987126210036e+01
4.662647179915877871e+01
5.105382064651842455e+01
3.140832778283282067e+01
4.049367090577906225e+01
9.135796443557090640e+01
3.243416500750483777e+01
4.571693698881411905e+01
5.669796756595597031e+01
6.368673032716962723e+01
5.487324468611459594e+01
4.614807817390917677e+01
6.555568803929780586e+01
5.405603930155202619e+01
6.000897065024395260e+01
4.191638514430387374e+01
5.208007669030262576e+01
8.267947158679291420e+01
2.280308238519988961e+01
5.130528863389937300e+01
5.465838863960680527e+01
5.209252111272859764e+01
8.223401952731536824e+01
1.707522014262925580e+01
1.877631756490682946e+01
9.383348505041705323e+01
4.247414649539681619e+01
6.373443855032684979e+01
1.238679823221674212e+02
6.577355572807964279e+01
7.893015274471986231e+01
3.037366886038126168e+01
4.482488368448647265e+01
4.123158756777856127e+01
3.601129079490999629e+01
4.198913152677545213e+01
4.030491481236343532e+01
2.470340546138660898e+01
5.163359162913567957e+01
3.046902797174994504e+01
8.014860410244304489e+01
2.917704313008096051e+01
4.694603214594733487e+01
2.726178152120380460e+01
2.811033093821473017e+01
1.724202017490912908e+01
2.659105035711949938e+01
5.075146673862727908e+01
5.033820878570423929e+01
9.082500797590169839e+01
7.202039059041341318e+01
6.182235748916529872e+01
6.099635275033040216e+01
3.994277628876013608e+01
3.627870191431113511e+01
4.289659691326384916e+01
1.333805806278473938e+01
8.060680901775675977e+01
7.299511697664237886e+01
2.481005732207909986e+01
3.375272849596664315e+01
3.498682864764452205e+01
5.419933832356566938e+01
5.933168744555041485e+01
4.793826848521923267e+01
4.639067172129413308e+01
4.497354552721117216e+01
5.631332071914730619e+01
3.507373982992041306e+01
5.805817056021844991e+01
7.708404181600036509e+01
2.701832306369693271e+01
3.497414503280437259e+01
5.967302548564927633e+01
5.038081990754924533e+01
1.178316275927990091e+02
7.950104467114269369e+01
3.416038296989759004e+01
2.724192127404130659e+01
1.162827068959717138e+02
5.348160158871856140e+01
4.096251407539133993e+01
2.773909710626639935e+01
4.943475003342476271e+01
8.387068359240171844e+01
5.300204245698534322e+01
1.613704993783153796e+01
7.365914389247748773e+01
7.113653312544138885e+01
2.214293027666569458e+01
1.253929741071042798e+02
2.558601974437712911e+01
1.265909160004101608e+02
5.026891659708410742e+01
1.198251915940873857e+02
2.828867762379933382e+01
1.435274828026749994e+01
2.891694172686455033e+01
7.764490336811222448e+01
3.941282145308566243e+01
4.224161338694782586e+01
3.535949991377529500e+01
3.968321047806599466e+01
3.874910215821143566e+01
4.458398785469569958e+01
1.518126704808680927e+01
1.339412910111867916e+02
2.686040426779362278e+01
4.176806071984258040e+01
4.572632921278464835e+01
4.724749589637368530e+01
3.363102512962588975e+01
5.115084716729325010e+01
9.999480908051077677e+01
6.767236836555166235e+01
3.918465089777144783e+01
6.455831644221234455e+01
4.956085873002609077e+01
4.023374663947027585e+01
4.992793414802569174e+01
4.402651396052845456e+01
4.728485220003557998e+01
1.288040082772091637e+02
2.235923432971919667e+01
3.599442470136993677e+01
5.407415377441433435e+01
3.315724940323481462e+01
2.385700630767386343e+01
4.330188855957296568e+01
7.185231852007542841e+01
6.558375081660894068e+01
5.253561125949295985e+01
1.939192631666157496e+01
3.030676602911174200e+01
6.918574487539423501e+01
2.428504104794155438e+01
3.952069608553382807e+01
4.055454448283922630e+01
7.786666973774016753e+01
5.081585228928652498e+01
5.519895620212917464e+01
2.175114918851948431e+01
1.077774183668607009e+02
1.707034907453607673e+02
2.445119130121324957e+01
7.595114341238050315e+01
2.965326006159268246e+01
4.451427016388477398e+01
4.913726185569422000e+01
2.216219542673399445e+01
3.747131770119236194e+01
7.174965833114319480e+01
4.437730278273964757e+01
9.281778220307970173e+01
9.950754684861880150e+01
5.310671591126344282e+01
7.152998702867549241e+01
5.872719900707453178e+01
2.866154205450236603e+01
2.735500394105008937e+01
4.919638122829873339e+01
3.299204937981251362e+01
5.462185407313081242e+01
6.046031045425879569e+01
5.744904932980791301e+01
6.691170053663134354e+01
6.418648658548325159e+01
7.050017144467496166e+01
1.352980482208951400e+02
