3.548046118328781517e+01
5.358681548501428438e+01
1.182593588869987258e+02
2.537434194203630611e+01
7.535149204177727711e+00
2.395085970393776620e+01
6.314514793514697288e+01
6.967893320354275488e+01
2.568528553111414681e+01
6.634787082487939358e+01
3.792998079711142623e+01
1.631150443235391378e+01
2.079155319252383904e+01
2.454154636683273338e+01
9.889832068096705342e+00
5.298603034195707551e+01
5.029966539217571153e+01
2.563615733227552695e+01
1.262992502276272262e+02
5.123785232424672387e+01
1.240989629720867704e+01
3.288314085971104106e+01
5.077605432348511982e+01
5.331087188383711606e+01
1.000368709179921325e+02
1.714902945247983439e+02
2.417425986101501323e+01
9.938330084204315540e+01
5.999989328757290252e+01
3.825119649725588999e+01
8.180199835713834489e+01
8.971993904325978519e+01
4.625553324054717308e+01
1.190549246115567854e+02
1.426199003086519213e+02
1.621823591950711148e+02
4.567866248959433761e+01
2.859599958951730869e+01
4.705113692313242524e+01
2.605731357410496329e+01
8.206094512421842069e+01
2.662744049951357184e+01
7.335179523369077970e+01
1.990360519877036793e+01
3.369111345711751682e+01
4.138381704070825862e+01
3.643540300220108463e+01
2.853012878224543059e+01
7.920013414018255560e+01
3.900196031875611169e+01
1.735464554378885182e+01
3.690566280887527029e+01
3.513590483512128060e+01
4.569338355215192138e+01
4.462683090890594428e+01
2.776805988733096342e+01
4.999991047356319740e+01
6.194775142088625586e+01
6.134585249891657099e+01
7.188303861250378191e+01
6.143641392218361830e+01
4.563713667702032240e+01
2.632761305252515527e+01
8.780227099061707463e+01
8.794190110821217843e+01
4.481224744959610007e+01
7.860481312796078157e+01
9.297156965998863143e+01
7.450518161446809984e+01
6.126232750060637500e+01
1.666836350771892583e+01
8.906753511787107414e+01
5.476727553462465181e+01
6.050560461172322135e+01
6.947189448341597995e+01
3.395161740132331829e+01
1.966330670500853444e+02
3.286183277293278593e+01
8.029648005019110713e+01
1.137114322421568176e+02
3.154646649371932199e+01
1.029686021747926219e+02
3.335157415543145021e+01
3.843589250796296142e+01
8.797616688572762200e+01
2.607337697332452109e+01
4.378281481058336766e+01
7.359630033691196616e+01
1.370330685148434213e+02
4.924347721409125711e+01
4.622723762194950581e+01
3.291299667235452375e+01
4.123755177962033258e+01
1.057319132327347972e+02
1.397387659024432196e+02
3.523593840941120447e+01
6.135592324562905020e+01
4.418013748657855189e+01
2.354209153904765728e+01
5.725879812011227443e+01
3.053461226764844128e+01
2.552825499909342710e+01
2.402382628631684724e+01
1.308341290452928263e+02
1.225950428056532502e+02
6.961883539362958118e+01
5.956658612015080934e+01
1.889783331458109217e+01
1.134687388715498457e+01
2.713594519321982190e+01
1.099959618002609574e+02
4.337442327617380045e+01
2.203592697003713496e+01
3.957959254183817421e+01
7.446133991725362478e+01
8.315754782749370122e+01
9.371173673321278841e+01
4.250450075853481735e+01
2.309827437029050046e+01
3.159873731927571328e+01
5.594089468137602950e+01
8.533379426886000374e+01
7.301484369660860807e+01
2.769192659630140341e+01
2.670261033578908183e+01
2.297186398342865132e+01
2.726283434656207660e+01
6.683853542192049701e+01
3.303901848412365894e+01
9.188896950370802585e+01
1.923678660482997316e+01
1.732183612578691978e+01
1.462905940978409092e+02
4.647532839705287699e+01
4.865343222806739476e+01
7.763574823528993818e+01
1.530217225845545954e+02
3.999978288495334056e+01
5.612160786056395523e+01
2.512874500861287075e+01
1.438458390735191585e+02
3.866397500384550767e+01
7.345831529180132691e+01
5.646904650279990534e+01
5.057097320261315332e+01
3.403301123424593300e+01
2.617598678774433907e+01
2.262165419487190832e+02
6.974085596827586642e+01
2.086173819112527994e+01
5.146513768387247723e+01
1.782921405978071761e+01
6.830251275889845886e+01
2.592290316288699259e+01
3.554352477155158141e+01
1.865025293847570254e+01
4.755355351035463229e+01
4.189325915212945262e+01
5.337031263150564087e+01
6.765349974501198460e+01
4.570234480362747576e+01
4.854355213116107848e+01
4.675707043590249867e+01
8.266395133264326489e+01
6.203137027404826398e+01
5.437267799863897721e+01
7.306565671369875759e+01
1.122068082055046432e+02
3.596453754758348964e+01
5.371779663250897130e+01
2.560189637848706568e+01
5.215434381684342924e+01
6.540036896148771461e+01
2.818803177827897244e+01
8.171634357603979026e+01
2.039284592810805208e+01
6.449676132141253504e+01
3.820422395674446392e+01
5.418904645023164335e+01
9.247336018510333133e+01
5.983024787487646989e+01
1.838561697001936679e+01
4.030035881852635526e+01
3.256072280446293377e+01
4.339763511150515285e+01
2.382264978122116617e+01
1.329498483904909278e+02
7.080049839275679346e+01
1.007370500277008460e+02
2.124780565008369848e+01
7.185455054861184010e+01
1.079223113277591182e+02
8.313154674556069779e+01
9.021095628561256774e+01
2.938891730704710170e+01
2.593267161135803889e+01
2.420524873902630247e+01
2.051148063116252729e+02
1.088807306748071966e+02
3.880919717147759940e+01
2.511695174184767154e+01
5.552357537088921191e+01
4.637235365787364572e+01
3.627949075051886751e+01
4.483727314544820075e+01
7.183626151126908610e+01
7.391914167739514596e+01
8.294331482718838799e+01
3.446862689741623598e+01
1.933456414813033177e+02
3.531885697601722995e+01
9.494651424667894446e+01
1.712476992815044952e+01
1.086837352628666764e+02
1.252368454538631823e+02
1.174028028455282708e+02
6.285920501408042327e+01
3.231023956081885018e+01
6.581672421818144869e+01
1.267877507072021643e+02
2.593053222675675684e+01
4.602762592871052760e+01
1.192063588094286786e+02
1.620359496989077286e+01
7.555831469618492235e+01
1.409237330618857698e+02
9.751714122805880436e+01
3.527640199715530400e+01
9.246886790391140210e+01
3.363998369698177981e+01
4.299412538163407760e+01
3.566892517430250109e+01
9.843045462893279307e+01
5.891524106550239992e+01
3.141627306125870689e+01
7.543480507969735527e+01
1.535449859115005609e+02
2.914736725173597520e+01
3.504254045807066120e+01
4.352163104405811112e+01
1.306969946258050719e+01
3.243902339183241423e+01
7.475390279615699285e+01
1.238550176088885877e+02
2.323399583162257542e+01
3.067219324751042464e+01
4.699685083164349209e+01
9.633760574497253515e+01
4.648715575713424641e+01
1.330485203960793683e+01
7.693543169310873964e+01
6.879046480179705725e+01
4.824371789349997641e+01
5.852488176254023955e+01
8.743512009694562437e+01
2.883152584369983984e+01
3.947094023356540049e+01
5.996713000406575134e+01
4.955884900070263654e+01
5.392218112098359484e+01
7.418677196873667867e+01
1.843809801019027717e+01
4.288583911415678074e+01
2.564588335976815259e+01
1.682016228296584259e+01
3.520863025929664758e+01
4.650167362577926156e+01
2.052044649629205608e+01
2.779581458805062510e+01
4.777928966349379181e+01
2.755209195251495302e+01
2.150124318723009509e+01
4.301117471691653549e+01
9.570867199994322050e+01
4.883983359941337454e+01
3.336776785080473218e+01
5.679831716798639007e+01
5.276375671032806025e+01
1.218230881270763746e+02
3.416201112577939369e+01
4.302352316716491032e+01
5.599884741887751716e+01
8.391950795682843989e+01
1.080458727593266843e+02
5.892560431003803245e+01
2.225063520462830624e+01
3.840459814177443576e+01
6.212276127671159287e+01
1.744973952106432336e+01
6.693308967763204009e+01
5.982309646946765014e+01
5.589620400030792524e+01
1.368839509544438613e+02
1.658157415901478089e+02
3.409705253058526608e+01
5.082775319626739474e+01
1.238245494066514709e+02
4.129701274760810747e+01
1.319916586733601491e+02
5.308678207289555928e+01
2.797865432483249037e+01
2.596634139406175734e+01
2.689315129245506242e+01
3.995916807201683696e+01
9.411455656863718389e+01
3.509655427104114267e+01
2.316452731361735573e+01
5.304047324270347730e+01
3.391170354078978022e+01
7.474309812226896099e+01
1.493155638164569154e+02
3.915902972128949955e+01
3.648498877679547547e+01
5.681899444811863020e+01
1.537287690216448865e+01
9.685925939852045019e+01
3.163387700104527767e+01
4.793492459685540297e+01
1.198226145959834383e+02
1.727518501406395046e+01
1.550646386359784579e+01
7.006079733953524169e+01
6.480810805388411211e+01
1.173897688078525725e+01
3.316212356973883857e+01
6.480804621681433275e+01
1.917068688999239257e+01
8.322263997484903086e+01
5.308341226124579038e+01
8.433455055235060627e+01
9.185669313092512667e+00
4.512162774707348945e+01
2.816138736349070371e+01
2.306234344918684087e+01
1.303209855797872230e+01
3.873151877746887806e+01
5.631347361721683598e+01
6.618607778127199026e+01
3.529210164019809781e+01
4.348602337907067295e+01
3.589045143950325922e+01
5.109014510400398734e+01
1.327551437156132295e+02
6.412700570262119015e+01
9.958356998193065124e+01
1.545660783626513251e+02
8.374543997390752281e+01
9.547483424604976676e+01
3.979999043416421500e+01
4.360943119346512020e+01
3.635235004358693800e+01
2.637555073438198505e+01
1.871792164096656919e+01
1.673431807916433200e+01
3.850616325104348903e+01
5.103663787913366434e+01
3.608574211822216427e+01
3.082140210037243833e+01
7.652494679736778949e+01
9.385872544993419808e+01
4.436657844794977734e+01
8.046040467848055755e+01
4.390166161210851214e+01
3.412317800539506152e+01
5.861210701046883287e+01
3.640042111553805881e+01
1.473232393536034479e+01
8.730069036654560932e+01
7.350651883560121291e+01
6.589473896628564376e+01
2.594937959497680779e+01
2.973995886166762048e+01
3.840624364190384910e+01
1.216633412085021462e+02
4.294001446923626730e+01
2.965485439791376621e+01
2.140004204109829189e+01
3.919891061120605258e+01
2.181796751302988469e+01
1.693428497719721193e+01
5.081970491684764113e+01
5.677546497671303172e+01
5.156631023491199528e+01
5.476592097457177033e+01
7.430740069571304218e+01
4.532240800164326799e+01
8.942825507371327376e+01
3.419272593982531561e+01
3.121785744224674630e+01
3.655871943759718334e+01
5.076019198284702583e+01
8.106442818328758904e+01
3.491142341411375583e+01
3.829231062616196368e+01
6.189445292911636187e+01
8.455765113509066566e+01
1.807433968243831401e+01
1.497766614883208014e+01
3.487133142754674964e+01
1.929883879608368602e+01
3.774045252933229477e+01
3.778154496590587996e+01
2.019620787447683696e+01
6.186837517087308669e+01
8.400055414566247691e+01
3.659469033967508267e+01
5.617742683438785889e+01
5.817291327351720298e+01
2.084558535139317215e+01
1.302594791516881685e+02
4.648529263975745351e+01
5.589273042340692399e+01
2.130609327099849537e+01
4.306906072289179832e+01
1.315753702419229683e+02
1.119700527585963528e+02
7.695204403156773765e+01
1.065953373924096610e+02
1.058951149027585359e+02
6.095405756972072453e+01
4.049804059270690715e+01
1.574673516499380526e+02
2.598029243631778229e+01
1.944976683611581905e+02
3.655563730399825317e+01
1.604780149545655377e+01
4.055943520350127329e+01
7.126733113545049036e+01
1.474208930574293959e+02
5.850030642608503229e+01
2.964070042038943242e+01
4.603372555788014608e+01
1.747127811838105060e+01
2.007880205085837133e+01
4.126239973925796534e+01
3.785150479953409786e+01
7.043854722565500026e+01
7.310684070109445543e+01
9.351362355274245886e+01
3.060508943818795657e+01
6.301704457006802329e+01
6.804945676221187512e+01
3.843042470489188389e+01
8.284706274760034717e+01
5.090243814051555660e+01
4.993620745670634875e+01
8.646296937617069034e+01
3.822863045002600302e+01
3.418822401206188033e+01
1.816697407537652253e+01
1.094817020300624222e+02
1.208393303191220269e+01
6.911312924850227546e+01
4.183737265122731941e+01
2.151066289870198389e+01
2.455916497918269314e+01
5.857777846035487102e+01
1.064462501778080394e+02
6.962220693092709212e+01
4.905578531852906821e+01
3.271891754566661348e+01
4.892287743630033958e+01
2.931062133084530430e+01
5.967206072126962368e+01
1.226201335016121874e+01
1.127252887056299926e+02
2.853233423044547834e+01
5.998844677738635767e+01
1.002836371042262158e+02
6.297378819407513362e+01
1.013691120997992812e+02
4.459347069238435779e+01
1.605795883990770179e+01
4.664202922600586021e+01
4.096279447418702802e+01
7.054093039932105569e+01
3.762401484517583583e+01
1.974980749529436963e+01
4.081165303501935426e+01
2.236118117553673557e+01
5.491399617266151978e+01
4.033332456429432966e+01
4.596764139150894835e+01
1.189629886963467982e+02
3.781485640885120603e+01
9.417979315776587157e+01
5.779850202279548910e+01
3.770970331564250699e+01
3.558069492927460686e+01
5.744980895162834855e+01
2.131184472981842148e+01
5.227151916240802620e+01
3.897468197448986871e+01
5.256880052197228537e+01
2.875544456067977350e+01
7.568664924456804499e+01
5.071466408670385562e+01
5.896701700258380185e+01
1.535682527692177857e+01
3.664346456541612440e+01
6.553755295469241560e+01
3.406864202259183827e+01
6.871613786131472068e+01
2.556899649722733869e+01
1.344080498646112254e+01
4.405757656302246517e+01
3.369760040413714819e+01
6.959540589349110462e+01
8.659060696656693779e+01
6.958108280538981205e+01
5.816349227408257150e+01
5.123175995569533114e+01
6.022978744290984565e+01
1.374780900186061388e+02
3.846159312868226721e+01
2.951474351712936439e+01
1.182193456849655320e+02
5.174521290223233905e+01
4.546717448918791860e+01
1.276036700641280497e+01
3.517327161567063598e+01
4.101479676108927919e+01
8.198475956017539090e+01
1.124724181293738212e+01
6.260481450292155614e+01
5.573295046884062032e+01
4.545837812952927237e+01
2.736061230372173725e+01
1.814358878572163576e+02
1.441687502793698528e+01
4.281570798726377802e+01
3.799406598563844284e+01
3.728288933149370621e+01
4.760362339852370894e+01
4.725454072290879282e+01
4.605111105113280701e+01
3.717949164566918796e+01
9.476569744690424102e+01
5.898035639543294195e+01
2.932178986177259361e+01
4.599464349401058527e+00
6.148403753488263845e+01
2.031452538876550307e+01
9.889608624622849220e+01
4.225917674296611892e+01
6.136470132327038129e+01
6.029911777086911684e+01
3.113746038717786746e+01
2.042151308478257477e+01
3.019923438938076643e+01
4.710750765379839322e+01
4.020684589707709478e+01
9.973795232087694274e+01
3.328684233516682411e+01
4.111713525053707485e+01
5.811850739357354456e+01
3.761031986868660226e+01
3.181798775806402091e+01
3.458721159538039558e+01
1.146829670450977829e+02
5.991370179497563697e+01
2.953200784520259958e+01
3.429070018745999704e+01
1.193947484337072922e+02
4.076075033042916118e+01
5.720303073719176723e+01
3.194719436393901191e+01
7.460797281125609004e+01
3.672526413114919563e+01
9.930262676381255460e+01
1.125960786859342591e+02
5.899667948910851578e+01
2.690474627508075045e+01
1.676903172380291949e+02
2.963473544541825788e+01
2.807510470915433984e+02
8.852175487507118135e+01
3.943571658085958376e+01
7.394150433338207051e+01
3.317352846766576846e+01
9.253922561356144172e+01
5.973603189484725107e+01
1.966353685383963068e+01
6.461737626549103197e+01
4.478447828420095789e+01
7.627420457559910005e+01
1.885781505382884973e+02
1.466629156654777546e+02
1.676869531073158726e+01
1.979886362063507832e+01
1.764856879006794443e+01
8.460974502464100055e+01
4.960338981178001916e+01
1.042795004847573068e+02
7.718403671472484007e+01
9.202293443018470498e+01
7.727951562425778320e+01
1.974953067646203664e+01
4.447488212092595461e+01
4.257051886497863080e+01
6.604714533045601854e+01
4.873308832355730402e+01
2.671309127915059989e+01
5.943806154314355439e+01
2.450096245775597481e+01
2.345176319634403228e+01
4.171200936011499749e+01
8.066745918246706992e+01
9.312752502539619570e+01
3.782630997010519280e+01
1.042355734040153692e+02
1.950025032002879755e+01
8.048565000456736129e+01
5.164588513537277237e+01
8.240479187473488309e+01
2.569052639419832218e+01
5.444664932294934090e+01
6.306048520225137821e+01
8.826367304600665875e+01
3.232586359133849641e+01
8.330324361309739345e+01
1.294217915481077625e+02
2.817041684272779634e+01
3.336066116503216250e+01
2.432060689376130114e+01
5.391736190594780709e+01
1.744941111483679919e+01
5.857754461797237866e+01
1.936208940581855487e+01
1.166748876914511612e+01
1.170934935329637199e+02
8.423319204379502878e+01
1.064677829065668107e+02
9.398125303164393074e+01
3.033465344441930611e+01
5.349849412176779850e+01
4.880009309784591665e+01
7.956554812155133050e+01
3.951083522738445453e+01
2.858604370249371485e+01
1.115349721847601216e+02
2.211384570490615431e+01
1.885138682963187406e+01
6.704557080944745451e+01
3.346524459502502680e+01
3.984839312408435319e+01
2.038594995212854855e+01
4.839349737326104162e+01
3.369500502560878630e+01
7.908988782975836784e+01
1.151224850295657660e+02
5.099599362418475579e+01
3.398588588148407297e+01
8.828948743353933537e+01
5.925513900124351352e+01
4.624563386216600946e+01
3.834815040547100295e+01
5.671276902318395230e+01
1.379763181415178508e+02
4.111141173972541907e+01
7.895926033110528408e+01
2.465721434262145095e+01
3.457908423106562168e+01
2.135148294386504375e+01
5.699603968982844293e+01
4.595060258279738008e+01
4.483387263260394917e+01
8.450969541538511010e+01
3.797950110886993258e+01
1.003394204557325367e+02
5.435775980780925210e+01
1.386627519653110419e+01
3.985734260998371781e+01
8.668033032246286496e+01
2.522360339640247773e+01
1.365191601569294164e+02
2.824148328426068488e+01
1.177408612250094677e+01
1.846731126236580565e+02
5.141374160200050625e+01
1.080087647919036016e+02
2.353663419939309875e+01
1.379092155309789369e+01
6.932173178880015030e+01
3.320792319927954850e+01
1.499706362431556670e+02
4.629842983851492022e+01
5.158906252674054826e+01
3.721859240129499824e+01
6.669002928479393688e+01
4.398753493287311755e+01
3.244843066985921354e+01
4.513889344309237828e+01
8.652093098610788502e+01
4.852411497149628161e+01
1.740260941597187738e+01
1.057089426441298059e+02
6.530982973906645839e+01
8.874424991841470955e+01
2.409572037188678451e+01
7.775849110882322179e+01
7.336423108497392320e+01
5.579542648982626929e+01
2.551081209969445496e+01
8.578391505858245125e+01
8.610033942024456621e+01
4.363774103993994657e+01
1.008974749186924669e+02
5.281598128387491187e+01
2.752416454398766632e+01
2.109878445867525087e+01
5.475894103112481304e+01
3.574697965745006201e+01
8.488534461149758670e+01
3.801617203020321512e+01
3.059875212901505037e+01
3.284394902946006312e+01
4.087218786781942725e+01
6.852321788743282127e+01
6.449998744361009528e+01
4.207959950719540387e+01
6.240564869708058637e+01
2.414235010841973406e+01
4.023960608983843201e+01
6.016735101606726488e+01
2.236748268080872393e+01
1.168399552580238492e+02
8.710662041540043532e+00
1.312261741244938840e+01
4.928068276855632490e+01
5.729359301726253761e+01
4.898368488080959793e+01
7.760934324207842394e+01
6.141823989955877749e+01
4.022155627369246389e+01
3.548684633901207519e+01
5.306019975946230005e+01
6.297930420966083886e+01
8.530582039093307856e+01
3.981056818296045208e+01
2.010486030209192876e+01
4.877891902674049618e+01
2.441282519015446084e+01
2.420735286085580995e+01
6.969809653851253017e+01
2.992164627289624690e+01
1.097357007461408926e+02
2.941751787189181755e+01
8.560166191218435472e+01
6.040922867585883438e+01
8.761622442896418761e+01
2.553213363563152782e+01
2.296965153769842871e+01
3.603869834514050297e+01
1.297403434525353738e+01
1.623674153371596773e+01
1.075569605780114699e+02
2.510546507237422631e+01
4.768841728013668302e+01
1.179777573435783751e+02
5.289194725572618694e+01
5.395280033242348594e+01
9.455743407575789661e+01
2.513372780371771498e+01
1.349732619291440017e+02
1.775530155742860074e+02
5.409076942685519640e+01
3.790338716185596013e+01
6.232215301144904629e+01
1.114680570654236789e+02
1.433616478886849563e+02
3.477185215137400576e+01
6.510087632587000428e+01
8.797412012743119192e+01
1.028690231426661512e+02
3.467571826379389677e+01
3.622343827675840799e+01
5.162225576177147701e+01
3.264229214379229660e+01
3.207340479209667450e+01
2.016826562284469659e+01
6.792121775014604168e+01
2.717166635449909862e+01
6.532225858086835046e+01
5.328411328924714496e+01
5.550346231417199760e+01
1.729721633075751441e+01
3.345102413482261738e+01
1.040043725551084322e+02
8.484027184656024190e+01
5.325297547925531916e+01
8.375293479004400865e+01
5.272773865787812042e+01
5.089044482015762583e+01
5.528526081953978633e+01
2.317865417914486770e+01
2.766611879515985351e+01
1.632320699357638816e+01
3.280161225671263736e+01
7.051300000691318814e+01
3.342713126748046903e+01
5.835648156227469485e+01
4.228055101996763199e+01
5.358870110369401374e+01
3.243376496121421582e+01
2.136864735618861744e+01
2.837607995842600417e+02
5.521394202690829189e+01
5.539372305632013394e+01
4.824085160017509111e+01
3.357369105515972763e+01
1.970721822909452570e+01
6.623636078076036426e+01
3.331200901779443058e+01
1.389532554060300242e+02
8.665586443444220777e+01
4.707404906693719226e+01
5.449693938544582750e+01
1.692248965937909944e+01
2.187458472581481672e+01
3.568908889016319819e+01
4.539673179597903641e+01
3.063312130766651720e+01
7.848833152873680774e+01
6.131724584700847203e+01
4.634986520022886936e+01
6.870108856385763829e+01
5.597741496553703655e+01
1.832325391289974803e+01
2.941250778871135907e+01
3.595809136002768014e+01
4.335889597180654675e+01
9.295924969170650343e+01
8.266047966662890190e+01
5.558360972292496172e+01
3.928202399570065495e+01
4.043340226231044454e+01
3.994887826845832990e+01
9.038936533363818171e+01
3.853115916886782344e+01
4.097925008671643354e+01
4.544817183456968479e+01
3.430567463297884245e+01
1.823821523490781971e+01
5.194021069137320978e+01
6.267793564191322986e+01
3.493920182062372248e+01
1.856230004077300322e+01
4.093939890808137960e+01
9.514854408557805243e+01
1.006145631675225900e+02
1.663267402712927492e+02
4.061744172320363333e+01
4.910060954679327239e+01
2.052076869701547253e+02
3.137545809785688533e+01
7.180361869912174200e+01
6.910287406475558214e+01
1.041552225462433228e+02
1.798633372501694083e+01
1.096862267160560975e+02
5.044837974577146866e+01
2.339230701011982561e+01
2.907019194897069170e+01
4.152959073011911784e+01
3.997781289050614362e+01
6.746202804122904695e+01
4.091367569411588079e+01
3.191043399033587136e+01
2.808813840789931504e+01
2.260736688732684740e+01
2.153657625488447280e+01
2.228779153537288948e+01
1.856554983886362464e+01
4.234262831198716981e+01
9.764929132887253616e+00
2.978768595175221989e+01
1.288158895879917054e+02
3.236947327410664599e+01
1.265134462641584037e+02
2.769438156934920769e+01
6.761891166051191249e+01
6.546235170880039789e+01
8.368682462845193015e+01
4.533053431700083991e+01
5.941273523876665763e+01
3.677136426653899548e+01
5.398443444872356167e+01
3.502051290564606489e+01
8.182725210546740868e+01
2.708923470086332586e+01
3.047465813481162300e+01
5.806038290814086622e+01
5.605892224490768427e+01
5.585243264555035836e+01
5.148691470323356612e+01
2.162253507938323338e+01
3.365857488747070647e+01
2.816350824251497542e+01
2.120862336931407910e+01
3.019664086072745945e+01
1.061140870030788648e+02
2.515337516526957984e+01
6.777567265686994347e+01
3.088779013758244574e+01
1.668833390750919676e+01
2.257876077840274434e+02
5.041510131301713926e+01
9.163761534092228089e+01
1.219075036478934848e+01
2.310598518197803131e+01
6.301026569109477293e+01
3.959044448530275417e+01
4.255642207973224345e+01
6.986428872099874354e+01
2.953187929910381015e+01
3.495796116898108608e+01
2.933068661780534114e+01
5.518320682577935798e+01
8.069279385300141882e+01
3.621510176475158715e+01
3.009105831583194401e+01
5.988999545373384592e+01
2.775539554555326305e+01
3.483587745016478010e+01
3.985136247658025610e+01
1.240623048030042810e+02
3.054824070329709329e+01
1.693738944227811416e+01
4.581122249784259992e+01
9.004179212859732218e+00
4.945845019162444345e+01
4.454916759084736810e+01
2.357528030543700126e+01
1.061822961780552106e+02
7.211588937219721274e+00
3.090492562479002814e+01
6.772388651457039543e+01
6.278099585654545933e+01
1.012692987572475829e+02
6.339484041249965429e+01
4.405205348679200483e+01
4.928147412974822572e+01
2.306105417521642664e+01
8.441587254146421060e+01
7.720181437273146230e+01
1.217302715286132297e+02
2.858118279666092221e+01
2.691550855249029084e+01
2.941023991300418317e+01
2.505247613552178976e+01
4.622041110514096118e+01
3.290720681285161930e+01
2.481559766662887156e+01
4.764167439767932422e+01
1.064513191248534127e+02
2.118141073264864715e+01
6.865373511296753861e+01
1.973250561906951361e+02
1.139673327370109917e+02
3.137013812679127511e+01
1.419566733701035055e+01
2.145331552274592823e+01
2.118068198387288703e+01
5.413829142711764320e+01
2.509512302196410261e+01
1.671630588000983408e+01
1.084296163674499667e+02
1.260746891300112793e+02
2.812776844292853795e+01
6.108345169311561307e+01
6.946064405901103100e+01
4.767034060222893999e+01
3.567194161632261284e+01
3.547093268588569970e+01
1.076673838787486233e+02
3.919261683148803144e+01
1.501092041245846076e+02
4.360816091580608145e+01
3.058428049398522930e+01
8.509781381672214096e+00
9.539398948433151304e+01
2.302149722071901650e+01
6.808704276228478136e+01
9.734579256951931825e+01
6.953213205082941784e+01
2.092654565201143058e+01
1.910237677625485730e+02
4.123320530251447735e+01
5.206134383342030247e+01
5.324797209030322165e+01
1.285179754340094291e+02
3.774174362017750894e+01
9.820567136305487566e+01
3.828200078379083493e+01
8.915520986041276785e+01
3.892878421520572374e+01
9.955636192893658176e+01
4.516956802964386952e+01
1.314447695347628908e+01
2.844170970790380792e+01
2.682933784057394178e+01
3.355680787266965837e+01
3.284861419280244377e+01
5.091586780762616371e+01
4.102662349711400935e+01
5.753369829698713289e+01
7.553165583147463735e+01
1.232853460499289042e+02
