8.045327112462618402e+01
4.428626951891559571e+01
7.212345267533444826e+01
2.158159345649616867e+01
2.604453991761632281e+01
8.378150452189152020e+01
2.022221200388095141e+01
3.213821198085214803e+01
1.787913268932010169e+01
2.651063398862764942e+01
1.544304945022207676e+01
5.447349448403883798e+01
1.596964134585501682e+01
3.292725341911184955e+01
2.844368430730347796e+01
4.675729356176902485e+01
2.302332928856523608e+01
2.483972816480180157e+01
3.011306783524230113e+01
3.403755902417936596e+01
6.005664213320753930e+01
4.382961031627542070e+01
4.002096249012969764e+01
3.702217721078395840e+01
1.931473621255103268e+01
8.732397051508213792e+01
1.567810551014439646e+01
4.021910516510968137e+01
5.962028149463227322e+01
1.304482846090551895e+01
3.512456669812642929e+01
3.290072163614383527e+01
2.528227258419619972e+01
2.132335568820266403e+01
5.161938984022972932e+01
2.456232811535537408e+01
2.962881648362161613e+01
4.651815405359460698e+01
3.247938968602013432e+01
3.664369013027206989e+01
2.647814342769821749e+01
1.706698515863207533e+01
5.368406907019587493e+01
1.624366734539443158e+01
2.432226668928083058e+01
2.010371582744285845e+01
9.403098264934261863e+01
2.234952490432798555e+01
3.737982321498149219e+01
6.808035378413394767e+01
1.816135368175650200e+01
3.549788505343707357e+01
6.103385240190428362e+01
3.921414472943381213e+01
3.293647440804976867e+01
7.148937948584206481e+01
3.035142632783471583e+01
3.868544552059417896e+01
6.349811486132259830e+01
5.811198803284872838e+01
4.929427255925763518e+01
5.602755078086499907e+01
2.657921821778906235e+01
4.144030027413458583e+01
5.973934136895260849e+01
8.581743632976113645e+01
8.511174725019358789e+01
5.033333113109119239e+01
3.534657783657865338e+01
3.747965977594066089e+01
3.165337611083674929e+01
2.043756897176862708e+01
3.247875161749252015e+01
2.547250345444907538e+01
3.972537935336792003e+01
2.318915393939713354e+01
4.482303193847899081e+01
4.589571218212312687e+01
3.697120102114281082e+01
3.830270855710497102e+01
2.779200745565892561e+01
4.117195272848310594e+01
3.444839094790086165e+01
3.926460501145246695e+01
3.960524182092773060e+01
4.903254176214447568e+01
1.934719038590679929e+01
4.411610855786269525e+01
2.949993433637872897e+01
1.108890004046923927e+01
2.251488909277965078e+01
3.137180975292006124e+01
6.089661978220541982e+01
4.778825487757376322e+01
4.437070177644940827e+01
5.879489005394744083e+01
9.777956367741023769e+01
5.246352169619776618e+01
4.237075486075333686e+01
2.376145429944843457e+01
3.635815053241223893e+01
2.730314059101362290e+01
7.334302629680856001e+01
5.199940440464207114e+01
3.306112862928622320e+01
1.867587557125368036e+01
3.856725283951525540e+01
3.836427585536139873e+01
1.472853869338839949e+01
7.227073196681935485e+01
4.154729599621477121e+01
2.156788740059350218e+01
3.843807153203037785e+01
3.166566867470571012e+01
4.342999742940012453e+01
2.285892600344595138e+01
3.566454646703273568e+01
4.968296275261140238e+01
3.032602595630491393e+01
2.934039675227239030e+01
2.541956396965505149e+01
2.560821005787293103e+01
1.687729516528224138e+01
2.960407924618968423e+01
3.727216783208414341e+01
1.447389922017256580e+01
2.962915805404281855e+01
5.090548923997936015e+01
5.628409270385363072e+01
4.790650944779175546e+01
2.679132573756028535e+01
2.962658544817939443e+01
2.885136632769851772e+01
5.167497287034665021e+01
2.592477028676733752e+01
4.124507961347213580e+01
3.302466498167157738e+01
2.790382443742651830e+01
1.047871850521625987e+02
5.512774040932848862e+01
8.824798775483019142e+01
3.778574521572982547e+01
6.204691274214233232e+01
3.851965735717936923e+01
4.178759876307513110e+01
3.242442996978785885e+01
5.299110402484864579e+01
6.468739548550406937e+01
5.163496921196090739e+01
2.632060851065323348e+01
1.959037351517849146e+01
2.296756530130136653e+01
2.881807885353526899e+01
2.638958434867355862e+01
4.269042446414412950e+01
3.007595815098866154e+01
1.305360157938906340e+01
9.999441071242002010e+01
1.861503603971359766e+01
2.677649974771685137e+01
3.273896483196212870e+01
1.006511827899327471e+02
5.396302320523831497e+01
5.053383586186954801e+01
2.168421134605369360e+01
5.255711556964863007e+01
3.960760967791860310e+01
3.301782511726480607e+01
2.102141862225417768e+01
2.594967276511762933e+01
2.260046255764751066e+01
2.645276631250456845e+01
2.704061800221034417e+01
5.955219767438941858e+01
3.783712918738818587e+01
2.743731876372825340e+01
2.013369554975063025e+01
3.051165072794936606e+01
5.887361084706576264e+01
6.548213798655039852e+01
2.140606200475289356e+01
5.621824230477385242e+01
1.100955900203843782e+02
1.729395128600916465e+01
2.727352665316272606e+01
4.213321944080799852e+01
4.201025691516716876e+01
2.557586167934370280e+01
1.392100774683471265e+01
3.231517699649845810e+01
3.671926477349968820e+01
1.026381637297117919e+02
3.608804811495195963e+01
4.190237102324620366e+01
4.571779322748259489e+01
4.505008666964752706e+01
4.528804485967406634e+01
4.523075568384366107e+01
3.018113905156323895e+01
4.666581631651289541e+01
2.291357653991931898e+01
3.147154088309883591e+01
4.330854151910303784e+01
5.197814725191131657e+01
2.230676076756807902e+01
1.652816631527325697e+01
4.273547849298481793e+01
4.469994145638390393e+01
2.049928045338162619e+01
6.864384208047748359e+01
2.231865219818827484e+01
3.532799445588727139e+01
6.618383328477453631e+01
6.961869372947838031e+01
5.363439643849294924e+01
5.550545814498880048e+01
2.167466788919402276e+01
2.864793445599325494e+01
2.682024513555063194e+01
2.175367751438278319e+01
3.628112187065539729e+01
8.165892063167603965e+01
4.850844719133907290e+01
5.830608988678343252e+01
4.565738263341285830e+01
7.242835628537055470e+01
5.918223389067535578e+01
3.212519814370515547e+01
3.260029735123024608e+01
4.922473163413594932e+01
3.766416311314673493e+01
4.830088161915525546e+01
9.225306666609110096e+01
2.443613538146975372e+01
2.897684326337720861e+01
5.164130792083429355e+01
1.840642188160284221e+01
4.409525898793658172e+01
1.263750572100888405e+02
2.637485136446452216e+01
7.181847839201827810e+01
3.506174536514385665e+01
5.295009172090099270e+01
3.724433296204565380e+01
1.861889811508297043e+01
4.964228671968184159e+01
3.921434956475504663e+01
4.448149869127851730e+01
3.813712303053813457e+01
3.377554310964769257e+01
3.981102612005361152e+01
5.126194550741082168e+01
4.209975171966641483e+01
4.680730745394831160e+01
3.788587887698531631e+01
2.450778375209420545e+01
6.679488051041273877e+01
3.391712253880252348e+01
5.530826863976223962e+01
3.700342546247267705e+01
3.472544611960675809e+01
4.132180589314769037e+01
3.836304078415511043e+01
9.839482303360664162e+01
4.983779902825485664e+01
2.243264416330684341e+01
2.541752108420370959e+01
3.886692839117783649e+01
7.926444886990366001e+01
5.640279993625498633e+01
7.046735268219785553e+01
3.453447697649981052e+01
3.451564325967508751e+01
2.605681984566044562e+01
3.830218782731235194e+01
3.172461239580267289e+01
6.356979382343744334e+01
5.182180038616502316e+01
3.367700345339405743e+01
8.229439140224930327e+01
5.830999265728014080e+01
2.624745814120592868e+01
6.425200230040491078e+01
2.623191436855343639e+01
3.259418754405808016e+01
1.897138472517393737e+01
2.661772982634149898e+01
7.337107595248666314e+01
1.405109609118308001e+01
3.940912221511915448e+01
9.097812038513050936e+01
4.811419878335982503e+01
5.343885275658202971e+01
2.238108180080585186e+01
2.851007881186785653e+01
2.171430009836187480e+01
3.877508717479434353e+01
2.700768166017367733e+01
4.768510199747555589e+01
3.114664033452477909e+01
4.522900003304717842e+01
2.003809789518842024e+02
1.393031898402682600e+01
2.840990066528329550e+01
3.410404581528896983e+01
4.445397121540232632e+01
2.894298557439685027e+01
4.228622882725943555e+01
5.943458166832967748e+01
3.121897691320181423e+01
3.911664524197658466e+01
1.495356877169057164e+01
5.184981221997976064e+01
3.304084803661770309e+01
7.000399612570750207e+01
3.424793025438077620e+01
1.816367827334268981e+01
1.190353168611573267e+02
4.687517483681511266e+01
5.354972759284401462e+01
3.726532159424959190e+01
5.240688460910250512e+01
2.802029799449069003e+01
4.219021315048129139e+01
2.858097958935006844e+01
2.653698603827595193e+01
3.009648126515974198e+01
1.932365716635155195e+01
4.805800149788909437e+01
5.235521792426432341e+01
2.967311349147066579e+01
2.490366240538757125e+01
3.050636990542795601e+01
3.696855446340879325e+01
1.170849990332380308e+01
3.483777549752230129e+01
4.060721302993025006e+01
1.593453896839475092e+01
1.671370535266031609e+01
1.964198890797625197e+01
5.069607088505354398e+01
9.695856469451778992e+01
5.912311628191294233e+01
2.958075136606435507e+01
2.822986539175580489e+01
7.755851738100432158e+01
2.615378069101490155e+01
2.154063379116218258e+01
5.926574183008969499e+01
3.903507886076934597e+01
5.053705515897492262e+01
1.936144927865390386e+01
2.514561809217078547e+01
6.940909396048283497e+01
2.123003698890720514e+01
2.237488740338302762e+01
3.703189738209749748e+01
4.681987577567478809e+01
3.453226198238283473e+01
5.261761027142932790e+01
8.636185295446614418e+01
4.232894032826403219e+01
2.348853266634063530e+01
2.987763111535968363e+01
7.336575277355301239e+01
8.648625309020525265e+01
5.805140009192790274e+01
6.139710271426067578e+01
4.160229198431365916e+01
7.832262001154637687e+01
5.915508096733337595e+01
3.031739585897052791e+01
2.256204617740136342e+01
3.650743620259170541e+01
4.083336664066722932e+01
3.252677178262135271e+01
5.880650563096480710e+01
2.387881403479568476e+01
2.967457529756116941e+01
1.986139510768223815e+01
2.258974541978601636e+01
9.212761211835266195e+00
4.020293007173845012e+01
2.747509390261275541e+01
4.302633684568326089e+01
2.351958910984315665e+01
1.079031372517569309e+02
4.977829491648791560e+01
2.687497989378446306e+01
3.994067786722445135e+01
3.313842046055810187e+01
3.952953223167149588e+01
3.466056954036495341e+01
1.347138084909679989e+01
4.712005401904901447e+01
3.514803331880067816e+01
1.676013040937694853e+01
8.788776577917587929e+01
5.815204331949154692e+01
1.609783980950753701e+01
2.693506768618309621e+01
3.023129843536932526e+01
5.751824327011297555e+01
4.183946314677460521e+01
4.656575063352570254e+01
3.976183297222758029e+01
2.722363032385465687e+01
3.038918533109486475e+01
3.759592743903987611e+01
2.864714184788792650e+01
3.409021837370968910e+01
2.403138887600588447e+01
4.403465918053486661e+01
3.391930556281571540e+01
3.703297961281159445e+01
1.245407567883157895e+01
3.780627554760567932e+01
6.489397103834984648e+01
3.538583480357310407e+01
1.566538779484678301e+01
3.631427565545860148e+01
6.177165393194591303e+01
3.977232175266597380e+01
3.270271365242641082e+01
5.512656201693441460e+01
1.739104459504682154e+01
2.000646495478919462e+01
4.231352485872280766e+01
2.508393373841196805e+01
7.494925107182861268e+01
6.387682774499131000e+01
4.410656264818702965e+01
4.385791012206463790e+01
5.228766256765487697e+01
3.901378201705227156e+01
3.611882505428422263e+01
2.539945052330704911e+01
2.348081259750126293e+01
1.555488112312765736e+01
9.830038753590724809e+01
2.894402099517565219e+01
2.180739194813592619e+01
4.294496459826818580e+01
3.583079276979434979e+01
3.917184583397125408e+01
3.650921407439670219e+01
2.086910345120933385e+01
4.235701129584965940e+01
4.088186126396539066e+01
8.624187135277303184e+01
4.837337287446246137e+01
1.177035155842096259e+01
1.255337626007374929e+01
3.601484543283164896e+01
6.555194996504825156e+01
2.970662724858749115e+01
4.901602378338321842e+01
4.637948723940868234e+01
3.534362053414782423e+01
3.482570695444925946e+01
3.004610031596178032e+01
3.893809716421174727e+01
2.537207137591690653e+01
3.205564122485956347e+01
6.245157832058900738e+01
5.438928980569045279e+01
1.262413075013874675e+01
5.134428010959193500e+01
1.314727422673271029e+01
5.416681718615773633e+01
3.106561299271747600e+01
3.152256715281155053e+01
1.702009015524373581e+01
3.868107758401414742e+01
4.304164831760162002e+01
9.391586347765023390e+01
8.260123682895387276e+01
4.152952404285218790e+01
4.959261686988499207e+01
9.809547029558149234e+01
2.565180227631898191e+01
6.465552797412502173e+01
3.569303916687836420e+01
2.815503637813529636e+01
1.616351657949369169e+01
2.252929440023040542e+01
2.856376769010774908e+01
4.774192095676550451e+01
5.848715181787618889e+01
1.728591829057612017e+01
1.879705502142493145e+01
2.884923418322550859e+01
3.120323822078931286e+01
3.190209476482718287e+01
5.447427718296709287e+01
4.572089078293736009e+01
3.540361128159508297e+01
1.998592167347994319e+01
4.728858843087330399e+01
3.349936937405805537e+01
4.190722817091655372e+01
2.875540892710411001e+01
3.708267725557453787e+01
2.556929217886451511e+01
3.803628049893096374e+01
6.984121333442089963e+01
4.297337127755533004e+01
3.579648391653989847e+01
2.578919208728320456e+01
1.691675255123377752e+01
4.458365644465415301e+01
8.128688177740370691e+01
4.782399055482171946e+01
5.518423957263072310e+01
4.714417586856981046e+01
5.440128152342550294e+01
3.879440014895740063e+01
5.560544652395629583e+01
1.841633415100835691e+01
6.442140327419976131e+01
3.127016640008590187e+01
4.620324350467472385e+01
1.819218305729802410e+01
4.572389643030543738e+01
3.029604552786701177e+01
1.553789825002211273e+02
5.221878177070385618e+01
4.978008432440918085e+01
4.673054209225607281e+01
6.892484332653015144e+01
2.298930158583546657e+01
2.001550194514047831e+01
5.173870735626173456e+01
3.364508136291232887e+01
7.136974282912015610e+01
2.783278248178416803e+01
6.859929220117120963e+01
1.160025516345066734e+02
1.136879343109520235e+01
2.345744751684452467e+01
6.964641918010346444e+01
9.419130506234570532e+01
5.505005070816372381e+01
5.854757777434942057e+01
3.942432061344518246e+01
5.264944591272234220e+01
3.541072420800475840e+01
6.509778153961775615e+01
2.936695602479163014e+01
1.871524876160533424e+01
8.236096677636957963e+01
3.939245004879907697e+01
5.614690154044534864e+01
4.137010994033651201e+01
2.393464124194849063e+01
4.059061874152322247e+01
2.176269707596312486e+01
9.488507930643196175e+01
2.253565308333828909e+01
4.695707673526655412e+01
5.238308748882068500e+01
4.033905688420588831e+01
1.220193336434837477e+02
9.621329578075400946e+01
2.401639800460631236e+01
2.026265852980264626e+01
3.485747541384271386e+01
3.532980820004804201e+01
2.335724353241518259e+01
2.880933944563458127e+01
6.760928642225390206e+01
6.240743182690817292e+01
2.429570190497439697e+01
2.998086944458507475e+01
2.717965193570424987e+01
6.348472150812060733e+01
1.870677549191092481e+01
3.240468150696390381e+01
5.031900916066847174e+01
4.875648701963496734e+01
2.735765214207351192e+01
3.544710282966164527e+01
1.636344711797113760e+01
4.399292871038208119e+01
4.862178706584475663e+01
5.995778882552819056e+01
3.461760227049062877e+01
1.698862811258803873e+01
2.873708187920901125e+01
3.146996156764106090e+01
3.410996180944484735e+01
2.058716351322190263e+01
8.263443685702414143e+01
3.990256174671314682e+01
4.053476892964312839e+01
4.429596889513850044e+01
3.487011160069667426e+01
6.542350601230292284e+01
2.349351692095362054e+01
3.948798854054939511e+01
3.238966660594923042e+01
2.653823790752227652e+01
5.234451303500382835e+01
1.071111059267613541e+02
4.085484266887669236e+01
6.610683723521231059e+01
8.205424224063284555e+01
1.648242094761457395e+02
8.533211771289489889e+01
2.005129074259150812e+01
2.730994971228567891e+01
2.016704308005995827e+01
4.752419128601123077e+01
4.635512413673156118e+01
2.922208937351342328e+01
4.653949329565556070e+01
3.254451495434687303e+01
2.777824463110756525e+01
3.777119316652540704e+01
2.472637875811893338e+01
2.526089852997620611e+01
7.078241004843378903e+01
1.862444337270421002e+01
5.051331681955558395e+01
3.187591498503170584e+01
2.245397027011594560e+01
2.634000641507860507e+01
4.572363672293504067e+01
2.624047410073824338e+01
5.273169215876176708e+01
5.924898640071459965e+01
3.685760557107000324e+01
4.114501682657939341e+01
5.122499265976745164e+01
7.097094493143710281e+01
3.715213624967649508e+01
1.800211069899015115e+01
4.825991233388512569e+01
2.866295259536043716e+01
2.616412214294077998e+01
5.905114028445613883e+01
1.419463338709582345e+01
2.714568586680713125e+01
2.017972036537956981e+01
6.100712189094199545e+01
2.722566088441036314e+01
3.514994577250849517e+01
5.209742503655446910e+01
5.013987987344926012e+01
4.324925548199933445e+01
5.581695654206446733e+01
4.675220697948012116e+01
2.289109392993253778e+01
3.071798975674242271e+01
5.133376695286649039e+01
1.112146953242718155e+02
1.728083505728646685e+01
2.361878252000071754e+01
4.700774984347091134e+01
1.384264947408586366e+01
1.411667298238204715e+01
3.752232871262786773e+01
4.363568316076725750e+01
3.802352032219189937e+01
4.090638421906581357e+01
6.368986007677924022e+01
1.033759448254725157e+02
3.492216119134275232e+01
3.975847878951243786e+01
3.298609089621326973e+01
5.988451108792840216e+01
3.340979378254820631e+01
1.867291791364630882e+01
2.751845117578114852e+01
3.755646181774803694e+01
6.233043586134224512e+01
2.719383975686919896e+01
8.340497871870955748e+01
4.654647303105734579e+01
1.464987269870042894e+02
4.126643857321905529e+01
4.123490261233695975e+01
4.360850868600138597e+01
2.369726016282751146e+01
3.001905847625603485e+01
6.621503343601148117e+01
1.158316476293678647e+02
7.214616830669727676e+01
3.380413256695742064e+01
4.334661523075319423e+01
1.512569238445615838e+01
3.483544393500342551e+01
6.721832283417062115e+01
5.707959254290778262e+01
1.431003843878586679e+01
1.937145371527132554e+01
4.359855488459304951e+01
4.342096511192195862e+01
2.913510940270906246e+01
3.206683602146005541e+01
9.593059694687933359e+01
1.691874610486486930e+01
6.331986358754371480e+01
2.535555928927343317e+01
3.509878505555675332e+01
4.882961399125748869e+01
8.069857399849300350e+01
4.531534108066543354e+01
4.659751619250203447e+01
5.517813192149046841e+01
2.748136623159207304e+01
3.044333418498549548e+01
4.493598916130611087e+01
2.236055734499617387e+01
4.442850674957362855e+01
2.628666939820468684e+01
2.647549453606811198e+01
4.810069483663404100e+01
1.569312693483590238e+01
3.533367765831355456e+01
8.044388535315199817e+01
4.683338819981864987e+01
3.077507467761653359e+01
3.578708242263991224e+01
1.975475015007024382e+01
3.882909267714395440e+01
2.462375879165447046e+01
6.519200110765939371e+01
3.158536303183644023e+01
6.135113684434547565e+01
3.365331507050165527e+01
1.956809237189767714e+01
4.019169375464871052e+01
6.952715176716387191e+01
3.148405145676154504e+01
4.730215704208789163e+01
3.668294157110719311e+01
3.233886613669644561e+01
6.199225003980453863e+01
3.642116192374157180e+01
4.370959947313791361e+01
4.115370530003234251e+01
3.970426310512051771e+01
3.559997177378452449e+01
2.680154392352902448e+01
4.008311636748444329e+01
5.298597056350842394e+01
3.522579243011606565e+01
2.614552191301682527e+01
5.145643769524228617e+01
2.276852009546361444e+01
7.135644033387248442e+01
8.208109083366611003e+01
3.850123126675214991e+01
7.791671097387809652e+01
1.395959098235454476e+01
4.172455029634008383e+01
4.663732604982496355e+01
4.014969254670755561e+01
2.513717133782503765e+01
2.164864590393132460e+01
1.841727115067255127e+01
4.556531686786912161e+01
1.430852805958635798e+01
6.344365873276584722e+01
2.152967959572077916e+01
3.407406730624246904e+01
7.251841770576425006e+01
2.260770561322422978e+01
7.271341410965639795e+01
3.587994468186566621e+01
2.736146898189180021e+01
1.302218668860912203e+02
2.272962130522681790e+01
2.181037407070685674e+01
3.837406186408503572e+01
1.395608591744228022e+01
7.681838459048941559e+01
5.357606492166801360e+01
7.334639258169829645e+01
3.571548146191508977e+01
5.410519444699544778e+01
2.992691914233237327e+01
3.233211870255168208e+01
1.897523353519031275e+01
2.632450351273492828e+01
3.178453632539793716e+01
3.035439340261220309e+01
2.818289255379721325e+01
3.880915463964914380e+01
3.099301906111801586e+01
4.681584965513081187e+01
8.546672703240609792e+01
2.111007629827741994e+01
6.571935646305702505e+01
2.481489105137991302e+01
6.078884818899223319e+01
2.130510046458593720e+01
2.477841034705705781e+01
2.878217241881848310e+01
3.405524094822256131e+01
3.962791317948178715e+01
2.312359349321578961e+01
2.486126645466049823e+01
2.099463813405360924e+01
3.918280241376581330e+01
2.371551554682375595e+01
6.510705115617491856e+01
2.105229578254775546e+01
4.509890137044870784e+01
1.681100541598559417e+01
3.946460128285492885e+01
1.795609474756061985e+01
3.024289871661714812e+01
4.437230850876909471e+01
4.607009610213214046e+01
3.612245342965375272e+01
5.229962826201981585e+01
4.012640098191162963e+01
5.622735442201285849e+01
4.767909115123713804e+01
1.570070032511839031e+02
4.969671006795702795e+01
3.818033052693323981e+01
2.403981871601681064e+01
3.060303381976504156e+01
3.185217940468376341e+01
3.808778278109489435e+01
6.154563279900349215e+01
6.770824674606025440e+01
5.417699218735254618e+01
2.597012795404802787e+01
2.811660340459163621e+01
3.361012487794844361e+01
8.733898092238121080e+01
7.258088619852408385e+01
2.449100207869570056e+01
4.632662012554038000e+01
7.354551188258864158e+01
1.758728963639511989e+01
2.687237965676161267e+01
4.024033840656309735e+01
3.427954090755537919e+01
1.852999213436663339e+01
2.745509211193412469e+01
8.514461306503529059e+00
1.901790720649903577e+01
3.505074128378659992e+01
4.179672760372543650e+01
8.284425101183092011e+01
3.836273939666334343e+01
4.508490637830595915e+01
4.363581029565332869e+01
5.740895499408964042e+01
5.971039045747924945e+01
6.857273707122074313e+01
4.471543513576007456e+01
4.529939056419634369e+01
4.061169819113095514e+01
3.426474087398358392e+01
2.407612979134450981e+01
3.651909960077014716e+01
7.567071747164104067e+01
3.295164721639491034e+01
5.509863485425962892e+01
3.336874761747620255e+01
4.954334387925692340e+01
3.984580785013123005e+01
5.800733318731932542e+01
3.859588908146355379e+01
1.227029301496910705e+02
3.376568914750389894e+01
4.550897465706501066e+01
6.973304495558863891e+01
3.338056912727844860e+01
6.532283910593368148e+01
3.264674227389192396e+01
3.035169080608227787e+01
5.008270923901373806e+01
2.784502149899913093e+01
4.313528214073402722e+01
5.064230064143973919e+01
2.647329984148836246e+01
3.184732935167559376e+01
2.802563188537734717e+01
3.077350337474098296e+01
5.944723773723880100e+01
1.874744944817989278e+01
5.802555731972993414e+01
9.572870399529587360e+01
2.574036234319788008e+01
2.188945818945149213e+01
3.385201995564376887e+01
2.255914937741079385e+01
3.695501197012499262e+01
3.663193627758843007e+01
3.272917975418828718e+01
6.530955255267751625e+01
6.353573177328990340e+01
2.315199382926985550e+01
2.637403124666661824e+01
4.319302241379996588e+01
4.535043154304590729e+01
5.896217213810572844e+01
1.901369887025844463e+01
3.595746209833869500e+01
4.833606105121310748e+01
3.004393577239570590e+01
2.099227900327953122e+01
6.585772487253470331e+01
2.740277553850025782e+01
2.646912874765063250e+01
7.924694902923761219e+01
6.150533078849305468e+01
3.955755202863692688e+01
2.592403579279365644e+01
4.296569733552427550e+01
6.924125693636064227e+01
2.335208446128623905e+01
4.804534705551457563e+01
2.091021117011807462e+01
2.403606134510602388e+01
3.058602379517234837e+01
3.118358298572844944e+01
3.238382876138491895e+01
7.487051010637843262e+01
2.872721614998047102e+01
3.154052421706002107e+01
2.689016588169223709e+01
1.008441781383444038e+02
3.808333378774213429e+01
8.062933270044801759e+01
5.894071953978119893e+01
1.115320579836346866e+02
5.945119873358878237e+01
5.823439098309660977e+01
2.301049185519783791e+01
3.416883645892995958e+01
2.406830894591266201e+01
9.041413539502414665e+01
8.052042058546140879e+01
4.282473636601314126e+01
4.211464837548864892e+01
5.633908677779331953e+01
4.537933316235088199e+01
2.228033046924423743e+01
4.209910678043238619e+01
2.570954021745115625e+01
4.180556786655976964e+01
2.363993370031723273e+01
2.969576465824634681e+01
4.038230649175964260e+01
2.104750389463762872e+01
5.941264899867713467e+01
6.964784172462566403e+01
3.290589737453134234e+01
4.856870099540306995e+01
3.393481510817013458e+01
2.475913085331267993e+01
2.238509388216754914e+01
3.122146436860082375e+01
3.096886073148249352e+01
3.896708296385339310e+01
3.968679692719580743e+01
2.175087759569827028e+01
3.222767354669934292e+01
2.352305491158845285e+01
6.729651459153885185e+01
5.238178735616367732e+01
3.875154068500880555e+01
5.608840748221470562e+01
7.036058760064499040e+01
1.153604228509795462e+02
5.800093133715791538e+01
5.735137911458471649e+01
2.499685653690848497e+01
3.241562314634706610e+01
1.084768997209101968e+02
1.194096600971931537e+02
3.157308470879351603e+01
4.430273341762797656e+01
4.136029960937860039e+01
1.932897099525655094e+01
2.742235089483703447e+01
2.904309153546913436e+01
3.553142162177478269e+01
1.476994122931792575e+01
1.966280878335584958e+01
3.618405193458411162e+01
8.453436226947235355e+01
1.143752931365779801e+02
3.266864703599077302e+01
7.027903008702924126e+01
6.918333676226909290e+01
4.948728483427115066e+01
1.887360708662516018e+01
3.898148454265424334e+01
4.070090911654301635e+01
2.000471293139318973e+01
3.067651082257794215e+01
3.120625255242357454e+01
3.402154081515948292e+01
3.255072792498747702e+01
3.558213667823338966e+01
4.202039027457073672e+01
4.492024610177562494e+01
5.751820158127124927e+01
5.638236349519895896e+01
