1.586811313751326580e+01
4.312712196437124135e+01
3.692093811762100586e+01
3.285169405063858505e+01
2.971641863404222406e+01
2.698408764647950164e+01
2.033606055934354728e+01
2.422895718682021027e+01
2.676578092395914155e+01
2.275857434993066519e+01
6.283216589569163091e+01
2.888110096204692212e+01
2.047809845353576108e+01
6.125421233887174566e+01
3.918607695136741143e+01
5.116774403064562904e+01
1.411258955604061960e+01
5.171764552987297492e+01
4.341773962905428874e+01
3.720572106528507561e+01
3.151266286373272862e+01
3.321851122475176510e+01
4.410437268384042397e+01
1.096088296195038581e+01
2.457835335912304586e+01
2.721860471933748826e+01
5.455525819997943415e+01
2.299273067129444570e+01
2.227404300658983161e+01
2.767346821462621520e+01
3.896565639990767238e+01
9.871951628989400263e+00
5.027080364122911504e+01
3.824668519186135285e+01
2.204700922036815314e+01
5.418181158346786219e+01
1.775621770828582058e+01
4.926736685740169719e+01
3.585945687326356079e+01
5.231715786249959876e+01
1.532811980428523313e+01
4.506090651148270609e+01
3.048211141455274387e+01
2.880158352959035284e+01
8.233733318572427606e+01
3.272607046074192994e+01
4.602967129842132721e+01
2.989153545368557019e+01
1.764043478640368079e+01
4.866591779251266559e+01
2.530556676190310839e+01
3.983273981267456065e+01
1.787402182181268273e+01
7.728104507654397537e+01
9.400564874600821952e+01
3.014086738043922509e+01
2.584979316904875901e+01
5.741525789553856640e+01
2.673583661869571060e+01
1.101153826976451171e+02
9.345845561469586116e+00
3.585909227357588236e+01
4.383178273926994706e+01
2.590771377546195353e+01
5.040147484466995564e+01
1.622676685072095637e+01
2.517018178575914433e+01
3.264043543590297247e+01
1.979662515756800190e+01
1.515730039943196950e+01
3.161254129971959870e+01
5.025485900580390108e+01
2.320225560293876654e+01
5.362515343113813771e+01
4.442233073148484834e+01
3.428729550200836940e+01
4.114159203631958661e+01
2.966417600501136320e+01
7.843604553973028715e+01
3.817050384608240421e+01
2.863490529580076327e+01
7.621203413379650726e+01
3.310784331925954405e+01
4.418275642134702252e+01
7.379281295735198398e+01
4.266527525806372267e+01
3.572617870062231304e+01
2.864208000263691645e+01
4.589427589836807186e+01
3.168573743792040887e+01
4.828016381162331783e+01
6.635945123066541385e+01
2.309564439582925033e+01
1.671612948836304824e+01
6.907580226657027822e+01
3.214991101143269248e+01
2.329245867188735630e+01
4.759469289376867351e+01
4.445860372210304234e+01
3.353303284362939962e+01
2.281580123662370241e+01
2.682495084742808444e+01
3.916976850523959541e+01
2.951693326134143547e+01
4.015556963153726144e+01
1.637758778759524247e+01
2.788868499450696348e+01
3.056569776890904322e+01
2.678510776281439831e+01
4.603994091736230843e+01
2.346968172942964515e+01
8.715128517592729906e+01
7.203706012145474347e+01
3.339983898839499687e+01
2.007574836055171730e+01
5.379483787908058190e+01
2.041684547915611603e+01
3.112117268729804209e+01
2.709781688655084508e+01
2.610357999159081288e+01
1.349923564504324247e+01
4.118364906900672651e+01
3.016406885573331564e+01
5.177058885311852521e+01
5.125928598606753184e+01
1.429942458947580697e+01
2.426443055194313203e+01
3.073914018756318711e+01
1.450865292965431408e+01
2.311820942778157573e+01
6.217934898737371441e+01
2.130928085847802933e+01
2.102482917497999182e+01
2.441563129786975495e+01
1.076254697007870647e+02
4.325927682515006012e+01
2.527250065690549974e+01
6.605049968163761775e+01
2.306681929131671538e+01
2.310949312514864928e+01
8.533777403307112763e+01
4.623481204365699426e+01
4.119889416963459894e+01
1.158975795409031093e+02
3.356294086335325488e+01
2.675736994712478634e+01
3.470334933260520671e+01
9.390757391832265455e+01
2.444878544724441127e+01
2.260976120836509651e+01
5.137286172402858853e+01
2.999672851290569042e+01
1.578874690720687965e+02
2.753676130854163517e+01
1.757793190858412302e+01
4.972874895981109944e+01
2.567183020590960041e+01
3.644835021042305101e+01
3.862526170063569708e+01
2.939053014716291656e+01
1.477753842806994022e+01
1.012921722565759239e+02
3.798470017234589591e+01
3.825991082279045941e+01
1.253311924669054811e+01
4.105305913127458695e+01
5.095575168297691704e+01
3.359807233753674183e+01
2.893983341641676077e+01
2.081803359588224467e+01
6.492684206615436437e+01
5.289510555926183599e+01
5.596780292520561062e+01
3.133870612216649576e+01
4.158128853174059003e+01
5.523943727248897062e+01
3.823693816465497974e+01
2.628684861062731670e+01
7.571045127660876517e+01
2.980714578132301895e+01
3.795580666807033765e+01
3.582582465810381223e+01
1.023972549638680078e+02
2.961969363386384302e+01
4.369462322827404677e+01
1.356072509952813121e+01
1.384544473507243012e+01
4.062623057055370168e+01
6.226292741214947313e+01
5.193653506828552935e+01
3.709196848166057947e+01
2.374025679382000931e+01
6.451453133920301752e+01
2.811705507154714923e+01
2.285958480469935239e+01
7.978116778924545827e+01
2.712445910003081906e+01
2.535744942121083056e+01
3.137495879122103304e+01
3.019091683340918664e+01
5.027334842907366408e+01
3.344922978487058174e+01
4.287123824227030155e+01
4.834109671471150449e+01
3.117028775802179297e+01
3.740997310046989099e+01
2.640705043234240179e+01
3.628571488953168256e+01
2.778359288223152390e+01
2.321023048432943980e+01
5.156957140772169623e+01
2.744763993354774101e+01
2.069333542976434615e+01
2.881977202697093432e+01
1.919177689774927487e+01
6.956222643400968764e+01
4.156063152758810020e+01
5.398478430481407031e+01
5.710943343037722286e+01
4.493246399514365663e+01
2.130231571496148391e+01
1.349055565218377950e+01
2.064726984553092493e+01
4.404524384273419457e+01
2.525129059490167904e+01
3.151417891286936523e+01
2.386116819883875095e+01
4.216153649543553428e+01
2.585607672293624049e+01
5.431876740461056841e+01
2.184523495804593907e+01
5.918858398248956831e+01
1.361174092386317369e+01
2.701243582735540016e+01
4.191183849126507965e+01
2.940934406610766061e+01
3.039115034490865952e+01
7.774626433033867556e+01
4.412185575592629050e+01
1.636883115989493831e+01
9.453946131205174197e+01
5.531827040979688093e+01
3.339679929862445817e+01
3.488664846417303522e+01
3.085803284170561867e+01
2.658535559003989235e+01
2.460693302925310988e+01
1.689657206931498123e+01
2.380894861317135636e+01
3.765968841192546535e+01
7.605375352758595398e+01
4.963936733797820722e+01
9.400507329328689821e+00
7.919883607318786289e+01
2.879027131472847145e+01
3.405559191075089842e+01
1.818271298628415522e+01
1.810735325778167137e+01
4.203697857752266032e+01
2.690407100469348123e+01
3.737920389474864891e+01
5.438945130651396198e+01
3.413694123964372551e+01
2.658396468487962494e+01
2.186246443758957980e+01
6.045527516648363786e+01
2.950694342879137011e+01
1.978321199715475487e+01
4.271109448878371495e+01
4.305414757752553356e+01
4.572090097093096972e+01
6.296897613423178086e+01
2.636494399068680750e+01
3.888359073561733226e+01
1.348436785472916810e+01
4.213803439557991481e+01
8.659260751550425539e+01
2.298837925139707394e+01
3.869913609755786155e+01
3.800371837876964776e+01
2.985861975055670925e+01
4.206751177960646970e+01
4.480809880561391623e+01
4.802230905019984419e+01
1.425938656155868678e+01
6.449236321119921911e+01
5.083316824600084516e+01
2.713171371067058857e+01
2.744012272704673094e+01
2.743451866907835424e+01
3.823852701191606229e+01
4.032760693359207238e+01
6.631328927495922620e+00
3.403615665411744118e+01
3.849066751713258583e+01
4.734176752920193820e+01
2.294459675481409633e+01
1.540475917658457483e+01
2.348997633124326967e+01
1.484361884413463173e+01
1.918557696735330609e+01
4.432262761969894882e+01
4.852623250596571580e+01
5.223241165007713249e+01
2.014536587125841649e+01
2.308016858297783003e+01
8.336954092489355617e+01
1.537533129007187149e+01
2.873838355583682613e+01
2.713828116313718297e+01
2.180645489455950781e+01
4.344080210851106472e+01
5.993656390001439149e+01
3.325721997931042750e+01
2.525104679175733580e+01
2.933269948510141489e+01
5.189470067867868863e+01
3.690287076894756524e+01
4.973114093338370623e+01
1.520021342245744904e+02
4.330861579387618576e+01
5.728587131675458721e+01
4.608631764025758315e+01
1.505751662564253301e+01
5.983558637451415763e+01
1.268710721538467112e+01
5.807771602500103114e+01
2.331247978215735372e+01
1.452887529389032650e+01
3.792351306362738939e+01
2.187003917786720208e+01
4.350260515212225698e+01
3.839884236988277877e+01
4.810576909308444726e+01
2.809964509888855488e+01
3.095688107912847542e+01
4.583553381456762565e+01
4.267883894280134172e+01
2.145545162492824076e+01
2.537210747121167387e+01
1.312142568720483382e+01
1.834776396851853875e+01
2.122183420041633184e+01
4.368895737303221694e+01
1.182032099739956443e+01
1.906172989789881100e+01
5.765889245240690997e+01
2.307010392594981951e+01
2.373360884720596076e+01
2.368184293459815493e+01
2.711281472569028139e+01
3.397807504362589981e+01
2.289880472541173972e+01
3.284649367470489523e+01
1.549635671654847613e+01
3.047054725536377262e+01
3.446187191070230682e+01
3.752450869205533479e+01
3.813572759251459132e+01
2.078053547052035910e+01
4.170872514194429925e+01
1.398629806732701297e+01
2.563865524182334354e+01
3.537420298356618531e+01
4.770969856554378907e+01
6.882967691934526044e+01
1.689446285908652357e+01
1.352643567347008435e+01
4.003900582254211571e+01
6.781931543730573253e+01
2.277219165958733171e+01
4.921169981102368496e+01
6.726342529398070269e+01
1.223053188269814129e+01
1.630089718241895724e+01
3.310101754486279191e+01
2.517973958029635639e+01
3.922817945427786412e+01
2.623735068805073212e+01
6.677864491337798825e+01
3.086334126563268043e+01
4.901650925271443526e+01
5.092574214160940471e+01
1.416681565536808662e+01
6.943130589349627257e+01
2.948453356876335008e+01
2.539497540537970011e+01
2.224072383526799612e+01
5.965247335213617674e+01
2.779709778035274681e+01
2.874807087408600026e+01
7.667728418461328488e+01
2.995469372016785314e+01
2.114575588571047149e+01
2.873867146517862992e+01
4.245049369326343935e+01
1.530001409180552052e+01
2.614627653099104876e+01
9.238536255541947639e+01
3.111256944914824984e+01
2.051756595780772940e+01
2.665560842485130522e+01
3.603694196088736135e+01
3.194642981727898245e+01
3.933404372944020366e+01
3.811024549268239525e+01
1.644025773492262843e+01
5.745215078320764235e+01
2.423002758692968683e+01
2.265989827786887645e+01
2.438767863316719087e+01
5.947435274825205198e+01
5.155735924250686253e+01
4.736099130611213326e+01
4.508219634476726867e+01
4.110741088338961191e+01
4.761595580007615069e+01
4.262305017955051767e+01
2.816723228846714022e+01
3.252788500597343102e+01
2.235400044359715821e+01
5.860341462068701901e+01
1.251477805806802834e+01
9.828694048238141079e+00
1.957175397316859389e+01
1.044736632883893890e+02
2.473924914197354141e+01
3.729526422025057997e+01
3.958991404788971380e+01
2.103280524954554664e+01
5.006651300570180751e+01
2.876486076538477832e+01
3.811593047210596552e+01
2.353174720815028920e+01
2.387749861893391667e+01
5.706613267116858168e+01
5.379097746538219127e+01
3.371577993396864059e+01
2.819456042388856076e+01
5.016970926730920155e+01
3.437083869112819912e+01
2.899259646357863573e+01
7.907683931351834872e+01
2.514394179775736760e+01
3.785576873264380282e+01
1.447508892870799890e+01
2.638545623702074394e+01
4.882540958596526792e+01
2.026260065851131387e+01
2.402910575526334114e+01
1.679718128391663612e+01
2.803418918226955370e+01
2.767211470725070654e+01
1.432077158044073251e+01
2.215535504591789007e+01
5.140308149136071592e+01
7.114765250644130390e+01
3.550637769699065416e+01
1.360599419351279060e+01
1.947303133289528176e+01
2.061366122882744278e+01
3.674253562645499471e+01
3.092252541933771326e+01
2.908493207741985742e+01
5.087214220893081773e+01
2.201442142480121333e+01
3.442373570361127122e+01
5.490977694299304801e+01
5.087269560269763247e+01
3.043998893964209884e+01
2.226400785382027792e+01
2.742960137513744456e+01
4.217952817408702515e+01
4.084030472017965963e+01
2.530804959169815760e+01
2.130872035454137858e+01
3.535071262740477493e+01
2.686312380919582665e+01
2.302857473093508034e+01
5.557774110231711973e+01
7.538542676230855477e+01
2.530658259300884083e+01
3.189103945944487606e+01
2.007889394911454062e+01
2.546442834888673090e+01
4.510486703683575627e+01
1.636633343330372625e+01
2.424069920104226128e+01
6.107099950507114983e+01
2.627304897898258673e+01
1.282772796876699672e+01
2.794819498798382540e+01
2.984705444834961696e+01
5.412996903653141345e+01
4.004019675901707842e+01
2.756274603862872397e+01
3.186757386378220502e+01
5.028554158486184633e+01
3.251157771406506924e+01
2.996663550627189210e+01
3.337577834367242247e+01
2.909322118222717179e+01
1.954831612217315850e+01
1.962514628145305196e+01
3.373498443265994240e+01
1.466707967804302726e+01
3.276364132895050574e+01
4.108089450269994813e+01
3.786633374649849060e+01
5.861901139911353908e+01
4.195104135442397819e+01
3.265911676088159510e+01
2.828937859857641257e+01
3.460613208144975061e+01
3.778631487851335180e+01
3.189369499379317574e+01
1.541334928703096807e+01
5.807844966885273408e+01
5.331693592439598461e+01
4.607393261140018836e+01
4.678349962014970487e+01
2.413590943650687493e+01
5.692558996310933850e+01
3.076206268062182048e+01
3.261615244071222719e+01
2.294534710227899765e+01
3.062672172447524588e+01
1.360793427879180584e+01
4.523772172453620044e+01
2.334062348713531421e+01
4.449273508981007552e+01
1.055825196221046554e+02
4.248458414552731455e+01
6.351513298835828181e+01
2.565302173182329781e+01
6.108367381477967939e+01
2.326297788879797679e+01
3.684533838057288335e+01
3.423853018809558080e+01
6.074886949197585295e+01
4.075817835093092611e+01
4.094626996509021666e+01
1.790123163693649033e+01
1.204782635769117860e+02
4.575333493832396670e+01
2.464847307824392786e+01
1.615411930676205188e+01
2.868019996065266142e+01
2.488076324181653476e+01
7.265632070187783143e+01
4.082686618641813681e+01
1.147156559443220800e+02
3.782362342678344902e+01
4.221635671779182530e+01
2.476762377751547106e+01
4.144584206275380467e+01
6.730786218605180693e+01
3.624341205727478155e+01
2.258249501843380358e+01
4.206401848004426824e+01
3.233457672576499675e+01
4.601925152520033180e+01
2.649894721778990103e+01
2.796953788903149274e+01
3.853581240050388601e+01
4.838315812383045511e+01
2.471720034278620659e+01
5.737813119559504571e+01
2.392930615191883348e+01
2.227111726083696297e+01
1.667871103292306856e+01
3.650005495237104469e+01
9.687234804740717209e+01
6.872659980242261213e+01
1.604098402660882527e+01
4.008923011094548627e+01
2.324920008208426125e+01
2.404048106303642385e+01
4.335311288633523219e+01
6.087132569098373125e+01
1.996033635667847861e+01
3.930261430909859399e+01
4.105259178376688567e+01
4.757726640764160209e+01
6.325347331002189577e+01
5.016785726033473480e+01
1.511063269579474877e+01
3.233895465731448837e+01
5.595861445890017194e+01
3.843622562317710845e+01
4.326812110337003503e+01
3.913977797490957755e+01
8.831008102624078759e+00
1.697727856294983795e+01
6.771264452055349636e+01
3.127806807623980490e+01
3.661765829840155106e+01
5.765797062156241282e+01
3.029654053767359301e+01
4.310655417764063913e+01
2.815075818973282296e+01
2.232202416330329697e+01
2.625512648211633859e+01
4.474501715892846221e+01
2.242975571668383949e+01
2.651396334404973487e+01
3.650959717568699148e+01
5.294908699179094924e+01
3.127441119751400578e+01
5.001890136367325113e+01
5.953491273207389867e+01
5.158291285391648273e+00
3.844414508433980870e+01
2.315117878632928239e+01
4.860100398376069109e+01
1.878328132812909246e+01
4.728891717783925941e+01
1.429927237560201014e+01
3.619764365213389112e+01
3.569898948374689951e+01
4.043208157097142674e+01
2.801972943073291944e+01
4.128812696654816250e+01
4.929674624226981194e+01
2.453644924054873400e+01
5.655827538210399297e+01
3.338359826001639163e+01
2.510730492369188838e+01
2.327197112275366209e+01
7.838870643683746664e+01
1.573451757390387939e+01
4.460221614463072370e+01
1.212938999751159841e+01
2.966253274763833758e+01
3.081854291181766570e+01
3.368183925949018942e+01
4.668881799699181556e+01
2.839425979491161200e+01
5.994883683599665858e+01
4.354983039275714418e+01
7.134991085305496483e+01
1.956942884025247764e+01
2.531444075798244597e+01
3.705343064673643028e+01
2.804351369308177766e+01
1.006622279562697884e+02
2.254536972488114088e+01
6.391630084280797774e+01
3.369836245482455439e+01
4.126912392086347126e+01
1.931816156148642705e+01
4.218806242086100866e+01
1.810059711456499087e+01
4.685341764177436374e+01
2.188183941147175204e+01
2.043556661250828910e+01
5.139237997395138535e+01
3.051629812274446962e+01
2.773752397808823744e+01
2.265185345890396107e+01
2.229705678241408506e+01
3.106509848954947017e+01
4.435996177623516701e+01
2.278431935787421381e+01
1.281736531370658838e+01
2.476753993107156049e+01
2.249530380997681078e+01
5.032960034569142493e+01
2.623190051975718262e+01
5.915942381703625585e+01
2.957291862972988383e+01
5.154657042833036940e+01
4.822894289453136452e+01
1.804432866760540932e+01
2.692598035863203876e+01
4.658111716247959322e+01
1.459874800132321226e+01
2.735578704215719270e+01
5.394031878143623260e+01
5.935622683875068617e+01
2.678413311240074179e+01
3.785287004610158590e+01
3.756599453347389783e+01
2.501680994830472926e+01
2.037504598000619183e+01
3.271757910985640905e+01
3.302463910966248761e+01
6.203551465115607755e+01
5.146559783262926402e+01
4.298675683935562120e+01
3.943788212638429513e+01
7.671009346029323694e+01
4.835632504645668206e+01
3.520440942594845524e+01
1.071659861152022444e+02
1.919524255246792421e+01
4.616271490989379345e+01
3.574436136359005189e+01
4.256877734084952181e+01
9.503591682448292488e+01
1.837993048977244115e+01
2.983863297973736195e+01
3.513535077770458770e+01
3.647609819227055539e+01
3.535357403184907099e+01
2.421806138458967439e+01
5.028129552031209926e+01
1.880166984451629375e+01
3.223731372338600210e+01
3.138446267785789345e+01
1.699133250587460253e+01
2.351627421233184378e+01
4.220991971152169953e+01
2.693458067997026006e+01
5.496812055930030994e+01
2.208447620071765627e+01
3.482636235980751138e+01
1.394061505183922911e+01
4.561506150097100942e+01
6.938878930382945498e+01
6.291030535936233292e+01
3.062980548739303188e+01
2.416446647526728242e+01
3.021345634037349370e+01
3.794032751832667572e+01
2.264133792075260132e+01
2.746312268209071661e+01
3.545797566273571988e+01
8.167087275656918166e+01
2.026030701809172641e+01
3.327742256002029819e+01
3.451404245807027138e+01
2.745213895883292565e+01
2.400907505619931115e+01
1.968868432284645920e+01
4.125178794459831266e+01
3.898164515703190602e+01
3.425888919975286484e+01
3.542744120843818223e+01
4.579887849245695008e+01
4.648528069967787957e+01
1.985065682496306394e+01
2.087791874652279134e+01
2.393762259178306095e+01
5.834148384617333249e+01
3.769156454953121482e+01
1.956111413998851134e+01
4.281695307976221443e+01
9.721741810531645456e+01
5.657927162123251463e+01
4.068750190734019867e+01
3.788021106991696740e+01
4.282638144162481098e+01
7.884991442061571831e+01
2.369035040194000885e+01
2.226175761469049164e+01
3.332341654748798732e+01
9.160746208292306392e+01
2.629266797390556931e+01
1.133600494904870288e+02
1.582681765933618045e+01
5.486801530796068249e+01
3.965171948797315338e+01
2.214152195567278980e+01
4.987992017024050284e+01
2.089888715648197248e+01
2.939767134908974811e+01
2.305274948668514057e+01
1.044722715789537943e+02
2.830718433457763084e+01
5.244242395038789795e+01
4.685873718654580955e+01
2.660013060933687257e+01
6.341182046791866611e+01
2.838490376073302457e+01
2.983682975676902771e+01
2.556745490244032126e+01
1.703580492918811373e+01
2.540699070720568997e+01
6.199449272071638006e+01
2.663558868474228802e+01
2.224692190543359871e+01
5.349186743674931677e+01
4.090208462492986996e+01
3.704795986738228919e+01
2.861554948415343347e+01
2.931747377015420497e+01
1.831988843191941640e+01
3.549181907616664944e+01
5.295393916351379460e+01
7.203044508925280809e+01
5.508028517704884308e+01
2.098076627021134044e+01
3.945824608183844617e+01
3.082745304708761225e+01
2.119038630679106916e+01
1.915964976520325891e+01
3.981971669081641352e+01
1.930055773356509263e+01
3.559922308393698387e+01
5.102831583768890766e+01
4.155636255345778807e+01
4.075658912332132644e+01
3.999452530239041437e+01
3.693766683195634215e+01
2.916904075323805401e+01
4.029547112164858902e+01
3.750825207850477483e+01
5.545683138231490261e+01
2.265913034486943900e+01
2.313055744966743887e+01
3.100414013678782155e+01
3.973338863321717440e+01
4.230881496685071852e+01
3.281317520927738940e+01
2.657061835798230831e+01
1.949935674129945440e+01
2.932593068521200763e+01
4.796226022903274355e+01
1.836467276186978026e+01
1.641129863694713364e+01
2.974354404847163380e+01
5.470021582566811702e+01
7.942578033522090131e+00
6.045956014844946935e+01
3.325901861994725550e+01
3.365290115046355623e+01
2.884646094478862111e+01
4.716107417101866872e+01
6.533796615133556429e+01
1.448377462304878449e+01
4.475796894829586137e+01
3.691471959300037753e+01
1.610253816915872704e+01
3.656934028638588075e+01
1.550941231583187907e+01
3.974799631414300194e+01
1.657782424857571613e+01
9.206371320807261327e+01
7.462034441073262769e+01
2.418925178128237974e+01
5.532711241231678656e+01
2.964388947445002742e+01
2.157056416487166217e+01
8.074131782911248933e+01
4.214537847135377291e+01
3.070162885817769194e+01
6.251278220943254382e+01
3.528292418637524008e+01
2.060825327608018398e+01
5.608812604274231717e+01
2.905385827729072545e+01
3.660410866259515217e+01
3.674019074743466717e+01
3.575872418695846022e+01
6.487295919851844417e+01
4.913764948403875366e+01
2.912684762117078208e+01
4.433074600684675204e+01
2.597663618753204773e+01
3.464779139232300764e+01
2.710258798490398391e+01
3.518663182673065393e+01
3.573673255470917809e+01
3.941264675711351373e+01
3.599737209886833256e+01
2.994197485785496582e+01
6.655784458629860012e+01
2.104198864221200793e+01
5.521084400410615700e+01
2.590993012702149301e+01
3.515870607182500862e+01
5.024368586998456720e+01
3.924732401734813436e+01
6.829377659306661030e+01
1.078732573613100669e+02
3.613832806375217643e+01
2.832132791187935439e+01
3.200763400747830190e+01
7.106223368617497727e+01
2.068861536220653008e+01
2.533523933302489084e+01
7.225879597647002583e+01
4.883059866391018033e+01
4.686226033665692370e+01
4.811883984971301231e+01
3.716756451407747619e+01
2.367625177751438770e+01
1.941412362731428587e+01
4.030379335312806433e+01
3.328475645417503159e+01
4.166452465742535338e+01
3.156784525055394397e+01
3.004705177607009503e+01
5.665021646984881443e+01
2.658357941585370554e+01
1.427145298898308745e+01
5.059235916975730873e+01
2.397620211559186387e+01
4.100569292452492220e+01
3.387504213967478250e+01
2.551714929779480201e+01
3.760555902971463382e+01
3.770629034358402976e+01
1.999362127118249077e+01
7.162734216043510571e+01
5.255374633150800889e+01
1.481369573758312264e+01
5.102563776120906169e+01
1.790159084276010404e+01
5.567214788875357812e+01
7.412427458947536252e+01
8.008934514910160374e+01
3.715976178913351191e+01
2.861764854684730963e+01
7.599090394096464252e+01
1.632037714537584705e+01
1.261084963083429926e+02
2.549449797045542709e+01
3.716838460910928177e+01
3.800199953278919196e+01
2.431677623876413463e+01
3.868832381091753803e+01
2.315186516259951688e+01
1.639455367705043543e+01
3.573435791703374775e+01
1.661423376744099301e+01
4.705439628127957974e+01
5.213021397365940857e+01
4.325848522642922944e+01
4.542567232949186007e+01
1.982456367559124999e+01
2.933348506159875058e+01
2.371123888861957596e+01
4.880774195841338070e+01
3.345524085858314578e+01
8.472281417417920579e+01
4.009822122117660825e+01
1.110793743282492407e+01
4.624621913699064635e+01
5.026050032663299305e+01
6.537677008183921146e+01
3.064642724249199190e+01
1.582038374788546520e+01
3.338048812021555278e+01
3.403106582707592054e+01
4.886998905736117393e+01
2.894285451940448084e+01
4.023579393952677208e+01
3.334208833424940366e+01
3.500174521292362328e+01
4.448823306570938030e+01
7.534108192809031834e+01
2.117531185155651130e+01
3.470532999882649960e+01
6.586919477371620246e+01
4.501390873340961463e+01
2.487550830792760337e+01
3.738656602179668198e+01
4.566088414920604777e+01
4.818677650728523787e+01
2.996321611414846942e+01
4.656900865866886363e+01
6.981095777162464344e+01
3.797591108567927876e+01
6.593725205414081358e+01
3.763178219981549688e+01
3.709852588594360867e+01
4.668921453486215967e+01
4.086116827122587125e+01
1.320960811788202705e+02
1.821137170384463388e+01
4.099622035363630346e+01
2.178762738870548787e+01
1.658068943756733304e+01
5.227533260714006502e+01
1.532381164773630822e+01
2.175279013995839605e+01
2.846509311674481779e+01
2.966918695700504571e+01
7.831370664167677376e+01
5.900842911470728325e+01
4.497699389665810088e+01
1.415245046714591126e+01
2.288694624647563813e+01
2.301954162682442728e+01
4.146615496392195865e+01
3.764555042412317931e+01
4.354044464748085375e+01
1.803971792630718696e+01
4.397577482124961534e+01
2.575030120782225040e+01
1.560542150689887109e+01
3.792351674409681550e+01
5.069615026231708299e+01
5.220538500926672754e+01
2.161862238878876852e+01
1.277944972932588819e+01
4.788372200334801221e+01
4.560621151540357943e+01
1.401559975989877849e+01
1.617877950091537187e+01
1.956238662821880325e+01
2.192626014718441851e+01
2.249570143063927574e+01
2.354095590371441205e+01
2.957507243758325188e+01
2.145363242487318090e+01
3.741841594693426742e+01
4.643084938570693510e+01
