7.740372393853553490e+01
6.868566822799883198e+01
1.116328780515935648e+01
8.909389234115394629e+01
5.513464553280441294e+01
4.518588879812567427e+01
1.457012676218596994e+02
2.456307003651341958e+01
8.355381006342948069e+01
1.389283412411422489e+02
9.056737957297404762e+01
6.865010382470221373e+01
1.233337528007268844e+02
4.937852076831048009e+01
8.441497965291452488e+01
4.934126281393822921e+01
5.039430195552453995e+01
7.541145819428355423e+01
4.364110645249419917e+01
6.546716981713150574e+01
4.488055581032011077e+01
1.156990115835645128e+02
9.164077582898731578e+01
2.474792134002834842e+01
7.401600974292814783e+01
1.599591510577551468e+01
8.824966810599205758e+01
6.692195656716810959e+01
1.476911658229746251e+02
3.519362870964472734e+01
8.909546469151510451e+01
3.207224528831417132e+01
5.114879690279993696e+01
3.959296840258279104e+01
4.705891496256132456e+01
1.125760153811484514e+02
4.447181906930278217e+01
3.313935213563701154e+01
9.946674083055921756e+01
7.005028390560006812e+01
2.888816689765372558e+01
1.565276581281304118e+02
1.099932404980527423e+02
1.638629262489910232e+01
5.474280308514838822e+01
4.313559559388961873e+01
6.926300712244650981e+01
6.744130295670339592e+01
9.801817683248847857e+01
9.952920677663517779e+01
4.327923330049143402e+01
1.248655938828491827e+02
3.045781691036947691e+01
3.398875460860210751e+01
1.534875836910732687e+02
2.446299131516032332e+01
7.216382522726863158e+01
1.799195981422939212e+02
8.396064535411589702e+01
6.113718921396552730e+01
3.133150178782080886e+01
2.310602758928881428e+01
2.775888443398962835e+01
3.557925076113798468e+01
5.217840092940883778e+01
9.928000189559526234e+00
8.076525075698192779e+01
1.695116550382927656e+01
5.672822212961224864e+01
7.128816754702155833e+01
4.920682292459868279e+01
6.369312560294698500e+01
8.607739267661443705e+01
7.681592729292441390e+01
9.771077471465939368e+01
4.339891890219649895e+01
2.117416555853914772e+01
9.621831093874293117e+01
1.611650587532588759e+02
3.509390247890453196e+01
1.293604933626930347e+02
4.648567331547072001e+01
6.732795595752943996e+01
8.091956398337553935e+01
5.499998677181510942e+01
3.162090473429456949e+01
8.872386412513266407e+01
8.932028141598122772e+01
5.827369276477526228e+01
2.091139849913585280e+01
1.089268696378646553e+02
1.424686199890683191e+01
6.680937616304711923e+01
1.828974844527333943e+01
3.641774577196413532e+01
2.749608230572059711e+02
3.325324001474327673e+01
3.251045091882148199e+02
5.386266019877405853e+01
3.488829675766653793e+01
4.270338392887223478e+01
1.192026582092534426e+02
8.383849355941937631e+01
8.732106360621634167e+01
1.394736404165302588e+02
1.276876292409601632e+02
5.217028023173638474e+01
1.295440210314432079e+02
8.561536954246953712e+01
2.148906903493251264e+02
3.682362647031528979e+01
3.002960957140136244e+01
5.006701094293009646e+01
6.051515222135380867e+01
5.592849814188311797e+01
1.115758284416385493e+02
5.228273135189252230e+01
5.134795518397725544e+01
1.870491647971783493e+02
8.328739453177547603e+01
8.834431451974306526e+01
5.984987001070449253e+01
1.092573251225078650e+02
8.064321291854854223e+01
2.837677637880156567e+02
5.853646390231411800e+01
6.522054812177474048e+01
1.436940542215464234e+01
3.004382862890576007e+02
6.599141073666876878e+01
2.121570011907056994e+02
2.896840789385354498e+01
1.740046429146060234e+02
1.028277809596365842e+02
3.490499931743638484e+01
6.861909794710210519e+01
8.984361576295339091e+01
4.483451955944182998e+01
5.729639862980121023e+01
4.316941258948518367e+01
6.524145258783016743e+01
3.782923903185296410e+01
8.157967669719258197e+01
6.874674605988052178e+01
4.135780203754728035e+01
3.953033575983474748e+02
5.085074700713300189e+01
7.303033054236344412e+01
1.069743286796884263e+02
1.526029202284680082e+02
2.031232047887212744e+01
3.023869260440254436e+01
3.662785183886082763e+01
1.015863674458151849e+02
2.489615647043215318e+01
1.160409846042314115e+02
3.161912540477425182e+01
9.091546508527166282e+01
7.296691596903126253e+01
7.450089435100798596e+01
4.015165575639860407e+01
2.008934799387227201e+02
1.197027161798047388e+02
5.645417544458273085e+01
4.083694042384285439e+01
4.765758285210038281e+01
7.130949810259006938e+01
6.227596735756135615e+01
4.956817665360915726e+01
9.269877013243616659e+01
1.011239209657093028e+02
9.323563714099320521e+01
1.133763621261067556e+02
1.261560403638639656e+02
6.277663906822838413e+01
5.309130714300903264e+01
1.999580255822334252e+01
3.057563348931074643e+01
4.516164342064018911e+01
4.362513398811726262e+01
2.991381621788026735e+01
9.733377590825006109e+01
4.506090785109996233e+01
2.530279749710102166e+01
6.546422320029917330e+01
1.022650487971309161e+02
1.861931931303778640e+02
5.016435329968664547e+01
3.611527709458561475e+01
4.141589911232821919e+01
1.152123860450429049e+02
1.014950862517920598e+02
2.003096234941813236e+02
8.621983000384045681e+01
1.257657132994182945e+02
3.455533628633914844e+01
5.700950006343460075e+01
3.384185210468432814e+01
9.298301053508282621e+01
1.203959498498079910e+02
7.145596186213977319e+01
4.295473531279288437e+01
3.677287913803893105e+01
7.605532487601912806e+01
4.663744111822887106e+01
1.045734332097940182e+02
4.886478731093505701e+01
6.010030596733970754e+01
1.769030278233491060e+02
1.112706438787740240e+02
1.052781383713523979e+02
9.664379475452899726e+01
3.611802438585867492e+01
6.399429138777949078e+01
3.047278557578523817e+01
2.708806005438299636e+01
8.283730850826957237e+01
7.911430758982420741e+01
4.370866636263694005e+01
6.744629077689218377e+01
3.832807832068585441e+01
8.628674897140845701e+01
1.621611795909801401e+02
1.873676730899481413e+02
4.471247647688122129e+01
1.320150817628262985e+02
1.160787433062408098e+02
1.397018461037751536e+01
1.008724159826226270e+02
1.633006046908940903e+02
4.946771994688651830e+01
3.923697395530828658e+01
7.883517724001652027e+01
1.235156061084438619e+02
7.946071641726524604e+01
6.390596957034900072e+01
2.860288473969200851e+01
8.846618466890383559e+01
9.382444756082028903e+01
1.382243814697761479e+02
9.888313158749512866e+01
2.847337799471465658e+01
1.450081887612498690e+02
1.194716978571058661e+02
5.804419752192043802e+01
9.504626041853060769e+01
8.781527381673895150e+01
1.495368360513873256e+02
5.058326409199958107e+01
4.877166068849098224e+01
4.664513324554874885e+01
7.836707248230027290e+01
6.917098124601102427e+01
5.007083620730791296e+01
2.855872986047004503e+01
5.301591365404897260e+01
2.326971934969940037e+01
9.405509709678206320e+01
5.469391115261979053e+01
3.574324227592940417e+01
1.114928867812689504e+02
4.565971940506543092e+01
8.668748389448117564e+01
4.222436147944986118e+01
1.093934483910586550e+02
8.810515186275915767e+01
9.180818896304811005e+01
2.395507287459783470e+02
4.244257074322698031e+01
1.313466333502561270e+02
3.892130285818343083e+01
7.758236192382032925e+01
2.791759835813103052e+01
3.698993629525937621e+01
1.619194484826276437e+02
1.759834931079705598e+02
7.859226931941498151e+01
1.580855652880962054e+02
4.322479588737543565e+01
2.262503319192154549e+01
6.267697827145043021e+01
1.213915439077714211e+02
9.015439195198746347e+01
4.170911932572752079e+01
9.314224747396383464e+01
1.762291927098632129e+02
7.308294823044643351e+01
1.118058818797326666e+02
5.232543839674297459e+01
6.942458060016521415e+01
2.826187414548672550e+01
1.017817020566972701e+02
8.375324070736047588e+01
5.761179830590972983e+01
6.437797587906307228e+01
9.717021510984271515e+01
6.728700269447195126e+01
5.087087673728994730e+01
7.680702816854561377e+01
9.751105913172369810e+01
7.073826313554756950e+01
2.307755630655140919e+02
9.578723769588486903e+01
8.316929315946087797e+01
2.043557469544392191e+01
1.215006678596799503e+02
5.871668080587608785e+01
2.844475254618259186e+01
3.636994592434069773e+01
1.391261912878179317e+02
1.573052078496996273e+02
7.593886496093095673e+01
1.697691341547776744e+01
4.464338943104554858e+01
1.384292253415524669e+02
2.460420673078142784e+01
4.929970759190769769e+01
5.704955072629957868e+01
9.427900913212711487e+01
4.496974145727815397e+01
2.294403035402062940e+01
5.036446816249882374e+01
1.572473310991693154e+02
2.054327487418854616e+02
4.073320641214538540e+01
1.626156827508859237e+02
4.906281855639998923e+01
2.231645043346530599e+01
1.397533616806324233e+02
5.980003889594735966e+01
4.091649601402237835e+01
2.510178573683982677e+02
1.253494269800108043e+02
3.634201111186882116e+01
1.331915113867106868e+02
7.225110493305540160e+01
3.008683581275312235e+01
5.759456912207635781e+01
9.454364076277761342e+01
2.555838897838660984e+01
5.104266503331374594e+01
4.143397108496465080e+02
3.281823370932673356e+01
5.522341015995033331e+01
3.574190758927202438e+01
1.098630518976843859e+02
5.321154636361085011e+01
1.879898363577854923e+02
1.581064653565960612e+02
5.437718626684147694e+01
3.888807800739660081e+01
2.001373090876761864e+02
1.969963580806464734e+02
3.015717707825595184e+01
1.476213725800590453e+02
4.536236543889868500e+01
5.700904035546782467e+01
7.344925577288292118e+01
1.192573326646862029e+02
6.885784572489566813e+01
1.542905101825332359e+01
7.470177599235192645e+01
1.236452332745977998e+02
1.359210186192659648e+02
2.579250834789456448e+01
5.415993468880125761e+01
3.050873264954763542e+01
4.676936737665825206e+01
8.970728458839896291e+01
5.962748955934648620e+01
5.797660973530824435e+01
4.005340279084608568e+01
3.792655439824359576e+01
1.000829975533549572e+02
2.759577385033221120e+01
5.822255607180620274e+01
4.131465565991268107e+01
5.514935764906393700e+01
3.584747579844662368e+01
3.065778027417407614e+01
2.055804834578747631e+01
2.481106100888905530e+01
2.189610514359607052e+01
1.224910301505305483e+02
5.072973904742718076e+01
5.217480484143138142e+01
5.007644099349380440e+01
9.916901836074892174e+01
9.695675892992063893e+01
5.438611093905343807e+01
3.155454882757277701e+01
2.987120181028101840e+01
6.417234160852665070e+01
1.139439650680401144e+02
1.992331448607178856e+02
2.006656958188597173e+01
5.705403921313354942e+01
6.986155526531493365e+01
5.560869162637312257e+01
2.644835453805213632e+01
1.242593965903149780e+02
4.068337598360392349e+01
1.774006246795314894e+02
4.632655483269423513e+01
4.219893768168837767e+01
4.163684369209982350e+01
6.051556920745510126e+01
7.177693076401112648e+01
3.357737296726030962e+01
1.504374341391101098e+02
8.766812105502624775e+01
2.033625839859089410e+02
4.984979146382146098e+01
1.019305096823461838e+02
2.173569517126124993e+02
1.472907403389886838e+02
2.574409432136218925e+02
2.104302853110825140e+02
7.003227275988406575e+01
5.297345135567051244e+01
2.947341535386318156e+01
3.931476821785688003e+01
7.044502570179156464e+01
2.912004000637634960e+01
6.516384256257654783e+01
7.960187894336108627e+01
2.390551450391406973e+01
7.010036576932095898e+01
1.619075944284567470e+02
4.872036094989586985e+01
8.273815708299913751e+01
2.625173267404749566e+01
1.685609579050118896e+02
4.139462893991483128e+01
1.106303223529299942e+02
6.910262155279168894e+01
2.497689172859235782e+02
4.063435718324948454e+01
1.361004128898384806e+02
5.958648518642861802e+01
1.175416680109897243e+02
1.296184497901005557e+02
8.229138295169464357e+01
2.871790481049707111e+01
8.276808550631015748e+01
1.204230580658743044e+01
6.830047958157173582e+01
7.917104976678285766e+01
4.478394798070987548e+01
1.166068226209739578e+02
6.881347095704748540e+01
5.828352490103230821e+01
1.484111947268918286e+01
9.954096948058463568e+01
4.823889255054834280e+01
6.576167572741901779e+01
4.085136979184341754e+01
6.333289966287019013e+01
8.502678590080120102e+01
1.791616357741759202e+01
6.531571514086351726e+01
1.485091480986983754e+02
2.444442192587721152e+01
2.712272355846875271e+01
1.635779530375252762e+02
8.740676581848094884e+01
3.213387409645493875e+01
2.355351154287510269e+02
9.537097361498013015e+01
4.182211692996538943e+01
9.688421996280651172e+01
1.964305085884402757e+01
9.469246070772591395e+01
1.220823832138101324e+02
1.973686192470478318e+02
1.823368910614698848e+02
6.440166295284136311e+01
1.683431090148755800e+02
2.724393135250185765e+02
1.349283133657010865e+02
6.305258553519620790e+01
1.005715658441571634e+02
2.786783545685108621e+01
7.762682793060844233e+01
9.630844847324671321e+01
7.159475812124705385e+01
1.624590991192990543e+02
5.669376730910047257e+01
4.438236769688492700e+01
1.740665377523983182e+01
3.567432493306873198e+01
2.047233812009525877e+01
1.746540186720494958e+01
1.533919581873956304e+02
9.022819451494235921e+01
3.697386264495647623e+01
9.747377413383178180e+01
3.406383260766718877e+02
1.678417247415221780e+01
4.616652147167927467e+01
1.390099645878081560e+02
2.453087875114856331e+01
1.573283663909716950e+02
3.073933059646329369e+01
1.184143600489569437e+01
2.382883423480803131e+01
1.300564621748856098e+02
1.982937299927640495e+01
5.418096515975985028e+01
5.166230045321172781e+01
1.024690089306845522e+02
2.670722015963515972e+01
4.256269856497480930e+01
8.911300667503839179e+01
7.371517637892202401e+01
6.599113632325104106e+01
5.581235161490992169e+01
1.916162154696707489e+02
9.594159114160849811e+01
1.275737876717779073e+02
2.658854725163239507e+01
3.441866926263787718e+01
3.217879482503703770e+01
9.934111019186948965e+01
9.472422428349855750e+01
1.058112642135885864e+02
1.047346053261942984e+02
3.520397653864964838e+01
7.656207182277694301e+01
1.067336994639187111e+02
4.216504761180141969e+01
3.479542882138423465e+01
5.179363945337971842e+01
3.017091435398921462e+01
5.634457108929422020e+01
2.075956387953520732e+01
1.838699929000663502e+01
9.269018423188643396e+01
1.262917018542063801e+02
5.127088897282038715e+01
1.361735695667870232e+02
3.941183248425310381e+01
7.755367964419838245e+01
2.796814730436834040e+01
4.586485439797680641e+01
6.016897638239697699e+01
2.005195095904830183e+01
3.870815889880592664e+01
8.155274872540277897e+01
6.335359650825147781e+01
1.290086661633934568e+02
6.417592041455920082e+01
1.182808807413307193e+02
7.010422748884312227e+01
1.499047749218901693e+01
3.824394501411521219e+01
9.872758655691941954e+01
1.153366972684061977e+02
9.599769543713605913e+01
1.364210361672093086e+02
2.364355166656466523e+01
1.729924839211275298e+02
1.221846444895542732e+02
5.446268231339045229e+01
2.432818466918984868e+01
1.056957682298648109e+02
4.832431374674936819e+01
2.754865949354259769e+01
1.348851252419688649e+02
2.023873229474596656e+02
9.885274690563096556e+01
1.463880517556958409e+02
1.239940809915858999e+01
9.464121693553302350e+01
8.798962754397724950e+01
6.397178731214656011e+01
5.367229091677877051e+01
1.418206897086296294e+02
2.038733053155300468e+02
2.897185148407764999e+01
2.681611064573868219e+01
1.023155629915316496e+02
1.581566049287957867e+02
3.323571412814199277e+01
1.603660685719971752e+02
2.823764465999381557e+01
6.746463403342376353e+01
9.150797355372058917e+01
3.165938553711726513e+02
7.163935518706077232e+01
6.865995099550373482e+01
3.448695163404742203e+01
5.399360702419676272e+01
3.467937027877263034e+01
2.625061245128044263e+01
2.462651139878794027e+02
8.465615593921927484e+01
2.043331591560556504e+01
2.332435935735333317e+02
5.473924787184317609e+01
1.268052859441805253e+02
6.640327340339203488e+01
3.781308950633446102e+02
5.473789725217693558e+01
5.642273370435272994e+01
4.421476893708990730e+01
2.974180453856618556e+01
1.501874478325366056e+02
6.527841226936851626e+01
1.479473309217974304e+02
2.688622317900297176e+01
9.375639541140054689e+01
1.877683716978290818e+02
5.849194328644529151e+01
6.796460435639679076e+01
5.395008374470612011e+01
1.154151067484622928e+02
7.398779094098848930e+01
5.817097833960403364e+01
5.645514043142474492e+01
3.243017642931955180e+01
2.146848286782994819e+01
4.202223858686300417e+01
1.057367561440604220e+02
2.354202971486891158e+02
7.357287859946508490e+01
1.010399082666222910e+02
8.936877929510683316e+01
4.240362283442797064e+01
1.988679743665275339e+02
4.562266456950064963e+01
6.233600151707859283e+01
2.549901557822570197e+01
2.586712450455789849e+02
5.458833828411087552e+01
4.120190739372385735e+01
1.511422728009971195e+02
1.199206236646588621e+02
4.036281494578686591e+01
2.215180130149022375e+01
1.969674301897005719e+01
6.045351325003048260e+01
1.478292818372155182e+02
1.230723625661938030e+02
9.270131636025135435e+01
1.690082077489483936e+02
1.551284627771873375e+02
8.459837217680846777e+01
1.328696968386909987e+02
2.334738367346884758e+01
3.734275462731165618e+01
1.063276420407875804e+02
4.789254965637719152e+01
1.675922951916412842e+02
2.459476279226509732e+01
6.554848193882833129e+01
6.408696792442137280e+01
1.575244581394526620e+02
9.747171640393067094e+01
7.004707255157380530e+01
9.100371944861467455e+01
2.775699617223699178e+01
1.721952365275024874e+02
5.189250101400552495e+01
7.730259767944292548e+01
7.556858980717031216e+01
1.857201158922246620e+01
1.264162495893228595e+02
1.296805305382622464e+02
5.786981369212136883e+01
8.911588348730360565e+01
4.881559475125951764e+01
9.293311152877609516e+01
6.833426731667971410e+01
6.830526248382635401e+01
5.200912474946488118e+01
1.029737969859692157e+02
8.699540121474059617e+01
5.252746342460100948e+01
5.295806263761782162e+01
3.594320066364364408e+01
2.920545428622944684e+01
7.928850706034863549e+01
4.869431212462016134e+01
5.049942070111613646e+01
8.802721661422972943e+01
2.615958641918102145e+01
3.138333461061133178e+01
5.235503913186823155e+01
1.419421152113129914e+01
1.095624244710138555e+02
4.873559189074082809e+01
8.052185810566093949e+01
5.529977988902400199e+01
6.069528277293183294e+01
1.706132732740794822e+01
1.816746492931292778e+02
1.508451963957342912e+02
9.335799521947701862e+01
1.810045373137909053e+02
1.059446335703202209e+02
1.155250129587347772e+02
1.329046939156681901e+02
5.888424772201432944e+01
8.787966928903560415e+01
7.505645699297986084e+01
1.078919776121056771e+02
1.570546929661641400e+02
2.225826055695938877e+01
4.004252392279755668e+01
1.243522989882398235e+02
7.134426341485493595e+01
3.202482208679536768e+01
3.072590878497812383e+01
2.381403285774987211e+01
1.367881160370548912e+02
2.507990634721406593e+02
2.200590483884754747e+02
1.320694094249791419e+02
9.235681784638953218e+01
1.504858693344108076e+02
5.471017608360393325e+01
1.567774496744627015e+02
3.422056406068116274e+01
2.261249393510323458e+01
7.631948012786656932e+01
3.531617690055045244e+01
1.819959621280332840e+02
5.028713166410806679e+01
1.772507163863116730e+01
1.987577313347063068e+01
7.671424007268551293e+01
1.006555463576077329e+02
1.519562958123683245e+02
1.082157733536059112e+02
1.036506878444962751e+02
1.010949017675387864e+02
1.561126617031833064e+02
2.168013224179540543e+02
3.217430449349106425e+01
6.491553505903807775e+01
2.046674676427808492e+01
6.553222256575547533e+01
1.742964408134666883e+02
3.591687730177095261e+01
1.600278075976827807e+01
1.180413688583502392e+02
3.166172482256300569e+01
1.407769198963252677e+02
5.225535338531458507e+01
8.044255189674024109e+01
3.157310780245781956e+01
2.176537395945925013e+01
9.466990110876159292e+01
6.619916022063324590e+01
5.061044941027247290e+01
2.837824473676629822e+01
6.652458831558482188e+01
5.316045488088946769e+01
1.046151718116532834e+02
2.528785155552268193e+01
2.346836271660087547e+01
7.255901544448208540e+01
2.645763871715190163e+01
7.292983844919197622e+01
1.354613940883788530e+02
5.073335934152481741e+01
8.008824861828979635e+01
6.501519416220601499e+01
1.376984206402493385e+02
5.752187985893965561e+01
2.169425300967542398e+02
4.347678449531694866e+01
1.539182789571955254e+02
1.511827020287765606e+02
2.557151873395434549e+01
4.984316576491901429e+01
9.928149132367364871e+01
1.844457676910389665e+01
3.739097324009262024e+01
2.065238990660709817e+02
2.754456976545920384e+02
5.596882289433503388e+01
5.329843298437054244e+01
4.086805621125931509e+01
1.776157771333985522e+02
6.471442619074960589e+01
3.294027782454144671e+01
3.170822558533452451e+01
6.836472129425389710e+01
4.778228310485942387e+01
8.147001510422867909e+01
1.340229352889450354e+02
1.173726353343422204e+02
1.555003885181737076e+02
4.705512120662898212e+01
2.800479970755041847e+01
1.429195532940159694e+02
5.460840752414920729e+01
1.539584465570431462e+02
5.772921900909755522e+01
6.249657498084989982e+01
7.557985377995522924e+01
3.627093934337423065e+01
1.391306073776767427e+01
2.280397280310064545e+01
4.163872986534178011e+01
6.576772141098089719e+01
1.325026525499401941e+02
8.725182778459634392e+01
3.870405700530088922e+01
2.704574625336487514e+01
2.494865683810024493e+01
6.324467846409782368e+01
8.553254423433705256e+01
2.280598507488286941e+01
6.891636566084794424e+01
1.032332560913077941e+02
1.335660327453699097e+02
1.555631176287472215e+02
1.252870466578252291e+02
6.598092078028717822e+01
8.972551231076890588e+01
7.748065320408564105e+01
5.792985768166314386e+01
7.913088295466759803e+01
1.755341540392591071e+02
8.161785818760071720e+01
1.374408160180642824e+02
3.117505730162734423e+01
3.050120748069976528e+01
4.267309540009426883e+02
3.751135857345285984e+01
1.909798928892061909e+01
8.018099896278300776e+01
3.952030801044548980e+01
1.805788745276558416e+02
1.811075209922971752e+01
8.724849467592358110e+01
1.952843183162474645e+02
1.544998804451522858e+02
1.095821176154265402e+02
3.000069684017920224e+01
5.664136436801071284e+01
3.616471548994105234e+01
2.358776351136571137e+01
1.434936204178789012e+02
6.383218675692533850e+01
8.475179742560672480e+01
1.363868037319026030e+02
1.423727721110365962e+02
6.643946754016947409e+01
4.837003299387595234e+01
3.645896433561402006e+01
1.222316212722798099e+02
4.822429786952937292e+01
8.990982585142133132e+01
2.928555523869468047e+01
3.797902227015780596e+01
1.351385871011782456e+02
1.166744841332153726e+02
2.659339494960797765e+02
5.535452261501283999e+01
1.199454824258449861e+02
1.376319929851634356e+02
9.379235934347940784e+00
1.842546090838062298e+02
8.139955373316691123e+01
2.330744795811500580e+01
1.380503514833906991e+02
1.185420751249935165e+02
8.945117761559156122e+01
8.917810144322426424e+01
4.729723295256989246e+01
3.131976856611500892e+01
9.671736886994065685e+01
8.503883331732404827e+01
1.492240568821899558e+02
1.493540361511732328e+01
7.875919599642804769e+01
1.968599631832237264e+02
7.064374280384916460e+01
2.856839119693224305e+01
5.251240498880661534e+01
8.150898056336414754e+01
2.554169447050984587e+01
1.050340675031958568e+02
4.007829692170849256e+01
7.751421133768975835e+01
3.787016871053284461e+01
9.494700974094401147e+01
2.310848103303301002e+02
7.991487550031301623e+01
1.682839775001616900e+01
4.331538992365820917e+01
8.128110459958122647e+01
2.066084494364057988e+01
7.045885329697331656e+01
4.364819168478128120e+01
1.907860097666671209e+02
5.094601788904655564e+02
2.853308215349504806e+01
7.236904466854235807e+01
1.255311117831687966e+02
8.940151232958510263e+01
1.402565013833167882e+02
1.449367049814058532e+02
8.334112712352639107e+01
6.132479625248553390e+01
2.275933398513303700e+02
2.966664818841422857e+02
8.502466053269240831e+01
2.938800789467382657e+01
3.853350210859517233e+01
3.951805594732528704e+01
4.791922785773008542e+01
8.532615927784561904e+01
4.044232165192457984e+01
2.564011117392733397e+01
4.719122722898320887e+01
6.646451886965792255e+01
4.165299022013709873e+01
3.298592163291701951e+01
2.040579799731329445e+02
1.682509393782571294e+02
1.463110546349470837e+02
1.018483235695086364e+02
1.212500197675816196e+02
1.673935643202729864e+02
7.996895949262125214e+01
7.144017909584502490e+01
8.124769876595809137e+01
4.458232778684831032e+01
9.134663369718190040e+01
2.395595035836231261e+02
1.091099463457474599e+02
1.918991316852078910e+02
9.874960389642535574e+01
7.146937270274611365e+01
6.872095571995434682e+01
6.852630858023331939e+01
4.112603142053251304e+01
1.185569910438445334e+02
5.331473179114840377e+01
5.121400427530809196e+01
8.596794537495554778e+01
3.233116054914144399e+01
7.354257183023221955e+01
7.800792713290356062e+01
8.199203506677889663e+01
2.931727051564029551e+01
9.453398725009748205e+01
5.941612148822390083e+01
6.564262991329952968e+01
8.329693827802994122e+01
2.642599906822132994e+01
1.468911714999564744e+01
5.328447100315185736e+01
3.989236397611701079e+01
4.076607660043249837e+01
3.014913466863616165e+01
2.593031657406849035e+02
8.360755997309397003e+01
2.029821080511673586e+02
8.527002457514815603e+01
6.036267067839472844e+01
2.024164929914683597e+01
8.095986169529764709e+01
8.456085711067858313e+01
4.030428720861229408e+01
6.820967933962504048e+01
5.517729057134562254e+01
4.660095474469975585e+01
2.738683621690375958e+01
2.886773271640747041e+01
2.427940328432618955e+01
5.732479781595784374e+01
2.345688089410474788e+02
1.056099695408877750e+02
1.343919173325189718e+02
4.466231006563788952e+01
2.827203394945432535e+01
5.194436843110303670e+01
6.172880085561479291e+01
1.039593422453652067e+02
9.811064882452288316e+01
5.012124716109262579e+01
3.761162907100653996e+01
1.520877786098125455e+02
3.241775922522700171e+01
1.943537084046035446e+01
4.673002975266723524e+01
8.012496641331894409e+01
7.334366878493183606e+01
1.324218568266594218e+02
6.637035389757740234e+01
4.208268983997696466e+01
1.821226664848910275e+02
6.315341222359709406e+01
8.918427134116292621e+01
1.884139957407071009e+01
2.969111591059848010e+01
5.315948624341267958e+01
4.909633165888582340e+01
7.648452857527288984e+01
7.862936736395087678e+01
1.088730341086231874e+02
1.419242782064503956e+02
1.102897899856623383e+02
1.485063918265365146e+02
