2.927248406819726867e+01
1.093498112152898329e+02
8.520668388230097889e+01
4.937539273220597238e+02
4.397860067157781572e+01
3.124321541752638041e+02
1.091176117220689434e+02
2.054073486627803788e+02
3.398321737428740335e+02
1.211021212131179254e+02
1.081568594952473319e+02
3.179635551199756947e+02
5.062128717877002515e+01
5.370611125677673954e+02
5.849452651368879970e+02
1.789785446528644286e+02
2.451674972873288709e+02
1.721589224182786495e+02
5.596101207118014145e+02
7.484246055191053983e+02
7.000194755073951001e+02
2.932098955940044789e+02
2.605625731268030449e+02
9.453105688394808226e+01
7.923800572710281358e+02
3.506826395722959688e+01
3.412075898682202251e+02
2.802942791343376143e+02
4.601628721192042804e+02
9.779660861298100372e+01
2.689272508559947141e+02
1.059190000213875464e+02
3.357997718334832484e+02
3.143945693534292900e+02
1.183507832244294207e+02
3.863189055987269853e+02
3.619344583545480418e+02
1.691917975223282156e+02
3.330359454357822528e+02
1.805866420381496482e+02
3.589847375178864013e+02
1.626177283951164156e+02
1.044394747564521140e+03
1.607329465025992761e+02
2.791756447286830962e+02
9.279199254307951605e+01
6.048384263905990821e+01
4.898465455402887869e+02
3.785096805699290599e+02
8.645855832126403584e+01
4.270595695986293094e+02
4.697627590661390400e+02
7.883325806662858213e+02
8.563850917924649764e+01
4.355991362694780378e+02
2.258096405037459817e+02
3.630992513126251424e+02
1.161594614722289691e+02
4.174122439660997941e+01
3.994805141510253179e+02
2.377210304798143454e+02
9.861637121551017060e+01
2.227770452457208350e+01
4.982735803509078210e+02
3.865591811150182480e+02
4.982913740870336028e+02
8.202640876236893064e+01
6.071185202459901120e+01
8.727393268798914505e+01
1.063978139644837029e+03
1.427104749815523235e+02
7.832752004166451343e+01
7.389491119033494897e+02
2.476971551183442273e+02
9.518049598560720597e+02
4.253405649580028580e+02
1.751739969059740361e+02
7.390373116608396913e+02
3.212226913141510067e+02
2.910194260256405414e+02
1.491562227395434377e+02
6.935212594470541489e+02
2.632769307922029043e+02
1.232378003960980095e+03
4.093493260517416843e+02
1.767291016412996214e+02
6.851461732933580606e+01
1.911050207668572511e+02
2.296335258590505930e+02
2.963216533476951895e+02
4.569960910844681052e+02
4.576678626904056841e+02
6.801613943121618888e+01
5.801497121906802334e+01
2.011729224670027349e+02
8.783876627067581921e+02
4.259175937483819894e+02
7.227194581584674893e+01
4.161087889668898470e+02
1.278539403109486557e+03
2.054711294316021508e+02
2.918992624187721958e+02
7.116962600185074734e+02
6.525369119575759669e+01
1.477524437524653194e+03
3.003783797211102069e+02
7.315930659226424950e+02
5.368618102065148605e+02
4.962049992330528880e+02
4.431483996379831751e+02
3.015615512153377153e+02
2.845026476293230644e+02
3.453728128541662272e+02
6.373017395155095954e+01
1.435842810837777108e+02
7.771013236532472774e+02
1.979176900785170119e+02
1.909903439971810997e+02
1.507705564847612436e+02
8.372430201023828431e+02
1.533907415640161105e+02
1.102539456465911485e+02
7.429601641729584571e+01
3.614941590199738926e+02
1.494783788145495578e+02
5.221081641210288637e+01
2.608105181119508416e+02
3.828758568158004323e+02
3.540698593508294039e+02
2.518197535570822865e+01
4.974800878218932354e+01
5.444532205701131033e+02
5.154552769956151224e+02
5.381773876076749730e+02
6.465233341924313208e+02
7.369161936369441435e+01
5.742772599536673397e+02
2.090646268855643370e+02
5.767923011284574386e+02
1.752367800053294502e+02
2.398053259536837913e+02
3.683066184155680389e+02
1.094299591430525425e+02
7.355313765898567624e+01
4.979808648442207186e+02
3.070800766355843692e+01
4.623024234702631361e+02
1.333314513130755472e+02
3.399032775517326286e+02
1.060034501961301174e+02
5.428432320240327726e+02
2.753759968975819561e+02
1.107274976790718483e+03
3.796691019507140652e+01
3.395257200490367211e+01
2.535838750752459418e+02
5.101266489722772803e+02
1.043792440888613697e+02
6.427597252236436987e+01
2.440612948949955694e+02
2.933140093462606615e+02
6.418299899885975037e+02
5.827097677403494203e+01
2.795574635530493879e+02
3.365468505876281569e+01
7.949162214355374090e+02
5.244974806132825051e+02
1.847374333165902840e+02
2.269988374693523667e+02
1.057185743337516470e+02
1.434429765825204584e+02
4.162832122591671578e+02
2.611878271997214824e+02
2.988417136356181913e+02
5.126915322762604319e+02
7.696117623974409128e+01
4.503782856808326187e+02
8.561769344861372701e+02
2.387465560341362050e+02
2.081090651134139193e+02
2.506768652594237210e+02
4.773576095254942686e+01
1.792530337941473420e+02
4.890115640334648219e+02
1.944790069325493675e+02
4.299063339881045636e+02
2.247109292122094928e+02
4.768952833475662487e+02
3.135566783560070689e+02
4.309592196813471787e+02
1.099343040755308039e+02
1.123434232675281379e+02
4.264953518036691662e+02
1.339142188372030660e+02
5.051236742711987517e+02
5.276862014065858375e+02
3.160993648238722926e+02
3.543020178414824386e+02
3.128446139097598007e+02
5.744728823360785697e+01
8.376677511877353766e+01
3.987801549483281747e+02
7.499763923253409530e+02
4.758094304969668542e+01
1.798556634069044335e+01
3.840373491173253910e+02
8.963318812554986437e+01
2.254199599256104136e+01
3.755713760474505989e+02
2.197373834072147361e+02
1.274453439709589730e+02
1.113051902514944942e+02
5.839016864541798668e+02
4.289685413076556415e+02
7.105051094533720288e+02
4.764924740380603794e+02
2.328669307432899132e+02
2.678059777162536648e+02
7.718361357147705348e+01
1.683607275803973096e+02
7.436679420367665898e+02
5.729762373932199182e+01
2.131353602989114790e+02
1.351790936393372533e+02
8.612177667589318162e+02
1.118772735106098253e+02
1.499704953527521525e+02
4.433251258848288217e+02
1.790280821141348326e+02
4.648681514740280818e+01
2.986117764402342800e+02
5.937420186704155611e+01
2.118401228182772513e+02
2.500871223327144719e+02
1.195093863778789910e+03
5.693895513172267329e+02
5.354783534115334476e+01
4.764070930712852601e+02
1.472289312223223988e+03
1.952563442386280315e+02
1.855039795047502480e+02
3.304899769133450604e+02
1.365830810105614432e+02
4.655263719781353871e+02
2.275814754536671671e+02
1.826912313235959857e+02
7.112663146288675762e+02
3.861217319580679259e+02
7.012253304925160364e+02
3.097518158367455499e+02
1.108122263774567386e+02
6.839697088584463813e+01
2.897533155982540620e+01
1.149379012208960376e+02
4.514989225843850562e+01
2.205008150310648318e+02
3.219096032734874484e+02
2.661360404454412674e+02
4.319960464556942838e+02
9.692352889774200264e+01
3.969751683038757051e+02
1.954033832810923172e+02
6.375596775337930211e+01
4.573220307078971700e+02
2.947118997451528912e+02
1.402946544881105240e+02
6.179362584387736206e+02
1.154996304881453625e+03
2.082365817447095537e+02
1.435679236078848362e+02
6.907286772258572682e+01
4.638379549170859946e+02
3.353098473155770876e+02
1.958416189676599402e+02
2.363785417300113068e+02
3.038764128696248434e+01
8.627593455539272327e+01
1.376093306966340890e+02
1.660537769299281194e+02
4.108596734456287436e+02
1.004431334065104551e+02
7.026384158378257325e+02
2.648291776077808777e+02
2.639735281191678951e+02
4.041126297840193047e+02
4.035120254751588220e+01
6.492569353902746343e+01
4.948032177497585735e+02
2.249847731565538425e+02
1.110314110268834327e+02
9.039138936300221303e+02
2.740313629568778424e+02
9.176014162175557942e+01
7.076745891340357275e+02
2.128328406528557935e+02
2.498024859122516830e+02
8.423484502849613591e+02
4.524357173087879573e+02
1.249693390993250262e+02
1.201843351637633077e+03
3.074413257720042907e+02
2.382099651078513887e+02
9.958497306793907455e+02
2.035090111421766608e+02
7.585249024637394655e+01
1.027746270233034380e+02
2.906428912590636742e+02
4.710849349550260285e+02
2.700313524766913247e+02
1.604575609828550284e+02
6.317229945470354551e+02
4.912365655244046252e+02
1.159972060927947695e+02
3.147296745047553372e+02
5.006241777743640000e+02
2.382468128324178451e+02
3.868676358853107331e+02
3.138685149485504553e+02
3.291391482296090771e+02
4.255473975764387546e+02
1.943024992241375912e+02
1.041935985075516129e+02
7.911255334017590712e+01
4.262738975355073308e+02
5.390906340693910437e+01
2.165834854151863169e+02
2.393009133560407520e+02
4.872156428845893856e+02
3.291541750720367645e+02
5.682553241986908006e+02
2.187350487404702335e+02
6.464361548857598905e+01
7.019771387305786448e+02
4.875278539484168618e+02
6.012615349050091709e+02
9.058809357135127982e+01
4.222230993457386461e+01
4.710036666999222916e+02
1.710064100084383938e+02
9.993643345439683401e+01
7.327502379702792723e+02
3.035311979550847923e+02
4.719969214602469521e+01
1.345322728997545028e+02
2.821072554140025659e+02
1.030963726569060412e+02
4.416182698897604268e+02
4.186255163426017134e+02
2.918284880990884744e+02
1.382854752861687757e+02
8.660898845184887307e+01
1.507793462363882213e+02
1.140123509693161850e+03
3.165653028047016164e+02
1.239486968273019443e+02
5.855536379490687295e+02
9.852037389466320860e+01
1.066483110384198625e+02
4.900928763408473401e+02
5.140737491070564147e+01
3.662213250677954761e+02
2.045766186543551157e+02
1.838340217220440707e+02
7.471422046468974543e+01
8.471746796854432660e+02
1.532186377585444745e+02
1.428948881310267041e+02
1.636610657733496907e+02
2.740733779252613544e+02
3.968415944543350520e+02
6.743540814772693182e+01
8.728917470357201580e+01
3.575141879667430089e+02
2.610507955107388511e+02
6.046102227424662345e+01
1.675471390885823553e+02
1.121523902071399334e+03
1.995781363848032086e+01
3.805662007801443565e+02
1.203678742471838632e+02
4.602127873999521626e+02
6.864071243668201987e+02
3.473411221505820663e+02
2.851498577796830318e+02
8.838728564069172933e+01
8.542608390944176335e+02
1.008866844157502527e+02
3.881641429661651159e+02
5.655518482351278635e+02
1.013777038189514883e+02
8.243267599135695889e+01
9.841774582729949827e+01
8.926639755319727954e+01
4.779441532968406818e+02
1.074960455322778330e+02
3.248774830960753093e+02
3.430655616273805322e+02
1.716530142945168507e+02
2.950037549856237433e+02
8.925511162633637241e+02
5.875594829743273806e+01
6.423419215956471362e+02
2.574403872776468347e+02
1.118943021709491035e+02
5.645482852881167446e+01
3.776787824092590427e+02
4.447530904222403478e+02
2.445337736348347164e+02
9.981527909211658312e+01
6.730229314366958704e+01
3.409526872792641825e+02
4.388877260352089138e+02
2.850910899538711192e+02
3.685218085155991616e+02
6.352852226764910171e+01
9.591201604464606589e+01
3.292135687199391896e+02
1.802231572250044564e+02
3.986155083203584581e+02
4.864771566311898141e+02
1.706724780304170963e+02
2.681585145357039224e+01
2.684510391505693860e+02
1.395858401205565542e+02
9.092545379628907085e+02
2.294809100306761138e+02
3.043359730691152976e+01
1.308210485110071772e+02
2.117631586816731328e+02
9.451186917902854248e+02
6.553687892284520444e+01
3.942267179917801627e+02
1.681920737706414002e+02
1.827975411343739438e+02
9.529791616232130025e+01
1.307337179133446625e+02
8.738969777957015594e+01
1.656807833209025489e+02
6.517320161862461418e+02
3.547644641272397621e+02
2.182015124216398476e+02
1.726342398133990912e+02
5.626357117275113069e+02
5.108719778522162613e+01
8.401491281546541359e+02
3.228340007837410326e+02
2.585641905668108507e+02
1.049181525938782329e+02
3.797196932019377869e+02
5.270104949996385812e+02
3.920389332574233094e+02
6.707538571888453305e+01
4.099893614216480131e+01
1.033794265320072299e+02
1.423760641570378880e+02
5.921255310270785230e+02
3.831886212910898593e+01
5.278870885631493337e+01
4.649998276324811854e+02
5.029747761165521069e+02
2.308450609732919929e+02
1.162942969730513880e+02
8.209976176430902228e+01
2.927997160027838390e+02
5.361096867612469623e+02
1.036315433940059592e+02
5.128420476490762212e+02
9.570625776159778297e+01
3.677511167445319415e+02
4.538911223514991775e+02
5.155380793005404030e+02
6.745976071521704398e+02
2.762615698907536057e+02
4.446044415859236096e+02
2.779204181933195059e+02
1.446297871574852536e+02
1.517204229347085516e+02
1.699789218022318380e+02
5.074379657228443534e+02
4.511407277623134178e+02
4.989552859886456986e+02
1.292153459703606131e+03
9.489413524044265102e+01
4.527753726456482468e+02
6.050844044685759400e+02
1.075906528670652960e+03
4.224870759083675011e+02
2.493460842556700072e+02
6.254478431378994401e+02
2.667758028602253262e+02
3.004408251477064482e+02
1.057988512523035922e+02
6.493885631072307660e+02
7.573036298105135700e+01
3.520090584022320286e+02
1.962898602704301254e+02
1.277113499326509469e+02
8.136306445272140309e+01
4.751775858985665479e+01
1.220049777458932795e+03
1.312954346793191007e+02
4.115044864103442706e+02
1.738866850848181116e+02
2.804472272890350837e+02
2.367740913003383412e+02
1.319962171721946618e+02
4.887042137047170058e+02
4.612418647490105172e+02
1.864453636372425365e+02
1.779661902935567070e+02
2.132460047498443600e+02
4.074909170014232132e+02
1.789107881854432947e+02
1.814082774187100426e+02
3.693998389832331100e+02
3.433457791993161834e+01
8.669431212818128074e+01
3.812410597614878611e+02
1.709790520180542330e+02
1.675924439172696339e+02
5.162672612981936737e+01
1.666122745494700155e+02
1.739896017967253385e+02
1.954655098488053397e+02
1.871402170885201031e+02
3.080735715412881746e+02
2.037880889491150924e+02
4.400357251464205888e+01
6.803503581231447583e+01
3.709842767566155999e+02
6.707777176745123597e+02
3.013254180784434197e+02
7.314280647068953556e+01
1.959703548778784921e+02
1.117390303391061252e+03
1.775349242746029077e+01
8.937817886894916342e+01
2.434838576692252730e+02
4.688714043755442731e+02
1.130217550780803322e+02
3.245545086363903238e+02
2.143721081665844110e+02
3.723956100349670351e+02
1.052431927896446808e+02
7.585677770043253076e+01
1.277521210840841519e+02
7.517472083356499297e+02
4.106335246639712722e+01
3.882386302964192168e+02
8.753778808457612115e+01
4.071145667368842851e+02
1.408554931572327007e+02
1.037977092712422689e+02
3.370827303728788706e+02
3.091878489827199132e+02
2.222361874791668299e+02
7.229303527029128418e+02
1.236521787216686619e+02
3.397666047931704725e+01
3.109646961412785799e+02
4.590670444905569525e+02
2.036822047401605005e+02
8.649616137719723383e+02
1.406203311393909416e+02
7.608874311342447072e+02
1.596829442599498634e+02
1.758035170827919842e+02
5.757655980986177724e+01
6.722460267808682488e+01
3.013683436335590500e+02
3.013000299122703041e+02
7.223661467303078609e+01
4.205713208889553556e+01
2.923555069800529509e+02
2.709010247616776610e+02
9.055354129393169842e+02
7.531369891508569481e+01
2.255263350609659483e+02
2.862156545862667940e+02
4.237055603624144737e+02
9.177231447065588554e+02
1.801048309180349918e+02
5.473345625493431044e+02
1.444880100897541126e+02
1.789105236958414196e+02
1.271297036582620308e+02
2.108924615246408507e+02
1.557768541069449668e+02
7.798161798873083228e+01
2.539655267404395147e+02
2.927974548868186275e+02
5.112737287958887578e+01
5.864058091905052379e+02
3.514045124457845759e+01
8.031782405111901824e+01
2.859716463825570258e+02
2.745498202143178332e+02
4.230282811021005500e+02
2.305444878734458030e+02
1.702139876353850809e+02
2.319713420725304331e+02
8.259171195824638971e+02
1.426384535494368322e+02
5.714731278460817521e+02
1.396441095040348273e+03
1.544732197421313344e+02
3.898164090996987738e+02
5.200259631933873834e+02
7.433207272312311886e+01
2.167578985712705162e+02
1.299909421606732280e+02
1.511535506880891546e+02
3.612743262829514634e+01
6.296706415567633286e+01
5.383824898518399777e+02
2.921978805745901582e+02
2.412264896972806412e+02
2.187924292954148768e+02
3.666724090182216287e+02
7.944385686806901958e+01
4.444995561144538243e+01
5.438766178671158968e+02
6.840677754729230742e+01
1.937754887813495941e+02
7.088534676073371088e+01
1.119093769521218888e+02
8.081303605359718745e+01
2.525806666163201157e+02
6.547813487727484016e+01
3.106157647333466798e+02
8.088514845589202196e+02
5.925772026613469734e+01
3.871852092362746589e+01
4.352394888921591587e+02
3.527504955085389042e+02
1.993831172317171863e+01
8.398871234399025809e+01
6.893297057204526936e+02
3.092719501509658926e+02
1.176441078112602554e+03
1.093647989775792439e+03
4.588759201570668438e+02
5.386598809969635795e+02
3.345967122734347754e+02
5.658161066999873583e+02
4.170506626026746062e+02
8.840520380565003506e+02
2.119993049968282719e+02
1.360664260139299131e+02
2.988166651048210838e+02
1.686328428816188421e+02
1.095618597609535811e+02
3.498011422968403394e+02
3.197080691130787500e+02
4.163122414921371615e+02
3.387164233047703306e+02
4.832572956507895867e+01
4.849873251757991710e+01
7.355900734434968058e+01
2.270492119983412067e+02
3.661621079268706325e+01
7.796359374324083547e+02
3.217316741589633580e+02
3.403970019418500783e+02
9.313830658187283689e+02
9.895180631529735820e+02
7.260252003006122834e+01
1.656051520774784649e+02
3.412859972984409751e+02
1.772476619447428732e+02
8.318983876319063597e+01
8.691841235514220898e+02
6.180679820505400812e+02
5.341266136499000368e+02
2.312807788799050570e+02
1.372247804801764737e+01
5.983752860835500087e+02
1.985872954454475519e+02
3.039958120810956075e+02
1.267502588577959386e+03
1.489581288516736493e+02
1.226950293244616574e+02
2.679325229699296642e+02
3.476075774415024284e+02
3.034134115698005303e+02
1.488054163480281886e+02
3.154814189453065296e+02
9.185896882518258053e+02
7.228616353015434015e+01
5.441762380238195647e+02
5.971666678997489441e+01
4.239352130297123011e+01
1.091067014373703898e+02
1.658949094026799003e+02
1.388982266539738077e+02
1.105260373040299555e+02
5.015692243009547013e+01
7.081922191047723913e+01
2.999296697174011115e+02
3.728434198181548709e+02
5.371854188473735121e+02
1.952001955641700022e+02
4.437583911564828298e+01
1.131749570683410411e+03
4.817857465111169972e+02
1.641276586332515421e+02
2.430841167498521997e+02
3.396811359842306501e+02
2.730377206259698255e+02
1.953946451918800733e+02
8.116585721988011528e+02
4.792566432962988756e+02
5.883708987565076995e+02
1.845537889171857842e+02
4.090918662255490972e+02
9.712923715470934383e+01
1.104626234732656513e+02
1.173442569442645862e+02
1.595556295964777576e+02
8.503917063729086578e+01
3.324747231005807748e+02
2.780110678113096014e+02
2.091735502988398423e+02
9.032979113951556371e+01
5.202627271340354298e+01
8.328074589778668724e+01
3.429940237723866403e+02
5.904714314567495421e+02
2.284864569642187178e+02
7.218461845154754428e+02
1.294414377423605060e+02
3.302062444263997065e+01
1.792511299621747582e+02
3.347339137862125114e+01
9.956282017236948434e+01
3.667095272594830817e+02
4.894477011730498361e+02
9.591899449097314800e+01
7.846601517191214725e+01
4.894539734030839213e+02
5.674658548646389988e+01
1.188190894204973347e+02
3.570535879251248161e+02
9.413479020948689140e+02
3.955100506631640656e+01
4.062590353566636736e+01
5.846016702851758851e+01
1.270358500036040368e+03
5.221813928118771031e+01
5.725024225208443340e+02
6.851916088363841482e+02
8.776943737680883260e+02
2.397925129206240911e+02
9.771788223371224547e+01
6.108545071063643945e+02
3.572771405448560245e+02
1.069020438733999072e+03
1.343388439565874535e+02
5.945489604800098249e+01
9.926769126893211137e+01
9.496417392609752994e+01
1.236720560167964180e+02
1.539551598108243411e+02
4.813909907539986222e+01
2.192219343384579133e+02
2.042805749397163879e+02
2.202961238966140911e+02
9.840243041351325246e+02
4.203155082927690955e+02
3.813875709745541940e+02
7.299237384352699110e+01
2.101847819650225233e+02
6.822329615518737000e+01
3.742367014879781664e+02
1.301100704691081660e+02
3.240605462014307818e+02
1.674278069581120292e+02
9.766938357715028474e+01
2.994605577876797042e+02
7.296915872147523032e+02
1.791424624301073152e+02
4.985380813427134967e+02
7.588829446448138469e+02
1.200267077272175413e+02
1.360245356276458892e+02
3.639420162197411202e+01
3.317395305433002477e+02
1.875942556255505451e+02
1.611512893022378989e+02
6.239572356299018452e+01
7.706677904651269273e+01
1.422630783565829802e+02
1.052424818015570054e+03
1.761058661795429714e+02
7.762120582397265025e+02
2.354478745660843515e+02
5.953053961383749311e+02
1.155867194039469581e+02
1.345786069265642709e+03
2.889537119835536032e+02
3.119640951110092715e+02
7.505299341262697510e+01
7.035087611965650467e+02
1.182092063353169920e+02
6.600684698352217765e+02
7.477789471361275275e+01
4.696543040214506846e+02
9.752403891711182382e+01
6.691215321328089658e+02
7.144330997319499943e+01
2.076384825320821790e+02
2.394858468503089739e+02
4.917961398110056592e+01
1.034834798550911614e+02
1.639201007919548374e+02
1.003472221699683189e+02
2.603056795265169399e+01
6.266323421324917717e+02
1.730833395290244709e+02
1.077397208780062243e+02
4.865633475144462068e+02
1.362979939824564894e+02
3.031935335519419255e+02
3.486261275282363385e+02
2.540385437311246903e+02
6.333926175896531277e+02
6.464696371745807824e+01
9.877108698688085724e+02
4.401576034292161665e+01
7.889969626816838399e+01
3.882691001192599174e+02
3.726047304159415035e+02
6.511229430568030807e+01
4.191840667460097052e+02
8.762128954044331408e+01
1.645035423109741828e+02
4.275182691426279007e+02
4.251794630293884438e+02
4.898362814516023178e+01
8.040381864489795305e+01
3.282607711924256932e+02
1.672887934021369176e+02
4.561673532076214883e+02
1.812190121354192911e+02
1.872934060341626434e+02
6.575484856443172248e+02
3.585166244869213870e+01
1.038773357940812048e+02
4.763436279201122261e+02
5.175570545489670167e+02
1.452887116148407642e+02
1.575006422907760850e+02
3.649183371539333507e+02
3.023969960781486179e+02
6.949043087587537002e+02
1.313261311847312243e+02
1.313143665355370615e+02
6.257970520536308641e+02
2.484550756329138892e+02
1.512172165262813337e+02
5.073915620958309773e+02
3.638659833626628597e+02
4.557506772295852926e+01
2.117998598193436237e+02
4.757662917008514114e+02
4.806990302610228127e+02
1.255685493828760571e+02
8.245307167786343427e+01
5.335292352218205991e+01
3.889822541159223306e+02
4.658519829266188026e+02
3.605520250085515386e+02
8.451061374093040968e+02
1.584098928559287174e+02
1.222548657668558718e+02
1.004666701177919208e+02
6.609661559504124284e+01
2.159219450471054529e+02
3.775093202643049608e+02
5.507108790752828327e+02
1.149051132435779863e+02
3.189217740130836205e+02
1.138538339309959468e+02
9.968405081091019326e+01
5.968584222410321445e+02
5.068161324835385528e+01
1.843163003930068271e+02
3.156741276368655917e+02
1.519264669515463027e+02
9.881421608313029026e+01
2.495096258631621140e+02
2.056248485288269876e+02
1.128295975802303133e+02
1.698333320996844691e+02
2.277458976746171118e+02
3.247192986959433370e+01
1.203945829156504317e+02
2.500499946384079522e+02
4.488312832761376399e+02
2.057502526050805898e+02
4.853512384665220907e+02
5.407190115944740683e+02
2.913699675084487239e+02
7.289052577024843060e+01
1.900497360332464041e+02
4.884855825703849064e+01
5.817795825929734121e+01
2.965798088021355738e+02
4.912268707292909653e+02
6.266646356947878758e+02
1.230433497649120227e+03
1.042333899074974397e+02
3.260792169751077267e+02
4.874967968649104932e+02
3.749078987317351874e+01
7.119003481970273128e+01
2.330391567748414161e+02
4.166726168962390489e+02
3.508967300437427639e+02
1.093426323631764717e+03
1.936056262448928464e+02
2.608017269947084174e+02
2.394806469961715436e+02
7.653325500822204219e+01
9.302790783066570839e+02
4.432891934260547373e+02
3.501170352908119980e+02
7.024445877369560094e+02
1.399119377537737421e+02
1.166159963928132584e+02
5.428026545967865104e+02
3.497879191963605763e+02
1.835808069997276561e+02
3.490344927674096454e+01
3.566697305045857433e+02
1.396031240130312767e+02
7.756228901841201377e+02
8.733245086614310537e+01
4.233108706106664840e+02
5.451266939710724557e+01
1.562630359624795574e+03
2.630890171429443569e+01
3.813751371408204136e+02
3.149090098638911854e+02
1.527522084053210278e+02
6.538592038792222638e+02
4.384720239785564218e+02
9.128535726047718413e+01
4.836460538810775347e+02
1.055254197546492151e+03
8.351382866857717602e+01
9.536624048123820785e+01
9.286945144347961900e+01
5.534775809755798264e+02
7.523582296747910050e+02
1.219889024487369653e+02
6.533762676275769365e+01
3.549957816771139818e+01
6.532793873572255450e+01
9.648615417509660119e+01
3.567277492408808826e+02
2.047187602575846199e+02
3.169481517790192697e+02
1.657363817628826439e+02
1.315824371749723127e+02
2.288344072819623136e+02
1.141373210405288319e+02
1.305961525480994396e+03
6.808095705290200783e+01
6.324684597881923764e+02
4.679992833436637625e+02
3.672662834463473018e+02
9.179507874249553367e+01
2.092394390296506117e+02
4.861641799684112470e+02
6.887040554261732268e+02
2.718067769428702007e+01
2.527379902027033438e+02
3.801440743727370659e+02
6.297976621055273654e+02
5.364523907824133886e+01
8.163590439356788693e+02
2.762383653890432811e+02
1.890369254244136073e+03
1.360155806572759616e+02
1.897150858212120852e+02
3.012953186972943627e+02
1.875114217910044658e+02
4.522377715636080779e+02
6.235352266630512759e+02
4.103199123261140357e+02
6.148869279257789913e+02
3.830051699105929970e+02
6.970677729091884203e+02
3.006297520162149226e+02
4.110408475059931561e+02
1.237417312317074760e+02
5.053785863392361222e+01
3.151204973657977462e+02
1.439072277507546460e+03
4.014896226124199075e+01
7.000429206989647923e+01
8.448432204583528460e+01
1.446106898349268874e+02
1.946079407893811606e+02
2.222082902908996402e+02
3.731528408424271674e+02
4.135164992011656864e+02
4.939218468189138775e+02
5.438730931781868776e+02
