4.228729716309633346e+01
3.018310883522004318e+01
2.654171340604596452e+01
6.712115180902682710e+01
4.903969410971792087e+01
3.453268754670776275e+01
4.087589183336292820e+01
9.474016725325512311e+01
1.920285981869309566e+01
2.859690906570422086e+01
3.571642839775500278e+01
3.853206783087252774e+01
4.291405145133437316e+01
4.129688182741524116e+01
4.482884261042492113e+01
3.478250779604839238e+01
7.116913401258584315e+01
2.813847079200561296e+01
4.903379460822579716e+01
5.688291395395020089e+01
2.856374620335603254e+01
7.883435439406179057e+01
7.284942486578300702e+01
3.231044694628768355e+01
1.980561124108144000e+01
4.232995907024481141e+01
4.729629464742264844e+01
6.284587731891479478e+01
3.320904206401697678e+01
2.418530139016577252e+01
3.669698253467984728e+01
5.279669425556198092e+01
3.032189136170386945e+01
1.988616897269723083e+01
4.600648888141885351e+01
5.186046697615947210e+01
8.390014427820831600e+01
3.101243144393368922e+01
3.828638183892603308e+01
5.460632537485479787e+01
2.637570710418133402e+01
6.418288052058531434e+01
2.483559975813645693e+01
7.152609542558491285e+01
5.969473576687365579e+01
2.995401084794993452e+01
4.957884541716413196e+01
4.030346033552091001e+01
2.978233027328577620e+01
5.374409181546764813e+01
4.607539040332218150e+01
5.563265195875979430e+01
9.421856598801592497e+01
3.412043199294828355e+01
4.020018562287567221e+01
2.569839583691625862e+01
2.202953331824508609e+01
5.354774040881537900e+01
3.479047446305307290e+01
1.072110429590748311e+02
1.519555677897696810e+01
5.869838374395305891e+01
3.771355882955403160e+01
2.826605429706240002e+01
3.225376142328902063e+01
9.994712334417465627e+01
3.851003999894301444e+01
4.516050443138847470e+01
3.611066525774724312e+01
3.009827833313875090e+01
6.129307933611271153e+01
1.892684503923910100e+01
8.554571482279041561e+01
2.367940638392885688e+01
4.018531636759830405e+01
4.086040161057026410e+01
4.122763484834921854e+01
5.425622136469525003e+01
4.460248605021452306e+01
1.488156169892939573e+01
5.951063347664126013e+01
6.613364159907050066e+01
5.841447011350583551e+01
3.841443769662724605e+01
5.361048512922535991e+01
3.353780600230061282e+01
1.075273344396757835e+02
4.198114475311778904e+01
2.414590420252227432e+01
3.328306684654008762e+01
2.109254306592067607e+01
4.515563506321072396e+01
3.210644469876113050e+01
2.399508141296705332e+01
1.880314505484771104e+01
3.155494907598122012e+01
9.307710258283681526e+01
1.569158634587643952e+01
4.388194528769255243e+01
5.456467068218400129e+01
2.098715398480333505e+01
7.147905560883590681e+01
2.206438776324106144e+01
1.066664097710952746e+02
2.833057651569756885e+01
9.839891632515714548e+01
3.349853461845820135e+01
5.714582074769288056e+01
4.193111300301718103e+01
3.495234873935422826e+01
5.066938263671857356e+01
4.104978123642764132e+01
3.167731701758048146e+01
6.606059609538638711e+01
3.804845544126540346e+01
4.869573592345587798e+01
3.356335514549093801e+01
2.567808569000966301e+01
9.167227348215956795e+01
3.193705514429463577e+01
7.765275007774832261e+01
4.006409810975456054e+01
2.813430087959451598e+01
4.950085468861603744e+01
4.717935313680536780e+01
5.910572670882423552e+01
5.818332298347632303e+01
5.556712828645831337e+01
6.405936524585234793e+01
1.205994970056283790e+02
8.213481279556474135e+01
5.306596992794219148e+01
6.628724872420987424e+01
5.807546227112681692e+01
2.945218501995334037e+01
2.826230234529067786e+01
1.760066281291408075e+01
4.674787754964683728e+01
5.392101522516978918e+01
3.285272398083910872e+01
2.412126640058942328e+01
2.832712178946287196e+01
3.397693771645828775e+01
3.229192610456303925e+01
8.454452844521500765e+01
2.948582924709395670e+01
5.710068407366827614e+01
5.886364863627033372e+01
2.633367832571026312e+01
2.672595402078566451e+01
5.458895459401428241e+01
7.211360027244627702e+01
4.396808253127365873e+01
7.020558350211746301e+01
4.067463498978053593e+01
2.293810034098235562e+01
3.557094489813944449e+01
2.175201824880289792e+01
2.626515320584061541e+01
6.500501785713429115e+01
3.971516585063351812e+01
2.638796365326512117e+01
1.824644911980796635e+01
6.469865468983203982e+01
3.551933778721834756e+01
2.606067130840886392e+01
2.559053747919624300e+01
3.676228968713201795e+01
6.567439210787915727e+01
8.240153630598024392e+01
5.935558799788569928e+01
3.674052130058866794e+01
3.673568941589426373e+01
6.778339644378458217e+01
2.897542183065067434e+01
6.621545646093386495e+01
4.100798577363072894e+01
3.903315936482686510e+01
4.638858629528739641e+01
2.965208701918251677e+01
4.340038510582154174e+01
3.887792248777356718e+01
1.788327410654581939e+01
2.436948263713529883e+01
6.683049936072318076e+01
3.184769917107791315e+01
2.727286157274400935e+01
3.247831400394200330e+01
4.868202841640975720e+01
4.347994097237819489e+01
5.356679230564707694e+01
5.175560898667903587e+01
8.324717136604301970e+01
5.993517169446072046e+01
3.740820916219197301e+01
2.957743560931146121e+01
3.149345881719252205e+01
6.801619904361446345e+01
5.235831976301199830e+01
3.769904551216252742e+01
6.666735716923743382e+01
4.293749021962705115e+01
3.506826115142960276e+01
4.569051880447947411e+01
6.546846946138619217e+01
3.390425983128729115e+01
3.947518267783314627e+01
3.908567606882708390e+01
3.970465788026970699e+01
2.879861520157634658e+01
1.940077725632615113e+01
3.647770412924030836e+01
6.466731543918031377e+01
6.730510768543133793e+01
3.637560955167022314e+01
7.006566077981398166e+01
1.672324106149785550e+01
2.412101112110617152e+01
6.457504508152216260e+01
4.436765639348204360e+01
8.986929219462399487e+01
5.244326251078862100e+01
1.931885758296424527e+01
3.949758578239906370e+01
3.093416262444836917e+01
2.485847932189048493e+01
2.100400381531544625e+01
7.327378257250292393e+01
2.673825952803867168e+01
4.492048584934977384e+01
4.352024607949389434e+01
1.420057265747220931e+01
6.265917455485197962e+01
4.841953984055643190e+01
3.632979028065859950e+01
1.912852694457003011e+01
9.082913600518698161e+01
3.740325391148287082e+01
1.275605832274654716e+01
1.039544235181053438e+02
1.350942418322081551e+01
3.437831758822169093e+01
8.506693093622924096e+01
3.366091865962457774e+01
3.527252257222259857e+01
1.831338352097905542e+01
4.634671458121852794e+01
2.811074284568592319e+01
1.737337952605247082e+01
2.063308802009579423e+01
5.869955464110525867e+01
4.575632581187048231e+01
3.614257116685532623e+01
4.955630289506014918e+01
4.778597628411102249e+01
5.791430549042463838e+01
1.968151018820518061e+01
3.722437159066590340e+01
4.910860794760868941e+01
1.760932272549014144e+01
2.957321874181928223e+01
6.424255374572764765e+01
2.378976140041430654e+01
4.948076022141381003e+01
5.820095677786060406e+01
2.548831772589901234e+01
3.263073512248843144e+01
5.399708195777810715e+01
1.978190842499643054e+01
5.439509411899663860e+01
1.852785428080560237e+01
9.104847640287320587e+01
3.169438781414708828e+01
4.367760229885643497e+01
5.259251103890979806e+01
2.273400503307935239e+01
3.600068083538086228e+01
3.614892986111062356e+01
2.733968114329018206e+01
3.921241766526804184e+01
4.625391966770785501e+01
5.126610260724199719e+01
7.099034036275396886e+01
2.986138039726201043e+01
3.771628907960484156e+01
5.449100512972209742e+01
2.555232000961888161e+01
6.583779211021588651e+01
1.026636424730801451e+02
6.454575321695909906e+01
3.601293107874430888e+01
6.449131243564114868e+01
3.473853899964950642e+01
4.593834346862939100e+01
5.900596627931329863e+01
2.428706986238741905e+01
1.262435430045709772e+01
2.269700900106985131e+01
4.285868165459787349e+01
3.068771010084914508e+01
7.384607534014247676e+01
3.691907858669215869e+01
3.115780352934271846e+01
1.677505482343481447e+01
4.997147052464957540e+01
1.066078790940827474e+02
1.124242987994470155e+02
3.266660029530427067e+01
2.597687111815464434e+01
2.523730694988228507e+01
2.295101603039200455e+01
4.549385637369081792e+01
2.393641765869463356e+01
2.690949308531871509e+01
1.386992940039377231e+01
3.592649103466344229e+01
2.096084664951057164e+01
3.348435351700432960e+01
2.387324762101872011e+01
5.413925711846528799e+01
3.749262792428877589e+01
6.108637197551698250e+01
2.049745297063984495e+01
3.352528946804773113e+01
3.306386826205454099e+01
4.286609012103416205e+01
2.525331548435004336e+01
3.619595371334540346e+01
3.802054422125455346e+01
5.794581870261077938e+01
8.567008322658587360e+01
4.658480891748822472e+01
3.963067566738039460e+01
5.890944950384364631e+01
2.606621881315387057e+01
5.804359549324841083e+01
6.479913410219926106e+01
3.971785976979839461e+01
5.058151046602051792e+01
5.310208210229094306e+01
3.636739778353196328e+01
3.382194468217350192e+01
1.871574609508240883e+01
3.845597488812075682e+01
6.477521884356883675e+01
5.521726260427093536e+01
5.009215218943447212e+01
4.443040766354248916e+01
2.958071655603899686e+01
5.609148417234337103e+01
5.382799448090544558e+01
4.479861121120812584e+01
4.135172242002514764e+01
1.559511010208022341e+01
3.908422621089024318e+01
7.493706315650953798e+01
6.677481816096000955e+01
1.030754736124515745e+02
3.530917071259973028e+01
6.822419923002210851e+01
2.358881836393842946e+01
2.769570298114727791e+01
2.983593607953797999e+01
3.444512754644918573e+01
2.673773133431799209e+01
4.299770285155292981e+01
3.911331596445480585e+01
5.952693915275126102e+01
3.357827395849506757e+01
3.052135232532098641e+01
8.292125484494727061e+01
3.129655378571400703e+01
3.465790642647426978e+01
4.592648997444095471e+01
5.077065116665158229e+01
2.333330280735707518e+01
7.772073964151654479e+01
1.404720389646069201e+01
3.452312396075304690e+01
4.341173192125355484e+01
5.582395092966458350e+01
4.191968829708201838e+01
3.512834932844537406e+01
2.860829104608438911e+01
4.628360335778139500e+01
2.954931164416546707e+01
5.475842082038319347e+01
4.913640422855657164e+01
5.233959653025671344e+01
8.879985508790662152e+01
9.802336350406524446e+01
2.719457284993051616e+01
3.557283646614264683e+01
6.930411354860162021e+01
3.480809955613407425e+01
4.437638423423678802e+01
4.675603776457418093e+01
8.953377588806472431e+01
4.231027039067097917e+01
4.060830520057327675e+01
1.683439231780426582e+01
1.852405789327403696e+01
3.061004639143600414e+01
3.945039683704978017e+01
4.206936453111183738e+01
7.584165805608445510e+01
5.003834989287494750e+01
5.012843928703248508e+01
3.531902088375741045e+01
2.408308052201532590e+01
1.237108876774423827e+01
1.945017042024897336e+01
5.142990352385653097e+01
2.492902310212531702e+01
3.302378575313764486e+01
2.800707227611379935e+01
3.824072723105825844e+01
2.994076389544501637e+01
2.085261690156934478e+01
9.185545803880023641e+01
3.195186718785540947e+01
2.575279784333041988e+01
4.746838234939156109e+01
9.473754727993934921e+01
5.995170740733092885e+01
7.578790771749842747e+01
6.271326781224546920e+01
6.609486228199513391e+01
6.502382851951968235e+01
3.086256114931859074e+01
1.844227058305481748e+01
2.029505371529637614e+01
2.744977777931123342e+01
2.560214849922723346e+01
5.192687979115211760e+01
3.881028919681686773e+01
6.602382366972362604e+01
5.667018448872605063e+01
6.792188044197696684e+01
2.090749548702468275e+01
3.481570212628590610e+01
3.196549960143639169e+01
6.098242920419264834e+01
2.397455560347771808e+01
3.864216565135053116e+01
3.893626956987277765e+01
1.048225485068193308e+02
3.124783582188044662e+01
7.339856213533296625e+01
1.633803134047749595e+01
3.534146260916692484e+01
2.353544152796786904e+01
3.287657660949372485e+01
3.410121023770435755e+01
4.176016388759411058e+01
1.026500419761107565e+02
5.585519981996979766e+01
4.731749367652661675e+01
5.873323329505991808e+01
7.165773288784461670e+01
5.553993382452029692e+01
4.646422004021317775e+01
2.164840500128733538e+02
6.970833221707940197e+01
4.558674466491932264e+01
8.916101235630519284e+01
1.619827799164338700e+01
5.074072069306888721e+01
5.419484063976481991e+01
5.767776441936318577e+01
4.888511922891381545e+01
4.999907142820558903e+01
3.978125098443947394e+01
4.486060243145730198e+01
8.511364359349474284e+01
2.436560770690107702e+01
3.546103876278944966e+01
4.542765762279465491e+01
6.159778482669327104e+01
7.259192866428361413e+01
6.076735640778281322e+01
4.686875316421175341e+01
9.051493796707379147e+01
5.442891428098531037e+01
5.840606135895762208e+01
2.878517369643185475e+01
4.345184825050998967e+01
3.801104374092630422e+01
9.683002683713600334e+01
4.048636711254766851e+01
3.713828247174114949e+01
5.199819632792873847e+01
5.083325958562250690e+01
3.942307688955694545e+01
3.159491065091297912e+01
1.130130160237852408e+02
5.472000601345746418e+01
3.777221152540960247e+01
3.615416668049571314e+01
2.465768970120372927e+01
6.839725553958125204e+01
2.094117711196014042e+01
4.404026208436348355e+01
1.863074243173290157e+01
2.383319940580649288e+01
3.552358605076253895e+01
6.116531118175335990e+01
1.972294162297827214e+01
4.635245075185051888e+01
3.799893693900409630e+01
2.340141121795560508e+01
3.030308728312150279e+01
6.563097374595787414e+01
2.375524376668160897e+01
3.184304648802397253e+01
2.065250156827692507e+01
1.103186705630188982e+02
5.913972741194311311e+01
5.098924800327193196e+01
2.811082560114146389e+01
4.350852645262160223e+01
5.012427598636681836e+01
4.918427348878967109e+01
2.976029453853690043e+01
2.204453850033460682e+01
4.023212767524505296e+01
5.946477357015202614e+01
3.774404995267286012e+01
4.199496026783555891e+01
5.595931759873489852e+01
2.704231562524402577e+01
3.131856174644481428e+01
1.242125888351667555e+02
5.376942611854881449e+01
7.623745678531665249e+01
2.616044071245669400e+01
1.553730779280830916e+02
7.442426048090385393e+01
3.768580975926626309e+01
9.278468348127121601e+01
3.781759381406778431e+01
6.892237130120653887e+01
5.419988129938019483e+01
4.439779988289922841e+01
3.958404373597576154e+01
3.858007541034316290e+01
5.386289929646622454e+01
4.344057494315063650e+01
8.121264228502040794e+01
2.989542030170082043e+01
2.594018596666158061e+01
3.777460800441787114e+01
4.684638659008350459e+01
2.796656358293394717e+01
6.313967299753799978e+01
4.552991217242990984e+01
2.629124025514446217e+01
4.014849338895107422e+01
4.981225100748478241e+01
4.542379761646492398e+01
7.347445511996569678e+01
5.249846021155276787e+01
5.000687100650760897e+01
3.447282466188774208e+01
4.957715387320459399e+01
5.742773906144241636e+01
5.818031403353440112e+01
7.016838170326710156e+01
5.519219101843932407e+01
6.189998843536510265e+01
2.207915016074727177e+01
3.886116743066286716e+01
2.128786621632125886e+01
2.404752822148643432e+01
3.568325975221414836e+01
3.802506348005513814e+01
4.479732076000832564e+01
3.596239338778062944e+01
2.858143567771572791e+01
8.582230466876956143e+01
3.240529523738215545e+01
3.455505720781513190e+01
4.432199935715263450e+01
4.324661628220894727e+01
3.630933376328692219e+01
1.411949132425098696e+02
1.206508496708089524e+02
5.837837012421957184e+01
8.625982244665013354e+01
3.220220028166134796e+01
9.522377765384332804e+01
1.150720408679745930e+02
7.597698659398012921e+01
9.167214253496908327e+01
6.552886593850378461e+01
4.167430392567889896e+01
4.399384652913931149e+01
7.168363348267075708e+01
2.724989461028836502e+01
4.141700122406479068e+01
4.207239100510438590e+01
5.486564684626147681e+01
2.143143262138453053e+01
3.644095947521843470e+01
7.978191641680157886e+01
7.712227128757839978e+01
3.315268950801306858e+01
6.350481904556257717e+01
5.738371116599772392e+01
4.718821394466419861e+01
4.007791018337469069e+01
4.551154796962318727e+01
2.061448266775819960e+01
7.228178590227638267e+01
3.703557249205795898e+01
5.091138054647274913e+01
3.111612876149778018e+01
5.925272005834741407e+01
4.509977861411029920e+01
9.857932753482673149e+01
3.583819396032217242e+01
9.236619797674691767e+01
3.982653621081170314e+01
3.493631088381631145e+01
3.144336726768989365e+01
2.470810382732490496e+01
6.512115251304369679e+01
2.044566108033994922e+01
5.048452232476472545e+01
3.776549880254367508e+01
5.441157664667723282e+01
2.565066617593152287e+01
2.334548005579041074e+01
2.766071212622953013e+01
4.171491694350915935e+01
4.657191646286761255e+01
4.533257913365972769e+01
5.088983492366997297e+01
5.191222559824292659e+01
6.655187707080355608e+01
4.220833737205374092e+01
5.233765922950575344e+01
3.006984877083959873e+01
6.166809502267320653e+01
2.869067494469151569e+01
7.636605163746918379e+01
3.625283477217650585e+01
5.152359093357487296e+01
3.216326471724637059e+01
3.180472599858645566e+01
2.079322860005728302e+01
2.322606685911782520e+01
4.477972459920951565e+01
4.643939039092273902e+01
3.293276309263747237e+01
6.260232204157930624e+01
5.974387925033796165e+01
2.167091658106697594e+01
6.820883694428265187e+01
3.993307745516401752e+01
3.736789900650308027e+01
4.983331360618782924e+01
4.838574843592260777e+01
8.147851913475837193e+01
1.042309727888147250e+02
4.407448159286396816e+01
3.227549447128691185e+01
4.109911279008454699e+01
3.304547706078959379e+01
8.344442683775329783e+01
5.973984361480453487e+01
4.758437741414292077e+01
4.658938332323759823e+01
3.340707853051949883e+01
8.099868127851448207e+01
2.726449392170087194e+01
3.509881821351037701e+01
3.786497900569808195e+01
5.686750839306692029e+01
3.107349938380437848e+01
2.905480004253153581e+01
3.235964905259754687e+01
4.379784190583297487e+01
2.071889656596724905e+01
2.462499097735546272e+01
2.950074015116705439e+01
5.054577591241960732e+01
1.273897654134636070e+01
4.654888386053506366e+01
4.086362556227551579e+01
4.296741821144264861e+01
9.984514390189414712e+01
2.665258545863260764e+01
3.729136946863811630e+01
7.096599878942494399e+01
6.936448388315538693e+01
3.286514268672439698e+01
4.177319746480095830e+01
3.353970563318544862e+01
3.238682096154334999e+01
4.031143024306698663e+01
5.141431796914367425e+01
3.363140741618384766e+01
2.567129544602330071e+01
3.089231686358603568e+01
4.491906740693061550e+01
4.773593276790209217e+01
3.876472282433160643e+01
3.333535386239586984e+01
2.795492903786241001e+01
4.967024309466375342e+01
3.319169085297114208e+01
2.235510140272721813e+01
6.354424466939763505e+01
2.685986514474175024e+01
3.731842651781182241e+01
3.286221601222560196e+01
3.438832764743905557e+01
6.111723219898420467e+01
3.710881565802387883e+01
2.408966284620597165e+01
5.373047431361771231e+01
5.790074568045589842e+01
3.712314487056197976e+01
3.328055480815979195e+01
2.174886816146176116e+01
4.182368626658379185e+01
2.836401364514675194e+01
7.823328333334866613e+01
3.154626005825068091e+01
5.614302305180979857e+01
1.700244472949741592e+01
3.218658164263673171e+01
3.620032082562604359e+01
7.288410436570758577e+01
3.650150742815803540e+01
6.858534182291167269e+01
4.830455691869973123e+01
4.866922075570277428e+01
2.468760827870941199e+01
5.533209193940166415e+01
6.206812930867599931e+01
1.526328537427291998e+01
2.225794369883459822e+01
2.457234468572224628e+01
3.024042534676203786e+01
6.641164835608142880e+01
1.068238038817673754e+02
7.773789988923645922e+01
2.207044354655420904e+01
3.855148677860264428e+01
3.067397743268695010e+01
2.997816774570766896e+01
3.294989976800827236e+01
4.182831741863838459e+01
3.439503230189593808e+01
2.638721668744019055e+01
4.951955690668771837e+01
4.457861215485531403e+01
4.109187907574894894e+01
3.726290664054653945e+01
5.664130485670900583e+01
3.565945055129895280e+01
3.513967490425518037e+01
9.406969519522289147e+01
1.231045930265609343e+02
5.752513599039733805e+01
4.042076060229148737e+01
8.905622138885483707e+01
1.272150254220450734e+02
5.721829201712908741e+01
3.578693590791279178e+01
3.395304281810958003e+01
4.639997161088800226e+01
2.999079213725182669e+01
4.475512699938021655e+01
4.022383492144466288e+01
3.049987365990834220e+01
4.625081129096302135e+01
1.056288869813503055e+02
7.152100581705532534e+01
9.092319315262683332e+00
8.853978124372011393e+01
2.069249597471043245e+01
3.304313749942468803e+01
4.850525615264454871e+01
3.221369460518098293e+01
2.792770312940649902e+01
3.570711640655299846e+01
6.356583355107970590e+01
4.064733704787690982e+01
5.302644286123577189e+01
8.974195769868427419e+01
3.729668962626617201e+01
1.924321225853764972e+01
4.097983979493748308e+01
1.542723133496647492e+01
1.276778582689642718e+02
6.330002588350871662e+01
4.217019284364717890e+01
4.140222569617486670e+01
2.301379678109566740e+01
5.249762477093416635e+01
5.260566971389872748e+01
3.910851206855830497e+01
4.276440872799306447e+01
4.611208169280554614e+01
2.371901586725182653e+01
7.401756225680411205e+01
1.137659854247835796e+02
4.736194484055592113e+01
3.035211057130328172e+01
7.515402733084883380e+01
2.582142459584084548e+01
1.694141657916055266e+01
4.123005657457203910e+01
1.970504950081380713e+01
3.815449413732298467e+01
2.461198800191907310e+01
6.737871251891300517e+01
3.637357494132263724e+01
1.621664420942055429e+01
4.075364429350392470e+01
3.101240659268456312e+01
3.131963948963407063e+01
3.517675264462246787e+01
4.164615428225281590e+01
4.017201769420294966e+01
3.474978994296671431e+01
3.966435189980106912e+01
7.825609063607291205e+01
5.544220381702575651e+01
2.510974323379479856e+01
4.633494550014307833e+01
6.400902450238353936e+01
5.960982724698582302e+01
2.308947255162735601e+01
2.614377050100727118e+01
2.050845596257053316e+01
2.540574393044377288e+01
4.480853877383075456e+01
4.337632454261963488e+01
6.190400861979529878e+01
4.512107324448960100e+01
3.314854567157124166e+01
6.151605262459165857e+01
3.943691079018713452e+01
8.271617274218809257e+01
3.305412492037934413e+01
2.460018095820913686e+01
4.920785360949247433e+01
5.919051359026939707e+01
8.634967370588925917e+01
5.607240695674963860e+01
4.896922623584462997e+01
2.583703405859652236e+01
4.756133796995790419e+01
3.632717643234838079e+01
3.363797063947351518e+01
4.528439481936442235e+01
7.329289154857353594e+01
4.603506650655568677e+01
3.102263863735667115e+01
4.842041898053511773e+01
2.261362199402615758e+01
4.208275173346762443e+01
3.363243663424076146e+01
7.767550880554398418e+01
3.744865098583566265e+01
3.607077747156422731e+01
4.655989702383909901e+01
4.210236948570362614e+01
1.496598789126683755e+02
3.991428355335761324e+01
1.200886963990794776e+01
7.428839888718124485e+01
3.926350543429966677e+01
4.375959894020093799e+01
1.073685635792563033e+02
4.023394856677504094e+01
5.181910916275023027e+01
2.441255412257308421e+01
7.507417540852357263e+01
1.012447765375627142e+02
2.287794464462288602e+01
5.652792669485523191e+01
2.074861303912169674e+01
9.273892247116349097e+01
2.609860366408282317e+01
3.269787612976591618e+01
5.189643104236333215e+01
7.009940396019253228e+01
4.899602818032767715e+01
5.206474619883427835e+01
3.470784229822605482e+01
1.844546133301589563e+01
3.012175559353627463e+01
2.224879042838211163e+01
2.454917725776302717e+01
2.894751897836702170e+01
2.336758254872447083e+01
5.594462557202631103e+01
4.442441933624468930e+01
2.230888527599399040e+01
4.007241196223062474e+01
1.963680144245523351e+01
4.112674212994355827e+01
3.030967057396299680e+01
4.378924508295921925e+01
6.999285135075102460e+01
3.545769332820985653e+01
3.438511542013821298e+01
3.857436257008398428e+01
4.096416130699373781e+01
8.665833872684559935e+01
4.950061283540647139e+01
5.228239329555008652e+01
6.186616709309273432e+01
2.675968649708526925e+01
4.032320635897669803e+01
7.322175607175807954e+01
5.135620449633790940e+01
4.880459878697320164e+01
4.243400912382216461e+01
7.190330706758412305e+01
1.744521188025152725e+01
5.122090260081876067e+01
3.206682142948010750e+01
2.922066275419103221e+01
3.044316326385536797e+01
3.297023391526489888e+01
5.102440059226223923e+01
2.562109647458092709e+01
3.219471939021719464e+01
4.911472668742434422e+01
2.835081515618022507e+01
5.489808609210843571e+01
4.982304468950840004e+01
3.477243692730031910e+01
7.894265576322298728e+01
8.049021856221506255e+01
2.931984424873811079e+01
2.921277917556217929e+01
1.053633066527365543e+02
4.208321705140313895e+01
2.398206174045324701e+01
2.920467760556235959e+01
1.370610817963446948e+01
3.430878921677689419e+01
2.257910689288625861e+01
3.446548042397319733e+01
3.328836455856114185e+01
5.124737966212158824e+01
5.490475282074465468e+01
4.242102558525854761e+01
3.904822386039171533e+01
9.691429517244691283e+01
7.964752888487379323e+01
2.253061268061607336e+01
4.238716755638387212e+01
3.434302638854748579e+01
2.734491748461557492e+01
3.140836865042622250e+01
4.071096443807311260e+01
2.424769193897774500e+01
3.076139791808577684e+01
6.134209273168740850e+01
4.548157589034077120e+01
2.611847156063318565e+01
3.773962803686916345e+01
6.267528634041573810e+01
3.833947564759563420e+01
5.291913284544359897e+01
2.849630218641585344e+01
3.859492163453698765e+01
4.183576568412346575e+01
2.353553671899257438e+01
5.289845316634565364e+01
7.366683587518441811e+01
4.333357445081968962e+01
3.803600884961718975e+01
4.543084451332121887e+01
5.604164449975784379e+01
5.342036840733164382e+01
6.090728985822054398e+01
7.984664062802301032e+01
2.860673212968665169e+01
8.012760794059637703e+01
3.034393424105777726e+01
7.437924687269342883e+01
4.210963508349361462e+01
3.944570324062205202e+01
6.440393085434941156e+01
2.934311244666169571e+01
8.812966740384484865e+01
4.206706251209877934e+01
8.708537616336379017e+01
1.723420973685082558e+01
2.046565624487910995e+01
2.896162317498354355e+01
2.862345853732911038e+01
4.048563503201236813e+01
4.067733629116882099e+01
5.277678068172099302e+01
5.869523536136610886e+01
8.632229917768398764e+01
8.995487294288177793e+01
