3.973458478881732958e+01
1.626614836250881808e+02
3.572294952886793453e+02
6.912589149081169637e+01
7.878392502284289378e+01
3.052578094510109281e+02
2.619427145918604651e+02
2.823837423451172413e+02
4.517482635044765402e+02
4.757658701071496239e+02
2.380873170397899514e+02
3.595909426571383278e+02
6.474403086762774819e+02
7.397471116947347980e+01
2.992833665813590756e+02
3.707816712541180664e+02
1.734332824893352836e+02
1.763650335115661605e+01
4.555511461455265589e+02
1.476568957602053445e+02
9.562959497838198786e+02
1.483440754407675968e+02
4.044171503276665476e+02
1.066646303351481265e+03
3.906964078709358432e+02
4.806053322225130842e+01
7.934880979684844249e+01
3.998635346150805958e+01
4.923479352177497503e+02
7.936898197066402361e+01
8.356288174137343958e+02
9.286876814394358348e+01
6.143896494358352811e+02
1.506212915238040182e+02
6.653737998538421152e+02
1.049368842273491538e+02
7.202179624936735536e+02
1.565094116282443565e+03
1.339793070198414853e+02
1.799715757968680236e+02
1.277775389047711769e+02
1.208793998433682191e+02
2.862223302268416774e+02
6.318932612009911054e+01
1.288821040229865503e+03
3.413866033775829578e+02
6.103386663533717638e+01
4.605245734644933009e+02
4.943082296376733211e+02
1.040852327422628377e+03
4.022172166899791819e+02
1.081402453131096308e+03
3.842464640926123707e+02
3.950131621732845844e+01
7.938415370122267234e+01
5.469385930739779269e+02
7.092420550350906296e+02
5.070279809710491747e+01
2.697086950604077629e+02
7.901819002055248120e+01
2.098334811295237614e+02
5.117557026098339747e+02
8.652884163269358169e+02
6.612409913528728111e+02
2.849399606722064959e+02
2.053101726610363187e+02
9.290796257282198667e+01
6.352862313178370641e+02
4.435146850144569726e+02
3.039118052619257355e+02
7.062834514622015547e+01
4.168637855953575695e+02
5.646609114518033579e+01
4.132286815937559510e+01
1.290505762002554775e+02
2.532607389957379951e+02
1.094785876845153467e+02
1.051857927637146076e+03
5.701920458148862991e+01
3.106283142581694392e+02
1.274926464278282623e+02
1.122821619408745391e+03
1.907353780522712157e+02
9.034501143267824546e+02
4.535337539556034585e+02
1.454425363432020504e+02
2.289019053635426815e+02
3.124295614597837698e+02
6.195440329561166664e+02
5.224185255014434688e+02
6.426526782174419168e+02
7.589460434506335105e+02
1.742855139434620071e+02
2.240155358399314991e+03
8.242599818968603813e+02
1.176010538402171733e+03
1.202567328300804093e+03
1.013200968017473542e+02
7.991572312767768835e+02
1.198497578480873926e+03
1.381678630890251611e+02
3.129278172704268854e+02
1.227792494236062794e+03
4.636785156237718866e+02
2.258483089428565620e+02
1.555867914586237077e+02
1.660078625979101048e+02
2.767844437891456550e+02
2.837587306035717347e+02
3.499748516986701219e+01
1.273942307911926719e+03
2.962792026175478668e+02
3.045693199890358756e+02
1.480709658411732903e+02
6.754847889583240885e+02
8.410812877396581655e+01
1.748197766206009192e+02
5.245253714765121913e+02
2.791941995450735590e+02
5.972316946145100474e+02
1.870336368845265156e+02
8.156401868222761777e+02
3.155423827180693479e+02
4.732833095178183385e+02
1.546999335034799685e+02
1.868693929685014723e+02
2.984060823041477306e+02
5.814127250005901715e+01
6.232595210801863459e+02
1.160781085922078120e+02
5.401697729260027927e+02
3.058043952148976814e+02
1.260227245167165080e+02
1.937285679998088426e+03
1.771014382954857354e+02
2.642220272015488831e+02
2.091742951473146945e+02
9.074319375037038071e+02
2.884351489656187937e+02
2.386180287321180344e+02
2.445098570830421352e+02
1.377631079643756266e+03
4.306435087747712487e+01
1.505748176782624057e+02
1.966617982977655572e+02
5.458924009940930091e+02
1.119534773241745143e+03
2.028594090249698638e+02
4.890926122692449667e+02
6.209800393479896456e+02
2.351498964350307972e+02
1.377729409940804430e+02
2.917633422148063005e+02
6.127450723051291703e+01
3.742262223346772885e+02
4.487137292934664288e+02
1.244495314815040388e+02
1.341508582446648745e+02
1.118807575414462690e+03
1.898952267303023518e+03
9.458551443770293190e+02
1.216613659118425517e+02
7.986475984165737430e+01
6.897525446313201201e+02
1.651069439028817385e+02
4.508616705047589903e+02
5.805518442099303229e+02
1.551732490051549291e+02
7.441472428278731286e+02
1.710780567861973509e+02
1.492017657873252290e+02
1.181707687122748638e+02
4.695399492216981230e+02
2.352111521001704944e+02
8.041208871719551325e+02
3.140879188807124365e+02
4.638473063939989061e+02
3.833840063771023097e+02
1.146989977197272452e+02
5.479046925654726152e+01
1.841210551301863632e+02
7.607281545675665484e+02
3.812165966906966332e+02
7.056154023001311089e+02
5.324088059100473913e+01
7.315105182114479021e+02
4.731466454992870467e+02
7.846915767150031229e+01
7.524762404532189919e+01
1.129477836757793909e+02
4.773344083045016077e+02
1.068865953004724929e+02
7.353177884988970447e+01
2.787576821102336453e+02
1.625469310854181231e+03
5.587918247698681853e+02
1.623454533713922956e+02
7.644516376018498249e+02
8.476244280477504844e+01
6.850299105026966799e+02
7.363473671032239736e+02
1.236029522751011882e+02
7.011161035907572341e+02
5.476549021067810372e+02
2.924959721030150490e+02
3.293185237370463256e+03
2.389308922526197136e+02
3.128167823631968645e+02
5.418216039589423190e+02
1.110066506437387034e+03
1.849424746035630278e+02
7.119366934343229047e+01
2.124584946933008496e+02
2.608369864629966060e+02
2.105219378479270915e+02
1.845801860329176861e+03
2.924993091139182297e+02
3.055907132182909436e+02
1.384378373736569756e+03
1.335895574075348975e+02
1.316499981387278808e+02
5.770030163214561298e+02
5.192949439325119556e+02
2.382159714252527749e+02
1.634952131676701867e+02
5.576560635013933052e+02
6.917032336637889784e+02
1.906675378049714027e+02
1.106792066254710562e+03
1.693935281409079892e+02
2.445385982622132417e+02
2.028281567516823145e+02
2.681729393190378232e+02
7.738630285298030458e+02
2.720169806696162595e+02
2.119865030780139818e+02
9.173259768389486624e+01
1.429140589368079873e+03
3.346893973517186964e+02
2.510715897025677634e+02
2.316026706090214702e+03
6.403121861028138539e+01
6.542410370471371834e+02
6.162947347834591483e+02
6.332169490812005961e+02
1.757606329041157665e+02
2.039062915096236850e+02
1.173793197063411526e+03
2.472419586612190301e+02
7.745041491606919237e+01
1.274901008580743280e+02
1.769115751714817009e+02
1.447864982131748661e+02
5.158437685850858543e+02
6.273818927249338913e+02
6.673726687349955000e+01
5.040435363933007693e+02
2.144508659980913592e+02
4.955752588581468103e+02
7.284208616072864118e+01
3.631547514397680629e+02
5.997901130067409525e+01
3.533584285449261415e+02
5.145994225405019051e+02
4.554452980684381913e+01
8.757253720332635112e+02
1.720550623938035415e+03
4.402464368464876543e+02
4.177388878775348076e+02
7.678660305769660681e+02
2.311792809503942863e+02
8.036143294921650693e+01
1.966860508511065007e+02
2.269949799580960530e+02
2.097484714547982776e+02
7.041345921994113723e+02
6.314703964084076233e+02
8.431794053704275882e+01
1.482894854470346786e+02
3.112674064922455841e+02
1.781058012753757396e+02
4.905940414364043534e+01
2.775731929589912284e+02
3.700817588847151569e+02
1.577865813660397691e+02
1.589681416206309166e+02
4.132911719905680457e+02
2.166994609405636766e+03
6.852851693947751528e+02
1.093188410273223923e+02
7.283607243234375517e+01
5.129426936078247081e+02
8.109651641508390867e+02
2.770182717305330584e+02
1.378968548362748834e+02
2.725074591380486027e+02
5.598383190385646913e+02
4.765163078578915474e+02
4.941804468729889095e+02
9.289232010546828633e+02
3.833821614307329355e+02
1.267287957890335264e+02
5.637874872949969358e+02
2.414572551400285647e+02
3.425584334195742144e+02
3.327498982281687177e+02
2.094543984866943447e+02
3.369911333459602361e+02
2.061228827575148728e+02
6.306222320149300913e+02
3.105394653123884723e+02
7.904988656455868750e+02
3.467516321522352314e+02
4.430558893224499428e+01
6.570488076781847440e+02
7.468559651392397427e+02
2.447858757934389189e+02
2.977281941497310527e+02
1.298015632156730135e+02
1.049323623908077963e+02
2.768806061669947098e+02
2.226925041631126305e+02
7.882189465785762650e+02
1.112218015019411723e+03
1.769911256077193684e+02
2.156727936179187566e+02
4.977071137908208698e+02
7.249388722848231055e+02
2.045183301234406485e+02
2.496400845527909667e+02
3.160245458070155564e+02
3.093695294547177923e+02
3.439055903755623262e+02
7.467866939924080043e+02
4.411239957337161854e+02
1.987130591157963693e+02
4.765447220247103814e+02
2.140203394934011953e+02
6.097390586497742788e+02
1.387223264685507331e+02
4.583185590827293510e+01
1.215355711942295045e+02
8.115725129795416137e+01
3.280423284257490195e+02
1.100919218479114647e+02
2.401569186577499124e+02
8.299261978971588860e+02
1.319375912128466837e+02
1.762062587982649688e+02
1.955347692131566930e+02
1.450500103001316120e+03
1.259527516921624965e+03
4.064010951029652574e+02
8.219089619633051313e+01
5.849735512975458960e+02
1.115008100961557830e+03
2.107962208772650285e+02
3.782050706014486536e+02
6.498511983672329961e+02
1.047942497844790495e+02
2.138634910204279151e+02
1.665752502049550685e+02
2.233392274574419389e+03
1.350535485362480131e+03
6.097081092547997514e+02
1.484467240780609245e+02
1.946859903719440865e+02
3.261287845193167527e+02
1.970835267286621786e+02
9.322862799420219062e+02
1.082559327981101660e+03
5.034388593443389226e+01
4.442594728244932156e+01
7.106122353184993017e+02
5.427137160334021360e+01
1.170562400339980655e+02
3.427234750830495500e+02
1.047772343742400523e+02
1.124047266635518270e+02
2.359012205627526839e+02
1.964591097707379674e+02
3.369583887780300415e+02
1.363350467925387761e+02
1.248932382134247746e+03
4.185121369751099110e+02
2.693096592827210998e+02
1.191827389697695935e+03
1.923506491504240614e+02
1.650864081316804914e+03
1.374173170215515029e+03
5.609505362977703413e+01
5.854408660315667703e+02
2.628532959962390692e+02
2.701357135261143867e+02
1.977155133444637727e+02
5.293182355559346206e+02
9.991227725593044795e+01
4.058883767948524337e+02
6.441083695583911322e+02
4.072004747664523734e+02
4.366359669889284589e+01
2.153022311382916314e+02
1.818444711578882504e+02
3.168073829056872910e+02
8.633119632579541758e+02
9.915840878166895891e+02
7.676138234322152130e+02
2.790519526184776282e+02
3.544206677518866400e+01
7.344131728566173933e+02
2.571827230156704331e+02
3.751143511200447165e+02
1.844484073865716312e+02
2.907581178728946725e+02
4.309720480634730393e+02
1.459447523269212979e+03
7.906825751796440045e+02
3.941926814008057818e+02
3.180829658980400723e+02
1.119106762907593975e+02
3.205113822790161748e+02
4.602143978218432494e+02
5.553201698428822510e+02
3.345598081577714993e+02
1.387532337613207574e+02
1.165097965657267650e+03
2.138752044181818235e+02
8.275476489445237576e+02
4.705529772273662275e+02
7.157818173049580537e+02
1.194967988116163724e+03
1.244417312638717931e+03
3.824190889404919744e+02
6.637671079663050477e+02
6.983196724478349893e+01
2.197576158840138874e+02
9.425497384715626481e+01
1.148271274503169224e+02
5.175528176217825376e+02
4.823045717163377049e+02
2.082589409402668821e+02
2.762937175085198191e+02
9.886153341911348491e+01
6.910908299706356956e+02
6.974543333140900359e+02
5.321040564911924093e+02
3.354717977612333470e+02
9.800209201762220346e+02
6.172126000170493398e+02
9.431835544874041943e+01
1.863498250912988965e+02
4.786889153407991557e+02
1.173474863407094517e+02
9.599913064911008576e+01
1.804462361795754646e+02
5.025911661218461859e+02
8.048834351107791463e+01
2.507658527483741295e+02
1.164029220583158519e+02
1.376323987123141137e+02
2.123365227534091275e+02
2.686154791728217788e+02
6.718263058446356126e+02
3.154567884160380800e+02
2.293459619442197948e+02
3.772857898583178553e+02
2.403577195690364761e+02
1.184291195443547167e+03
1.808525385025702121e+02
4.222396547629576844e+02
6.793609470541636028e+02
4.639546789015573722e+02
2.878980007110151362e+01
1.270941061390280566e+02
8.719362621646847344e+01
1.715924894925804267e+02
7.902915363166822260e+01
2.621757277812736788e+02
2.612647714440058166e+02
4.785820127008168470e+02
2.211483400680836553e+02
8.693353513780873243e+01
5.296857604093903404e+01
3.991190898010099772e+02
7.675219126323049750e+02
7.857549050760371756e+02
2.280038262403206488e+02
2.163981668263038785e+02
3.868566461863029531e+02
5.454783801389853579e+02
1.630330587207578503e+02
3.129368148467859214e+02
3.848831417129316037e+02
7.989042624984624581e+02
1.221607509827902049e+02
1.767484650544833755e+02
1.052193855952442846e+03
1.361946350354050139e+02
6.373253051032480698e+02
1.877971069411160840e+02
2.849507141422960999e+01
2.743790709899815283e+02
2.827211805713902777e+02
1.949146818875639156e+02
2.620919286015778198e+02
4.960391720365639117e+02
2.812536033779571198e+02
1.479452723185574428e+02
2.420171397116529377e+01
1.495501384876012310e+02
3.226797737874948098e+02
1.017552106907109248e+02
9.396095896937488590e+01
5.512772241856083610e+02
2.444483844475699073e+02
3.038364970098006097e+02
2.883526805338540271e+02
7.029486347511351596e+02
5.920574044580181408e+02
3.145486873403668824e+02
7.156624003186462915e+02
2.799308594308533884e+02
1.741456404704615011e+02
2.122220457248067476e+02
1.648387008905262689e+02
1.801749321057305622e+02
1.356513221387172052e+02
5.805136968942053954e+02
1.108575422529926755e+03
2.282811613702038755e+02
6.781075635231218257e+01
1.857761757441631119e+02
2.481288408013147375e+02
8.692910934377807735e+02
2.714706971395410733e+02
4.527528929286305583e+02
2.232659876926204845e+02
9.909562396764272307e+02
1.446396492592472214e+02
1.196278845832312300e+03
9.157012654982313506e+02
4.616499333849944833e+02
8.351965507927786803e+01
3.399807621070805226e+02
6.493981483785929640e+02
5.469402767269777144e+01
7.338062258812063021e+01
3.641281459556265077e+02
2.883065846463709931e+02
5.887627119997915770e+02
1.747568159473723654e+03
1.611438498997510749e+02
6.003266521688043440e+02
7.266784423358675440e+02
4.026203071359873888e+02
3.695605834866082091e+02
1.014604290472563889e+03
1.289615679649913034e+02
1.131773556873758650e+02
1.281131296347210196e+02
8.076585827533352813e+02
4.447879709827998909e+02
2.016577293832292810e+02
1.898826045911560811e+02
1.480543604317653887e+02
9.717795199326282329e+01
4.397216271410344746e+01
2.692363569062717943e+02
3.259864021844996955e+02
6.615948377632984148e+02
7.409231997712890916e+02
3.371051055319276770e+02
3.859945482516721995e+02
6.963600290142468339e+02
8.602405746126427744e+01
2.905107400926922878e+02
2.378237931239467002e+02
9.273587003733139511e+01
6.498590164747356823e+01
2.329723717684643702e+02
1.059368244532041217e+03
4.377803483104035536e+02
1.473216600813634045e+02
4.229784458702436609e+02
3.344614731585087384e+02
4.045105835750105712e+02
5.964608604647125958e+02
5.174158481013023447e+02
1.287288456299483812e+02
5.882941850345630996e+01
4.557843351904525093e+02
3.086057072361854807e+02
1.531822354535960642e+02
3.002999194314655256e+02
7.096366225643021153e+02
2.202140801893752098e+02
2.910838047264499551e+01
5.105138422958535926e+01
7.033811035816279400e+01
4.964356429241013302e+02
2.460624351150117661e+02
9.729393015228812374e+02
3.178748096690856073e+02
7.483310402610708252e+02
1.170269294039455872e+03
1.117165214333853100e+02
7.677870052798365919e+01
8.209521809260292002e+02
1.724927412581807403e+03
5.992326426724745261e+02
6.101900977764132961e+01
4.191175818101994537e+02
6.650809064019870220e+02
2.566180787727989809e+02
3.249189237816707987e+02
4.718272091984983945e+02
2.534983806828583681e+02
1.899251477555829695e+02
2.176405629934704393e+02
1.164160787441297771e+03
2.785361498705738654e+02
5.547906080902879467e+02
4.916142929907123857e+02
6.903870407750390825e+01
3.546908762607224617e+02
6.144036799435968277e+01
2.779657120613613870e+02
7.127871058725899047e+02
7.207695693795348291e+01
3.281218125196645019e+02
3.090918083739657618e+02
4.449412700398337250e+01
3.280857024141950546e+02
5.617039742805689002e+02
7.911972227433941498e+02
2.063571913865084753e+02
1.701959527168308171e+02
4.539509236174882290e+02
1.492414413586138153e+03
1.791980264595962353e+02
2.212135951700508087e+02
3.256954386340929091e+02
1.639169402550015093e+03
3.970402538735753240e+01
1.574558649871873683e+02
5.115620336873482756e+02
2.767899896653943514e+01
5.953175327575056599e+02
8.008546443269989368e+01
3.923774116113058312e+02
1.757058100714362752e+02
2.407947499476598239e+02
1.857302150321395118e+02
5.769316409724990535e+02
5.376363199205939054e+02
4.890133883998449278e+02
1.096000254890465584e+02
4.563356384552753298e+02
3.427753421457246219e+01
3.092323251474535368e+02
7.225191165567774760e+02
1.521994833819067594e+02
4.245649750485642357e+02
6.947425975487363985e+02
5.450053649253503636e+02
3.228627880504242853e+02
9.346820896622577379e+01
3.179290875608008378e+02
1.555448637435920034e+02
7.485319143852955222e+02
1.910959982712439853e+02
2.691390338514351583e+02
5.126627062733859930e+02
2.342067334597523995e+02
8.709838675925695952e+02
2.084354988885123134e+02
5.316666255872479496e+02
2.726422657450945053e+02
4.900994469151298176e+02
1.721573219144442817e+02
5.403258304307377102e+02
2.085831678494042194e+02
8.856773872011686422e+01
1.177140173536552766e+03
2.655082525030716170e+02
1.038346758169124769e+03
3.847817645018022148e+01
4.076634075469080472e+02
3.454429281134000007e+02
1.702209687523682646e+02
1.732174780994648131e+02
6.457318902984756903e+01
1.175496876426938115e+03
1.090648783455827697e+02
2.309769152523380455e+02
2.513206814998677885e+02
9.303231107411367873e+01
8.904438346707835308e+02
2.368097766920123490e+02
5.632382853968941845e+02
9.118538286513000912e+01
3.794988222862290428e+01
2.942417000839156458e+02
3.620095648542945810e+02
1.695315156418764957e+02
6.285401995059197588e+01
4.620132974169394515e+02
2.900694304978094351e+02
2.703222157881411292e+01
1.311452799634709550e+02
4.436722880214774136e+02
2.912639911647431177e+02
7.496629138536512755e+02
4.926525379026851397e+02
8.846877677914794447e+01
3.435221605711075199e+02
2.762004928792325842e+01
1.484278514179646606e+02
1.415986366641937366e+03
1.278060522027624160e+02
6.147565005386649091e+02
9.605528967932995954e+01
3.478445516713181291e+02
6.839036082841414554e+02
2.267226997891984581e+02
1.089247869760861391e+02
2.212917649807949374e+02
8.704552095164739001e+01
7.454783559368750900e+01
1.566008572317809637e+02
9.021135218215808891e+02
3.276979168858031244e+02
3.853170577798732211e+03
1.140702998056151074e+02
3.159850045996651602e+02
1.348377707501609848e+02
1.348578967469217673e+02
9.795430999716938913e+01
5.978361607375629205e+01
1.809457791232278510e+02
3.083782512048177864e+02
2.756372258007368146e+02
7.717833968266354532e+02
1.075603319151358619e+02
5.934473583688113507e+01
6.483403108710916740e+02
7.675029994221079050e+02
2.176368902056092338e+02
7.220000240235755200e+02
2.350775842108602660e+02
1.793679497539847887e+02
1.356876355742521696e+02
1.323238353781839010e+02
7.960670873992826273e+02
3.458261178665890725e+02
2.934152883318142813e+02
1.274002130326990851e+02
1.584183962045175804e+03
2.830290428813243011e+02
5.184311339026162386e+02
1.957579990228757367e+02
3.124152015438027661e+02
9.201536965299438009e+01
2.649443256921232432e+02
2.450159305528504774e+02
4.933036912907874125e+02
1.899003426669931514e+03
1.441758574204388424e+03
6.035883979124628240e+02
1.168356924278409906e+03
1.459735293457204079e+03
6.480817375644191998e+02
1.073356198443983885e+03
8.363418059785843752e+02
4.489285945217936273e+02
1.509159770282934119e+02
3.908969547247875767e+02
3.573867957512151747e+02
2.289408960836112783e+02
9.084969371836118626e+02
3.410397052824345678e+02
2.512673368588332039e+02
7.036025763832865323e+02
1.320598017413312846e+02
1.593268329220900341e+02
3.757775387750337472e+02
6.976986493803103428e+01
5.100984024055653663e+02
1.803435783428598427e+02
1.652427202942804740e+02
4.436328038265722284e+02
3.167914183401978221e+02
6.701391289707959231e+01
6.237545847188287098e+02
2.957107921904889167e+02
4.900004644888065286e+02
3.435334286047647083e+02
8.655989940256625914e+01
1.083189242706190782e+02
3.613125760484712146e+02
3.646800270957349994e+02
3.048507405126798062e+02
7.429945608089492737e+01
8.237349352706959280e+02
4.088837951494316485e+02
5.667608953252948822e+02
1.592262005795844289e+02
5.228022407338055899e+01
6.054309760699919707e+02
1.872718980683380607e+02
3.258763579247655002e+02
1.634091815563037073e+02
1.211620887183664536e+03
4.415370972521528756e+02
2.148146165603702400e+02
1.289977416465886222e+02
3.846171929623162100e+02
1.091527109746591577e+03
5.642084869302598804e+01
3.357300029135228101e+02
2.748970499383263473e+02
3.688277852872464990e+01
7.250702467939429425e+02
1.592169794899669796e+03
2.300147721926472002e+02
1.582338230520067839e+02
1.573207969385426850e+02
1.630045162609275167e+03
3.629569737233699556e+01
7.459664653421314995e+01
9.273228681562102338e+02
1.755188216599138684e+02
3.096846346339863771e+02
7.110526024414265578e+01
1.623066399177222081e+02
5.520413324622407458e+01
5.224938331530186275e+01
3.334221104252735586e+02
1.152039997731756813e+02
4.613460206246120379e+02
1.109500965867469944e+02
9.035379900832631392e+02
2.831623696374365409e+02
7.888633136192258917e+02
3.183990777459969763e+02
3.056323977443918238e+02
2.094734242496670618e+02
7.174741507672093803e+02
5.587432778890597547e+02
1.189852890286149858e+02
1.250218986210133778e+02
6.367043840455992409e+01
3.716106173957029455e+02
6.214056010338009628e+02
1.089800372772400578e+02
1.160546160167617927e+03
3.976969086334620442e+02
1.163995342698115110e+03
1.063880991541713456e+03
4.310432121270902144e+02
7.575891126275644183e+02
3.074462854987227729e+02
2.683509698584513217e+02
8.782532613526940395e+02
1.247595663216766297e+02
2.614666946960987843e+02
2.161220685587160517e+02
2.318483008059789654e+02
4.696013107902212482e+02
2.827530721253561410e+02
7.485905491304010866e+02
1.685533275124220154e+02
1.037292401662771226e+03
1.869802649284363838e+02
4.588038087750852583e+02
2.500366186130614210e+02
2.035273708281179381e+02
2.411201214164759392e+02
2.253690186459708400e+02
2.048605330537222471e+03
2.325098407377763579e+02
2.443381453021309540e+02
6.765983329960300807e+02
3.291296391764134341e+02
8.558924153871086560e+01
1.623488827715812590e+02
3.946491787966320999e+02
2.294283287336760679e+02
4.006971387751698330e+02
3.613112452413436131e+02
1.666714390484031867e+02
5.695538055070882137e+02
8.689282678009523408e+01
2.417706423051525235e+03
6.893828160576085793e+02
4.079888100636998161e+02
2.706239434522221359e+02
2.944059949444067570e+02
1.030658364511137506e+03
5.082028968594948992e+02
4.616273925882516664e+02
2.126313079156840615e+02
4.494243550039745827e+01
1.916625923295643474e+02
2.515499726322222216e+02
3.796279957104354708e+02
1.574367541141525635e+03
3.732833792250410738e+02
7.867966511214684715e+02
9.166122579612999743e+01
5.991308249632268144e+02
4.227718944418326714e+02
1.288765918284777001e+02
1.650015903773974344e+02
1.174298620942670510e+02
2.112230916171354522e+02
1.833026120906092729e+02
3.422422178294231117e+02
6.316497834497472468e+02
9.781013599332180775e+02
2.905675290881167143e+02
4.209394575869059736e+02
1.932483456133320772e+02
2.299082175399623793e+02
2.101675140090294178e+02
1.752089841046232834e+02
4.588655088453935491e+02
8.890197896940641442e+01
6.845123608918216860e+02
2.015915325996656122e+02
5.874984026466451041e+02
5.479670462240488149e+01
5.109100937214471827e+01
3.279147654478574623e+02
6.109519614433213519e+01
1.787712476243982564e+02
7.836137990675516676e+02
9.522697359962722885e+01
3.672104738803470809e+02
7.689384964277199686e+01
2.695836167199119586e+02
3.444829513701939163e+02
5.771046090335617151e+01
3.380846255940974174e+02
1.063941215784937413e+03
4.161662661302877950e+02
8.106390011411626517e+01
2.537002585388655689e+02
4.939145035869690901e+02
1.805093479313355829e+03
2.182098904133436577e+02
2.212146347630161927e+02
9.742517727372474212e+01
3.691290006485262438e+02
1.416413212531033992e+02
5.326643299045293389e+01
1.761853969555548076e+02
4.390215328965180674e+02
4.130001129443922281e+01
5.191684183397300103e+02
2.226344189152188164e+02
8.970896588801108464e+02
4.208164410382006508e+02
2.378348827118486781e+02
7.228426573896458649e+02
1.448868969251782346e+03
9.710378232884696104e+01
1.076953152924325423e+03
7.404647405550564372e+02
5.602337585793031849e+02
2.657516646835821916e+02
1.784514562937104358e+02
1.883219539321860623e+02
3.042354579278901028e+01
2.423330228556744146e+02
2.774425481875400692e+02
1.552663148539614212e+03
7.104635062046889971e+01
5.165131851510762573e+01
2.938767197586101929e+02
7.589876702975788021e+02
1.060129071063072388e+03
9.735182535845126495e+01
6.323856297908468349e+01
3.649194686319387415e+02
1.507865692920903768e+02
6.639837112657367015e+02
6.659662627563322701e+01
2.786406991024711033e+02
6.245316858261435300e+02
5.042429208362662507e+02
1.207252204425420359e+03
2.272964954196544909e+02
1.638939444370825527e+02
3.176001410030157217e+02
6.735164830856530216e+02
9.119373547884407571e+01
3.405854275188291354e+02
2.120817138151660970e+02
2.552004978760450342e+02
1.331249212114809382e+02
2.153666735092047588e+02
3.196463755256204422e+02
3.858869927904630117e+02
5.950716821087703465e+02
5.600515196444279127e+02
6.212759775457019487e+02
5.861100851476778644e+02
1.019824771091115849e+03
1.205352528330829273e+03
