5.246000000000000000e+03
7.943000000000000000e+03
1.589000000000000000e+03
5.965000000000000000e+03
7.156000000000000000e+03
4.968000000000000000e+03
1.253200000000000000e+04
8.306000000000000000e+03
3.050000000000000000e+03
5.259000000000000000e+03
3.000000000000000000e+03
9.355000000000000000e+03
7.695000000000000000e+03
1.572000000000000000e+03
2.983000000000000000e+03
1.187000000000000000e+04
3.715000000000000000e+03
2.529000000000000000e+03
3.356000000000000000e+03
4.401000000000000000e+03
3.745000000000000000e+03
3.800000000000000000e+03
3.373000000000000000e+03
3.870000000000000000e+03
4.853000000000000000e+03
5.681000000000000000e+03
3.964000000000000000e+03
1.780000000000000000e+03
2.581000000000000000e+03
6.462000000000000000e+03
6.330000000000000000e+02
4.184000000000000000e+03
2.612000000000000000e+03
9.930000000000000000e+02
7.889000000000000000e+03
5.697000000000000000e+03
2.507000000000000000e+03
3.739000000000000000e+03
1.112700000000000000e+04
2.564000000000000000e+03
6.926000000000000000e+03
3.677000000000000000e+03
7.813000000000000000e+03
1.319000000000000000e+03
9.613000000000000000e+03
1.126100000000000000e+04
4.089000000000000000e+03
1.512000000000000000e+03
3.779000000000000000e+03
8.887000000000000000e+03
2.344000000000000000e+03
5.752000000000000000e+03
4.894000000000000000e+03
6.083000000000000000e+03
2.760000000000000000e+03
3.564000000000000000e+03
9.180000000000000000e+03
2.375000000000000000e+03
3.893000000000000000e+03
2.878000000000000000e+03
6.656000000000000000e+03
3.400000000000000000e+03
4.151000000000000000e+03
6.385000000000000000e+03
4.240000000000000000e+03
4.568000000000000000e+03
9.115000000000000000e+03
6.080000000000000000e+03
1.809000000000000000e+03
2.248000000000000000e+03
1.814000000000000000e+03
3.595000000000000000e+03
8.090000000000000000e+03
6.611000000000000000e+03
1.005600000000000000e+04
1.095000000000000000e+03
2.226000000000000000e+03
8.681000000000000000e+03
2.191000000000000000e+03
3.152000000000000000e+03
7.620000000000000000e+03
6.306000000000000000e+03
3.214000000000000000e+03
4.694000000000000000e+03
1.996000000000000000e+03
1.598000000000000000e+03
5.155000000000000000e+03
3.580000000000000000e+03
2.124000000000000000e+03
1.299000000000000000e+03
4.280000000000000000e+03
5.616000000000000000e+03
1.026300000000000000e+04
1.918000000000000000e+03
1.105000000000000000e+03
5.306000000000000000e+03
4.974000000000000000e+03
3.043000000000000000e+03
5.489000000000000000e+03
4.655000000000000000e+03
1.416600000000000000e+04
5.222000000000000000e+03
5.480000000000000000e+03
7.840000000000000000e+02
1.930000000000000000e+03
3.446000000000000000e+03
9.104000000000000000e+03
6.592000000000000000e+03
1.633000000000000000e+03
1.846000000000000000e+03
3.142000000000000000e+03
1.135000000000000000e+03
2.717000000000000000e+03
4.376000000000000000e+03
3.107000000000000000e+03
3.214000000000000000e+03
6.021000000000000000e+03
4.219000000000000000e+03
1.065700000000000000e+04
4.241000000000000000e+03
7.281000000000000000e+03
1.697000000000000000e+03
2.439000000000000000e+03
4.157000000000000000e+03
4.182000000000000000e+03
8.976000000000000000e+03
3.069000000000000000e+03
6.291000000000000000e+03
3.863000000000000000e+03
3.653000000000000000e+03
1.175000000000000000e+03
2.877000000000000000e+03
1.031900000000000000e+04
4.436000000000000000e+03
6.173000000000000000e+03
5.487000000000000000e+03
7.360000000000000000e+03
3.700000000000000000e+02
5.602000000000000000e+03
7.737000000000000000e+03
1.263000000000000000e+03
4.576000000000000000e+03
1.158300000000000000e+04
5.612000000000000000e+03
5.124000000000000000e+03
1.337000000000000000e+03
9.992000000000000000e+03
1.324000000000000000e+03
5.446000000000000000e+03
6.800000000000000000e+03
1.216800000000000000e+04
5.215000000000000000e+03
1.301300000000000000e+04
1.787000000000000000e+03
3.731000000000000000e+03
1.349000000000000000e+03
7.038000000000000000e+03
3.690000000000000000e+03
5.801000000000000000e+03
1.865000000000000000e+03
2.142000000000000000e+03
1.896000000000000000e+03
1.447000000000000000e+03
3.120000000000000000e+03
4.568000000000000000e+03
3.778000000000000000e+03
4.287000000000000000e+03
6.883000000000000000e+03
4.241000000000000000e+03
4.626000000000000000e+03
2.720000000000000000e+03
4.210000000000000000e+03
6.486000000000000000e+03
2.616000000000000000e+03
8.022000000000000000e+03
2.569000000000000000e+03
7.963000000000000000e+03
2.727000000000000000e+03
1.597000000000000000e+03
7.271000000000000000e+03
1.460000000000000000e+03
3.421000000000000000e+03
3.155000000000000000e+03
3.666000000000000000e+03
6.847000000000000000e+03
3.192000000000000000e+03
5.107000000000000000e+03
9.582000000000000000e+03
3.269000000000000000e+03
4.010000000000000000e+03
5.502000000000000000e+03
2.568000000000000000e+03
6.160000000000000000e+03
2.016000000000000000e+03
8.471000000000000000e+03
9.499000000000000000e+03
5.377000000000000000e+03
4.594000000000000000e+03
6.684000000000000000e+03
3.081000000000000000e+03
4.033000000000000000e+03
8.964000000000000000e+03
2.608000000000000000e+03
1.064400000000000000e+04
1.879000000000000000e+03
2.889000000000000000e+03
2.023000000000000000e+03
8.594000000000000000e+03
3.993000000000000000e+03
1.106200000000000000e+04
4.074000000000000000e+03
1.154300000000000000e+04
1.266000000000000000e+03
2.998000000000000000e+03
3.434000000000000000e+03
5.797000000000000000e+03
2.575000000000000000e+03
6.530000000000000000e+02
4.060000000000000000e+03
2.747000000000000000e+03
3.810000000000000000e+03
1.065200000000000000e+04
4.363000000000000000e+03
1.297800000000000000e+04
8.295000000000000000e+03
2.622000000000000000e+03
2.110000000000000000e+03
1.062400000000000000e+04
2.651000000000000000e+03
1.897000000000000000e+03
3.116000000000000000e+03
8.320000000000000000e+02
2.636000000000000000e+03
1.023400000000000000e+04
3.473000000000000000e+03
5.461000000000000000e+03
2.166000000000000000e+03
2.597000000000000000e+03
6.205000000000000000e+03
1.307000000000000000e+03
8.660000000000000000e+02
3.273000000000000000e+03
7.395000000000000000e+03
5.617000000000000000e+03
3.093000000000000000e+03
3.651000000000000000e+03
5.697000000000000000e+03
1.290700000000000000e+04
9.134000000000000000e+03
6.204000000000000000e+03
4.729000000000000000e+03
3.786000000000000000e+03
8.000000000000000000e+03
2.578000000000000000e+03
3.780000000000000000e+03
1.669000000000000000e+03
5.474000000000000000e+03
3.089000000000000000e+03
3.201000000000000000e+03
1.623000000000000000e+03
5.467000000000000000e+03
6.314000000000000000e+03
6.292000000000000000e+03
2.120000000000000000e+03
2.770000000000000000e+03
3.094000000000000000e+03
2.190000000000000000e+03
1.839000000000000000e+03
1.098000000000000000e+03
5.305000000000000000e+03
3.171000000000000000e+03
2.090000000000000000e+03
3.203000000000000000e+03
1.136200000000000000e+04
3.977000000000000000e+03
1.674000000000000000e+03
1.045900000000000000e+04
5.693000000000000000e+03
2.888000000000000000e+03
9.655000000000000000e+03
3.325000000000000000e+03
2.134000000000000000e+03
5.541000000000000000e+03
7.740000000000000000e+02
8.154000000000000000e+03
3.515000000000000000e+03
9.400000000000000000e+03
1.126000000000000000e+03
2.383000000000000000e+03
1.323300000000000000e+04
4.284000000000000000e+03
4.847000000000000000e+03
3.899000000000000000e+03
2.654000000000000000e+03
7.891000000000000000e+03
4.973000000000000000e+03
3.709000000000000000e+03
6.289000000000000000e+03
1.437000000000000000e+03
3.761000000000000000e+03
2.617000000000000000e+03
4.386000000000000000e+03
3.939000000000000000e+03
6.744000000000000000e+03
4.365000000000000000e+03
5.976000000000000000e+03
5.733000000000000000e+03
2.375000000000000000e+03
3.343000000000000000e+03
5.308000000000000000e+03
3.546000000000000000e+03
1.001000000000000000e+03
2.151000000000000000e+03
3.526000000000000000e+03
7.889000000000000000e+03
8.470000000000000000e+03
6.339000000000000000e+03
5.918000000000000000e+03
1.491000000000000000e+03
6.493000000000000000e+03
6.415000000000000000e+03
9.986000000000000000e+03
1.400000000000000000e+04
1.757000000000000000e+03
3.517000000000000000e+03
1.692000000000000000e+04
6.432000000000000000e+03
4.807000000000000000e+03
4.507000000000000000e+03
2.378000000000000000e+03
3.054000000000000000e+03
1.540000000000000000e+03
1.869000000000000000e+03
1.696000000000000000e+03
3.664000000000000000e+03
4.045000000000000000e+03
3.260000000000000000e+03
3.181000000000000000e+03
1.955000000000000000e+03
2.311900000000000000e+04
3.031000000000000000e+03
2.133000000000000000e+03
3.786000000000000000e+03
3.771000000000000000e+03
5.260000000000000000e+02
7.484000000000000000e+03
1.506000000000000000e+03
1.337000000000000000e+03
6.585000000000000000e+03
1.968000000000000000e+03
1.029100000000000000e+04
2.552000000000000000e+03
4.128000000000000000e+03
1.527700000000000000e+04
2.381000000000000000e+03
1.244000000000000000e+03
3.757000000000000000e+03
3.470000000000000000e+03
2.765000000000000000e+03
3.565000000000000000e+03
2.701000000000000000e+03
2.614000000000000000e+03
1.642000000000000000e+03
3.785000000000000000e+03
2.777000000000000000e+03
1.788700000000000000e+04
2.885000000000000000e+03
4.151000000000000000e+03
1.111700000000000000e+04
2.078000000000000000e+03
2.211000000000000000e+03
4.410000000000000000e+03
3.345000000000000000e+03
2.369000000000000000e+03
8.220000000000000000e+03
3.376000000000000000e+03
4.244000000000000000e+03
2.978000000000000000e+03
1.205000000000000000e+03
2.445000000000000000e+03
1.825000000000000000e+03
1.970000000000000000e+03
3.443000000000000000e+03
4.877000000000000000e+03
5.635000000000000000e+03
4.505000000000000000e+03
7.543000000000000000e+03
2.548000000000000000e+03
2.258000000000000000e+03
1.739000000000000000e+03
2.015000000000000000e+03
4.129000000000000000e+03
5.903000000000000000e+03
3.634000000000000000e+03
4.776000000000000000e+03
2.444000000000000000e+03
4.392000000000000000e+03
3.070000000000000000e+03
9.200000000000000000e+02
5.361000000000000000e+03
7.621000000000000000e+03
6.311000000000000000e+03
3.615000000000000000e+03
8.059000000000000000e+03
3.774000000000000000e+03
6.362000000000000000e+03
2.958000000000000000e+03
2.910000000000000000e+03
1.588000000000000000e+03
2.059000000000000000e+03
1.609200000000000000e+04
2.238000000000000000e+03
3.173000000000000000e+03
1.924000000000000000e+03
1.618000000000000000e+03
1.300700000000000000e+04
1.216000000000000000e+03
5.927000000000000000e+03
1.377000000000000000e+03
8.950000000000000000e+03
8.613000000000000000e+03
1.843100000000000000e+04
6.891000000000000000e+03
2.779000000000000000e+03
2.101000000000000000e+03
1.073000000000000000e+03
2.034000000000000000e+03
2.624000000000000000e+03
6.459000000000000000e+03
3.723000000000000000e+03
4.299000000000000000e+03
1.738000000000000000e+03
3.014000000000000000e+03
9.981000000000000000e+03
9.484000000000000000e+03
1.470600000000000000e+04
6.794000000000000000e+03
6.310000000000000000e+03
1.553600000000000000e+04
1.680000000000000000e+03
2.722000000000000000e+03
4.818000000000000000e+03
7.536000000000000000e+03
4.040000000000000000e+03
2.444000000000000000e+03
7.526000000000000000e+03
5.308000000000000000e+03
3.664000000000000000e+03
2.538000000000000000e+03
3.815000000000000000e+03
5.734000000000000000e+03
6.619000000000000000e+03
6.313000000000000000e+03
3.432000000000000000e+03
1.183700000000000000e+04
1.269000000000000000e+03
4.947000000000000000e+03
6.541000000000000000e+03
1.025000000000000000e+04
2.339000000000000000e+03
2.381000000000000000e+03
3.524000000000000000e+03
8.802000000000000000e+03
8.600000000000000000e+03
6.064000000000000000e+03
3.118000000000000000e+03
3.587000000000000000e+03
3.011000000000000000e+03
4.636000000000000000e+03
5.075000000000000000e+03
2.749000000000000000e+03
6.992000000000000000e+03
3.585000000000000000e+03
7.171000000000000000e+03
4.180000000000000000e+03
5.927000000000000000e+03
5.960000000000000000e+03
4.569000000000000000e+03
1.167300000000000000e+04
1.966700000000000000e+04
7.571000000000000000e+03
7.951000000000000000e+03
3.892000000000000000e+03
3.181000000000000000e+03
6.572000000000000000e+03
3.222000000000000000e+03
1.069800000000000000e+04
3.015000000000000000e+03
3.611000000000000000e+03
2.275000000000000000e+03
3.245000000000000000e+03
2.800000000000000000e+03
2.102000000000000000e+03
3.058000000000000000e+03
2.794000000000000000e+03
3.931000000000000000e+03
4.268000000000000000e+03
3.397000000000000000e+03
1.340000000000000000e+03
1.361000000000000000e+03
1.326000000000000000e+03
2.533000000000000000e+03
2.350000000000000000e+03
3.047000000000000000e+03
3.461000000000000000e+03
6.845000000000000000e+03
3.304000000000000000e+03
6.698000000000000000e+03
7.790000000000000000e+03
2.559000000000000000e+03
3.504000000000000000e+03
4.840000000000000000e+03
1.991000000000000000e+03
2.439000000000000000e+03
5.299000000000000000e+03
1.739000000000000000e+03
1.721000000000000000e+03
6.316000000000000000e+03
6.851000000000000000e+03
2.186000000000000000e+03
6.124000000000000000e+03
6.151000000000000000e+03
3.861000000000000000e+03
7.521000000000000000e+03
4.761000000000000000e+03
7.273000000000000000e+03
3.246000000000000000e+03
2.870000000000000000e+03
4.290000000000000000e+03
5.367000000000000000e+03
1.038700000000000000e+04
3.347000000000000000e+03
2.610000000000000000e+03
4.761000000000000000e+03
4.550000000000000000e+03
1.360000000000000000e+03
3.021000000000000000e+03
5.004000000000000000e+03
5.267000000000000000e+03
1.317100000000000000e+04
4.122000000000000000e+03
7.388000000000000000e+03
8.902000000000000000e+03
2.203000000000000000e+03
7.591000000000000000e+03
1.728000000000000000e+03
1.230400000000000000e+04
9.742000000000000000e+03
2.262000000000000000e+03
4.930000000000000000e+03
2.609000000000000000e+03
3.152000000000000000e+03
1.233000000000000000e+03
5.890000000000000000e+03
4.945000000000000000e+03
2.599000000000000000e+03
1.699000000000000000e+03
9.164000000000000000e+03
3.823000000000000000e+03
1.032100000000000000e+04
1.091200000000000000e+04
6.244000000000000000e+03
3.759000000000000000e+03
1.432100000000000000e+04
4.010000000000000000e+03
1.465000000000000000e+04
3.421000000000000000e+03
8.001000000000000000e+03
2.217000000000000000e+03
4.554000000000000000e+03
5.107000000000000000e+03
4.347000000000000000e+03
2.181000000000000000e+03
5.532000000000000000e+03
3.620000000000000000e+03
8.188000000000000000e+03
2.398000000000000000e+03
4.228000000000000000e+03
1.560900000000000000e+04
3.513000000000000000e+03
1.955000000000000000e+03
2.888000000000000000e+03
1.898000000000000000e+03
4.548000000000000000e+03
6.839000000000000000e+03
3.172000000000000000e+03
8.680000000000000000e+02
5.503000000000000000e+03
4.027000000000000000e+03
2.747000000000000000e+03
4.133000000000000000e+03
1.416000000000000000e+03
3.086000000000000000e+03
1.020500000000000000e+04
2.621000000000000000e+03
2.163000000000000000e+03
1.421000000000000000e+03
4.955000000000000000e+03
2.254000000000000000e+03
3.414000000000000000e+03
1.282600000000000000e+04
2.588000000000000000e+03
5.541000000000000000e+03
3.094000000000000000e+03
9.900000000000000000e+03
4.269000000000000000e+03
9.136000000000000000e+03
3.642000000000000000e+03
1.121000000000000000e+03
2.389000000000000000e+03
1.224000000000000000e+03
1.298300000000000000e+04
2.536800000000000000e+04
4.394000000000000000e+03
1.431000000000000000e+04
3.539000000000000000e+03
1.128500000000000000e+04
2.326000000000000000e+03
3.316000000000000000e+03
9.347000000000000000e+03
5.255000000000000000e+03
4.880000000000000000e+03
1.739000000000000000e+03
3.809000000000000000e+03
1.984000000000000000e+03
2.852000000000000000e+03
2.563000000000000000e+03
3.672000000000000000e+03
4.887000000000000000e+03
4.163000000000000000e+03
2.311100000000000000e+04
5.883000000000000000e+03
1.683000000000000000e+03
6.233000000000000000e+03
4.836000000000000000e+03
5.295000000000000000e+03
6.301000000000000000e+03
3.610000000000000000e+03
7.662000000000000000e+03
2.498000000000000000e+03
4.721000000000000000e+03
2.868000000000000000e+03
5.863000000000000000e+03
7.534000000000000000e+03
1.709000000000000000e+03
4.010000000000000000e+03
1.989000000000000000e+03
7.401000000000000000e+03
3.155000000000000000e+03
2.619000000000000000e+03
6.685000000000000000e+03
9.890000000000000000e+03
7.883000000000000000e+03
4.832000000000000000e+03
1.323600000000000000e+04
1.031500000000000000e+04
3.695000000000000000e+03
6.073000000000000000e+03
1.990000000000000000e+03
6.693000000000000000e+03
3.234000000000000000e+03
9.825000000000000000e+03
5.809000000000000000e+03
7.148000000000000000e+03
4.052000000000000000e+03
2.634000000000000000e+03
3.322000000000000000e+03
6.574000000000000000e+03
4.832000000000000000e+03
2.183000000000000000e+03
9.721000000000000000e+03
3.979000000000000000e+03
3.725000000000000000e+03
8.187000000000000000e+03
2.326000000000000000e+03
3.149000000000000000e+03
3.805000000000000000e+03
6.045000000000000000e+03
5.955000000000000000e+03
1.228000000000000000e+03
1.162700000000000000e+04
2.417000000000000000e+03
6.386000000000000000e+03
2.779000000000000000e+03
2.089000000000000000e+03
3.276000000000000000e+03
8.260000000000000000e+03
1.553000000000000000e+03
9.999000000000000000e+03
1.265000000000000000e+03
1.729000000000000000e+03
1.458000000000000000e+03
2.976000000000000000e+03
1.985000000000000000e+03
2.448000000000000000e+03
1.465000000000000000e+03
1.885000000000000000e+03
5.036000000000000000e+03
9.241000000000000000e+03
6.494000000000000000e+03
4.515000000000000000e+03
3.064000000000000000e+03
2.071000000000000000e+03
3.037000000000000000e+03
1.417800000000000000e+04
5.398000000000000000e+03
3.124000000000000000e+03
3.396000000000000000e+03
2.454000000000000000e+03
3.710000000000000000e+03
3.267000000000000000e+03
6.348000000000000000e+03
2.422000000000000000e+03
5.762000000000000000e+03
9.318000000000000000e+03
1.259600000000000000e+04
5.472000000000000000e+03
9.001000000000000000e+03
6.120000000000000000e+03
2.751000000000000000e+03
1.149500000000000000e+04
2.045000000000000000e+03
1.468000000000000000e+03
2.982000000000000000e+03
4.540000000000000000e+03
2.423000000000000000e+03
1.269000000000000000e+03
3.813000000000000000e+03
4.293000000000000000e+03
1.531000000000000000e+03
6.301000000000000000e+03
3.043000000000000000e+03
9.500000000000000000e+02
4.813000000000000000e+03
1.541000000000000000e+03
8.960000000000000000e+02
7.791000000000000000e+03
3.065000000000000000e+03
6.892000000000000000e+03
5.568000000000000000e+03
2.426000000000000000e+03
4.022000000000000000e+03
4.276000000000000000e+03
1.951000000000000000e+04
1.342000000000000000e+03
6.301000000000000000e+03
2.543000000000000000e+03
5.089000000000000000e+03
1.798600000000000000e+04
1.899000000000000000e+03
8.311000000000000000e+03
2.785000000000000000e+03
2.164000000000000000e+03
6.328000000000000000e+03
2.510000000000000000e+03
4.754000000000000000e+03
1.075200000000000000e+04
1.111800000000000000e+04
2.471000000000000000e+03
7.508000000000000000e+03
1.495200000000000000e+04
7.832000000000000000e+03
2.420000000000000000e+03
5.615000000000000000e+03
1.229000000000000000e+04
9.370000000000000000e+02
4.582000000000000000e+03
2.134000000000000000e+03
7.086000000000000000e+03
3.549000000000000000e+03
4.643000000000000000e+03
3.340000000000000000e+03
4.574000000000000000e+03
5.119000000000000000e+03
1.273900000000000000e+04
1.325000000000000000e+03
3.805000000000000000e+03
2.012000000000000000e+03
5.438000000000000000e+03
2.813000000000000000e+03
3.006000000000000000e+03
4.937000000000000000e+03
3.171000000000000000e+03
1.046700000000000000e+04
4.419000000000000000e+03
1.876000000000000000e+03
3.720000000000000000e+03
3.783000000000000000e+03
8.269000000000000000e+03
6.019000000000000000e+03
5.219000000000000000e+03
7.205000000000000000e+03
1.676000000000000000e+03
3.426000000000000000e+03
9.397000000000000000e+03
6.040000000000000000e+03
8.575000000000000000e+03
4.513000000000000000e+03
2.778000000000000000e+03
1.724000000000000000e+03
4.632000000000000000e+03
3.542000000000000000e+03
3.954000000000000000e+03
2.732000000000000000e+03
2.627000000000000000e+03
5.194000000000000000e+03
1.394600000000000000e+04
1.197000000000000000e+03
4.771000000000000000e+03
3.095000000000000000e+03
8.289000000000000000e+03
1.651000000000000000e+03
1.362000000000000000e+03
3.760000000000000000e+03
3.001000000000000000e+03
4.748000000000000000e+03
4.875000000000000000e+03
1.366000000000000000e+03
6.984000000000000000e+03
1.406000000000000000e+03
1.612000000000000000e+03
3.913000000000000000e+03
6.853000000000000000e+03
3.024000000000000000e+03
1.918000000000000000e+03
1.726000000000000000e+03
4.839000000000000000e+03
9.595000000000000000e+03
1.202000000000000000e+04
4.132000000000000000e+03
4.453000000000000000e+03
4.763000000000000000e+03
1.313000000000000000e+04
1.050000000000000000e+03
1.640200000000000000e+04
1.382000000000000000e+04
1.744000000000000000e+03
2.793000000000000000e+03
2.833000000000000000e+03
4.181000000000000000e+03
8.820000000000000000e+02
2.396000000000000000e+03
4.177000000000000000e+03
1.601000000000000000e+03
6.080000000000000000e+03
2.158000000000000000e+03
1.795000000000000000e+03
3.087000000000000000e+03
4.175000000000000000e+03
2.825000000000000000e+03
1.961000000000000000e+03
1.777000000000000000e+03
9.300000000000000000e+03
1.314000000000000000e+03
1.926000000000000000e+03
3.964000000000000000e+03
3.340000000000000000e+03
2.376000000000000000e+03
4.797000000000000000e+03
3.488000000000000000e+03
4.023000000000000000e+03
3.058000000000000000e+03
5.245000000000000000e+03
4.173000000000000000e+03
2.298000000000000000e+03
4.124000000000000000e+03
5.626000000000000000e+03
8.680000000000000000e+03
1.165400000000000000e+04
6.511000000000000000e+03
2.493000000000000000e+03
3.745000000000000000e+03
2.152000000000000000e+03
3.584000000000000000e+03
1.105100000000000000e+04
6.724000000000000000e+03
5.491000000000000000e+03
2.520000000000000000e+03
3.237000000000000000e+03
4.515000000000000000e+03
1.398000000000000000e+03
6.327000000000000000e+03
2.278000000000000000e+03
2.882000000000000000e+03
4.812000000000000000e+03
5.940000000000000000e+03
1.769000000000000000e+03
1.857000000000000000e+03
4.177000000000000000e+03
4.184000000000000000e+03
3.172000000000000000e+03
4.038000000000000000e+03
2.256000000000000000e+03
3.029000000000000000e+03
6.832000000000000000e+03
2.464000000000000000e+03
3.709000000000000000e+03
2.766000000000000000e+03
1.155000000000000000e+03
5.614000000000000000e+03
1.691000000000000000e+03
9.456000000000000000e+03
6.001000000000000000e+03
5.568000000000000000e+03
7.026000000000000000e+03
1.902800000000000000e+04
6.335000000000000000e+03
5.715000000000000000e+03
3.592000000000000000e+03
4.732000000000000000e+03
8.625000000000000000e+03
4.102000000000000000e+03
3.382000000000000000e+03
4.248000000000000000e+03
4.261000000000000000e+03
2.376000000000000000e+03
4.640000000000000000e+03
5.117000000000000000e+03
1.131700000000000000e+04
1.115400000000000000e+04
2.358000000000000000e+03
3.608000000000000000e+03
1.340000000000000000e+03
5.026000000000000000e+03
2.921000000000000000e+03
3.200000000000000000e+03
1.038000000000000000e+03
1.859000000000000000e+03
2.948000000000000000e+03
1.456400000000000000e+04
1.103000000000000000e+03
3.309000000000000000e+03
4.457000000000000000e+03
6.199000000000000000e+03
4.130000000000000000e+03
4.724000000000000000e+03
2.156000000000000000e+03
1.048000000000000000e+04
5.331000000000000000e+03
4.367000000000000000e+03
4.432000000000000000e+03
5.154000000000000000e+03
9.018000000000000000e+03
2.338000000000000000e+03
4.121000000000000000e+03
1.137000000000000000e+03
3.463000000000000000e+03
1.621000000000000000e+03
8.699000000000000000e+03
2.197000000000000000e+03
4.778000000000000000e+03
4.253000000000000000e+03
5.617000000000000000e+03
9.640000000000000000e+02
1.103000000000000000e+03
1.237400000000000000e+04
1.048800000000000000e+04
8.254000000000000000e+03
4.883000000000000000e+03
3.797000000000000000e+03
7.177000000000000000e+03
2.429000000000000000e+03
6.237000000000000000e+03
9.760000000000000000e+03
3.510000000000000000e+03
1.707000000000000000e+03
1.797000000000000000e+03
4.635000000000000000e+03
1.112400000000000000e+04
2.500000000000000000e+03
4.481000000000000000e+03
7.578000000000000000e+03
2.436000000000000000e+03
1.460000000000000000e+03
1.049000000000000000e+03
7.519000000000000000e+03
3.165000000000000000e+03
2.985000000000000000e+03
5.681000000000000000e+03
4.507000000000000000e+03
1.103400000000000000e+04
2.398000000000000000e+03
5.534000000000000000e+03
2.027000000000000000e+03
2.473000000000000000e+03
1.218000000000000000e+03
4.206000000000000000e+03
3.760000000000000000e+03
1.274700000000000000e+04
1.704000000000000000e+03
3.124000000000000000e+03
2.143000000000000000e+03
7.149000000000000000e+03
3.078000000000000000e+03
6.981000000000000000e+03
1.135900000000000000e+04
2.290000000000000000e+03
1.579000000000000000e+03
2.688000000000000000e+03
2.193000000000000000e+03
3.704000000000000000e+03
3.104000000000000000e+03
7.908000000000000000e+03
6.733000000000000000e+03
5.766000000000000000e+03
2.063000000000000000e+03
