3.787000000000000000e+03
3.196000000000000000e+03
1.105000000000000000e+03
4.897000000000000000e+03
1.126000000000000000e+04
6.677000000000000000e+03
4.302000000000000000e+03
5.229000000000000000e+03
5.757000000000000000e+03
4.511000000000000000e+03
4.814000000000000000e+03
3.460000000000000000e+03
6.542000000000000000e+03
8.463000000000000000e+03
4.923000000000000000e+03
1.594300000000000000e+04
6.127000000000000000e+03
1.570000000000000000e+04
3.221000000000000000e+03
2.786000000000000000e+03
5.604000000000000000e+03
1.275600000000000000e+04
7.296000000000000000e+03
7.257000000000000000e+03
6.884000000000000000e+03
3.674000000000000000e+03
3.636000000000000000e+03
7.722000000000000000e+03
8.277000000000000000e+03
3.906000000000000000e+03
1.085400000000000000e+04
8.310000000000000000e+03
7.364000000000000000e+03
8.344000000000000000e+03
1.372200000000000000e+04
6.099000000000000000e+03
6.272000000000000000e+03
5.146000000000000000e+03
1.535300000000000000e+04
1.928100000000000000e+04
2.875000000000000000e+03
1.869000000000000000e+03
4.301000000000000000e+03
9.053000000000000000e+03
4.996000000000000000e+03
3.232000000000000000e+03
5.319000000000000000e+03
5.641000000000000000e+03
4.551000000000000000e+03
1.806000000000000000e+03
6.997000000000000000e+03
4.793000000000000000e+03
9.894000000000000000e+03
4.695000000000000000e+03
6.844000000000000000e+03
1.035900000000000000e+04
5.079000000000000000e+03
3.375000000000000000e+03
7.571000000000000000e+03
5.144000000000000000e+03
3.405000000000000000e+03
6.624000000000000000e+03
4.646000000000000000e+03
7.725000000000000000e+03
5.905000000000000000e+03
4.047000000000000000e+03
3.561000000000000000e+03
1.690500000000000000e+04
7.263000000000000000e+03
2.248000000000000000e+03
1.159700000000000000e+04
1.154800000000000000e+04
1.002900000000000000e+04
1.192600000000000000e+04
2.889000000000000000e+03
1.955000000000000000e+03
6.313000000000000000e+03
2.023000000000000000e+03
5.271000000000000000e+03
1.822200000000000000e+04
1.753000000000000000e+03
4.575000000000000000e+03
1.363400000000000000e+04
1.086600000000000000e+04
1.950500000000000000e+04
1.467300000000000000e+04
2.189600000000000000e+04
8.812000000000000000e+03
3.669000000000000000e+03
9.207000000000000000e+03
4.427000000000000000e+03
8.700000000000000000e+02
7.195000000000000000e+03
1.597000000000000000e+03
9.443000000000000000e+03
6.114000000000000000e+03
1.312300000000000000e+04
2.866000000000000000e+03
3.091000000000000000e+03
6.725000000000000000e+03
3.537000000000000000e+03
5.734000000000000000e+03
5.694000000000000000e+03
4.091000000000000000e+03
5.429000000000000000e+03
4.085000000000000000e+03
4.027000000000000000e+03
4.968000000000000000e+03
4.656000000000000000e+03
2.340000000000000000e+03
2.750000000000000000e+03
5.848000000000000000e+03
5.594000000000000000e+03
1.582000000000000000e+03
3.216000000000000000e+03
3.446000000000000000e+03
3.012000000000000000e+04
3.168000000000000000e+03
1.590500000000000000e+04
3.185000000000000000e+03
3.849000000000000000e+03
1.617000000000000000e+04
3.961000000000000000e+03
1.766100000000000000e+04
3.294000000000000000e+03
3.243000000000000000e+03
5.420000000000000000e+03
4.463000000000000000e+03
1.260400000000000000e+04
3.213000000000000000e+03
3.498000000000000000e+03
1.828100000000000000e+04
7.845000000000000000e+03
4.422000000000000000e+03
6.842000000000000000e+03
1.357300000000000000e+04
5.086000000000000000e+03
6.190000000000000000e+03
1.064200000000000000e+04
1.444000000000000000e+04
1.270000000000000000e+04
2.670000000000000000e+03
3.805000000000000000e+03
3.444000000000000000e+03
1.177200000000000000e+04
9.287000000000000000e+03
3.833000000000000000e+03
2.002000000000000000e+03
4.520000000000000000e+03
2.237000000000000000e+03
4.887000000000000000e+03
6.908000000000000000e+03
1.944000000000000000e+03
4.800000000000000000e+03
8.861000000000000000e+03
3.433000000000000000e+03
1.003500000000000000e+04
3.178000000000000000e+03
1.918000000000000000e+03
4.934000000000000000e+03
6.273000000000000000e+03
3.954000000000000000e+03
3.498000000000000000e+03
1.681200000000000000e+04
2.240300000000000000e+04
1.167200000000000000e+04
3.151000000000000000e+03
4.163000000000000000e+03
5.415000000000000000e+03
2.946000000000000000e+03
1.310600000000000000e+04
3.071000000000000000e+03
7.088000000000000000e+03
1.083900000000000000e+04
2.361000000000000000e+03
4.006000000000000000e+03
2.505000000000000000e+03
7.213000000000000000e+03
8.197000000000000000e+03
2.292400000000000000e+04
9.871000000000000000e+03
1.704900000000000000e+04
7.791000000000000000e+03
1.013600000000000000e+04
3.491000000000000000e+03
3.328000000000000000e+03
3.342000000000000000e+03
1.086400000000000000e+04
3.689000000000000000e+03
2.353000000000000000e+03
1.238200000000000000e+04
3.702000000000000000e+03
3.764000000000000000e+03
6.761000000000000000e+03
6.505000000000000000e+03
1.927000000000000000e+03
6.651000000000000000e+03
3.642000000000000000e+03
4.342000000000000000e+03
9.418000000000000000e+03
1.922000000000000000e+03
7.845000000000000000e+03
2.654000000000000000e+03
1.339000000000000000e+04
5.997000000000000000e+03
4.414000000000000000e+03
3.995000000000000000e+03
5.623000000000000000e+03
1.000700000000000000e+04
7.549000000000000000e+03
8.801000000000000000e+03
2.683000000000000000e+03
1.210600000000000000e+04
8.001000000000000000e+03
2.386000000000000000e+03
1.017700000000000000e+04
6.082000000000000000e+03
5.778000000000000000e+03
3.969000000000000000e+03
8.090000000000000000e+03
4.523000000000000000e+03
3.564000000000000000e+03
9.638000000000000000e+03
3.989000000000000000e+03
8.059000000000000000e+03
7.231000000000000000e+03
1.091000000000000000e+03
3.848000000000000000e+03
6.697000000000000000e+03
2.149000000000000000e+03
3.889000000000000000e+03
1.017200000000000000e+04
1.306200000000000000e+04
2.294000000000000000e+03
2.916000000000000000e+03
8.391000000000000000e+03
7.843000000000000000e+03
1.303000000000000000e+03
1.440700000000000000e+04
2.986000000000000000e+03
1.004700000000000000e+04
3.924000000000000000e+03
9.774000000000000000e+03
4.276000000000000000e+03
9.103000000000000000e+03
7.149000000000000000e+03
2.139400000000000000e+04
2.334800000000000000e+04
2.585700000000000000e+04
1.454000000000000000e+03
5.836000000000000000e+03
2.150200000000000000e+04
4.905000000000000000e+03
5.957000000000000000e+03
1.570000000000000000e+03
9.600000000000000000e+03
6.224000000000000000e+03
6.791000000000000000e+03
2.378000000000000000e+03
1.292200000000000000e+04
1.546600000000000000e+04
4.940000000000000000e+03
5.843000000000000000e+03
1.985100000000000000e+04
1.032000000000000000e+04
3.418000000000000000e+03
5.927000000000000000e+03
8.451000000000000000e+03
3.252000000000000000e+03
1.024700000000000000e+04
1.835400000000000000e+04
3.510000000000000000e+03
3.687000000000000000e+03
4.607000000000000000e+03
8.731000000000000000e+03
4.031000000000000000e+03
6.744000000000000000e+03
4.190000000000000000e+03
3.795000000000000000e+03
3.930000000000000000e+03
1.687100000000000000e+04
4.334000000000000000e+03
5.234000000000000000e+03
4.811000000000000000e+03
3.820000000000000000e+03
7.315000000000000000e+03
1.423900000000000000e+04
3.116000000000000000e+03
7.101000000000000000e+03
2.400000000000000000e+03
9.837000000000000000e+03
6.980000000000000000e+03
7.613000000000000000e+03
7.087000000000000000e+03
3.517000000000000000e+03
2.210700000000000000e+04
1.615000000000000000e+03
3.778000000000000000e+03
9.850000000000000000e+02
9.689000000000000000e+03
7.930000000000000000e+03
6.798000000000000000e+03
4.342000000000000000e+03
4.970000000000000000e+03
9.895000000000000000e+03
1.915000000000000000e+03
6.109000000000000000e+03
1.429800000000000000e+04
6.609000000000000000e+03
1.542000000000000000e+03
5.970000000000000000e+03
1.182100000000000000e+04
4.701000000000000000e+03
1.237900000000000000e+04
1.622300000000000000e+04
1.387600000000000000e+04
4.970000000000000000e+03
3.444000000000000000e+03
4.609000000000000000e+03
3.361700000000000000e+04
2.709000000000000000e+03
7.844000000000000000e+03
3.498000000000000000e+03
5.696000000000000000e+03
2.484000000000000000e+03
4.268000000000000000e+03
9.429000000000000000e+03
4.930000000000000000e+03
5.201000000000000000e+03
3.677000000000000000e+03
1.375300000000000000e+04
1.316700000000000000e+04
9.320000000000000000e+03
2.404100000000000000e+04
1.186100000000000000e+04
5.650000000000000000e+03
3.303000000000000000e+03
1.398900000000000000e+04
5.147000000000000000e+03
4.617000000000000000e+03
3.797000000000000000e+03
3.443000000000000000e+03
2.019000000000000000e+03
6.249000000000000000e+03
1.206300000000000000e+04
6.075000000000000000e+03
3.030000000000000000e+03
2.228300000000000000e+04
5.710000000000000000e+03
7.882000000000000000e+03
7.582000000000000000e+03
9.854000000000000000e+03
7.323000000000000000e+03
2.252400000000000000e+04
6.660000000000000000e+03
7.172000000000000000e+03
1.967200000000000000e+04
3.420000000000000000e+03
3.504000000000000000e+03
1.057000000000000000e+03
6.259000000000000000e+03
3.177000000000000000e+03
3.738000000000000000e+03
2.282000000000000000e+03
5.167000000000000000e+03
8.192000000000000000e+03
4.081000000000000000e+03
1.741000000000000000e+03
1.114600000000000000e+04
3.635000000000000000e+03
4.294000000000000000e+03
2.240000000000000000e+03
6.888000000000000000e+03
5.425000000000000000e+03
2.680600000000000000e+04
2.284000000000000000e+03
4.067000000000000000e+03
1.165000000000000000e+03
1.011700000000000000e+04
3.700000000000000000e+03
6.959000000000000000e+03
6.622000000000000000e+03
5.841000000000000000e+03
1.003900000000000000e+04
1.712000000000000000e+03
6.028000000000000000e+03
4.153000000000000000e+03
5.339000000000000000e+03
5.137000000000000000e+03
3.586000000000000000e+03
1.492300000000000000e+04
7.300000000000000000e+03
5.630000000000000000e+03
3.818000000000000000e+03
9.984000000000000000e+03
1.455100000000000000e+04
1.552000000000000000e+03
1.072000000000000000e+04
1.059800000000000000e+04
2.153000000000000000e+03
3.581000000000000000e+03
8.174000000000000000e+03
5.377000000000000000e+03
4.680000000000000000e+03
8.786000000000000000e+03
3.236000000000000000e+03
1.032000000000000000e+04
1.421800000000000000e+04
5.198000000000000000e+03
1.236400000000000000e+04
8.635000000000000000e+03
4.681000000000000000e+03
3.013000000000000000e+03
3.626000000000000000e+03
1.140000000000000000e+04
1.546800000000000000e+04
5.764000000000000000e+03
7.562000000000000000e+03
1.258400000000000000e+04
7.246000000000000000e+03
1.378500000000000000e+04
4.959000000000000000e+03
6.141000000000000000e+03
2.020000000000000000e+03
4.584000000000000000e+03
8.318000000000000000e+03
5.365000000000000000e+03
4.929000000000000000e+03
2.135700000000000000e+04
4.879000000000000000e+03
5.851000000000000000e+03
1.997000000000000000e+03
1.349900000000000000e+04
3.165000000000000000e+03
4.879000000000000000e+03
3.081000000000000000e+03
1.148900000000000000e+04
3.990000000000000000e+03
4.417000000000000000e+03
1.028400000000000000e+04
1.925000000000000000e+03
2.349000000000000000e+03
7.027000000000000000e+03
5.062000000000000000e+03
1.026300000000000000e+04
2.043000000000000000e+03
5.538000000000000000e+03
3.379000000000000000e+03
5.843000000000000000e+03
1.028900000000000000e+04
4.137000000000000000e+03
5.220000000000000000e+03
2.624000000000000000e+03
4.864000000000000000e+03
5.202000000000000000e+03
4.230000000000000000e+03
6.100000000000000000e+03
1.728900000000000000e+04
1.483300000000000000e+04
2.885000000000000000e+03
1.557900000000000000e+04
6.879000000000000000e+03
9.263000000000000000e+03
5.670000000000000000e+03
2.662000000000000000e+03
2.281600000000000000e+04
6.103000000000000000e+03
1.203200000000000000e+04
6.056000000000000000e+03
2.005400000000000000e+04
4.144000000000000000e+03
3.172500000000000000e+04
1.609900000000000000e+04
4.881000000000000000e+03
6.252000000000000000e+03
3.236000000000000000e+03
2.659000000000000000e+03
5.966000000000000000e+03
2.395300000000000000e+04
6.161000000000000000e+03
2.238000000000000000e+03
8.860000000000000000e+03
9.646000000000000000e+03
1.749000000000000000e+03
4.811000000000000000e+03
8.736000000000000000e+03
7.245000000000000000e+03
5.769000000000000000e+03
5.040000000000000000e+03
1.527000000000000000e+04
2.929000000000000000e+03
6.674000000000000000e+03
3.479000000000000000e+03
1.118300000000000000e+04
7.857000000000000000e+03
2.985000000000000000e+03
8.089000000000000000e+03
8.575000000000000000e+03
1.514800000000000000e+04
5.798000000000000000e+03
3.513000000000000000e+03
4.900000000000000000e+03
4.365000000000000000e+03
4.519000000000000000e+03
2.931000000000000000e+03
1.963000000000000000e+03
7.750000000000000000e+03
9.010000000000000000e+03
1.384100000000000000e+04
5.883000000000000000e+03
2.600000000000000000e+03
1.093500000000000000e+04
4.445000000000000000e+03
8.658000000000000000e+03
2.029300000000000000e+04
8.030000000000000000e+03
1.009000000000000000e+04
9.474000000000000000e+03
8.140000000000000000e+02
3.516000000000000000e+03
5.216000000000000000e+03
1.541000000000000000e+03
1.239900000000000000e+04
8.636000000000000000e+03
9.130000000000000000e+02
4.064000000000000000e+03
1.163300000000000000e+04
3.526000000000000000e+03
2.380000000000000000e+03
5.661000000000000000e+03
4.181000000000000000e+03
3.702000000000000000e+03
4.336000000000000000e+03
3.640000000000000000e+03
4.907000000000000000e+03
2.089000000000000000e+03
1.766400000000000000e+04
8.643000000000000000e+03
7.907000000000000000e+03
6.209000000000000000e+03
8.426000000000000000e+03
2.851000000000000000e+03
8.475000000000000000e+03
6.860000000000000000e+03
3.100000000000000000e+03
2.609000000000000000e+03
3.119000000000000000e+03
1.479000000000000000e+03
7.753000000000000000e+03
4.903000000000000000e+03
8.657000000000000000e+03
6.760000000000000000e+03
4.121000000000000000e+03
1.615600000000000000e+04
2.936000000000000000e+03
1.085800000000000000e+04
1.380700000000000000e+04
3.515000000000000000e+03
1.872700000000000000e+04
1.041800000000000000e+04
2.058000000000000000e+03
2.543000000000000000e+04
5.751000000000000000e+03
9.555000000000000000e+03
3.012000000000000000e+03
1.449500000000000000e+04
4.810000000000000000e+03
5.338000000000000000e+03
1.458500000000000000e+04
5.518000000000000000e+03
1.738000000000000000e+03
7.651000000000000000e+03
5.702000000000000000e+03
3.031000000000000000e+03
2.935000000000000000e+03
3.067000000000000000e+03
3.622000000000000000e+03
2.126000000000000000e+03
1.580500000000000000e+04
4.472000000000000000e+03
3.694000000000000000e+03
1.043900000000000000e+04
1.722000000000000000e+03
6.714000000000000000e+03
1.336000000000000000e+04
1.238700000000000000e+04
3.728000000000000000e+03
7.063000000000000000e+03
8.681000000000000000e+03
5.601000000000000000e+03
7.965000000000000000e+03
5.817000000000000000e+03
2.444000000000000000e+03
1.226400000000000000e+04
2.114400000000000000e+04
7.010000000000000000e+03
6.192000000000000000e+03
3.423000000000000000e+03
2.678000000000000000e+03
5.554000000000000000e+03
4.953000000000000000e+03
8.422000000000000000e+03
7.245000000000000000e+03
3.764000000000000000e+03
2.587000000000000000e+03
5.474000000000000000e+03
1.493800000000000000e+04
3.794000000000000000e+03
2.731000000000000000e+03
4.056000000000000000e+03
6.970000000000000000e+03
9.613000000000000000e+03
1.367200000000000000e+04
7.493000000000000000e+03
1.737000000000000000e+03
6.889000000000000000e+03
3.819000000000000000e+03
1.082900000000000000e+04
1.377000000000000000e+03
6.262000000000000000e+03
5.576000000000000000e+03
8.409000000000000000e+03
1.034000000000000000e+03
2.873000000000000000e+03
8.790000000000000000e+02
3.352000000000000000e+03
1.425500000000000000e+04
9.960000000000000000e+03
2.736000000000000000e+03
6.518000000000000000e+03
1.047600000000000000e+04
2.067000000000000000e+04
2.352000000000000000e+03
1.512000000000000000e+03
8.678000000000000000e+03
1.382000000000000000e+03
1.266400000000000000e+04
2.948000000000000000e+03
4.505000000000000000e+03
1.102500000000000000e+04
1.221500000000000000e+04
3.036000000000000000e+03
1.138700000000000000e+04
4.449000000000000000e+03
1.269000000000000000e+04
4.828000000000000000e+03
2.138000000000000000e+03
7.272000000000000000e+03
2.805000000000000000e+03
1.430900000000000000e+04
1.216900000000000000e+04
3.255000000000000000e+03
7.255000000000000000e+03
6.751000000000000000e+03
5.273000000000000000e+03
4.254000000000000000e+03
1.298600000000000000e+04
7.332000000000000000e+03
3.823000000000000000e+03
5.322000000000000000e+03
6.803000000000000000e+03
3.281000000000000000e+03
2.694000000000000000e+03
2.489000000000000000e+03
2.009000000000000000e+03
3.398000000000000000e+03
4.404000000000000000e+03
1.000500000000000000e+04
2.920000000000000000e+03
4.544000000000000000e+03
1.042000000000000000e+03
6.826000000000000000e+03
1.428000000000000000e+03
9.011000000000000000e+03
4.235000000000000000e+03
3.804000000000000000e+03
1.888500000000000000e+04
2.075100000000000000e+04
6.038000000000000000e+03
2.062000000000000000e+03
9.898000000000000000e+03
1.591800000000000000e+04
2.418700000000000000e+04
1.001600000000000000e+04
7.343000000000000000e+03
4.627000000000000000e+03
4.425000000000000000e+03
3.366000000000000000e+03
4.240000000000000000e+03
3.620000000000000000e+03
8.363000000000000000e+03
1.073200000000000000e+04
7.671000000000000000e+03
8.335000000000000000e+03
6.298000000000000000e+03
5.688000000000000000e+03
7.325000000000000000e+03
2.624000000000000000e+03
3.458000000000000000e+03
2.113000000000000000e+03
2.226000000000000000e+03
4.904000000000000000e+03
5.128000000000000000e+03
2.074000000000000000e+03
4.586000000000000000e+03
1.235900000000000000e+04
1.513000000000000000e+04
5.022000000000000000e+03
3.016000000000000000e+03
8.039000000000000000e+03
3.887000000000000000e+03
8.900000000000000000e+03
4.124000000000000000e+03
4.190000000000000000e+03
5.547000000000000000e+03
5.358000000000000000e+03
6.346000000000000000e+03
4.934000000000000000e+03
3.221000000000000000e+03
4.917000000000000000e+03
7.988000000000000000e+03
9.684000000000000000e+03
7.636000000000000000e+03
1.358600000000000000e+04
1.107300000000000000e+04
2.063000000000000000e+03
4.299000000000000000e+03
1.357400000000000000e+04
1.958000000000000000e+03
1.255800000000000000e+04
2.380000000000000000e+03
5.688000000000000000e+03
1.710000000000000000e+03
6.219000000000000000e+03
4.003000000000000000e+03
1.053000000000000000e+04
2.662000000000000000e+03
9.982000000000000000e+03
6.489000000000000000e+03
6.115000000000000000e+03
4.963000000000000000e+03
1.409000000000000000e+04
8.236000000000000000e+03
2.618000000000000000e+03
5.845000000000000000e+03
3.811000000000000000e+03
7.484000000000000000e+03
4.561000000000000000e+03
3.132000000000000000e+03
1.086700000000000000e+04
9.674000000000000000e+03
2.783000000000000000e+03
1.969000000000000000e+03
1.505000000000000000e+03
8.335000000000000000e+03
1.029900000000000000e+04
5.057000000000000000e+03
3.433000000000000000e+03
4.742000000000000000e+03
8.262000000000000000e+03
7.088000000000000000e+03
4.812000000000000000e+03
7.466000000000000000e+03
8.526000000000000000e+03
3.394000000000000000e+03
3.425000000000000000e+03
3.967000000000000000e+03
7.030000000000000000e+03
1.468000000000000000e+03
1.987000000000000000e+03
3.283000000000000000e+03
2.727000000000000000e+03
4.194000000000000000e+03
2.612000000000000000e+03
1.451000000000000000e+03
1.511500000000000000e+04
8.763000000000000000e+03
2.781100000000000000e+04
8.652000000000000000e+03
4.220000000000000000e+03
5.081000000000000000e+03
4.670000000000000000e+03
3.614000000000000000e+03
3.609000000000000000e+03
6.182000000000000000e+03
4.229000000000000000e+03
1.919000000000000000e+03
5.428000000000000000e+03
3.094000000000000000e+03
1.531000000000000000e+03
3.454000000000000000e+03
3.157000000000000000e+03
5.703000000000000000e+03
2.048400000000000000e+04
3.420000000000000000e+03
3.823000000000000000e+03
1.597100000000000000e+04
4.707000000000000000e+03
7.514000000000000000e+03
1.121000000000000000e+03
4.812000000000000000e+03
1.267900000000000000e+04
1.334100000000000000e+04
4.629000000000000000e+03
7.610000000000000000e+03
5.428000000000000000e+03
9.723000000000000000e+03
1.188600000000000000e+04
5.775000000000000000e+03
2.293000000000000000e+03
7.064000000000000000e+03
6.964000000000000000e+03
3.500000000000000000e+03
4.983000000000000000e+03
1.289300000000000000e+04
1.733200000000000000e+04
4.858000000000000000e+03
2.403000000000000000e+03
3.776000000000000000e+03
2.804000000000000000e+03
5.762000000000000000e+03
2.692000000000000000e+03
1.054200000000000000e+04
3.872000000000000000e+03
1.987000000000000000e+03
7.179000000000000000e+03
1.222400000000000000e+04
2.254000000000000000e+03
2.201000000000000000e+03
7.862000000000000000e+03
2.383000000000000000e+03
3.684000000000000000e+03
7.492000000000000000e+03
1.102100000000000000e+04
4.029000000000000000e+03
2.341000000000000000e+04
2.077000000000000000e+03
4.225800000000000000e+04
6.667000000000000000e+03
4.568000000000000000e+03
7.135000000000000000e+03
5.882000000000000000e+03
7.336000000000000000e+03
8.661000000000000000e+03
4.938000000000000000e+03
7.050000000000000000e+03
4.247000000000000000e+03
2.524000000000000000e+03
8.439000000000000000e+03
6.604000000000000000e+03
1.103300000000000000e+04
9.937000000000000000e+03
4.093000000000000000e+03
1.287000000000000000e+03
1.759700000000000000e+04
3.827000000000000000e+03
4.396000000000000000e+03
9.962000000000000000e+03
9.980000000000000000e+02
3.658000000000000000e+03
4.879000000000000000e+03
1.210300000000000000e+04
7.972000000000000000e+03
1.068300000000000000e+04
4.359000000000000000e+03
1.180800000000000000e+04
4.236000000000000000e+03
1.365000000000000000e+03
9.612000000000000000e+03
6.710000000000000000e+03
1.181800000000000000e+04
5.712000000000000000e+03
5.225000000000000000e+03
5.567000000000000000e+03
2.521000000000000000e+03
5.381000000000000000e+03
6.914000000000000000e+03
8.725000000000000000e+03
1.867000000000000000e+03
5.401000000000000000e+03
5.286000000000000000e+03
8.937000000000000000e+03
5.431000000000000000e+03
1.871000000000000000e+03
1.023300000000000000e+04
8.258000000000000000e+03
6.058000000000000000e+03
9.534000000000000000e+03
5.090000000000000000e+03
5.590000000000000000e+03
4.037000000000000000e+03
1.020700000000000000e+04
3.593000000000000000e+03
2.425000000000000000e+03
5.999000000000000000e+03
1.660000000000000000e+03
1.082300000000000000e+04
8.622000000000000000e+03
3.370000000000000000e+03
2.422000000000000000e+03
1.026000000000000000e+03
7.616000000000000000e+03
5.954000000000000000e+03
1.489900000000000000e+04
2.031000000000000000e+03
3.236000000000000000e+03
2.250000000000000000e+03
2.056300000000000000e+04
2.433000000000000000e+03
4.165000000000000000e+03
6.160000000000000000e+03
7.448000000000000000e+03
2.463000000000000000e+03
1.274300000000000000e+04
5.378000000000000000e+03
3.311000000000000000e+03
1.093500000000000000e+04
1.009100000000000000e+04
1.883000000000000000e+03
1.236600000000000000e+04
4.733000000000000000e+03
6.380000000000000000e+03
2.723000000000000000e+03
6.813000000000000000e+03
1.074600000000000000e+04
5.374000000000000000e+03
1.771400000000000000e+04
9.764000000000000000e+03
2.658000000000000000e+03
2.686000000000000000e+03
5.334000000000000000e+03
1.243000000000000000e+03
3.882000000000000000e+03
1.079000000000000000e+04
1.121400000000000000e+04
9.040000000000000000e+02
1.129100000000000000e+04
6.303000000000000000e+03
7.401000000000000000e+03
4.407000000000000000e+03
2.245000000000000000e+03
4.753000000000000000e+03
6.810000000000000000e+03
5.266000000000000000e+03
1.941000000000000000e+03
2.391000000000000000e+03
2.937000000000000000e+03
4.500000000000000000e+03
5.392000000000000000e+03
4.243000000000000000e+03
1.850000000000000000e+03
9.605000000000000000e+03
5.167000000000000000e+03
5.701000000000000000e+03
2.316000000000000000e+03
4.064000000000000000e+03
7.920000000000000000e+03
5.973000000000000000e+03
1.322200000000000000e+04
7.146000000000000000e+03
1.019500000000000000e+04
4.577000000000000000e+03
1.709100000000000000e+04
7.788000000000000000e+03
4.831000000000000000e+03
1.169200000000000000e+04
6.239000000000000000e+03
6.389000000000000000e+03
2.752000000000000000e+03
1.456000000000000000e+04
3.327000000000000000e+03
5.570000000000000000e+03
3.297000000000000000e+03
6.963000000000000000e+03
6.931000000000000000e+03
6.609000000000000000e+03
8.819000000000000000e+03
2.861000000000000000e+03
3.734000000000000000e+03
1.004500000000000000e+04
2.841000000000000000e+03
6.574000000000000000e+03
4.689000000000000000e+03
2.998000000000000000e+03
3.248000000000000000e+03
4.782000000000000000e+03
5.672000000000000000e+03
1.049100000000000000e+04
5.346000000000000000e+03
3.990000000000000000e+03
9.930000000000000000e+03
1.160200000000000000e+04
1.032800000000000000e+04
1.214900000000000000e+04
2.128000000000000000e+03
2.417000000000000000e+03
3.385000000000000000e+03
4.277000000000000000e+03
4.182000000000000000e+03
3.487000000000000000e+03
6.247000000000000000e+03
5.297000000000000000e+03
8.692000000000000000e+03
8.482000000000000000e+03
1.275400000000000000e+04
1.249900000000000000e+04
