1.442000000000000000e+03
1.371000000000000000e+03
5.860000000000000000e+02
5.040000000000000000e+02
1.111000000000000000e+03
2.665000000000000000e+03
2.225000000000000000e+03
1.274000000000000000e+03
1.429000000000000000e+03
1.244000000000000000e+03
1.632000000000000000e+03
1.666000000000000000e+03
4.196000000000000000e+03
1.069000000000000000e+03
1.973000000000000000e+03
5.070000000000000000e+02
1.483000000000000000e+03
1.516000000000000000e+03
3.124000000000000000e+03
2.050000000000000000e+03
1.806000000000000000e+03
1.140000000000000000e+03
1.255000000000000000e+03
1.480000000000000000e+02
1.918000000000000000e+03
1.147000000000000000e+03
1.063000000000000000e+03
1.532000000000000000e+03
9.050000000000000000e+02
1.044000000000000000e+03
1.446000000000000000e+03
1.780000000000000000e+02
1.300000000000000000e+03
3.850000000000000000e+02
2.283000000000000000e+03
1.557000000000000000e+03
2.232000000000000000e+03
6.580000000000000000e+02
1.213000000000000000e+03
6.240000000000000000e+02
2.246000000000000000e+03
8.210000000000000000e+02
8.900000000000000000e+02
8.710000000000000000e+02
1.940000000000000000e+02
2.590000000000000000e+02
3.062000000000000000e+03
5.730000000000000000e+02
2.020000000000000000e+03
9.400000000000000000e+02
6.730000000000000000e+02
7.290000000000000000e+02
2.700000000000000000e+02
1.068000000000000000e+03
5.800000000000000000e+02
8.460000000000000000e+02
8.170000000000000000e+02
1.809000000000000000e+03
1.050000000000000000e+03
1.455000000000000000e+03
2.493000000000000000e+03
7.630000000000000000e+02
1.423000000000000000e+03
5.090000000000000000e+02
7.860000000000000000e+02
2.183000000000000000e+03
7.870000000000000000e+02
4.680000000000000000e+02
8.370000000000000000e+02
6.350000000000000000e+02
1.086000000000000000e+03
4.850000000000000000e+02
1.703000000000000000e+03
7.580000000000000000e+02
5.940000000000000000e+02
3.260000000000000000e+02
7.730000000000000000e+02
1.416000000000000000e+03
7.390000000000000000e+02
5.850000000000000000e+02
5.760000000000000000e+02
2.110000000000000000e+02
8.600000000000000000e+02
2.641000000000000000e+03
7.740000000000000000e+02
5.770000000000000000e+02
4.510000000000000000e+02
3.940000000000000000e+02
6.410000000000000000e+02
8.070000000000000000e+02
1.351000000000000000e+03
3.250000000000000000e+02
9.070000000000000000e+02
2.259000000000000000e+03
8.230000000000000000e+02
7.370000000000000000e+02
3.495000000000000000e+03
5.070000000000000000e+02
1.024000000000000000e+03
2.561000000000000000e+03
7.350000000000000000e+02
1.165000000000000000e+03
1.860000000000000000e+03
3.329000000000000000e+03
9.200000000000000000e+02
5.150000000000000000e+02
1.570000000000000000e+03
3.172000000000000000e+03
1.225000000000000000e+03
8.050000000000000000e+02
1.166000000000000000e+03
5.503000000000000000e+03
1.269000000000000000e+03
8.490000000000000000e+02
2.592000000000000000e+03
2.312000000000000000e+03
6.870000000000000000e+02
6.990000000000000000e+02
9.010000000000000000e+02
5.310000000000000000e+02
1.230000000000000000e+03
7.580000000000000000e+02
1.712000000000000000e+03
6.110000000000000000e+02
1.111000000000000000e+03
6.430000000000000000e+02
6.920000000000000000e+02
1.200000000000000000e+03
9.770000000000000000e+02
8.180000000000000000e+02
1.909000000000000000e+03
6.060000000000000000e+02
3.510000000000000000e+03
5.570000000000000000e+02
2.794000000000000000e+03
6.240000000000000000e+02
8.660000000000000000e+02
7.850000000000000000e+02
7.300000000000000000e+02
1.852000000000000000e+03
6.460000000000000000e+02
1.750000000000000000e+03
6.720000000000000000e+02
8.980000000000000000e+02
6.370000000000000000e+02
1.217000000000000000e+03
9.640000000000000000e+02
6.110000000000000000e+02
4.290000000000000000e+02
4.510000000000000000e+02
6.120000000000000000e+02
1.168000000000000000e+03
7.900000000000000000e+02
3.183000000000000000e+03
7.330000000000000000e+02
7.920000000000000000e+02
1.084000000000000000e+03
6.290000000000000000e+02
5.910000000000000000e+02
1.931000000000000000e+03
1.436000000000000000e+03
1.368000000000000000e+03
6.730000000000000000e+02
3.920000000000000000e+02
3.750000000000000000e+02
6.460000000000000000e+02
1.365000000000000000e+03
2.316000000000000000e+03
4.640000000000000000e+02
9.630000000000000000e+02
1.199000000000000000e+03
2.210000000000000000e+02
2.029000000000000000e+03
1.938000000000000000e+03
5.190000000000000000e+02
4.190000000000000000e+02
3.610000000000000000e+02
7.140000000000000000e+02
1.913000000000000000e+03
2.326000000000000000e+03
2.330000000000000000e+02
1.229000000000000000e+03
2.009000000000000000e+03
1.874000000000000000e+03
1.322000000000000000e+03
4.670000000000000000e+02
5.190000000000000000e+02
4.750000000000000000e+02
7.480000000000000000e+02
9.370000000000000000e+02
3.500000000000000000e+02
7.410000000000000000e+02
2.540000000000000000e+02
5.020000000000000000e+02
1.870000000000000000e+02
2.700000000000000000e+02
2.029000000000000000e+03
8.140000000000000000e+02
1.484000000000000000e+03
3.260000000000000000e+02
1.671000000000000000e+03
1.232000000000000000e+03
7.940000000000000000e+02
4.730000000000000000e+02
1.131000000000000000e+03
1.621000000000000000e+03
1.093000000000000000e+03
2.397000000000000000e+03
8.290000000000000000e+02
2.166000000000000000e+03
3.010000000000000000e+02
5.680000000000000000e+02
1.284000000000000000e+03
1.248000000000000000e+03
1.980000000000000000e+03
2.117000000000000000e+03
1.190000000000000000e+03
5.340000000000000000e+02
1.885000000000000000e+03
1.784000000000000000e+03
4.950000000000000000e+02
1.577000000000000000e+03
1.137000000000000000e+03
1.789000000000000000e+03
5.680000000000000000e+02
8.820000000000000000e+02
1.301000000000000000e+03
1.502000000000000000e+03
8.430000000000000000e+02
3.260000000000000000e+03
1.179000000000000000e+03
8.910000000000000000e+02
8.600000000000000000e+02
6.890000000000000000e+02
1.141000000000000000e+03
2.628000000000000000e+03
1.975000000000000000e+03
6.850000000000000000e+02
3.300000000000000000e+02
1.251000000000000000e+03
3.316000000000000000e+03
9.830000000000000000e+02
7.430000000000000000e+02
7.080000000000000000e+02
9.920000000000000000e+02
1.325000000000000000e+03
8.410000000000000000e+02
5.740000000000000000e+02
1.456000000000000000e+03
9.560000000000000000e+02
1.037000000000000000e+03
4.730000000000000000e+02
7.030000000000000000e+02
8.810000000000000000e+02
7.530000000000000000e+02
6.130000000000000000e+02
1.284000000000000000e+03
5.800000000000000000e+02
1.026000000000000000e+03
5.190000000000000000e+02
1.124000000000000000e+03
5.022000000000000000e+03
1.560000000000000000e+03
3.289000000000000000e+03
1.039000000000000000e+03
1.357000000000000000e+03
3.518000000000000000e+03
5.990000000000000000e+02
7.280000000000000000e+02
3.110000000000000000e+02
9.730000000000000000e+02
2.204000000000000000e+03
1.658000000000000000e+03
1.648000000000000000e+03
8.900000000000000000e+01
9.010000000000000000e+02
1.940000000000000000e+02
8.080000000000000000e+02
9.650000000000000000e+02
5.450000000000000000e+02
1.280000000000000000e+02
1.950000000000000000e+03
8.100000000000000000e+02
7.500000000000000000e+02
1.840000000000000000e+03
1.282000000000000000e+03
3.482000000000000000e+03
1.123000000000000000e+03
5.260000000000000000e+02
9.380000000000000000e+02
1.677000000000000000e+03
1.809000000000000000e+03
1.500000000000000000e+03
6.620000000000000000e+02
2.650000000000000000e+02
3.912000000000000000e+03
3.990000000000000000e+02
8.800000000000000000e+02
8.070000000000000000e+02
1.439000000000000000e+03
1.491000000000000000e+03
2.430000000000000000e+03
9.070000000000000000e+02
7.960000000000000000e+02
7.270000000000000000e+02
1.911000000000000000e+03
3.040000000000000000e+02
8.680000000000000000e+02
1.212000000000000000e+03
7.380000000000000000e+02
8.330000000000000000e+02
1.069000000000000000e+03
9.330000000000000000e+02
3.050000000000000000e+02
2.188000000000000000e+03
1.453000000000000000e+03
1.973000000000000000e+03
1.534000000000000000e+03
6.590000000000000000e+02
8.350000000000000000e+02
7.800000000000000000e+02
1.463000000000000000e+03
1.387000000000000000e+03
1.214000000000000000e+03
1.515000000000000000e+03
7.090000000000000000e+02
1.378000000000000000e+03
4.520000000000000000e+02
1.639000000000000000e+03
8.710000000000000000e+02
2.460000000000000000e+03
2.514000000000000000e+03
1.130000000000000000e+03
6.380000000000000000e+02
1.550000000000000000e+03
5.260000000000000000e+02
1.994000000000000000e+03
1.283000000000000000e+03
1.702000000000000000e+03
4.340000000000000000e+02
1.580000000000000000e+03
1.006000000000000000e+03
2.940000000000000000e+02
1.264000000000000000e+03
1.587000000000000000e+03
6.320000000000000000e+02
2.640000000000000000e+02
1.291000000000000000e+03
7.370000000000000000e+02
8.090000000000000000e+02
1.191000000000000000e+03
8.270000000000000000e+02
1.083000000000000000e+03
4.780000000000000000e+02
1.794000000000000000e+03
8.930000000000000000e+02
5.140000000000000000e+02
2.648000000000000000e+03
1.246000000000000000e+03
1.407000000000000000e+03
7.100000000000000000e+02
1.358000000000000000e+03
9.730000000000000000e+02
4.700000000000000000e+02
1.158000000000000000e+03
3.500000000000000000e+02
1.589000000000000000e+03
4.180000000000000000e+02
5.760000000000000000e+02
6.040000000000000000e+02
2.706000000000000000e+03
1.516000000000000000e+03
6.140000000000000000e+02
1.623000000000000000e+03
1.201000000000000000e+03
2.410000000000000000e+02
6.390000000000000000e+02
7.570000000000000000e+02
2.429000000000000000e+03
5.960000000000000000e+02
8.920000000000000000e+02
1.142000000000000000e+03
6.860000000000000000e+02
1.641000000000000000e+03
1.164000000000000000e+03
9.260000000000000000e+02
1.790000000000000000e+02
5.470000000000000000e+02
1.044000000000000000e+03
9.640000000000000000e+02
6.860000000000000000e+02
1.980000000000000000e+02
5.630000000000000000e+02
1.093000000000000000e+03
5.160000000000000000e+02
3.550000000000000000e+02
2.048000000000000000e+03
1.976000000000000000e+03
1.798000000000000000e+03
6.490000000000000000e+02
1.852000000000000000e+03
1.376000000000000000e+03
2.569000000000000000e+03
7.800000000000000000e+02
1.031000000000000000e+03
2.544000000000000000e+03
2.570000000000000000e+02
4.510000000000000000e+02
1.293000000000000000e+03
8.130000000000000000e+02
8.680000000000000000e+02
1.213000000000000000e+03
5.380000000000000000e+02
7.710000000000000000e+02
3.810000000000000000e+02
8.050000000000000000e+02
5.270000000000000000e+02
1.000000000000000000e+03
7.440000000000000000e+02
5.620000000000000000e+02
4.120000000000000000e+02
1.699000000000000000e+03
2.849000000000000000e+03
1.970000000000000000e+02
8.800000000000000000e+02
1.077000000000000000e+03
1.109000000000000000e+03
2.054000000000000000e+03
5.750000000000000000e+02
7.090000000000000000e+02
5.410000000000000000e+02
2.460000000000000000e+02
6.360000000000000000e+02
1.106000000000000000e+03
3.550000000000000000e+02
1.006000000000000000e+03
1.370000000000000000e+03
8.250000000000000000e+02
8.920000000000000000e+02
1.485000000000000000e+03
5.140000000000000000e+02
2.331000000000000000e+03
1.300000000000000000e+03
2.550000000000000000e+02
6.410000000000000000e+02
6.440000000000000000e+02
2.241000000000000000e+03
1.089000000000000000e+03
8.440000000000000000e+02
8.510000000000000000e+02
9.590000000000000000e+02
1.333000000000000000e+03
2.634000000000000000e+03
6.140000000000000000e+02
1.760000000000000000e+02
4.140000000000000000e+02
1.354000000000000000e+03
1.291000000000000000e+03
6.450000000000000000e+02
9.240000000000000000e+02
1.250000000000000000e+03
1.042000000000000000e+03
9.410000000000000000e+02
6.470000000000000000e+02
7.630000000000000000e+02
3.322000000000000000e+03
9.310000000000000000e+02
1.250000000000000000e+03
1.037000000000000000e+03
1.717000000000000000e+03
6.270000000000000000e+02
1.021000000000000000e+03
2.172000000000000000e+03
2.700000000000000000e+03
2.106000000000000000e+03
1.025000000000000000e+03
7.370000000000000000e+02
1.003000000000000000e+03
2.047000000000000000e+03
1.479000000000000000e+03
1.358000000000000000e+03
1.415000000000000000e+03
6.370000000000000000e+02
5.630000000000000000e+02
5.940000000000000000e+02
9.730000000000000000e+02
9.900000000000000000e+02
2.830000000000000000e+02
6.660000000000000000e+02
1.671000000000000000e+03
5.540000000000000000e+02
1.092000000000000000e+03
7.290000000000000000e+02
2.758000000000000000e+03
3.029000000000000000e+03
7.500000000000000000e+02
5.010000000000000000e+02
7.270000000000000000e+02
9.100000000000000000e+02
8.360000000000000000e+02
6.950000000000000000e+02
2.830000000000000000e+02
2.928000000000000000e+03
2.253000000000000000e+03
1.794000000000000000e+03
2.890000000000000000e+02
1.358000000000000000e+03
6.670000000000000000e+02
2.084000000000000000e+03
9.580000000000000000e+02
2.883000000000000000e+03
2.290000000000000000e+02
3.058000000000000000e+03
6.860000000000000000e+02
1.683000000000000000e+03
6.160000000000000000e+02
1.904000000000000000e+03
1.273000000000000000e+03
4.000000000000000000e+02
8.430000000000000000e+02
1.507000000000000000e+03
9.750000000000000000e+02
1.447000000000000000e+03
3.273000000000000000e+03
4.780000000000000000e+02
6.670000000000000000e+02
5.610000000000000000e+02
6.400000000000000000e+02
9.400000000000000000e+02
2.270000000000000000e+02
6.220000000000000000e+02
3.240000000000000000e+02
1.551000000000000000e+03
6.190000000000000000e+02
1.041000000000000000e+03
2.890000000000000000e+02
4.760000000000000000e+02
3.338000000000000000e+03
1.754000000000000000e+03
1.659000000000000000e+03
7.140000000000000000e+02
8.580000000000000000e+02
1.086000000000000000e+03
6.370000000000000000e+02
2.060000000000000000e+02
4.860000000000000000e+02
5.460000000000000000e+02
1.700000000000000000e+02
6.830000000000000000e+02
4.467000000000000000e+03
9.410000000000000000e+02
1.095000000000000000e+03
6.270000000000000000e+02
2.667000000000000000e+03
2.960000000000000000e+02
1.596000000000000000e+03
1.051000000000000000e+03
2.199000000000000000e+03
1.951000000000000000e+03
1.341000000000000000e+03
1.418000000000000000e+03
4.270000000000000000e+02
7.600000000000000000e+02
4.508000000000000000e+03
1.798000000000000000e+03
8.100000000000000000e+02
6.890000000000000000e+02
1.468000000000000000e+03
9.620000000000000000e+02
1.632000000000000000e+03
4.330000000000000000e+02
1.427000000000000000e+03
2.498000000000000000e+03
1.130000000000000000e+02
6.300000000000000000e+02
4.650000000000000000e+02
1.603000000000000000e+03
2.861000000000000000e+03
1.956000000000000000e+03
8.380000000000000000e+02
6.520000000000000000e+02
6.710000000000000000e+02
1.673000000000000000e+03
1.847000000000000000e+03
6.330000000000000000e+02
1.437000000000000000e+03
1.027000000000000000e+03
3.350000000000000000e+02
3.540000000000000000e+02
2.970000000000000000e+03
4.660000000000000000e+02
9.810000000000000000e+02
1.003000000000000000e+03
1.633000000000000000e+03
2.640000000000000000e+02
5.030000000000000000e+02
5.880000000000000000e+02
5.560000000000000000e+02
6.590000000000000000e+02
2.662000000000000000e+03
1.590000000000000000e+02
6.500000000000000000e+02
9.190000000000000000e+02
6.060000000000000000e+02
7.620000000000000000e+02
6.590000000000000000e+02
8.380000000000000000e+02
2.036000000000000000e+03
1.879000000000000000e+03
9.860000000000000000e+02
6.560000000000000000e+02
6.560000000000000000e+02
1.022000000000000000e+03
4.030000000000000000e+02
5.620000000000000000e+02
6.580000000000000000e+02
3.520000000000000000e+02
3.850000000000000000e+02
1.255000000000000000e+03
1.789000000000000000e+03
7.340000000000000000e+02
8.080000000000000000e+02
2.288000000000000000e+03
1.489000000000000000e+03
2.253000000000000000e+03
8.480000000000000000e+02
5.040000000000000000e+02
6.570000000000000000e+02
2.162000000000000000e+03
1.175000000000000000e+03
4.860000000000000000e+02
1.340000000000000000e+02
1.361000000000000000e+03
4.460000000000000000e+02
9.700000000000000000e+02
9.990000000000000000e+02
8.420000000000000000e+02
3.100000000000000000e+02
3.850000000000000000e+02
9.840000000000000000e+02
2.319000000000000000e+03
1.034000000000000000e+03
8.670000000000000000e+02
3.470000000000000000e+02
8.410000000000000000e+02
9.580000000000000000e+02
6.020000000000000000e+02
1.816000000000000000e+03
2.684000000000000000e+03
7.870000000000000000e+02
1.178000000000000000e+03
1.666000000000000000e+03
5.350000000000000000e+02
1.325000000000000000e+03
1.457000000000000000e+03
5.250000000000000000e+02
9.080000000000000000e+02
1.669000000000000000e+03
8.810000000000000000e+02
1.452000000000000000e+03
1.134000000000000000e+03
1.249000000000000000e+03
3.169000000000000000e+03
1.837000000000000000e+03
3.115000000000000000e+03
4.120000000000000000e+02
6.050000000000000000e+02
4.820000000000000000e+02
1.368000000000000000e+03
1.725000000000000000e+03
2.970000000000000000e+02
1.445000000000000000e+03
1.104000000000000000e+03
5.330000000000000000e+02
5.200000000000000000e+02
5.770000000000000000e+02
2.370000000000000000e+02
7.250000000000000000e+02
6.380000000000000000e+02
1.079000000000000000e+03
7.620000000000000000e+02
1.932000000000000000e+03
1.080000000000000000e+03
3.522000000000000000e+03
6.150000000000000000e+02
2.130000000000000000e+02
1.899000000000000000e+03
1.168000000000000000e+03
1.091000000000000000e+03
4.440000000000000000e+02
9.980000000000000000e+02
1.144000000000000000e+03
2.054000000000000000e+03
9.270000000000000000e+02
7.580000000000000000e+02
6.870000000000000000e+02
1.546000000000000000e+03
5.930000000000000000e+02
6.840000000000000000e+02
1.779000000000000000e+03
1.826000000000000000e+03
3.140000000000000000e+02
9.990000000000000000e+02
9.030000000000000000e+02
2.460000000000000000e+02
2.010000000000000000e+02
3.219000000000000000e+03
1.018000000000000000e+03
1.959000000000000000e+03
4.830000000000000000e+02
2.285000000000000000e+03
5.192000000000000000e+03
1.071000000000000000e+03
1.236000000000000000e+03
6.880000000000000000e+02
2.656000000000000000e+03
7.420000000000000000e+02
1.356000000000000000e+03
8.540000000000000000e+02
2.920000000000000000e+03
2.797000000000000000e+03
6.790000000000000000e+02
1.690000000000000000e+02
7.120000000000000000e+02
2.494000000000000000e+03
4.117000000000000000e+03
4.080000000000000000e+02
7.800000000000000000e+02
5.550000000000000000e+02
1.569000000000000000e+03
5.740000000000000000e+02
1.153000000000000000e+03
2.615000000000000000e+03
9.680000000000000000e+02
7.190000000000000000e+02
1.693000000000000000e+03
9.000000000000000000e+02
9.540000000000000000e+02
1.833000000000000000e+03
6.170000000000000000e+02
6.200000000000000000e+02
1.232000000000000000e+03
5.190000000000000000e+02
6.580000000000000000e+02
4.360000000000000000e+02
1.378000000000000000e+03
1.322000000000000000e+03
1.258000000000000000e+03
8.590000000000000000e+02
9.510000000000000000e+02
1.605000000000000000e+03
9.470000000000000000e+02
1.509000000000000000e+03
7.920000000000000000e+02
1.846000000000000000e+03
1.029000000000000000e+03
3.146000000000000000e+03
1.177000000000000000e+03
6.350000000000000000e+02
5.130000000000000000e+02
1.066000000000000000e+03
6.450000000000000000e+02
6.600000000000000000e+02
6.050000000000000000e+02
5.100000000000000000e+02
5.260000000000000000e+02
1.846000000000000000e+03
3.190000000000000000e+02
3.400000000000000000e+02
9.690000000000000000e+02
2.131000000000000000e+03
2.320000000000000000e+02
6.640000000000000000e+02
6.100000000000000000e+02
1.549000000000000000e+03
1.051000000000000000e+03
1.152000000000000000e+03
1.059000000000000000e+03
1.267000000000000000e+03
1.272000000000000000e+03
1.342000000000000000e+03
1.407000000000000000e+03
4.330000000000000000e+02
1.593000000000000000e+03
9.580000000000000000e+02
4.100000000000000000e+02
9.500000000000000000e+02
2.654000000000000000e+03
9.930000000000000000e+02
1.116000000000000000e+03
2.047000000000000000e+03
1.230000000000000000e+03
4.650000000000000000e+02
9.320000000000000000e+02
3.220000000000000000e+02
1.327000000000000000e+03
4.170000000000000000e+02
1.703000000000000000e+03
2.331000000000000000e+03
2.690000000000000000e+02
4.960000000000000000e+02
1.789000000000000000e+03
2.452000000000000000e+03
8.350000000000000000e+02
7.520000000000000000e+02
5.240000000000000000e+02
2.140000000000000000e+03
2.931000000000000000e+03
1.729000000000000000e+03
1.119000000000000000e+03
3.200000000000000000e+03
2.354000000000000000e+03
3.770000000000000000e+02
8.850000000000000000e+02
4.710000000000000000e+02
8.630000000000000000e+02
5.590000000000000000e+02
3.717000000000000000e+03
2.020000000000000000e+03
2.831000000000000000e+03
8.790000000000000000e+02
1.313000000000000000e+03
2.879000000000000000e+03
1.248000000000000000e+03
2.255000000000000000e+03
1.355000000000000000e+03
2.930000000000000000e+02
1.448000000000000000e+03
1.350000000000000000e+03
2.251000000000000000e+03
8.300000000000000000e+02
5.660000000000000000e+02
7.720000000000000000e+02
3.276000000000000000e+03
1.239000000000000000e+03
4.380000000000000000e+02
3.049000000000000000e+03
2.246000000000000000e+03
6.860000000000000000e+02
2.420000000000000000e+02
4.490000000000000000e+02
9.550000000000000000e+02
1.880000000000000000e+02
3.190000000000000000e+02
8.400000000000000000e+02
8.010000000000000000e+02
1.163000000000000000e+03
1.674000000000000000e+03
1.102000000000000000e+03
1.127000000000000000e+03
4.750000000000000000e+02
6.600000000000000000e+02
6.400000000000000000e+02
1.586000000000000000e+03
7.590000000000000000e+02
1.936000000000000000e+03
3.064000000000000000e+03
2.304000000000000000e+03
9.620000000000000000e+02
1.674000000000000000e+03
1.160000000000000000e+03
1.284000000000000000e+03
4.690000000000000000e+02
7.040000000000000000e+02
2.230000000000000000e+03
1.174000000000000000e+03
4.920000000000000000e+02
5.440000000000000000e+02
1.378000000000000000e+03
7.040000000000000000e+02
6.010000000000000000e+02
8.200000000000000000e+02
2.676000000000000000e+03
5.850000000000000000e+02
2.112000000000000000e+03
5.161000000000000000e+03
2.230000000000000000e+02
1.125000000000000000e+03
6.880000000000000000e+02
6.350000000000000000e+02
9.290000000000000000e+02
1.360000000000000000e+03
7.090000000000000000e+02
6.920000000000000000e+02
8.510000000000000000e+02
1.110000000000000000e+03
5.570000000000000000e+02
2.620000000000000000e+02
3.170000000000000000e+02
6.250000000000000000e+02
4.980000000000000000e+02
1.099000000000000000e+03
6.780000000000000000e+02
7.340000000000000000e+02
1.437000000000000000e+03
2.788000000000000000e+03
4.540000000000000000e+02
9.310000000000000000e+02
5.560000000000000000e+02
4.510000000000000000e+02
8.100000000000000000e+02
1.923000000000000000e+03
1.745000000000000000e+03
6.480000000000000000e+02
1.995000000000000000e+03
1.596000000000000000e+03
3.920000000000000000e+02
7.500000000000000000e+02
3.170000000000000000e+02
4.690000000000000000e+02
4.010000000000000000e+02
7.360000000000000000e+02
1.474000000000000000e+03
6.340000000000000000e+02
1.164000000000000000e+03
3.020000000000000000e+02
1.950000000000000000e+03
1.011000000000000000e+03
7.150000000000000000e+02
1.577000000000000000e+03
1.305000000000000000e+03
1.451000000000000000e+03
1.823000000000000000e+03
1.245000000000000000e+03
9.930000000000000000e+02
1.561000000000000000e+03
1.631000000000000000e+03
6.680000000000000000e+02
1.242000000000000000e+03
5.330000000000000000e+02
2.271000000000000000e+03
1.666000000000000000e+03
1.021000000000000000e+03
6.810000000000000000e+02
7.450000000000000000e+02
1.236000000000000000e+03
3.526000000000000000e+03
1.613000000000000000e+03
7.790000000000000000e+02
1.068000000000000000e+03
1.719000000000000000e+03
1.082000000000000000e+03
5.470000000000000000e+02
1.145000000000000000e+03
9.820000000000000000e+02
2.084000000000000000e+03
2.287000000000000000e+03
3.180000000000000000e+03
2.438000000000000000e+03
7.070000000000000000e+02
1.146000000000000000e+03
1.195000000000000000e+03
1.603000000000000000e+03
6.460000000000000000e+02
1.795000000000000000e+03
4.300000000000000000e+02
1.599000000000000000e+03
6.700000000000000000e+02
3.039000000000000000e+03
7.890000000000000000e+02
8.030000000000000000e+02
1.397000000000000000e+03
9.120000000000000000e+02
4.180000000000000000e+02
1.103000000000000000e+03
9.700000000000000000e+02
4.377000000000000000e+03
7.060000000000000000e+02
3.539000000000000000e+03
9.340000000000000000e+02
1.102000000000000000e+03
1.879000000000000000e+03
6.490000000000000000e+02
5.830000000000000000e+02
6.942000000000000000e+03
6.020000000000000000e+02
2.043000000000000000e+03
3.900000000000000000e+02
1.857000000000000000e+03
1.058000000000000000e+03
9.980000000000000000e+02
6.350000000000000000e+02
4.050000000000000000e+02
2.018000000000000000e+03
9.460000000000000000e+02
2.850000000000000000e+02
6.070000000000000000e+02
1.060000000000000000e+03
8.300000000000000000e+02
1.585000000000000000e+03
1.467000000000000000e+03
1.271000000000000000e+03
2.230000000000000000e+03
1.447000000000000000e+03
5.960000000000000000e+02
1.039000000000000000e+03
1.503000000000000000e+03
9.770000000000000000e+02
2.022000000000000000e+03
5.670000000000000000e+02
2.296000000000000000e+03
6.210000000000000000e+02
1.135000000000000000e+03
3.050000000000000000e+03
2.000000000000000000e+02
