9.815000000000000000e+03
1.251000000000000000e+04
1.199300000000000000e+04
2.332500000000000000e+04
8.865000000000000000e+03
3.349000000000000000e+03
6.491000000000000000e+03
2.643200000000000000e+04
1.238800000000000000e+04
2.240000000000000000e+04
2.949000000000000000e+03
8.390000000000000000e+02
1.434900000000000000e+04
7.938000000000000000e+03
8.488000000000000000e+03
2.336000000000000000e+03
2.046600000000000000e+04
9.995000000000000000e+03
9.115000000000000000e+03
4.539000000000000000e+03
1.049300000000000000e+04
2.005300000000000000e+04
4.682000000000000000e+03
6.141000000000000000e+03
4.763000000000000000e+03
9.938000000000000000e+03
1.956000000000000000e+04
9.203000000000000000e+03
7.812000000000000000e+03
3.547000000000000000e+03
2.079500000000000000e+04
1.136600000000000000e+04
3.864000000000000000e+03
1.450100000000000000e+04
2.174000000000000000e+03
5.465000000000000000e+03
2.336000000000000000e+03
3.312000000000000000e+03
2.274200000000000000e+04
2.588000000000000000e+03
6.694000000000000000e+03
8.770000000000000000e+02
1.158400000000000000e+04
6.224000000000000000e+03
3.738000000000000000e+03
1.346200000000000000e+04
1.645200000000000000e+04
2.591900000000000000e+04
1.492900000000000000e+04
2.264100000000000000e+04
2.966600000000000000e+04
4.525000000000000000e+03
1.856000000000000000e+03
1.472400000000000000e+04
1.106400000000000000e+04
2.489000000000000000e+03
1.035300000000000000e+04
3.040000000000000000e+03
2.045200000000000000e+04
1.013300000000000000e+04
1.544000000000000000e+04
1.028700000000000000e+04
3.433800000000000000e+04
6.400000000000000000e+03
3.240000000000000000e+03
3.445000000000000000e+03
1.043400000000000000e+04
2.410000000000000000e+03
6.475000000000000000e+03
9.912000000000000000e+03
2.896000000000000000e+03
2.330000000000000000e+03
2.938000000000000000e+03
1.452300000000000000e+04
8.965000000000000000e+03
3.861000000000000000e+03
2.564000000000000000e+03
7.721000000000000000e+03
2.582000000000000000e+03
2.933000000000000000e+03
2.461000000000000000e+03
4.932000000000000000e+03
6.304000000000000000e+03
7.613000000000000000e+03
1.793300000000000000e+04
1.291600000000000000e+04
9.163000000000000000e+03
7.561000000000000000e+03
2.932000000000000000e+04
1.379400000000000000e+04
4.132000000000000000e+03
7.174000000000000000e+03
1.453000000000000000e+04
3.932000000000000000e+03
8.457000000000000000e+03
1.220800000000000000e+04
9.461000000000000000e+03
1.578800000000000000e+04
1.706000000000000000e+03
7.558000000000000000e+03
1.805100000000000000e+04
9.426000000000000000e+03
4.581000000000000000e+03
7.668000000000000000e+03
1.325700000000000000e+04
3.550100000000000000e+04
5.925000000000000000e+03
3.407000000000000000e+03
4.175000000000000000e+03
2.100100000000000000e+04
2.746000000000000000e+03
1.996000000000000000e+03
4.732000000000000000e+03
2.633000000000000000e+03
2.227000000000000000e+03
5.318000000000000000e+03
7.005000000000000000e+03
5.469000000000000000e+03
7.201000000000000000e+03
1.000400000000000000e+04
1.167100000000000000e+04
2.442000000000000000e+03
1.262200000000000000e+04
3.599000000000000000e+03
1.470100000000000000e+04
1.137800000000000000e+04
7.202000000000000000e+03
1.191000000000000000e+04
4.157000000000000000e+03
3.467000000000000000e+03
6.166000000000000000e+03
1.468100000000000000e+04
3.615600000000000000e+04
2.698000000000000000e+03
8.739000000000000000e+03
1.524400000000000000e+04
4.166000000000000000e+03
8.114000000000000000e+03
6.855000000000000000e+03
2.325000000000000000e+03
3.100000000000000000e+03
6.854000000000000000e+03
8.279000000000000000e+03
7.796000000000000000e+03
4.886000000000000000e+03
1.217900000000000000e+04
3.279000000000000000e+03
3.695000000000000000e+03
1.271700000000000000e+04
1.549600000000000000e+04
2.964000000000000000e+03
1.929500000000000000e+04
3.244000000000000000e+03
2.111000000000000000e+03
2.602000000000000000e+03
2.784000000000000000e+03
8.570000000000000000e+03
5.702000000000000000e+03
5.462000000000000000e+03
6.280000000000000000e+03
1.224500000000000000e+04
3.665000000000000000e+03
2.996000000000000000e+03
8.144000000000000000e+03
1.077100000000000000e+04
2.502000000000000000e+03
3.249000000000000000e+03
2.201000000000000000e+03
7.936000000000000000e+03
3.712000000000000000e+03
3.488000000000000000e+03
4.013000000000000000e+03
2.088000000000000000e+03
1.654200000000000000e+04
4.224000000000000000e+03
8.262000000000000000e+03
5.741000000000000000e+03
4.239000000000000000e+03
9.529000000000000000e+03
1.531000000000000000e+03
1.475700000000000000e+04
3.811000000000000000e+03
1.295800000000000000e+04
8.704000000000000000e+03
1.608300000000000000e+04
2.854000000000000000e+03
4.843000000000000000e+03
8.987000000000000000e+03
3.306000000000000000e+03
4.770000000000000000e+03
2.388900000000000000e+04
4.268000000000000000e+03
9.522000000000000000e+03
8.428000000000000000e+03
8.479000000000000000e+03
1.477200000000000000e+04
5.758000000000000000e+03
6.924000000000000000e+03
3.812000000000000000e+03
1.282100000000000000e+04
1.096000000000000000e+04
2.930000000000000000e+03
1.922000000000000000e+03
1.140200000000000000e+04
5.598000000000000000e+03
3.478000000000000000e+03
6.891000000000000000e+03
3.147000000000000000e+04
2.055500000000000000e+04
9.498000000000000000e+03
1.150100000000000000e+04
2.867000000000000000e+03
1.578400000000000000e+04
1.473500000000000000e+04
3.129000000000000000e+03
4.953000000000000000e+03
5.346000000000000000e+03
3.257000000000000000e+03
3.510000000000000000e+03
1.437300000000000000e+04
5.188000000000000000e+03
1.518800000000000000e+04
1.949600000000000000e+04
9.081000000000000000e+03
1.433000000000000000e+04
4.204000000000000000e+03
5.008000000000000000e+03
2.102000000000000000e+03
6.191000000000000000e+03
1.507000000000000000e+03
1.286900000000000000e+04
5.145000000000000000e+03
5.928000000000000000e+03
1.381200000000000000e+04
2.091000000000000000e+03
1.169400000000000000e+04
8.271000000000000000e+03
2.495000000000000000e+03
4.767000000000000000e+03
1.890100000000000000e+04
1.244000000000000000e+03
1.652100000000000000e+04
1.960100000000000000e+04
2.373600000000000000e+04
1.811400000000000000e+04
2.582000000000000000e+03
5.776000000000000000e+03
1.045400000000000000e+04
1.931900000000000000e+04
3.412000000000000000e+03
2.742600000000000000e+04
7.552000000000000000e+03
4.648000000000000000e+03
1.592300000000000000e+04
1.645400000000000000e+04
3.700000000000000000e+03
1.772000000000000000e+03
7.547000000000000000e+03
1.225000000000000000e+04
1.968000000000000000e+03
5.749000000000000000e+03
2.752800000000000000e+04
4.015000000000000000e+03
2.152000000000000000e+03
5.098000000000000000e+03
1.301400000000000000e+04
1.420400000000000000e+04
1.710600000000000000e+04
1.046500000000000000e+04
1.898800000000000000e+04
5.044000000000000000e+03
2.517300000000000000e+04
6.440000000000000000e+03
5.054000000000000000e+03
1.581000000000000000e+03
1.521000000000000000e+04
1.615000000000000000e+03
8.688000000000000000e+03
4.175000000000000000e+03
4.108000000000000000e+03
4.464000000000000000e+03
7.026000000000000000e+03
2.909000000000000000e+03
1.239000000000000000e+04
2.311000000000000000e+03
4.307000000000000000e+03
1.713500000000000000e+04
3.784000000000000000e+03
8.913000000000000000e+03
7.255000000000000000e+03
3.555000000000000000e+03
1.149100000000000000e+04
3.200000000000000000e+03
5.111000000000000000e+03
1.377900000000000000e+04
1.885000000000000000e+03
7.256000000000000000e+03
3.257000000000000000e+03
2.257000000000000000e+03
1.578100000000000000e+04
5.806000000000000000e+03
7.330000000000000000e+03
9.227000000000000000e+03
2.837000000000000000e+03
2.878100000000000000e+04
7.634000000000000000e+03
4.735000000000000000e+03
1.564000000000000000e+04
5.264000000000000000e+03
4.002000000000000000e+03
5.861000000000000000e+03
3.949000000000000000e+03
2.029000000000000000e+04
6.751000000000000000e+03
7.759000000000000000e+03
3.817400000000000000e+04
1.556300000000000000e+04
5.074000000000000000e+03
1.352200000000000000e+04
1.856000000000000000e+03
6.361000000000000000e+03
2.472000000000000000e+03
2.132000000000000000e+03
1.319700000000000000e+04
4.125000000000000000e+03
5.144000000000000000e+03
1.472400000000000000e+04
2.234000000000000000e+03
3.232000000000000000e+03
2.221000000000000000e+03
1.056300000000000000e+04
2.252100000000000000e+04
2.629000000000000000e+03
7.600000000000000000e+03
1.058800000000000000e+04
5.966000000000000000e+03
2.455200000000000000e+04
1.076200000000000000e+04
1.628400000000000000e+04
3.234200000000000000e+04
9.689000000000000000e+03
9.135000000000000000e+03
3.536000000000000000e+03
9.303000000000000000e+03
3.104400000000000000e+04
1.556800000000000000e+04
9.482000000000000000e+03
3.548800000000000000e+04
4.287000000000000000e+03
9.542000000000000000e+03
3.968000000000000000e+03
4.419000000000000000e+03
7.235000000000000000e+03
2.891700000000000000e+04
5.362000000000000000e+03
8.407000000000000000e+03
5.812000000000000000e+03
5.650000000000000000e+03
8.604000000000000000e+03
2.517400000000000000e+04
3.270000000000000000e+03
1.813000000000000000e+03
2.468000000000000000e+03
8.008000000000000000e+03
6.409000000000000000e+03
3.136300000000000000e+04
7.427000000000000000e+03
1.146700000000000000e+04
7.646000000000000000e+03
5.453000000000000000e+03
9.751000000000000000e+03
1.156000000000000000e+03
2.190400000000000000e+04
2.626000000000000000e+03
8.424000000000000000e+03
8.097000000000000000e+03
1.613000000000000000e+03
1.028700000000000000e+04
5.690000000000000000e+03
6.996000000000000000e+03
7.456000000000000000e+03
4.354000000000000000e+03
3.591700000000000000e+04
3.264000000000000000e+03
6.451000000000000000e+03
3.893000000000000000e+03
1.367400000000000000e+04
5.391000000000000000e+03
2.625000000000000000e+03
1.602000000000000000e+04
2.201000000000000000e+03
9.782000000000000000e+03
1.394300000000000000e+04
6.950000000000000000e+03
5.255000000000000000e+03
7.596000000000000000e+03
1.243000000000000000e+03
9.896000000000000000e+03
1.719000000000000000e+03
1.428700000000000000e+04
1.382400000000000000e+04
5.341000000000000000e+03
3.408000000000000000e+03
1.710400000000000000e+04
1.211300000000000000e+04
3.880000000000000000e+03
1.881000000000000000e+03
9.992000000000000000e+03
2.507200000000000000e+04
3.756000000000000000e+03
3.046000000000000000e+03
4.594000000000000000e+03
1.611700000000000000e+04
4.408000000000000000e+03
8.890000000000000000e+02
1.005000000000000000e+04
1.610900000000000000e+04
1.598900000000000000e+04
1.850600000000000000e+04
2.005000000000000000e+03
5.327000000000000000e+03
3.150000000000000000e+03
3.040000000000000000e+03
2.506000000000000000e+03
3.485100000000000000e+04
1.195100000000000000e+04
6.601000000000000000e+03
7.883000000000000000e+03
1.395000000000000000e+04
7.665000000000000000e+03
5.766000000000000000e+03
3.826500000000000000e+04
5.580000000000000000e+03
1.038000000000000000e+03
3.519000000000000000e+03
5.374000000000000000e+03
1.413500000000000000e+04
1.711700000000000000e+04
3.598000000000000000e+03
4.400000000000000000e+03
5.157000000000000000e+03
1.249800000000000000e+04
5.397000000000000000e+03
1.005000000000000000e+03
6.734000000000000000e+03
5.774000000000000000e+03
6.861000000000000000e+03
1.277600000000000000e+04
2.664000000000000000e+03
3.768000000000000000e+03
5.999000000000000000e+03
1.021100000000000000e+04
5.266000000000000000e+03
5.101000000000000000e+03
5.896000000000000000e+03
7.391000000000000000e+03
6.544000000000000000e+03
2.630000000000000000e+03
2.603000000000000000e+03
1.189700000000000000e+04
6.296000000000000000e+03
2.349000000000000000e+03
7.954000000000000000e+03
3.529000000000000000e+03
4.053100000000000000e+04
1.012300000000000000e+04
7.516000000000000000e+03
1.262000000000000000e+04
1.858000000000000000e+03
1.646000000000000000e+03
1.362000000000000000e+03
7.728000000000000000e+03
6.065000000000000000e+03
3.978000000000000000e+03
4.684000000000000000e+03
1.187600000000000000e+04
1.336400000000000000e+04
5.443000000000000000e+03
7.364000000000000000e+03
5.880000000000000000e+03
1.965300000000000000e+04
3.104400000000000000e+04
1.030200000000000000e+04
4.529000000000000000e+03
4.379000000000000000e+03
5.065000000000000000e+03
1.012500000000000000e+04
1.754000000000000000e+03
2.348300000000000000e+04
7.477000000000000000e+03
8.144000000000000000e+03
8.569000000000000000e+03
4.124200000000000000e+04
2.204900000000000000e+04
1.143200000000000000e+04
2.091000000000000000e+04
4.581000000000000000e+03
3.369000000000000000e+03
1.145000000000000000e+04
4.994000000000000000e+03
4.810000000000000000e+03
5.917000000000000000e+03
1.306900000000000000e+04
5.053000000000000000e+03
5.825000000000000000e+03
1.389000000000000000e+04
1.367900000000000000e+04
4.915000000000000000e+03
2.300000000000000000e+03
2.873000000000000000e+03
7.137000000000000000e+03
1.064000000000000000e+03
2.046000000000000000e+03
1.078000000000000000e+04
3.294000000000000000e+03
9.757000000000000000e+03
1.239000000000000000e+03
2.168000000000000000e+03
3.435000000000000000e+03
6.869000000000000000e+03
1.818800000000000000e+04
1.868000000000000000e+03
3.460000000000000000e+03
4.783000000000000000e+03
3.098200000000000000e+04
5.499000000000000000e+03
5.212000000000000000e+03
2.864000000000000000e+03
1.674600000000000000e+04
1.612100000000000000e+04
2.753000000000000000e+03
4.105000000000000000e+03
1.393600000000000000e+04
1.214700000000000000e+04
1.175700000000000000e+04
8.356000000000000000e+03
5.106000000000000000e+03
2.786000000000000000e+03
3.660000000000000000e+03
8.669000000000000000e+03
2.498000000000000000e+03
8.327000000000000000e+03
3.085000000000000000e+03
1.978000000000000000e+03
1.008600000000000000e+04
1.088000000000000000e+04
9.130000000000000000e+02
1.077800000000000000e+04
3.542000000000000000e+03
2.462200000000000000e+04
4.635000000000000000e+03
8.993000000000000000e+03
1.856300000000000000e+04
7.476000000000000000e+03
5.261900000000000000e+04
4.469000000000000000e+03
6.023000000000000000e+03
2.431000000000000000e+03
2.307000000000000000e+03
4.053000000000000000e+03
2.330000000000000000e+03
4.208000000000000000e+03
5.637000000000000000e+03
4.578000000000000000e+03
1.168400000000000000e+04
1.696000000000000000e+04
7.063000000000000000e+03
9.093000000000000000e+03
2.629000000000000000e+03
2.942000000000000000e+03
8.939000000000000000e+03
5.771000000000000000e+03
4.067000000000000000e+03
8.077000000000000000e+03
4.398000000000000000e+03
4.696000000000000000e+03
3.126000000000000000e+03
1.151100000000000000e+04
9.727000000000000000e+03
1.430100000000000000e+04
2.005000000000000000e+03
2.256900000000000000e+04
1.184000000000000000e+03
1.103600000000000000e+04
7.816000000000000000e+03
6.281000000000000000e+03
3.741000000000000000e+03
5.141000000000000000e+03
8.144000000000000000e+03
7.198000000000000000e+03
3.068000000000000000e+03
8.412000000000000000e+03
2.780000000000000000e+03
3.072000000000000000e+03
3.691000000000000000e+03
7.282000000000000000e+03
9.301000000000000000e+03
2.550000000000000000e+03
1.175900000000000000e+04
2.773300000000000000e+04
4.740000000000000000e+03
4.995000000000000000e+03
9.691000000000000000e+03
1.394100000000000000e+04
1.847000000000000000e+03
3.429000000000000000e+03
5.394000000000000000e+03
7.264000000000000000e+03
3.834600000000000000e+04
2.905000000000000000e+03
4.424000000000000000e+03
3.796000000000000000e+03
8.489000000000000000e+03
8.636000000000000000e+03
5.285000000000000000e+03
1.010700000000000000e+04
1.043600000000000000e+04
5.382000000000000000e+03
3.928000000000000000e+03
2.855000000000000000e+03
3.483000000000000000e+03
7.606000000000000000e+03
1.137000000000000000e+04
2.222200000000000000e+04
9.427000000000000000e+03
1.337100000000000000e+04
8.025000000000000000e+03
4.823000000000000000e+03
8.041000000000000000e+03
1.370800000000000000e+04
3.376000000000000000e+03
1.511300000000000000e+04
7.141000000000000000e+03
1.708000000000000000e+03
5.099000000000000000e+03
5.186000000000000000e+03
4.383000000000000000e+03
2.807000000000000000e+03
5.192000000000000000e+03
4.506000000000000000e+03
8.001000000000000000e+03
1.517700000000000000e+04
1.960000000000000000e+03
2.270000000000000000e+03
2.426000000000000000e+03
3.774000000000000000e+03
1.958900000000000000e+04
1.070400000000000000e+04
1.783400000000000000e+04
3.238000000000000000e+03
1.816700000000000000e+04
1.604800000000000000e+04
1.196700000000000000e+04
1.735500000000000000e+04
2.040800000000000000e+04
3.699000000000000000e+03
2.070500000000000000e+04
1.132300000000000000e+04
7.057000000000000000e+03
3.677000000000000000e+03
4.086000000000000000e+03
6.789000000000000000e+03
3.693000000000000000e+03
8.350000000000000000e+02
7.351000000000000000e+03
2.306000000000000000e+03
1.041000000000000000e+04
8.598000000000000000e+03
2.391000000000000000e+03
7.018000000000000000e+03
1.638500000000000000e+04
1.469300000000000000e+04
7.405000000000000000e+03
6.364000000000000000e+03
1.138900000000000000e+04
8.569000000000000000e+03
1.646100000000000000e+04
1.916000000000000000e+03
1.061500000000000000e+04
1.458600000000000000e+04
1.146900000000000000e+04
7.234000000000000000e+03
2.498900000000000000e+04
2.002000000000000000e+03
8.139000000000000000e+03
1.113900000000000000e+04
1.046600000000000000e+04
3.724000000000000000e+03
1.094000000000000000e+04
4.875000000000000000e+03
5.461000000000000000e+03
1.616600000000000000e+04
5.825000000000000000e+03
5.566000000000000000e+03
3.598000000000000000e+03
2.656700000000000000e+04
8.188000000000000000e+03
3.261000000000000000e+03
2.142000000000000000e+03
2.244000000000000000e+03
4.642000000000000000e+03
4.757000000000000000e+03
8.963000000000000000e+03
3.274000000000000000e+03
8.614000000000000000e+03
1.261600000000000000e+04
3.300100000000000000e+04
8.388000000000000000e+03
7.674000000000000000e+03
2.027500000000000000e+04
7.842000000000000000e+03
6.534000000000000000e+03
5.480000000000000000e+03
2.409000000000000000e+03
3.088000000000000000e+03
8.807000000000000000e+03
2.818000000000000000e+03
6.771000000000000000e+03
1.354000000000000000e+04
6.906000000000000000e+03
4.391000000000000000e+03
5.443000000000000000e+03
5.315900000000000000e+04
1.898800000000000000e+04
3.057000000000000000e+03
7.031000000000000000e+03
4.032000000000000000e+03
4.585000000000000000e+03
6.954000000000000000e+03
2.728000000000000000e+03
8.380000000000000000e+03
5.887000000000000000e+03
1.206700000000000000e+04
6.502000000000000000e+03
1.965300000000000000e+04
4.800000000000000000e+03
7.326000000000000000e+03
7.718000000000000000e+03
2.604000000000000000e+03
4.349000000000000000e+03
2.470500000000000000e+04
1.702600000000000000e+04
2.497000000000000000e+03
4.513000000000000000e+03
1.987000000000000000e+03
4.880000000000000000e+03
1.135500000000000000e+04
6.789000000000000000e+03
1.707000000000000000e+03
1.161600000000000000e+04
6.196000000000000000e+03
8.319000000000000000e+03
1.678000000000000000e+03
4.792000000000000000e+03
3.222600000000000000e+04
1.601700000000000000e+04
3.160000000000000000e+04
8.550000000000000000e+03
9.915000000000000000e+03
6.501000000000000000e+03
3.509000000000000000e+03
2.561900000000000000e+04
2.027000000000000000e+03
3.344600000000000000e+04
3.743000000000000000e+03
1.830700000000000000e+04
4.096000000000000000e+03
3.009000000000000000e+03
1.704000000000000000e+04
4.481000000000000000e+03
1.017900000000000000e+04
1.590400000000000000e+04
1.386200000000000000e+04
1.649000000000000000e+03
2.502700000000000000e+04
7.913000000000000000e+03
1.769400000000000000e+04
3.407000000000000000e+03
5.457000000000000000e+03
2.784000000000000000e+03
1.754200000000000000e+04
1.764000000000000000e+03
5.996000000000000000e+03
4.569000000000000000e+03
8.434000000000000000e+03
7.279000000000000000e+03
3.449000000000000000e+03
6.822000000000000000e+03
1.074600000000000000e+04
1.450100000000000000e+04
4.543000000000000000e+03
1.978000000000000000e+03
2.699300000000000000e+04
6.688000000000000000e+03
7.341000000000000000e+03
4.395000000000000000e+03
1.067300000000000000e+04
1.984000000000000000e+03
1.106400000000000000e+04
8.998000000000000000e+03
6.814000000000000000e+03
2.488000000000000000e+03
6.102000000000000000e+03
2.350400000000000000e+04
1.029300000000000000e+04
1.115400000000000000e+04
6.918000000000000000e+03
9.381000000000000000e+03
3.227800000000000000e+04
8.571000000000000000e+03
8.166000000000000000e+03
5.377000000000000000e+03
8.469000000000000000e+03
7.318000000000000000e+03
4.200000000000000000e+03
7.090000000000000000e+03
1.388500000000000000e+04
3.881000000000000000e+03
8.782000000000000000e+03
2.286000000000000000e+03
2.177500000000000000e+04
4.091000000000000000e+03
1.600900000000000000e+04
1.067000000000000000e+03
7.763000000000000000e+03
7.309000000000000000e+03
4.878600000000000000e+04
1.758000000000000000e+03
1.075300000000000000e+04
6.006000000000000000e+03
7.396000000000000000e+04
5.872000000000000000e+03
6.509000000000000000e+03
7.041000000000000000e+03
7.923000000000000000e+03
5.813000000000000000e+03
5.405000000000000000e+03
6.468000000000000000e+03
1.605200000000000000e+04
1.917400000000000000e+04
1.095600000000000000e+04
9.002000000000000000e+03
1.985800000000000000e+04
3.106000000000000000e+03
1.269000000000000000e+04
2.965000000000000000e+03
5.288000000000000000e+03
3.764000000000000000e+03
1.296600000000000000e+04
7.814000000000000000e+03
1.080500000000000000e+04
2.018400000000000000e+04
4.087000000000000000e+03
4.699800000000000000e+04
3.132000000000000000e+03
2.124600000000000000e+04
9.548000000000000000e+03
2.224100000000000000e+04
1.197400000000000000e+04
2.004100000000000000e+04
8.558000000000000000e+03
4.479000000000000000e+03
1.426900000000000000e+04
6.902000000000000000e+03
4.304000000000000000e+03
5.782000000000000000e+03
3.737000000000000000e+03
7.137000000000000000e+03
7.807000000000000000e+03
5.021000000000000000e+03
1.499200000000000000e+04
5.050000000000000000e+03
9.591000000000000000e+03
8.674000000000000000e+03
3.348000000000000000e+03
1.769200000000000000e+04
1.002200000000000000e+04
9.097000000000000000e+03
1.148500000000000000e+04
2.903000000000000000e+03
4.639000000000000000e+03
4.471000000000000000e+03
4.396000000000000000e+03
1.788100000000000000e+04
1.852000000000000000e+03
1.095800000000000000e+04
6.669000000000000000e+03
8.202000000000000000e+03
9.151000000000000000e+03
6.700000000000000000e+03
1.504300000000000000e+04
4.747000000000000000e+03
3.436000000000000000e+03
2.679000000000000000e+03
1.038100000000000000e+04
8.191000000000000000e+03
9.031000000000000000e+03
2.161800000000000000e+04
5.298000000000000000e+03
4.048300000000000000e+04
4.565000000000000000e+03
5.860000000000000000e+03
5.021000000000000000e+03
1.034300000000000000e+04
8.611000000000000000e+03
3.633000000000000000e+03
1.815000000000000000e+03
1.154400000000000000e+04
7.067000000000000000e+03
4.277000000000000000e+03
1.669600000000000000e+04
6.406000000000000000e+03
5.327000000000000000e+03
1.879300000000000000e+04
2.017000000000000000e+03
1.372000000000000000e+03
3.132000000000000000e+03
3.033000000000000000e+03
4.136000000000000000e+03
8.627000000000000000e+03
9.910000000000000000e+03
7.885000000000000000e+03
5.289000000000000000e+03
4.103000000000000000e+03
4.424000000000000000e+03
3.160000000000000000e+03
1.274400000000000000e+04
7.401000000000000000e+03
5.597000000000000000e+03
1.926300000000000000e+04
3.296700000000000000e+04
1.178300000000000000e+04
5.752000000000000000e+03
1.090100000000000000e+04
8.058000000000000000e+03
9.870000000000000000e+03
2.182200000000000000e+04
7.573000000000000000e+03
1.179300000000000000e+04
9.677000000000000000e+03
5.348000000000000000e+03
5.525000000000000000e+03
1.095300000000000000e+04
2.983800000000000000e+04
4.730900000000000000e+04
1.066900000000000000e+04
1.363000000000000000e+03
3.377000000000000000e+03
1.560400000000000000e+04
4.244000000000000000e+03
1.016700000000000000e+04
4.917000000000000000e+03
2.337000000000000000e+03
1.191000000000000000e+04
1.212200000000000000e+04
7.334000000000000000e+03
4.928000000000000000e+03
4.920000000000000000e+03
8.358000000000000000e+03
1.932900000000000000e+04
7.767000000000000000e+03
1.444800000000000000e+04
8.981000000000000000e+03
1.111400000000000000e+04
2.801000000000000000e+03
8.309000000000000000e+03
6.486000000000000000e+03
3.944000000000000000e+03
5.504000000000000000e+03
1.336000000000000000e+04
1.100600000000000000e+04
2.384000000000000000e+03
5.966000000000000000e+03
1.166800000000000000e+04
4.630000000000000000e+03
1.390400000000000000e+04
9.230000000000000000e+03
2.596000000000000000e+03
2.843000000000000000e+03
5.457000000000000000e+03
2.646000000000000000e+03
8.552000000000000000e+03
2.199300000000000000e+04
2.384500000000000000e+04
1.069800000000000000e+04
5.190000000000000000e+03
1.224100000000000000e+04
1.798900000000000000e+04
2.206000000000000000e+03
5.225000000000000000e+03
3.645000000000000000e+03
4.089000000000000000e+03
1.860000000000000000e+04
1.968000000000000000e+03
5.970000000000000000e+03
1.890600000000000000e+04
8.263000000000000000e+03
7.222000000000000000e+03
1.458800000000000000e+04
7.843000000000000000e+03
2.463000000000000000e+03
1.431000000000000000e+03
5.606000000000000000e+03
7.072000000000000000e+03
8.090000000000000000e+03
1.259500000000000000e+04
1.031400000000000000e+04
4.258000000000000000e+03
2.383000000000000000e+04
