8.610000000000000000e+02
3.035000000000000000e+03
6.963000000000000000e+03
1.913000000000000000e+03
2.209000000000000000e+03
2.221000000000000000e+03
1.871000000000000000e+03
2.352000000000000000e+03
1.169000000000000000e+03
5.841000000000000000e+03
4.914000000000000000e+03
1.885000000000000000e+03
7.050000000000000000e+02
8.130000000000000000e+02
2.188000000000000000e+03
2.696000000000000000e+03
8.720000000000000000e+02
6.239000000000000000e+03
7.499000000000000000e+03
1.373000000000000000e+03
1.164000000000000000e+03
1.098000000000000000e+03
1.677000000000000000e+03
1.309000000000000000e+03
2.276000000000000000e+03
2.362000000000000000e+03
1.776000000000000000e+03
3.655000000000000000e+03
1.222000000000000000e+03
4.749000000000000000e+03
5.983000000000000000e+03
5.740000000000000000e+02
1.737000000000000000e+03
1.949000000000000000e+03
1.319000000000000000e+03
1.595000000000000000e+03
1.883000000000000000e+03
2.355000000000000000e+03
6.402000000000000000e+03
1.662000000000000000e+03
9.030000000000000000e+02
2.458000000000000000e+03
2.708000000000000000e+03
1.311000000000000000e+03
2.378000000000000000e+03
2.345000000000000000e+03
4.107000000000000000e+03
2.019000000000000000e+03
1.752000000000000000e+03
1.944000000000000000e+03
1.229000000000000000e+03
3.640000000000000000e+03
1.549000000000000000e+03
2.449000000000000000e+03
1.307000000000000000e+03
1.507000000000000000e+03
2.270000000000000000e+03
1.454000000000000000e+03
1.089000000000000000e+03
1.000000000000000000e+03
2.589000000000000000e+03
2.094000000000000000e+03
9.900000000000000000e+02
2.124000000000000000e+03
6.921000000000000000e+03
1.938000000000000000e+03
1.226000000000000000e+03
2.434000000000000000e+03
1.613000000000000000e+03
7.730000000000000000e+02
2.443000000000000000e+03
8.742000000000000000e+03
1.281000000000000000e+03
2.095000000000000000e+03
3.166000000000000000e+03
2.238000000000000000e+03
5.485000000000000000e+03
1.926000000000000000e+03
2.318000000000000000e+03
2.006000000000000000e+03
5.981000000000000000e+03
2.211000000000000000e+03
8.490000000000000000e+02
3.640000000000000000e+02
4.009000000000000000e+03
3.192000000000000000e+03
6.720000000000000000e+02
1.266000000000000000e+03
4.144000000000000000e+03
1.936000000000000000e+03
5.550000000000000000e+03
1.496000000000000000e+03
1.243000000000000000e+03
1.875000000000000000e+03
2.448000000000000000e+03
3.998000000000000000e+03
3.886000000000000000e+03
3.428000000000000000e+03
4.370000000000000000e+02
8.370000000000000000e+02
1.328000000000000000e+03
3.174000000000000000e+03
1.825000000000000000e+03
4.421000000000000000e+03
2.084000000000000000e+03
1.334000000000000000e+03
3.606000000000000000e+03
7.810000000000000000e+02
1.622000000000000000e+03
6.030000000000000000e+02
1.193000000000000000e+03
3.188000000000000000e+03
1.444000000000000000e+03
2.515000000000000000e+03
1.282000000000000000e+03
9.670000000000000000e+02
5.172000000000000000e+03
2.018000000000000000e+03
3.748000000000000000e+03
2.830000000000000000e+03
5.159000000000000000e+03
7.003000000000000000e+03
2.829000000000000000e+03
1.149000000000000000e+03
1.516000000000000000e+03
8.050000000000000000e+03
4.904000000000000000e+03
5.638000000000000000e+03
6.177000000000000000e+03
2.165000000000000000e+03
2.771000000000000000e+03
2.356000000000000000e+03
2.269000000000000000e+03
1.472000000000000000e+03
4.428000000000000000e+03
1.550000000000000000e+03
7.580000000000000000e+02
1.550000000000000000e+03
4.441000000000000000e+03
4.017000000000000000e+03
2.957000000000000000e+03
1.219000000000000000e+03
2.613000000000000000e+03
4.058000000000000000e+03
3.300000000000000000e+03
3.280000000000000000e+03
6.480000000000000000e+02
1.363000000000000000e+03
2.360000000000000000e+03
6.731000000000000000e+03
6.929000000000000000e+03
5.502000000000000000e+03
3.383000000000000000e+03
1.906000000000000000e+03
3.819000000000000000e+03
1.556000000000000000e+03
5.205000000000000000e+03
2.251000000000000000e+03
2.319000000000000000e+03
1.807000000000000000e+03
4.462000000000000000e+03
2.170000000000000000e+03
1.512000000000000000e+03
1.760000000000000000e+03
1.964000000000000000e+03
1.902000000000000000e+03
1.570000000000000000e+03
2.275000000000000000e+03
1.311000000000000000e+03
3.455000000000000000e+03
1.019000000000000000e+03
2.927000000000000000e+03
1.823000000000000000e+03
9.180000000000000000e+02
7.710000000000000000e+02
1.185000000000000000e+03
1.622000000000000000e+03
1.260000000000000000e+03
3.643000000000000000e+03
3.018000000000000000e+03
5.389000000000000000e+03
1.574000000000000000e+03
1.809000000000000000e+03
1.618000000000000000e+03
2.251000000000000000e+03
1.616000000000000000e+03
1.256000000000000000e+03
4.150000000000000000e+03
3.382000000000000000e+03
2.333000000000000000e+03
2.019000000000000000e+03
1.815000000000000000e+03
4.316000000000000000e+03
2.808000000000000000e+03
7.650000000000000000e+02
2.960000000000000000e+03
8.440000000000000000e+03
3.469000000000000000e+03
1.276000000000000000e+03
2.959000000000000000e+03
3.284000000000000000e+03
1.067200000000000000e+04
2.545000000000000000e+03
4.989000000000000000e+03
1.568000000000000000e+03
5.484000000000000000e+03
1.551000000000000000e+03
1.803000000000000000e+03
5.067000000000000000e+03
2.315000000000000000e+03
1.890000000000000000e+03
1.923000000000000000e+03
2.124000000000000000e+03
7.382000000000000000e+03
9.430000000000000000e+02
1.097000000000000000e+03
1.010000000000000000e+03
3.020000000000000000e+03
1.258000000000000000e+03
4.928000000000000000e+03
1.244000000000000000e+03
2.211000000000000000e+03
4.231000000000000000e+03
2.368000000000000000e+03
1.941000000000000000e+03
3.675000000000000000e+03
1.493000000000000000e+03
1.743000000000000000e+03
1.547000000000000000e+03
1.194000000000000000e+03
3.833000000000000000e+03
1.655000000000000000e+03
3.181000000000000000e+03
2.367000000000000000e+03
2.149000000000000000e+03
1.551000000000000000e+03
2.126000000000000000e+03
2.556000000000000000e+03
9.090000000000000000e+02
2.178000000000000000e+03
3.489000000000000000e+03
6.468000000000000000e+03
2.557000000000000000e+03
6.834000000000000000e+03
1.444000000000000000e+03
4.168000000000000000e+03
2.424000000000000000e+03
7.030000000000000000e+02
6.160000000000000000e+02
2.613000000000000000e+03
2.135000000000000000e+03
4.795000000000000000e+03
1.955000000000000000e+03
1.074000000000000000e+03
2.522000000000000000e+03
3.320000000000000000e+02
1.910000000000000000e+03
4.820000000000000000e+03
1.290000000000000000e+03
1.486000000000000000e+03
4.873000000000000000e+03
8.470000000000000000e+02
1.408000000000000000e+03
6.980000000000000000e+02
9.950000000000000000e+02
2.347000000000000000e+03
1.068000000000000000e+03
2.541000000000000000e+03
1.936000000000000000e+03
1.000000000000000000e+03
2.401000000000000000e+03
4.745000000000000000e+03
2.507000000000000000e+03
1.807000000000000000e+03
2.709000000000000000e+03
1.978000000000000000e+03
1.229000000000000000e+03
1.458000000000000000e+03
2.657000000000000000e+03
5.064000000000000000e+03
3.008000000000000000e+03
1.545000000000000000e+03
4.243000000000000000e+03
3.124000000000000000e+03
3.040000000000000000e+03
1.201000000000000000e+03
1.142000000000000000e+03
4.415000000000000000e+03
2.598000000000000000e+03
2.609000000000000000e+03
4.318000000000000000e+03
8.010000000000000000e+02
1.545000000000000000e+03
1.303000000000000000e+03
9.160000000000000000e+02
1.292000000000000000e+03
4.591000000000000000e+03
4.593000000000000000e+03
1.228000000000000000e+03
4.129000000000000000e+03
2.008000000000000000e+03
2.657000000000000000e+03
2.662000000000000000e+03
3.621000000000000000e+03
1.760000000000000000e+03
1.503000000000000000e+03
1.943000000000000000e+03
1.745000000000000000e+03
1.109000000000000000e+03
5.681000000000000000e+03
1.743000000000000000e+03
1.960000000000000000e+03
2.019000000000000000e+03
1.312000000000000000e+03
3.542000000000000000e+03
1.518000000000000000e+03
1.057000000000000000e+03
2.107000000000000000e+03
1.863000000000000000e+03
6.560000000000000000e+02
1.740000000000000000e+03
9.110000000000000000e+02
3.743000000000000000e+03
1.283000000000000000e+03
2.663000000000000000e+03
3.310000000000000000e+03
1.097000000000000000e+03
4.238000000000000000e+03
6.700000000000000000e+02
4.160000000000000000e+02
1.997000000000000000e+03
1.098000000000000000e+03
1.445000000000000000e+03
1.017000000000000000e+03
1.978000000000000000e+03
2.285000000000000000e+03
1.153700000000000000e+04
2.756000000000000000e+03
5.488000000000000000e+03
1.091000000000000000e+03
2.440000000000000000e+02
3.488000000000000000e+03
2.483000000000000000e+03
1.532000000000000000e+03
1.067000000000000000e+03
3.155000000000000000e+03
4.302000000000000000e+03
2.193000000000000000e+03
2.860000000000000000e+03
1.180000000000000000e+03
2.309000000000000000e+03
2.237000000000000000e+03
8.760000000000000000e+02
6.727000000000000000e+03
7.377000000000000000e+03
9.486000000000000000e+03
7.050000000000000000e+02
1.248000000000000000e+03
1.768000000000000000e+03
2.233000000000000000e+03
2.883000000000000000e+03
3.557000000000000000e+03
7.257000000000000000e+03
5.023000000000000000e+03
8.290000000000000000e+02
2.559000000000000000e+03
6.090000000000000000e+02
2.424000000000000000e+03
4.012000000000000000e+03
4.302000000000000000e+03
7.917000000000000000e+03
2.506000000000000000e+03
8.880000000000000000e+02
1.791000000000000000e+03
7.610000000000000000e+02
2.125000000000000000e+03
4.673000000000000000e+03
1.607000000000000000e+03
1.357000000000000000e+03
7.150000000000000000e+02
1.384000000000000000e+03
2.554000000000000000e+03
1.577000000000000000e+03
5.418000000000000000e+03
2.694000000000000000e+03
1.518000000000000000e+03
2.860000000000000000e+03
1.843000000000000000e+03
1.161000000000000000e+03
1.497000000000000000e+03
2.768000000000000000e+03
1.215000000000000000e+03
8.490000000000000000e+02
3.639000000000000000e+03
1.321000000000000000e+03
8.210000000000000000e+02
7.570000000000000000e+02
2.399000000000000000e+03
1.045000000000000000e+03
3.205000000000000000e+03
7.240000000000000000e+02
2.316000000000000000e+03
1.659000000000000000e+03
7.310000000000000000e+03
4.232000000000000000e+03
3.497000000000000000e+03
2.522000000000000000e+03
1.033000000000000000e+03
5.348000000000000000e+03
3.462000000000000000e+03
2.605000000000000000e+03
2.816000000000000000e+03
1.046000000000000000e+03
1.595000000000000000e+03
1.153000000000000000e+03
2.472000000000000000e+03
1.369000000000000000e+03
7.690000000000000000e+02
1.956000000000000000e+03
8.685000000000000000e+03
2.234000000000000000e+03
2.434000000000000000e+03
1.159000000000000000e+03
8.330000000000000000e+02
1.057000000000000000e+03
2.671000000000000000e+03
1.615000000000000000e+03
2.076000000000000000e+03
6.041000000000000000e+03
1.643000000000000000e+03
5.246000000000000000e+03
1.550000000000000000e+03
1.730000000000000000e+03
3.405000000000000000e+03
7.392000000000000000e+03
2.317000000000000000e+03
1.095000000000000000e+03
1.853000000000000000e+03
1.418000000000000000e+03
1.603000000000000000e+03
2.625000000000000000e+03
8.051000000000000000e+03
3.514000000000000000e+03
6.621000000000000000e+03
9.770000000000000000e+02
1.179000000000000000e+03
8.220000000000000000e+02
1.608000000000000000e+03
3.183000000000000000e+03
7.190000000000000000e+02
2.580000000000000000e+03
2.354000000000000000e+03
1.023000000000000000e+03
4.608000000000000000e+03
1.683000000000000000e+03
1.061000000000000000e+03
2.615000000000000000e+03
1.960000000000000000e+03
1.818000000000000000e+03
4.767000000000000000e+03
3.602000000000000000e+03
2.486000000000000000e+03
9.220000000000000000e+02
2.104000000000000000e+03
8.228000000000000000e+03
1.556000000000000000e+03
2.844000000000000000e+03
2.402000000000000000e+03
3.449000000000000000e+03
1.954000000000000000e+03
3.924000000000000000e+03
3.693000000000000000e+03
1.360000000000000000e+03
3.011000000000000000e+03
5.619000000000000000e+03
1.221000000000000000e+03
1.382000000000000000e+03
2.618000000000000000e+03
6.701000000000000000e+03
7.870000000000000000e+02
2.390000000000000000e+03
2.828000000000000000e+03
2.772000000000000000e+03
2.508000000000000000e+03
6.080000000000000000e+02
1.115000000000000000e+03
3.721000000000000000e+03
5.344000000000000000e+03
1.939000000000000000e+03
1.330000000000000000e+03
1.760000000000000000e+03
8.520000000000000000e+02
2.712000000000000000e+03
2.957000000000000000e+03
1.235000000000000000e+03
2.635000000000000000e+03
3.876000000000000000e+03
1.030000000000000000e+03
1.278000000000000000e+03
2.944000000000000000e+03
2.070000000000000000e+03
1.690000000000000000e+03
1.182000000000000000e+03
1.896000000000000000e+03
1.631000000000000000e+03
9.720000000000000000e+02
2.491000000000000000e+03
1.578000000000000000e+03
1.349000000000000000e+03
5.302000000000000000e+03
4.942000000000000000e+03
1.113000000000000000e+03
3.751000000000000000e+03
8.787000000000000000e+03
1.881000000000000000e+03
1.516000000000000000e+03
8.030000000000000000e+02
2.886000000000000000e+03
4.436000000000000000e+03
1.358000000000000000e+03
4.939000000000000000e+03
3.791000000000000000e+03
2.593000000000000000e+03
8.560000000000000000e+02
3.019000000000000000e+03
1.933000000000000000e+03
4.757000000000000000e+03
2.163000000000000000e+03
5.930000000000000000e+02
2.249000000000000000e+03
1.009000000000000000e+03
5.783000000000000000e+03
2.850000000000000000e+03
1.371000000000000000e+03
1.700000000000000000e+03
2.492000000000000000e+03
7.701000000000000000e+03
1.553000000000000000e+03
7.014000000000000000e+03
1.893000000000000000e+03
2.808000000000000000e+03
2.280000000000000000e+03
1.551000000000000000e+03
1.855000000000000000e+03
1.446000000000000000e+03
3.174000000000000000e+03
3.446000000000000000e+03
2.293000000000000000e+03
1.254000000000000000e+03
6.627000000000000000e+03
2.219000000000000000e+03
1.353000000000000000e+03
1.768000000000000000e+03
1.262000000000000000e+03
5.127000000000000000e+03
1.655000000000000000e+03
2.115000000000000000e+03
1.304000000000000000e+03
5.229000000000000000e+03
6.630000000000000000e+03
9.830000000000000000e+02
1.019000000000000000e+03
1.750000000000000000e+03
4.069000000000000000e+03
1.020000000000000000e+03
2.081000000000000000e+03
1.633000000000000000e+03
3.911000000000000000e+03
3.335000000000000000e+03
1.605000000000000000e+03
2.259000000000000000e+03
1.452000000000000000e+03
3.870000000000000000e+03
2.987000000000000000e+03
2.715000000000000000e+03
7.350000000000000000e+02
3.336000000000000000e+03
2.149000000000000000e+03
3.213000000000000000e+03
3.210000000000000000e+03
7.000000000000000000e+03
1.573000000000000000e+03
1.878000000000000000e+03
2.364000000000000000e+03
3.771000000000000000e+03
4.930000000000000000e+02
2.523000000000000000e+03
1.854000000000000000e+03
1.815000000000000000e+03
2.075000000000000000e+03
1.177000000000000000e+03
1.246000000000000000e+03
2.897000000000000000e+03
2.427000000000000000e+03
2.598000000000000000e+03
1.341000000000000000e+03
1.035000000000000000e+03
2.994000000000000000e+03
3.457000000000000000e+03
6.480000000000000000e+02
5.246000000000000000e+03
1.098000000000000000e+03
1.628000000000000000e+03
3.487000000000000000e+03
1.089000000000000000e+03
3.904000000000000000e+03
1.205000000000000000e+03
1.148000000000000000e+03
1.910000000000000000e+03
1.547000000000000000e+03
1.501000000000000000e+03
6.077000000000000000e+03
1.837000000000000000e+03
1.917000000000000000e+03
1.345000000000000000e+03
1.817000000000000000e+03
1.328000000000000000e+03
4.724000000000000000e+03
3.020000000000000000e+03
1.729000000000000000e+03
4.968000000000000000e+03
2.163000000000000000e+03
4.232000000000000000e+03
4.473000000000000000e+03
2.409000000000000000e+03
2.561000000000000000e+03
2.794000000000000000e+03
2.444000000000000000e+03
1.961000000000000000e+03
1.251000000000000000e+03
1.479000000000000000e+03
2.880000000000000000e+03
5.615000000000000000e+03
3.406000000000000000e+03
4.380000000000000000e+02
3.263000000000000000e+03
4.587000000000000000e+03
4.795000000000000000e+03
7.730000000000000000e+02
1.931000000000000000e+03
3.012000000000000000e+03
2.639000000000000000e+03
6.031000000000000000e+03
5.183000000000000000e+03
1.746000000000000000e+03
3.259000000000000000e+03
6.890000000000000000e+02
8.120000000000000000e+02
1.001000000000000000e+03
2.538000000000000000e+03
1.636000000000000000e+03
3.130000000000000000e+02
2.376000000000000000e+03
1.538000000000000000e+03
8.120000000000000000e+02
7.716000000000000000e+03
3.739000000000000000e+03
1.569000000000000000e+03
2.008000000000000000e+03
5.961000000000000000e+03
3.482000000000000000e+03
2.145000000000000000e+03
3.162000000000000000e+03
1.732000000000000000e+03
1.653000000000000000e+03
2.784000000000000000e+03
3.711000000000000000e+03
4.945000000000000000e+03
1.078000000000000000e+03
1.508000000000000000e+03
2.941000000000000000e+03
1.888000000000000000e+03
2.724000000000000000e+03
1.871000000000000000e+03
2.297000000000000000e+03
2.112000000000000000e+03
3.499000000000000000e+03
4.290000000000000000e+02
1.668000000000000000e+03
1.662000000000000000e+03
1.404000000000000000e+03
1.475000000000000000e+03
2.041000000000000000e+03
5.230000000000000000e+03
7.513000000000000000e+03
1.562000000000000000e+03
5.014000000000000000e+03
3.703000000000000000e+03
4.460000000000000000e+02
1.872000000000000000e+03
2.193000000000000000e+03
2.793000000000000000e+03
2.039000000000000000e+03
9.470000000000000000e+02
1.040000000000000000e+03
4.965000000000000000e+03
2.053000000000000000e+03
8.680000000000000000e+02
1.904000000000000000e+03
2.272000000000000000e+03
1.662000000000000000e+03
2.950000000000000000e+03
7.750000000000000000e+02
4.760000000000000000e+03
1.324000000000000000e+03
3.374000000000000000e+03
1.731000000000000000e+03
2.242000000000000000e+03
3.162000000000000000e+03
1.705000000000000000e+03
1.000000000000000000e+03
2.708000000000000000e+03
2.873000000000000000e+03
1.981000000000000000e+03
1.281000000000000000e+03
1.988000000000000000e+03
4.184000000000000000e+03
8.940000000000000000e+02
7.465000000000000000e+03
1.033000000000000000e+03
4.218000000000000000e+03
2.123000000000000000e+03
1.904000000000000000e+03
3.590000000000000000e+02
3.764000000000000000e+03
9.895000000000000000e+03
8.200000000000000000e+02
4.918000000000000000e+03
2.864000000000000000e+03
1.439000000000000000e+03
4.013000000000000000e+03
2.724000000000000000e+03
1.132000000000000000e+03
2.836000000000000000e+03
2.596000000000000000e+03
1.482000000000000000e+03
7.540000000000000000e+02
1.756800000000000000e+04
3.347000000000000000e+03
2.602000000000000000e+03
1.515000000000000000e+03
2.691000000000000000e+03
3.220000000000000000e+03
4.555000000000000000e+03
3.772000000000000000e+03
4.988000000000000000e+03
2.687000000000000000e+03
4.060000000000000000e+02
5.260000000000000000e+02
1.493000000000000000e+03
2.710000000000000000e+03
7.620000000000000000e+02
6.930000000000000000e+02
3.204000000000000000e+03
2.478000000000000000e+03
1.221000000000000000e+03
1.011000000000000000e+03
1.155000000000000000e+03
3.023000000000000000e+03
1.477000000000000000e+03
4.511000000000000000e+03
8.190000000000000000e+02
3.579000000000000000e+03
2.861000000000000000e+03
5.040000000000000000e+03
4.036000000000000000e+03
1.370000000000000000e+03
4.369000000000000000e+03
1.947000000000000000e+03
2.826000000000000000e+03
3.704000000000000000e+03
1.340000000000000000e+03
1.311000000000000000e+03
3.178000000000000000e+03
1.189000000000000000e+03
1.769000000000000000e+03
6.463000000000000000e+03
1.281000000000000000e+03
3.700000000000000000e+03
1.484000000000000000e+03
1.405000000000000000e+03
3.420000000000000000e+02
3.198000000000000000e+03
3.563000000000000000e+03
2.215000000000000000e+03
9.368000000000000000e+03
8.940000000000000000e+02
2.227000000000000000e+03
1.657000000000000000e+03
3.351000000000000000e+03
1.473000000000000000e+03
2.293000000000000000e+03
1.473000000000000000e+03
2.241000000000000000e+03
1.544000000000000000e+03
1.786700000000000000e+04
1.390000000000000000e+03
1.730000000000000000e+03
5.310000000000000000e+03
3.019000000000000000e+03
1.969000000000000000e+03
1.425000000000000000e+03
1.908000000000000000e+03
2.886000000000000000e+03
6.239000000000000000e+03
5.821000000000000000e+03
1.399000000000000000e+03
4.356000000000000000e+03
2.064000000000000000e+03
3.109000000000000000e+03
7.540000000000000000e+02
1.958000000000000000e+03
1.040000000000000000e+03
2.004000000000000000e+03
1.424000000000000000e+03
8.350000000000000000e+02
2.050000000000000000e+03
9.390000000000000000e+02
9.255000000000000000e+03
2.566000000000000000e+03
4.871000000000000000e+03
5.798000000000000000e+03
2.249000000000000000e+03
1.487000000000000000e+03
1.189000000000000000e+03
4.007000000000000000e+03
3.101000000000000000e+03
1.932000000000000000e+03
1.938000000000000000e+03
2.458000000000000000e+03
1.072000000000000000e+03
4.339000000000000000e+03
2.324000000000000000e+03
2.594000000000000000e+03
2.625000000000000000e+03
4.820000000000000000e+03
2.535000000000000000e+03
1.396000000000000000e+03
6.628000000000000000e+03
1.139000000000000000e+03
1.528000000000000000e+03
3.227000000000000000e+03
1.439000000000000000e+03
6.652000000000000000e+03
2.195000000000000000e+03
8.200000000000000000e+02
3.457000000000000000e+03
2.933000000000000000e+03
1.607000000000000000e+03
1.661000000000000000e+03
6.990000000000000000e+02
1.091000000000000000e+03
2.565000000000000000e+03
5.044000000000000000e+03
6.451000000000000000e+03
5.448000000000000000e+03
3.588000000000000000e+03
3.363000000000000000e+03
2.437000000000000000e+03
5.158000000000000000e+03
2.784000000000000000e+03
3.566000000000000000e+03
1.583000000000000000e+03
3.186000000000000000e+03
9.910000000000000000e+02
4.385000000000000000e+03
2.414000000000000000e+03
3.046000000000000000e+03
4.797000000000000000e+03
5.040000000000000000e+02
9.680000000000000000e+02
9.013000000000000000e+03
2.541000000000000000e+03
1.525000000000000000e+03
1.501000000000000000e+03
4.088000000000000000e+03
1.254000000000000000e+03
2.887000000000000000e+03
2.124000000000000000e+03
2.158000000000000000e+03
1.522000000000000000e+03
3.318000000000000000e+03
3.049000000000000000e+03
5.930000000000000000e+03
9.140000000000000000e+02
3.816000000000000000e+03
3.832000000000000000e+03
1.941000000000000000e+03
1.173000000000000000e+03
9.220000000000000000e+02
5.629000000000000000e+03
1.382000000000000000e+03
2.197000000000000000e+03
1.953000000000000000e+03
3.208000000000000000e+03
5.573000000000000000e+03
3.543000000000000000e+03
2.075000000000000000e+03
2.670000000000000000e+03
1.679000000000000000e+03
1.570000000000000000e+03
2.082000000000000000e+03
2.017000000000000000e+03
2.749000000000000000e+03
2.354000000000000000e+03
3.196000000000000000e+03
6.560000000000000000e+02
4.780000000000000000e+02
3.556000000000000000e+03
1.665000000000000000e+03
9.180000000000000000e+02
1.261000000000000000e+03
2.663000000000000000e+03
1.657000000000000000e+03
5.119000000000000000e+03
2.878000000000000000e+03
7.946000000000000000e+03
2.496000000000000000e+03
3.544000000000000000e+03
1.163000000000000000e+03
2.922000000000000000e+03
1.066000000000000000e+03
8.370000000000000000e+02
2.027000000000000000e+03
3.025000000000000000e+03
2.305000000000000000e+03
3.738000000000000000e+03
1.222000000000000000e+03
1.597000000000000000e+03
8.770000000000000000e+02
7.990000000000000000e+02
4.625000000000000000e+03
1.634000000000000000e+03
3.324000000000000000e+03
7.110000000000000000e+02
1.403000000000000000e+03
2.532000000000000000e+03
1.874000000000000000e+03
2.832000000000000000e+03
1.121000000000000000e+03
3.282000000000000000e+03
3.229000000000000000e+03
6.004000000000000000e+03
1.329000000000000000e+03
1.677000000000000000e+03
1.828000000000000000e+03
2.978000000000000000e+03
5.141000000000000000e+03
1.335000000000000000e+03
3.741000000000000000e+03
3.826000000000000000e+03
3.063000000000000000e+03
2.415000000000000000e+03
4.215000000000000000e+03
1.790000000000000000e+03
8.840000000000000000e+02
2.533000000000000000e+03
1.514000000000000000e+03
3.968000000000000000e+03
1.268000000000000000e+03
3.808000000000000000e+03
2.370000000000000000e+03
7.745000000000000000e+03
2.551000000000000000e+03
1.614000000000000000e+03
3.392000000000000000e+03
1.038900000000000000e+04
1.037000000000000000e+03
1.228000000000000000e+03
6.760000000000000000e+02
1.513000000000000000e+03
5.993000000000000000e+03
1.196000000000000000e+03
4.036000000000000000e+03
9.688000000000000000e+03
2.929000000000000000e+03
3.467000000000000000e+03
3.551000000000000000e+03
5.554000000000000000e+03
2.535000000000000000e+03
4.883000000000000000e+03
3.170000000000000000e+03
1.996000000000000000e+03
2.999000000000000000e+03
3.755000000000000000e+03
1.177000000000000000e+03
3.299000000000000000e+03
3.444000000000000000e+03
5.927000000000000000e+03
2.011000000000000000e+03
6.542000000000000000e+03
1.657000000000000000e+03
2.571000000000000000e+03
3.260000000000000000e+03
3.888000000000000000e+03
2.393000000000000000e+03
1.538000000000000000e+03
7.650000000000000000e+02
7.600000000000000000e+02
1.620000000000000000e+03
1.022000000000000000e+03
1.134000000000000000e+03
3.278000000000000000e+03
3.455000000000000000e+03
3.809000000000000000e+03
2.812000000000000000e+03
1.641000000000000000e+03
