5.487000000000000000e+03
2.018000000000000000e+03
3.382000000000000000e+03
9.140000000000000000e+02
1.545000000000000000e+03
4.100000000000000000e+03
3.159000000000000000e+03
1.640000000000000000e+03
7.765000000000000000e+03
1.169000000000000000e+03
5.451000000000000000e+03
2.692000000000000000e+03
1.944000000000000000e+03
2.049000000000000000e+03
1.307000000000000000e+03
4.106000000000000000e+03
5.147000000000000000e+03
1.526900000000000000e+04
2.742000000000000000e+03
1.287000000000000000e+03
2.340000000000000000e+03
4.237000000000000000e+03
3.134000000000000000e+03
9.928000000000000000e+03
1.413000000000000000e+03
1.090000000000000000e+04
3.933000000000000000e+03
5.023000000000000000e+03
3.026000000000000000e+03
5.665000000000000000e+03
6.784000000000000000e+03
2.763000000000000000e+03
1.220900000000000000e+04
6.610000000000000000e+03
3.115000000000000000e+03
8.957000000000000000e+03
8.732000000000000000e+03
1.816000000000000000e+03
6.895000000000000000e+03
4.525000000000000000e+03
4.130000000000000000e+02
1.010000000000000000e+03
7.487000000000000000e+03
8.138000000000000000e+03
3.776000000000000000e+03
1.512000000000000000e+03
6.065000000000000000e+03
3.539000000000000000e+03
1.114000000000000000e+03
3.475000000000000000e+03
1.251000000000000000e+03
1.094000000000000000e+03
9.000000000000000000e+02
7.445000000000000000e+03
3.197000000000000000e+03
4.932000000000000000e+03
4.539000000000000000e+03
2.877000000000000000e+03
2.512000000000000000e+03
2.161000000000000000e+03
5.245000000000000000e+03
4.389000000000000000e+03
3.520000000000000000e+03
5.350000000000000000e+02
1.439000000000000000e+03
1.494000000000000000e+03
3.987000000000000000e+03
1.291300000000000000e+04
4.088000000000000000e+03
2.375000000000000000e+03
4.364000000000000000e+03
1.627000000000000000e+03
2.792000000000000000e+03
1.231000000000000000e+03
8.977000000000000000e+03
1.894000000000000000e+03
5.556000000000000000e+03
1.729000000000000000e+03
3.202000000000000000e+03
1.241400000000000000e+04
5.043000000000000000e+03
1.152000000000000000e+03
8.900000000000000000e+02
8.619000000000000000e+03
2.866000000000000000e+03
2.970000000000000000e+03
2.395000000000000000e+03
6.184000000000000000e+03
4.285000000000000000e+03
3.878000000000000000e+03
2.243000000000000000e+03
3.011000000000000000e+03
1.492000000000000000e+03
3.055000000000000000e+03
1.037000000000000000e+03
4.814000000000000000e+03
4.124000000000000000e+03
1.712000000000000000e+03
1.019000000000000000e+03
2.392000000000000000e+03
6.392000000000000000e+03
2.096000000000000000e+03
7.127000000000000000e+03
8.923000000000000000e+03
2.485000000000000000e+03
2.909000000000000000e+03
1.519000000000000000e+03
3.351000000000000000e+03
4.547000000000000000e+03
3.777000000000000000e+03
7.100000000000000000e+02
5.091000000000000000e+03
5.011000000000000000e+03
6.599000000000000000e+03
1.971000000000000000e+03
1.236000000000000000e+03
3.058000000000000000e+03
3.069000000000000000e+03
4.193000000000000000e+03
1.045000000000000000e+03
3.560000000000000000e+03
3.732000000000000000e+03
1.545000000000000000e+03
2.191000000000000000e+03
8.190000000000000000e+02
5.298000000000000000e+03
1.296000000000000000e+03
1.132000000000000000e+03
2.802000000000000000e+03
6.140000000000000000e+03
3.907000000000000000e+03
5.328000000000000000e+03
3.776000000000000000e+03
1.874000000000000000e+03
1.205900000000000000e+04
1.280000000000000000e+03
3.805000000000000000e+03
2.371000000000000000e+03
2.695000000000000000e+03
5.894000000000000000e+03
3.911000000000000000e+03
3.305000000000000000e+03
2.200000000000000000e+03
1.627000000000000000e+03
3.891000000000000000e+03
3.975000000000000000e+03
1.659000000000000000e+03
1.201300000000000000e+04
2.794000000000000000e+03
3.195000000000000000e+03
2.661000000000000000e+03
5.257000000000000000e+03
2.210000000000000000e+03
4.172000000000000000e+03
2.134000000000000000e+03
1.854000000000000000e+03
2.651000000000000000e+03
1.503000000000000000e+03
1.568000000000000000e+03
7.050000000000000000e+03
1.270000000000000000e+03
6.069000000000000000e+03
2.197000000000000000e+03
5.419000000000000000e+03
9.820000000000000000e+03
6.017000000000000000e+03
3.180000000000000000e+03
3.918000000000000000e+03
2.991000000000000000e+03
4.223000000000000000e+03
2.446000000000000000e+03
2.491000000000000000e+03
3.401000000000000000e+03
3.562000000000000000e+03
2.708000000000000000e+03
4.217000000000000000e+03
2.584000000000000000e+03
8.345000000000000000e+03
9.163000000000000000e+03
2.798000000000000000e+03
5.900000000000000000e+02
1.105700000000000000e+04
1.658000000000000000e+03
8.478000000000000000e+03
9.620000000000000000e+02
2.436000000000000000e+03
5.363000000000000000e+03
8.791000000000000000e+03
5.557000000000000000e+03
4.586000000000000000e+03
6.266000000000000000e+03
4.131000000000000000e+03
6.640000000000000000e+02
1.858000000000000000e+03
3.403000000000000000e+03
1.436000000000000000e+03
1.551000000000000000e+03
1.018200000000000000e+04
3.675000000000000000e+03
3.780000000000000000e+03
2.884000000000000000e+03
1.481000000000000000e+03
5.314000000000000000e+03
2.107000000000000000e+03
3.289000000000000000e+03
2.773000000000000000e+03
5.902000000000000000e+03
2.771000000000000000e+03
6.252000000000000000e+03
2.159000000000000000e+03
5.768000000000000000e+03
1.048000000000000000e+03
2.100000000000000000e+03
5.523000000000000000e+03
9.250000000000000000e+02
2.019000000000000000e+03
2.150000000000000000e+03
5.309000000000000000e+03
9.150000000000000000e+02
2.792000000000000000e+03
1.647000000000000000e+03
5.194000000000000000e+03
2.281000000000000000e+03
1.789000000000000000e+03
4.023000000000000000e+03
6.140000000000000000e+02
3.116000000000000000e+03
2.009000000000000000e+03
1.050000000000000000e+03
3.306000000000000000e+03
2.209000000000000000e+03
1.734000000000000000e+03
2.581000000000000000e+03
3.893000000000000000e+03
4.969000000000000000e+03
5.148000000000000000e+03
2.995000000000000000e+03
1.609000000000000000e+03
1.641000000000000000e+03
1.754000000000000000e+03
3.117000000000000000e+03
2.755000000000000000e+03
3.016000000000000000e+03
3.186000000000000000e+03
3.378000000000000000e+03
1.426000000000000000e+03
3.164000000000000000e+03
2.188000000000000000e+03
2.778000000000000000e+03
3.303000000000000000e+03
7.524000000000000000e+03
1.581000000000000000e+03
6.800000000000000000e+02
1.824000000000000000e+03
2.992000000000000000e+03
1.378000000000000000e+03
2.336000000000000000e+03
6.065000000000000000e+03
3.503000000000000000e+03
2.192000000000000000e+03
7.604000000000000000e+03
7.454000000000000000e+03
1.773000000000000000e+03
5.691000000000000000e+03
2.313000000000000000e+03
6.664000000000000000e+03
2.030000000000000000e+03
2.610000000000000000e+03
5.985000000000000000e+03
1.373000000000000000e+03
7.975000000000000000e+03
1.604000000000000000e+03
3.309000000000000000e+03
2.539000000000000000e+03
1.904000000000000000e+03
5.354000000000000000e+03
3.095000000000000000e+03
7.150000000000000000e+02
1.766000000000000000e+03
1.355000000000000000e+03
8.300000000000000000e+02
1.503800000000000000e+04
3.042000000000000000e+03
5.056000000000000000e+03
3.156000000000000000e+03
2.743000000000000000e+03
2.483000000000000000e+03
5.883000000000000000e+03
2.574000000000000000e+03
1.477000000000000000e+03
1.632000000000000000e+03
5.984000000000000000e+03
1.280000000000000000e+03
3.410000000000000000e+03
2.014000000000000000e+03
2.981000000000000000e+03
3.313000000000000000e+03
5.113000000000000000e+03
2.727000000000000000e+03
1.768000000000000000e+03
2.766000000000000000e+03
3.059000000000000000e+03
1.306000000000000000e+03
6.284000000000000000e+03
3.863000000000000000e+03
1.587000000000000000e+03
1.395000000000000000e+03
1.359000000000000000e+03
2.572000000000000000e+03
1.583000000000000000e+03
5.581000000000000000e+03
3.980000000000000000e+03
3.154000000000000000e+03
1.812100000000000000e+04
4.183000000000000000e+03
7.088000000000000000e+03
1.597000000000000000e+03
3.741000000000000000e+03
1.851000000000000000e+03
3.361000000000000000e+03
5.449000000000000000e+03
2.921000000000000000e+03
2.672000000000000000e+03
2.386000000000000000e+03
5.546000000000000000e+03
1.907000000000000000e+03
2.830000000000000000e+03
3.490000000000000000e+03
3.678000000000000000e+03
6.414000000000000000e+03
2.376000000000000000e+03
3.035000000000000000e+03
1.821000000000000000e+03
3.278000000000000000e+03
3.032000000000000000e+03
2.282000000000000000e+03
5.736000000000000000e+03
5.882000000000000000e+03
1.985000000000000000e+03
2.057000000000000000e+03
9.370000000000000000e+02
2.177000000000000000e+03
1.427000000000000000e+03
7.847000000000000000e+03
1.142000000000000000e+03
4.232000000000000000e+03
4.673000000000000000e+03
1.617000000000000000e+03
4.375000000000000000e+03
7.580000000000000000e+02
2.007000000000000000e+03
3.390000000000000000e+03
7.878000000000000000e+03
2.520000000000000000e+03
2.881000000000000000e+03
6.250000000000000000e+03
7.085000000000000000e+03
8.140000000000000000e+03
1.577000000000000000e+03
1.682000000000000000e+03
2.264000000000000000e+03
2.132000000000000000e+03
2.571000000000000000e+03
1.962000000000000000e+03
3.460000000000000000e+03
2.105000000000000000e+03
1.449000000000000000e+03
1.522000000000000000e+03
1.898000000000000000e+03
9.295000000000000000e+03
1.957000000000000000e+03
1.893000000000000000e+03
2.236000000000000000e+03
5.286000000000000000e+03
2.556000000000000000e+03
2.174000000000000000e+03
1.100000000000000000e+03
2.537000000000000000e+03
1.055000000000000000e+03
4.392000000000000000e+03
2.780000000000000000e+03
1.687000000000000000e+03
1.582900000000000000e+04
6.276000000000000000e+03
2.213000000000000000e+03
2.052000000000000000e+03
2.779000000000000000e+03
2.822000000000000000e+03
9.233000000000000000e+03
3.348000000000000000e+03
2.316000000000000000e+03
2.325000000000000000e+03
5.237000000000000000e+03
2.137000000000000000e+03
4.620000000000000000e+03
2.995000000000000000e+03
4.128000000000000000e+03
2.237000000000000000e+03
6.231000000000000000e+03
3.653000000000000000e+03
2.853000000000000000e+03
2.565000000000000000e+03
6.234000000000000000e+03
1.909000000000000000e+03
3.977000000000000000e+03
5.991000000000000000e+03
6.339000000000000000e+03
1.157000000000000000e+03
2.970000000000000000e+03
4.959000000000000000e+03
1.024300000000000000e+04
2.613000000000000000e+03
1.188000000000000000e+03
1.085000000000000000e+03
2.247000000000000000e+03
2.680000000000000000e+03
1.130000000000000000e+03
2.187000000000000000e+03
7.929000000000000000e+03
5.964000000000000000e+03
3.252000000000000000e+03
2.750000000000000000e+03
7.977000000000000000e+03
2.798000000000000000e+03
1.101000000000000000e+03
3.103000000000000000e+03
5.555000000000000000e+03
9.154000000000000000e+03
1.782000000000000000e+03
5.184000000000000000e+03
8.982000000000000000e+03
4.252000000000000000e+03
1.500000000000000000e+03
1.797000000000000000e+03
2.295000000000000000e+03
1.005000000000000000e+03
7.930000000000000000e+02
4.992000000000000000e+03
6.240000000000000000e+02
6.009000000000000000e+03
2.702000000000000000e+03
1.855000000000000000e+03
3.768000000000000000e+03
2.139000000000000000e+03
7.760000000000000000e+02
2.742000000000000000e+03
7.216000000000000000e+03
4.764000000000000000e+03
9.150000000000000000e+02
3.372000000000000000e+03
1.980000000000000000e+03
1.776000000000000000e+03
3.111000000000000000e+03
5.406000000000000000e+03
7.870000000000000000e+02
1.510000000000000000e+03
1.098000000000000000e+03
5.577000000000000000e+03
2.043000000000000000e+03
4.006000000000000000e+03
2.104000000000000000e+03
4.870000000000000000e+03
1.326000000000000000e+03
7.864000000000000000e+03
1.920000000000000000e+03
1.517000000000000000e+03
1.570000000000000000e+03
3.338000000000000000e+03
2.978000000000000000e+03
2.306000000000000000e+03
8.709000000000000000e+03
1.200000000000000000e+03
3.542000000000000000e+03
9.797000000000000000e+03
4.048000000000000000e+03
2.019000000000000000e+03
3.995000000000000000e+03
7.555000000000000000e+03
1.025400000000000000e+04
4.761000000000000000e+03
2.217000000000000000e+03
7.203000000000000000e+03
2.454000000000000000e+03
2.726000000000000000e+03
3.466000000000000000e+03
7.664000000000000000e+03
1.922000000000000000e+03
3.317000000000000000e+03
3.887000000000000000e+03
3.101000000000000000e+03
3.534000000000000000e+03
3.012000000000000000e+03
1.297000000000000000e+03
1.623000000000000000e+03
2.716000000000000000e+03
5.205000000000000000e+03
2.184000000000000000e+03
3.219000000000000000e+03
7.779000000000000000e+03
2.140000000000000000e+03
3.928000000000000000e+03
1.342000000000000000e+03
1.108600000000000000e+04
1.531000000000000000e+03
1.530000000000000000e+03
3.434000000000000000e+03
2.469000000000000000e+03
1.265000000000000000e+03
1.000000000000000000e+03
3.826000000000000000e+03
1.118000000000000000e+03
4.407000000000000000e+03
6.097000000000000000e+03
2.306000000000000000e+03
2.258000000000000000e+03
7.658000000000000000e+03
2.202000000000000000e+03
1.127000000000000000e+03
4.378000000000000000e+03
8.107000000000000000e+03
2.461000000000000000e+03
6.290000000000000000e+02
1.986000000000000000e+03
7.491000000000000000e+03
2.907000000000000000e+03
1.162000000000000000e+03
1.544000000000000000e+03
3.178000000000000000e+03
6.987000000000000000e+03
3.902000000000000000e+03
6.556000000000000000e+03
2.150000000000000000e+03
1.176000000000000000e+03
2.814000000000000000e+03
8.149000000000000000e+03
4.288000000000000000e+03
3.864000000000000000e+03
1.272000000000000000e+03
1.843000000000000000e+03
1.802000000000000000e+03
3.741000000000000000e+03
3.896000000000000000e+03
2.438000000000000000e+03
6.004000000000000000e+03
2.071000000000000000e+03
3.818000000000000000e+03
3.796000000000000000e+03
6.670000000000000000e+03
2.991000000000000000e+03
5.873000000000000000e+03
1.310000000000000000e+03
3.163000000000000000e+03
1.465000000000000000e+03
9.217000000000000000e+03
1.108000000000000000e+03
5.876000000000000000e+03
2.161000000000000000e+03
2.067000000000000000e+03
4.823000000000000000e+03
3.132000000000000000e+03
1.849000000000000000e+03
7.000000000000000000e+03
5.631000000000000000e+03
2.103000000000000000e+03
2.693000000000000000e+03
1.737000000000000000e+03
4.806000000000000000e+03
7.222000000000000000e+03
8.550000000000000000e+02
3.794000000000000000e+03
2.097000000000000000e+03
1.090000000000000000e+03
1.403000000000000000e+03
2.897000000000000000e+03
5.479000000000000000e+03
2.047000000000000000e+03
1.790000000000000000e+03
1.644000000000000000e+03
2.632000000000000000e+03
9.220000000000000000e+02
6.360000000000000000e+03
4.498000000000000000e+03
3.222000000000000000e+03
2.654000000000000000e+03
2.009000000000000000e+03
2.064000000000000000e+03
8.192000000000000000e+03
7.015000000000000000e+03
1.711000000000000000e+03
6.852000000000000000e+03
2.506000000000000000e+03
1.563000000000000000e+03
1.272000000000000000e+03
5.625000000000000000e+03
5.394000000000000000e+03
2.140000000000000000e+03
1.071200000000000000e+04
1.486400000000000000e+04
9.161000000000000000e+03
6.410000000000000000e+02
1.655000000000000000e+03
2.462000000000000000e+03
3.301000000000000000e+03
6.974000000000000000e+03
3.270000000000000000e+03
1.930000000000000000e+03
1.964000000000000000e+03
3.439000000000000000e+03
1.045600000000000000e+04
3.222000000000000000e+03
3.438000000000000000e+03
2.084000000000000000e+03
9.170000000000000000e+02
1.565000000000000000e+03
3.717000000000000000e+03
1.274500000000000000e+04
3.285000000000000000e+03
5.704000000000000000e+03
1.435000000000000000e+03
2.688000000000000000e+03
8.792000000000000000e+03
2.615000000000000000e+03
3.604000000000000000e+03
1.691000000000000000e+03
6.042000000000000000e+03
4.922000000000000000e+03
3.961000000000000000e+03
5.035000000000000000e+03
3.244000000000000000e+03
2.379000000000000000e+03
3.862000000000000000e+03
5.418000000000000000e+03
9.173000000000000000e+03
3.665000000000000000e+03
2.866000000000000000e+03
2.164000000000000000e+03
6.084000000000000000e+03
3.099000000000000000e+03
1.760000000000000000e+03
3.139000000000000000e+03
3.130000000000000000e+03
5.953000000000000000e+03
1.029000000000000000e+03
3.556000000000000000e+03
3.842000000000000000e+03
2.375000000000000000e+03
3.592000000000000000e+03
1.871000000000000000e+03
3.593000000000000000e+03
4.291000000000000000e+03
2.310000000000000000e+03
8.620000000000000000e+02
4.444000000000000000e+03
2.975000000000000000e+03
3.840000000000000000e+03
4.339000000000000000e+03
6.600000000000000000e+02
5.535000000000000000e+03
8.170000000000000000e+03
1.106000000000000000e+03
6.036000000000000000e+03
3.234000000000000000e+03
2.864000000000000000e+03
1.503000000000000000e+03
1.553000000000000000e+04
2.708000000000000000e+03
4.101000000000000000e+03
1.946000000000000000e+03
8.330000000000000000e+02
3.432000000000000000e+03
3.951000000000000000e+03
4.985000000000000000e+03
2.992000000000000000e+03
3.354000000000000000e+03
2.569000000000000000e+03
4.956000000000000000e+03
2.457000000000000000e+03
1.804000000000000000e+03
1.174000000000000000e+03
1.494000000000000000e+03
3.413000000000000000e+03
2.326000000000000000e+03
3.723000000000000000e+03
1.235000000000000000e+03
2.841000000000000000e+03
2.127000000000000000e+03
5.815000000000000000e+03
2.003000000000000000e+03
2.733000000000000000e+03
1.701000000000000000e+03
1.461000000000000000e+03
1.149000000000000000e+03
3.936000000000000000e+03
2.491000000000000000e+03
1.214000000000000000e+03
4.424000000000000000e+03
5.418000000000000000e+03
4.866000000000000000e+03
4.452000000000000000e+03
5.104000000000000000e+03
8.479000000000000000e+03
2.693000000000000000e+03
2.751000000000000000e+03
2.403000000000000000e+03
1.711000000000000000e+03
1.011100000000000000e+04
2.772000000000000000e+03
1.851000000000000000e+03
2.312000000000000000e+03
2.573000000000000000e+03
1.981000000000000000e+03
4.977000000000000000e+03
3.015000000000000000e+03
6.313000000000000000e+03
5.083000000000000000e+03
1.409000000000000000e+03
3.828000000000000000e+03
1.373000000000000000e+03
2.379000000000000000e+03
2.760000000000000000e+03
5.581000000000000000e+03
1.765000000000000000e+03
3.856000000000000000e+03
1.650000000000000000e+03
5.552000000000000000e+03
5.594000000000000000e+03
4.534000000000000000e+03
1.162000000000000000e+03
1.185700000000000000e+04
1.542000000000000000e+03
2.088000000000000000e+03
1.843000000000000000e+03
6.152000000000000000e+03
7.142000000000000000e+03
1.234000000000000000e+03
2.548000000000000000e+03
4.518000000000000000e+03
4.452000000000000000e+03
6.042000000000000000e+03
2.027000000000000000e+03
6.265000000000000000e+03
4.519000000000000000e+03
1.122000000000000000e+03
4.357000000000000000e+03
3.227000000000000000e+03
4.064000000000000000e+03
4.459000000000000000e+03
1.741000000000000000e+03
1.710000000000000000e+03
1.904000000000000000e+03
5.667000000000000000e+03
5.714000000000000000e+03
2.616000000000000000e+03
1.279000000000000000e+03
2.076000000000000000e+03
2.164000000000000000e+03
2.885000000000000000e+03
4.630000000000000000e+02
2.516000000000000000e+03
3.056000000000000000e+03
7.870000000000000000e+02
4.397000000000000000e+03
2.797000000000000000e+03
7.675000000000000000e+03
2.773000000000000000e+03
7.257000000000000000e+03
4.481000000000000000e+03
1.352000000000000000e+03
4.434000000000000000e+03
1.562000000000000000e+03
5.586000000000000000e+03
4.561000000000000000e+03
7.503000000000000000e+03
3.600000000000000000e+03
1.687000000000000000e+03
4.260000000000000000e+03
2.378000000000000000e+03
1.460000000000000000e+03
3.794000000000000000e+03
1.295000000000000000e+03
6.822000000000000000e+03
6.014000000000000000e+03
4.537000000000000000e+03
1.311000000000000000e+03
4.567000000000000000e+03
2.117000000000000000e+03
5.672000000000000000e+03
2.018000000000000000e+03
1.996000000000000000e+03
6.339000000000000000e+03
7.028000000000000000e+03
8.659000000000000000e+03
1.955000000000000000e+03
1.609000000000000000e+03
3.001000000000000000e+03
1.308000000000000000e+03
1.423000000000000000e+03
3.262000000000000000e+03
1.214000000000000000e+03
4.528000000000000000e+03
4.436000000000000000e+03
5.277000000000000000e+03
2.677000000000000000e+03
5.090000000000000000e+03
4.657000000000000000e+03
2.218000000000000000e+03
3.245000000000000000e+03
3.594000000000000000e+03
4.086000000000000000e+03
1.628300000000000000e+04
8.017000000000000000e+03
7.610000000000000000e+02
7.440000000000000000e+02
2.598000000000000000e+03
1.951000000000000000e+03
6.100000000000000000e+03
9.921000000000000000e+03
2.791000000000000000e+03
2.451000000000000000e+03
2.247000000000000000e+03
4.319000000000000000e+03
2.403000000000000000e+03
2.056000000000000000e+03
8.405000000000000000e+03
1.126000000000000000e+03
1.349000000000000000e+03
8.010000000000000000e+03
3.363000000000000000e+03
4.469000000000000000e+03
3.440000000000000000e+03
2.861000000000000000e+03
5.833000000000000000e+03
1.937000000000000000e+03
2.074000000000000000e+03
5.175000000000000000e+03
2.869000000000000000e+03
1.603000000000000000e+03
3.139000000000000000e+03
2.612000000000000000e+03
1.072400000000000000e+04
2.040000000000000000e+03
3.158000000000000000e+03
3.752000000000000000e+03
1.898000000000000000e+03
2.259000000000000000e+03
4.905000000000000000e+03
6.098000000000000000e+03
7.392000000000000000e+03
5.206000000000000000e+03
5.727000000000000000e+03
1.416000000000000000e+03
5.390000000000000000e+03
8.280000000000000000e+02
4.755000000000000000e+03
4.965000000000000000e+03
1.848000000000000000e+03
9.710000000000000000e+02
7.583000000000000000e+03
2.188000000000000000e+03
2.882000000000000000e+03
2.097000000000000000e+03
1.704000000000000000e+03
2.375000000000000000e+03
5.040000000000000000e+03
5.649000000000000000e+03
5.053000000000000000e+03
3.458000000000000000e+03
1.014000000000000000e+03
3.523000000000000000e+03
3.030000000000000000e+03
8.940000000000000000e+02
8.337000000000000000e+03
2.556000000000000000e+03
1.972000000000000000e+03
1.660000000000000000e+03
2.777000000000000000e+03
4.454000000000000000e+03
1.421000000000000000e+03
4.814000000000000000e+03
1.700000000000000000e+03
2.285000000000000000e+03
3.551000000000000000e+03
1.292000000000000000e+03
8.794000000000000000e+03
3.013000000000000000e+03
8.820000000000000000e+02
5.291000000000000000e+03
2.900000000000000000e+03
1.713000000000000000e+03
4.654000000000000000e+03
8.090000000000000000e+03
4.303000000000000000e+03
1.434000000000000000e+03
1.770000000000000000e+03
3.839000000000000000e+03
1.214500000000000000e+04
8.030000000000000000e+02
1.197000000000000000e+03
4.169000000000000000e+03
4.804000000000000000e+03
3.497000000000000000e+03
1.578000000000000000e+03
2.987000000000000000e+03
4.569000000000000000e+03
5.266000000000000000e+03
3.991000000000000000e+03
1.713000000000000000e+03
4.091000000000000000e+03
2.057000000000000000e+03
2.457000000000000000e+03
2.321000000000000000e+03
1.119000000000000000e+03
1.413000000000000000e+03
1.940000000000000000e+03
5.803000000000000000e+03
2.493000000000000000e+03
6.264000000000000000e+03
1.711000000000000000e+03
3.175000000000000000e+03
4.357000000000000000e+03
2.645000000000000000e+03
3.359000000000000000e+03
1.383000000000000000e+03
6.866000000000000000e+03
1.352000000000000000e+03
1.898000000000000000e+03
1.679000000000000000e+03
1.165000000000000000e+04
3.012000000000000000e+03
1.877000000000000000e+03
2.203000000000000000e+03
3.110000000000000000e+03
4.374000000000000000e+03
3.060000000000000000e+03
3.178000000000000000e+03
1.673000000000000000e+03
3.246000000000000000e+03
3.712000000000000000e+03
8.321000000000000000e+03
1.237000000000000000e+04
2.552000000000000000e+03
1.198000000000000000e+03
5.051000000000000000e+03
1.165000000000000000e+03
1.001200000000000000e+04
1.922000000000000000e+03
1.408000000000000000e+03
2.221000000000000000e+03
1.428000000000000000e+03
1.716000000000000000e+03
2.342000000000000000e+03
2.283000000000000000e+03
3.829000000000000000e+03
2.755000000000000000e+03
2.022000000000000000e+03
1.364000000000000000e+03
1.098300000000000000e+04
1.702000000000000000e+03
4.550000000000000000e+03
5.017000000000000000e+03
5.906000000000000000e+03
9.700000000000000000e+02
1.327000000000000000e+03
4.305000000000000000e+03
3.420000000000000000e+03
2.325000000000000000e+03
6.574000000000000000e+03
3.638000000000000000e+03
1.884000000000000000e+03
4.281000000000000000e+03
1.704000000000000000e+03
2.403000000000000000e+03
7.622000000000000000e+03
2.913000000000000000e+03
1.791000000000000000e+03
2.364700000000000000e+04
2.242000000000000000e+03
1.720800000000000000e+04
4.049000000000000000e+03
2.197000000000000000e+03
1.458000000000000000e+03
1.275000000000000000e+03
4.759000000000000000e+03
2.840000000000000000e+03
7.978000000000000000e+03
1.668000000000000000e+03
1.886000000000000000e+03
4.168000000000000000e+03
7.640000000000000000e+02
2.474000000000000000e+03
1.506000000000000000e+03
1.182700000000000000e+04
2.390000000000000000e+03
2.091000000000000000e+03
1.896000000000000000e+03
3.931000000000000000e+03
1.396000000000000000e+03
1.422000000000000000e+03
2.030000000000000000e+03
3.762000000000000000e+03
1.608000000000000000e+03
4.057000000000000000e+03
5.602000000000000000e+03
2.082000000000000000e+03
3.488000000000000000e+03
2.765000000000000000e+03
2.509000000000000000e+03
4.739000000000000000e+03
2.917000000000000000e+03
