7.651026464310690756e+01
3.381390988309294698e+01
8.319398305108330760e+01
5.761965462333037635e+01
6.603573559312252428e+01
3.431138639904119714e+01
7.436390369244556098e+01
2.369122331536845039e+01
8.763139076262413596e+01
4.247918881824980986e+01
6.424044479686502029e+01
4.727974589409796380e+01
6.718738750240548541e+01
1.765557032284177410e+02
3.916133915744650551e+01
4.028253521461771669e+01
8.767010753627980080e+01
8.718233566761529119e+01
1.099053951259673028e+02
5.205003136741264314e+01
4.146707566748459328e+01
3.530302431837178290e+01
8.257118875066657893e+01
3.419354510398282088e+01
7.454452903590096469e+01
1.097305627387539460e+02
2.649954779507753599e+01
1.462548018681216035e+02
8.007222603992870802e+01
7.859373665896441707e+01
1.668767424105802206e+02
1.071727343725603703e+02
3.253012659869463619e+01
2.187200947406489959e+01
1.886302549839774301e+01
9.425019981989916573e+01
8.858966614254775607e+01
5.780326066881171698e+01
6.199316739597986725e+01
8.987198478558322279e+01
8.521209297166761587e+01
3.719799895544506541e+01
4.290697929332424110e+01
1.153256147591437610e+02
4.302042528128505694e+01
1.189661579892015340e+02
7.554454040531108205e+01
5.898830554474667309e+01
4.573906911065918024e+01
6.054027925641337760e+01
4.345796358640214407e+01
8.048562315448663185e+01
9.676726397449823480e+01
5.180459473729420949e+01
5.195817156645764356e+01
1.450482404202586508e+02
8.069334771649832305e+01
4.475855445838679714e+01
1.186126718287431032e+02
7.635621461230886098e+01
8.059711245012366021e+01
2.349308853028638922e+01
6.556938571804145965e+01
7.544801092147207555e+01
5.450832960559755946e+01
6.809780142134519565e+01
5.961205317533257642e+01
4.685911693328740313e+01
5.656535188096339795e+01
4.799331704938440879e+01
3.567443594659708594e+01
8.094261258799778602e+01
1.106459373585419712e+02
2.456181015336111102e+02
1.031923591081263964e+02
1.254916795502251574e+02
4.670433536057748825e+01
7.252508380735734761e+01
5.396992203605058336e+01
4.742720649817437817e+01
2.792805377296687297e+01
1.066143187120475773e+02
1.489114838238861012e+02
4.617282585668144179e+01
1.480738737057145613e+02
8.094532881370408006e+01
7.665786227278864828e+01
4.261671799586461162e+01
4.033899854630784887e+01
6.853574958101825132e+01
4.966298506753292230e+01
4.324016948634469060e+01
1.943696575615461484e+02
6.529929953866175651e+01
1.082270201511956458e+02
5.230037999325872278e+01
6.297143053029869719e+01
5.249183165460699740e+01
3.892397702098213585e+01
1.919426885297657748e+02
4.916261008409905742e+01
1.142190583927197878e+02
3.093241193499433805e+01
1.423960974020972401e+02
6.123829804975790836e+01
3.250634055397312494e+01
1.297835750990807924e+02
1.053285210663224092e+01
5.332008720212763819e+01
5.782650854854910705e+01
3.136478340524701380e+01
5.931540792015767494e+01
1.466513132509717821e+02
4.907364144722620836e+01
6.773055211847663770e+01
6.241540708972797802e+01
5.867126391287567344e+01
3.434441480165211402e+01
8.521540550256648316e+01
3.908668796433720161e+01
1.037323689984894344e+02
3.924215525592939713e+01
7.480804551760452625e+01
8.978000131334509604e+01
1.429231556987998317e+02
8.511145435525277492e+01
1.409618539592871969e+02
2.215208299219027666e+01
3.431596723657611392e+01
1.198236420177280621e+02
1.444728611204844242e+02
1.074352844197949253e+02
3.705355103069664580e+01
3.819994296410393275e+01
5.514084251957220317e+01
9.432400914601817021e+01
5.104215902378471981e+01
2.612654981706415569e+01
1.057685448369305448e+02
7.758402331408444752e+01
7.914661121870366856e+01
3.724993612087779837e+01
6.923967482245296878e+01
2.018224876359743547e+01
1.472572042321747290e+02
3.605837098179981837e+01
4.338112653635048588e+01
7.864263880417726682e+01
4.855052092205163916e+01
2.275834526294570992e+01
6.960720588823174637e+01
4.705423998476288716e+01
5.840967660708200526e+01
2.634079297681862641e+01
1.108930755541009603e+02
2.462811853077511870e+01
6.400288305989197113e+01
5.481340057961267576e+01
4.480119442013141651e+01
1.957395219067082337e+02
9.134570958699708854e+01
5.343757301754315847e+01
5.156919670443768666e+01
5.076643089216007354e+01
5.439836884966952368e+01
7.934537018744994441e+01
5.150388776259352142e+01
3.850890739504971094e+01
6.170930839259464307e+01
5.285305262639218427e+01
6.921245341253897720e+01
5.438494064979647646e+01
2.422445411831553770e+02
1.907126104644712257e+02
8.407409949681982653e+01
5.181019538513654510e+01
1.045494344934524378e+02
3.942245946445505922e+01
4.328845828989983602e+01
3.096482519341450939e+02
4.358678228856673087e+01
6.872330308446534275e+01
1.760078635904109774e+02
2.804831296358655663e+02
1.601584608458157888e+01
6.771649737437721228e+01
2.420582188297821347e+01
3.197320290662525011e+01
2.619479652029989438e+02
3.528579762638027262e+01
2.671598539924061200e+01
6.240504776985808633e+01
3.673474536329228357e+01
3.868761267332232023e+01
2.669700603593465260e+01
3.077652692377307631e+01
6.209677893900047962e+01
7.628740181433201428e+01
2.866395354607762513e+01
3.604607591960429147e+01
5.897946542751166987e+01
3.493767202616526646e+01
4.311293213753091891e+01
3.682150195668133108e+01
6.111775547320326751e+01
8.313009755290391922e+01
1.001154059504836908e+02
3.119920956395921152e+01
7.587188023738194431e+01
4.606766654704700414e+01
2.891461649219806418e+01
3.114953509479789417e+01
1.306876139422534777e+02
3.681987029145484058e+01
1.240289308865340558e+02
5.911056463785124748e+01
3.820024246626844899e+01
6.968041359034211268e+01
9.679682420053882197e+01
9.056507346327703090e+01
9.548119090835018596e+01
1.645435180164683118e+02
1.712625075221687041e+02
5.731813420862648201e+01
2.094511793302577587e+02
3.845957460557237084e+01
4.685893210708902501e+01
4.992505930336222519e+01
2.713187364320217512e+02
5.794697710690017800e+01
3.560590080646942113e+01
4.032023090696144152e+01
2.991050004793772743e+01
7.592086677063758771e+01
4.185934424887204841e+01
6.996666248372586949e+01
4.315679435022687471e+01
9.608017592619512470e+01
2.293581787452973231e+01
5.774107353440987112e+01
1.240044713337005504e+02
5.210344796605405548e+01
2.486882381836703004e+01
2.639237062653658938e+01
5.049451022697166991e+01
7.894442873355791335e+01
3.183285601929807740e+01
1.369407532150349311e+02
1.893090605628574394e+02
8.517227610997288423e+01
1.005734799821829739e+02
5.385950910396848457e+01
9.193049755694957526e+01
6.055278185377878941e+01
8.098984528021500751e+01
4.051616732243743968e+01
4.928473463774507479e+01
7.653322706747863435e+01
4.041068615153269405e+01
2.665155243509245864e+01
8.616873206318591372e+01
3.691273077704743599e+01
6.194074618012891165e+01
9.283435502397351513e+01
1.104772320006802602e+02
6.872510768610951004e+01
8.280368825518625897e+01
1.506223958910391048e+02
1.134614726674198835e+02
3.902387286429674873e+01
1.357696597063865624e+02
1.531579057116937008e+02
1.315166746480084896e+02
1.240831966971131806e+02
5.850254621219372098e+01
3.934075575374436085e+01
6.073738890731057438e+01
5.893978348129024880e+01
5.993900774005704335e+01
1.277096755504543779e+02
3.071917938176469676e+01
8.208630105172781555e+01
7.765295226330053424e+01
7.480949556739884088e+01
2.981796884065568776e+01
1.529189519032106830e+02
2.614042709115566865e+01
4.911432578859820097e+01
1.139473826769536657e+02
1.881153039857576630e+02
8.848300510640029870e+01
1.001922391311743610e+02
1.625938639970575252e+02
5.643544618073392627e+01
5.368814400936373232e+01
5.484575187629743453e+01
1.009112045553512189e+02
1.211549748657445065e+02
8.441744804623570531e+01
3.260660531308657539e+01
8.268953097201953994e+01
5.616403213463677702e+01
1.274335907806514712e+02
6.318241516812604175e+01
6.449001286258265964e+01
1.193445971636931660e+02
1.175423877696624402e+02
2.960085289401735054e+01
1.441874764155491846e+02
3.575681868284461871e+02
8.282458547298512030e+01
4.926943823629363806e+01
9.868964067079103586e+01
2.470985355866860402e+02
1.269465697032872242e+02
5.024113975874467286e+01
8.310700714386811683e+01
1.013751425191727265e+02
5.587740565107645097e+01
5.229337202659444728e+01
5.088467577420619392e+01
4.141008129444889363e+01
3.491155095492923266e+01
1.338056976488438750e+02
5.616200447713392663e+01
1.605188294087271572e+02
4.484320078005287513e+01
1.430360421124637753e+02
1.079800346266326727e+02
5.175404020570313435e+01
7.765042918483358392e+01
1.412550943962583005e+02
5.326355614836328556e+01
3.832382067336800446e+01
4.212464592888186843e+01
4.291742478692412277e+01
8.172268465746837762e+01
1.287736426329553581e+02
6.156524160315391470e+01
3.524299986887947256e+01
2.853815505470631919e+01
2.197833493924639825e+01
3.930470200612814580e+01
9.503609748327610873e+01
6.512173712735099684e+01
8.771209728408069850e+01
2.174028083498260955e+01
5.679779135660909617e+01
4.971125346487261965e+01
4.438091420470689741e+01
2.685729848973713274e+02
4.148469604461119502e+02
3.946465624936301708e+01
6.443828864461235639e+01
4.794998849651327788e+01
1.139387723533484262e+02
6.488419973781813610e+01
1.122872077680982272e+02
6.273402047243414614e+01
1.327278950648886564e+02
1.662670318435044408e+02
8.137913572054955580e+01
7.972118023878211091e+01
4.513038679272469267e+01
2.129318047583011833e+02
3.452716736208105175e+01
3.315877172052498167e+01
2.550355313774084038e+02
4.426117177649553014e+01
7.478458765915293327e+01
2.967473454477793737e+01
4.527179595117090116e+01
8.339328032105328248e+01
2.176793159275184308e+01
1.929179843647464736e+02
4.950759081882826251e+01
7.699949700662455143e+01
4.944320549650821306e+01
5.261381998499403778e+01
9.183638495405395474e+01
5.090123370995252117e+01
6.644095406059872744e+01
1.229816835635261754e+02
5.958013152657797917e+01
6.310644274526188013e+01
7.469339057966158180e+01
4.171422997041794645e+01
9.103075228473299774e+01
1.400929428833418626e+02
6.319725134153425472e+01
1.327069924846495041e+02
8.237806313249073753e+01
8.675368153818801886e+01
3.554806988091350206e+01
4.362769906885876026e+01
2.960765320379464782e+01
4.332117431801172813e+01
3.425772045619746820e+01
5.003383302871657179e+01
1.027779583598131268e+02
3.899469626488987473e+01
2.777695612894621746e+01
8.307813153025779229e+01
9.260196660220206866e+01
8.124714980812733245e+01
4.698878092468506651e+01
2.763287381607424820e+01
1.703440051606916654e+02
3.061901349738830618e+02
6.121784675877645299e+01
6.759182094331856661e+01
1.655825356110585460e+02
1.248049485089637045e+02
1.124633834268987869e+02
4.659318980990393300e+01
8.127217109121089322e+01
1.322179682976021411e+02
5.842969966100054080e+01
6.716550957780799536e+01
5.138919276822932858e+01
7.624829158991396127e+01
8.505143620790688885e+01
9.622670556915343809e+01
4.363583679916067126e+01
1.172440660777171075e+02
6.619671798143122032e+01
2.168674785695833691e+02
8.425519552215598651e+01
3.254011375693654600e+02
6.740353180231926444e+01
4.165611191964357829e+01
5.495819443929101311e+01
6.330701403490068202e+01
4.230166105573270130e+01
7.501237830978369914e+01
7.281028398182051831e+01
2.360615705910404927e+02
5.235043375803473253e+01
3.101348847285927945e+02
4.145597163111904848e+01
1.909264764540855879e+02
3.250697627540758106e+01
1.063823627869948893e+02
9.105453230000586018e+01
6.582310224456257686e+01
4.417732159107249146e+01
7.126236819238546616e+01
6.232087046748107184e+01
1.807875962414700837e+02
1.059553902289587626e+02
1.773781901565230967e+01
5.988182114057289596e+01
2.034247756566815610e+02
5.020621376053706797e+01
3.591178122450224919e+02
4.378269201488837581e+01
8.916631147293854553e+01
2.797839820452508519e+01
7.921471448609831612e+01
3.571616559676803604e+01
5.709881665685858820e+01
4.893969791682792447e+01
9.234615894380262091e+01
2.908727996015650774e+01
3.873373671401954965e+01
6.890738990277841935e+01
1.363527621339194411e+02
3.512860127991312709e+01
7.934269807776239247e+01
4.659177604205009260e+01
7.404334426011560311e+01
6.534908100402323328e+01
1.806940871991253346e+02
6.016236851182682699e+01
5.308368305159783773e+01
7.712450024256570202e+01
5.227492089858784396e+01
4.292934133998603130e+01
4.485008055400827232e+01
6.976011461535844660e+01
5.085675106601227924e+01
4.922941702572209266e+01
3.596367074269984698e+01
3.359967220536452714e+01
5.009191103369018094e+01
5.818889048245426210e+01
1.232127387569861696e+02
5.419898137457135334e+01
9.984133655660992090e+00
2.256379297473212020e+01
6.291139612552137095e+01
5.313631470526924971e+01
1.472466985733290130e+02
5.063894509872287131e+01
2.696638329893552850e+02
1.424092620418076649e+02
4.222871422278939946e+01
3.609414342005183585e+01
6.931661623023036611e+01
7.946101833176297191e+01
8.116155767736901794e+01
1.275489570377998945e+02
2.323023787238105697e+01
1.131514932379948846e+02
4.899613616555073747e+01
5.484584474926246855e+01
4.334971149898502318e+01
1.707241119638097757e+02
7.837575945458233662e+01
4.674062531404405973e+01
1.196553018748011823e+02
5.459049469851765934e+01
5.137184583808871707e+01
2.224391971637626852e+01
4.173181831785851159e+01
3.178955823153603433e+01
1.289282890790114777e+02
2.891068883019211100e+01
5.745691594118434864e+01
4.396060484899545173e+01
8.003488780101717737e+01
3.507018528244455524e+01
1.862435589756103838e+01
3.811590018786643697e+01
4.135037756366160977e+01
7.702595212351126008e+01
1.498254470197952628e+02
9.035899636590308148e+01
3.929820796316725762e+01
6.853255623304009703e+01
5.031565580244324565e+01
8.197375755824981525e+01
7.645443566571557881e+01
1.143216492710591297e+02
3.694451574633899327e+01
9.413169570355439930e+01
1.347530945543118150e+02
3.969327137122235882e+01
5.824578170324973314e+01
3.457306382627567132e+01
1.303380548155614065e+02
7.923068403229103751e+01
3.568171809728440280e+01
1.010111478181737823e+02
1.637090680800777704e+02
6.548676212767627192e+01
6.767155464624045180e+01
9.438088132381334106e+01
8.270349436378619146e+01
1.925283761296515479e+02
2.618703345823142214e+01
4.542768265831346497e+01
6.212183764498399086e+01
7.492620653083028515e+01
1.143734201991080397e+02
4.856226647318662515e+01
4.622637821224791566e+01
4.864993486707977866e+01
6.691799916037456342e+01
2.538597869910842775e+01
9.140956950561094629e+01
1.031134305677394849e+02
5.343038222744838350e+01
5.057115045884829385e+01
1.184108880150406549e+02
4.875234356146148684e+01
5.163158512366229047e+01
8.519998384723329821e+01
8.380834384329806142e+01
1.615903467297123086e+01
3.222005917327362567e+01
3.423228160825154731e+01
9.579479206443727435e+01
8.221327677098254583e+01
3.751043917077001311e+01
6.726148128331834641e+01
4.537025951288951831e+01
4.682282210327756644e+01
5.384259374099679718e+01
3.873815277551761227e+01
5.609473135182095405e+01
7.957701924289087003e+01
7.949283213037116980e+01
3.873522932222004300e+01
6.188830403195538565e+01
2.108785924956795910e+01
7.899464031432160027e+01
8.491825292031396089e+01
1.587784716667531093e+01
9.064393064880071904e+01
5.248409605392657795e+01
1.420123901460920877e+02
3.260157336590771138e+01
1.290915143470594160e+02
5.983592624684604999e+01
5.874825918988575779e+01
2.709503515700413345e+02
1.134554569765302716e+02
1.495040436803206489e+02
9.793977121557784926e+01
4.242232852310965541e+01
3.474705936394939698e+01
1.247019334815022802e+02
4.436011812018477940e+01
7.054005957823829931e+01
8.031648243819950039e+01
1.474511147718564814e+02
2.743766264804670740e+01
7.842531235655472699e+01
8.795567562430909447e+01
2.599774490006766214e+01
6.633082992422893653e+01
1.759996496121549114e+02
2.872935286643447839e+01
6.030607845995848493e+01
8.028867692795157041e+01
2.228837408994710643e+02
7.186900807895287357e+01
4.841061446267534762e+01
8.196208006458671491e+01
1.686072642599485789e+02
4.947096674110837000e+01
6.153064911295784611e+01
1.693798579385157055e+01
4.734287264039707566e+01
3.300719807584101773e+01
4.634739759174551210e+01
1.339084232664446859e+02
4.768239047082995796e+01
1.325242928436969976e+02
3.121958161223007266e+01
4.467428935187723482e+01
6.456194778940735546e+01
6.303020971956232188e+01
5.647736870075634386e+01
2.040704555056855725e+02
7.423849925405052375e+01
8.406333325437579163e+01
1.899321223860411010e+02
7.154673699785544727e+01
1.263179082735294259e+02
6.010061832369357404e+01
2.726400422444242722e+01
9.848105608324442528e+01
1.053582515366040440e+02
2.172026689684415146e+01
9.888604270483985204e+01
4.284800030627965839e+01
7.479043065164857751e+01
5.197902353483591043e+01
9.195373123109864366e+01
3.444982333230237970e+01
3.842769271261030894e+01
6.784476576960048533e+01
7.288800318184912896e+01
2.700008590213838744e+01
7.016653839174978202e+01
1.068059828656626848e+02
3.549571251782307968e+01
5.418006223727284265e+01
3.895798089595604097e+01
5.120699115311059302e+01
8.270893386533303726e+01
7.113466231862307154e+01
1.006172910371747378e+02
1.192948414567976840e+02
1.087842920633691648e+02
2.129611875832203793e+01
8.967473279261376717e+01
3.530975903316602427e+01
8.093091430616401283e+01
2.012378368219427927e+01
6.784813723872319713e+01
4.980154551740042734e+01
6.055692261664739107e+01
7.488988288980897323e+01
2.277636941205077292e+01
8.864711352131121203e+01
4.656890899815569895e+01
4.686017673143905427e+01
4.912059772587253548e+01
2.591534651764466801e+01
5.406821395433280486e+01
1.717956362089743152e+02
1.250426481437965975e+02
2.081237877070753584e+01
1.701686677709344053e+02
2.004891850742485460e+01
3.907235784029580827e+01
5.971683127238274125e+01
7.341579564026555715e+01
6.896405692555066480e+01
8.145954836444829539e+01
6.619731260677754392e+01
2.549242393628702175e+01
9.422589426538590374e+01
2.012908344970923906e+02
1.199395488172204125e+02
9.784845084547039562e+01
3.194679498370292663e+02
2.574936341564237807e+01
8.420679425662397932e+01
5.070989389467905539e+01
6.748723414830175216e+01
3.253644931831439635e+01
9.529039510121663170e+01
3.799537267102761717e+01
8.363817828678303101e+01
4.144192699201674657e+01
6.795795378891673977e+01
5.055420738622017041e+01
2.909761849656404564e+01
5.069129955010062361e+01
2.035536944944143158e+02
8.583757706852628644e+01
2.490092450761029852e+01
9.663543007215608327e+01
6.789105604145768780e+01
8.155601609845685118e+01
1.146329199468457603e+02
8.265358045553426791e+01
2.052959992717547379e+02
6.473431212905187238e+01
1.316556477186365441e+02
5.704458736705399247e+01
7.433869625756169341e+01
5.711993221228426876e+01
4.254852120782568647e+01
8.817625043183514322e+01
4.481095773504629420e+01
1.016165049648028997e+02
1.807941543349632241e+02
2.037235870360639822e+01
3.648538745701087294e+01
3.963509934255784515e+02
8.691414250512097794e+01
3.614274684969379337e+01
1.144204944571304310e+02
6.055284152170492007e+01
2.746700133264798893e+01
7.007182146635202002e+01
5.075193222365604129e+01
1.021163859640367946e+02
2.357274287738963210e+02
8.645332157831398945e+01
2.273815702567756318e+02
3.965776264710582666e+01
1.246037602856590780e+02
8.888432107068069854e+01
8.130225434278335683e+01
3.243888325553632512e+01
3.786689242536557742e+01
4.987725410509145973e+01
4.998111985584242234e+01
5.980928450327161272e+01
3.120524480562913894e+01
2.864894042039200173e+01
6.437637883041581688e+01
5.597962169393961318e+01
1.668555901130295638e+02
5.849661551187146813e+01
4.340682118517126753e+01
1.002884044916208666e+02
2.674043581049596341e+01
9.723245055614660259e+01
4.458503021436249725e+01
8.916591780962141911e+01
6.316697640235947375e+01
2.792788619088502955e+01
3.698854963612036073e+01
8.089304698381245373e+01
3.314449323231816891e+01
5.414675546510441961e+01
4.749113603125230298e+01
4.041624286398410959e+01
8.516155892944864547e+01
8.418802285055612344e+01
1.249011602349297902e+02
9.448567642908105313e+01
9.133748793172939884e+01
8.389653050825246794e+01
4.807979502478548284e+01
1.979081624190970388e+02
5.652385448832673376e+01
1.204432219824902432e+02
4.645210502544908593e+01
9.169310555671725638e+01
1.639877943182117974e+02
5.683035120835935317e+01
4.008918821914592456e+01
3.515935503523001415e+01
2.393739223066484456e+01
3.544097849331517125e+01
9.482015637466962232e+01
1.238505009660952965e+02
5.310377317193696456e+01
5.437608217389026066e+01
7.738210869329439845e+01
1.213475267806212088e+02
6.792479887011184303e+01
5.021794204468437073e+01
7.764843378253792139e+01
4.296722022746782699e+01
4.004904088640410009e+01
8.587093921570621546e+01
4.577428813849129341e+01
5.386344091963063363e+01
1.135100189039269196e+02
3.126316453953470287e+01
1.499544526314418249e+02
7.131049137331693544e+01
1.426667328737536309e+02
1.546703308563083397e+02
4.814175534362982489e+01
1.387776827745435924e+02
5.848552318965047903e+01
6.119414369229885153e+01
1.050713268155467830e+02
7.614704486327119071e+01
4.362084295058794936e+01
3.207161116646241794e+01
7.266087728035982707e+01
5.928308416302061090e+01
2.971181936593680462e+01
2.543364922649693938e+01
4.028686733659083785e+01
5.591493044827772962e+01
7.775206399207442587e+01
4.974116748799956156e+01
1.171500978379510371e+02
4.571318305287750405e+01
4.525848595163714094e+01
4.058188520692921486e+01
8.132906891918000269e+01
5.660065043858872968e+01
5.176882519733105426e+01
1.714914769824202665e+02
4.334205228054245396e+01
6.432794803172329523e+01
5.926427859520513408e+01
5.901371693694693477e+01
2.898787597010069206e+01
7.879773772435592605e+01
4.831547246745772384e+01
7.529617632522612780e+01
1.091722008162847288e+02
1.538696585627092190e+02
2.883855321602349520e+01
4.282939925551691829e+01
6.356092318498500759e+01
4.631801389911730382e+01
5.316980604635884333e+01
5.250094323392611528e+01
1.633781244800075001e+02
2.763648224053799396e+01
5.181318345652374546e+01
9.369951058583876602e+01
1.745511620473724435e+01
5.745883130128748206e+01
7.162957861024752049e+01
7.082502239412511358e+01
3.434297961505310326e+01
2.622136744649647966e+01
4.875398473991526060e+01
6.925219650501243507e+01
5.211715033463411118e+01
9.546792347012485891e+01
5.389940235603898344e+01
3.320677629697201638e+01
2.031271450963681673e+02
5.253144276326510465e+01
4.768457898898356717e+01
4.956724503762121969e+01
7.334634608756140040e+01
2.900591355852979447e+01
4.406940845478025182e+01
1.835954675757853920e+02
4.310725581463981371e+01
9.746974111417787867e+01
3.118300023588065883e+01
1.084615622493909655e+02
7.435646262181197130e+01
8.422423114601873806e+01
1.409851284457388658e+02
8.972900401198963038e+01
4.687147535478443388e+02
5.928585916399572397e+01
2.849064291193358258e+02
3.171496472366203534e+01
8.535428759141618116e+01
4.971590277662014046e+01
1.103964066219480884e+02
7.828769518709654562e+01
3.615747335562241460e+01
2.817072355842736187e+01
5.330601792705999742e+01
1.616953363944437854e+02
6.770500666485651209e+01
1.260107344142114414e+02
1.070126142043640840e+02
8.140918311760339066e+01
1.085220777024382102e+02
5.061243243231780298e+01
1.161958133290329727e+02
1.978734976068022320e+02
2.542892143811524619e+01
3.726995327030996918e+01
1.103944865491998399e+02
4.502919258892774224e+01
2.557013762233366805e+01
2.519723314924296176e+01
1.618901664593895759e+02
1.254185251497664808e+02
1.137748512907728298e+02
9.762432663611180317e+01
3.080218918374387371e+01
6.455649733420513314e+01
4.733366198703432559e+01
9.161891493773148909e+01
4.558526324853523448e+01
8.566109079580077434e+01
2.921291624625190408e+01
4.605443925298050090e+01
2.325316008911688641e+02
8.873163756139960867e+01
8.327830952459227376e+01
5.869778421684031144e+01
1.738457761034304951e+02
6.450553286730789182e+01
5.764763631949323752e+01
5.900686272016224621e+01
1.321104273255302530e+02
2.430317417570436476e+02
1.789948083738152107e+01
6.797851194694588628e+01
4.904805455662150848e+01
7.442583937131539074e+01
5.461711241272472961e+01
2.202597464514402930e+02
1.248725282768110105e+02
6.876995632102759259e+01
5.301680562473215019e+01
1.387212889091161117e+02
8.144762836141714502e+01
2.782635032760021332e+01
1.081967290093562468e+02
1.141206945295101747e+02
5.210665059848844294e+01
9.137521409640598335e+01
3.672660696931827573e+01
3.128125835842350355e+01
3.212290903798162844e+02
1.439387813537985039e+02
3.296315882019871424e+01
5.443075588983433022e+01
1.184430923796383013e+02
8.047748087023354913e+01
5.574400357164505948e+01
3.466063844545883654e+01
7.038312029629175015e+01
4.149259380576679490e+01
2.928471855374539956e+01
1.692997014647517631e+02
6.728637642924817897e+01
2.208184621090080313e+01
9.238055663829362629e+01
7.539192766773136611e+01
3.807749874425793735e+01
1.322589407255797482e+02
5.271156520617368102e+01
1.398660619925400397e+02
8.687514651750261407e+01
1.878832180428288012e+01
1.012108586706318363e+02
3.213859585640651062e+02
6.306182081886206703e+01
1.322345015936638113e+01
8.976398270776186905e+01
4.296840921525491552e+01
1.303627626217177635e+02
1.700190600622640602e+02
1.464918094514297309e+02
8.846153564798289892e+01
4.086873110566283884e+01
2.192648701278071712e+02
4.561874200961806736e+01
4.726647899017333287e+01
2.147950078770527114e+02
8.333149479815105565e+01
6.594977344515913842e+01
8.354388264614222237e+01
4.808395549677366176e+01
7.137269007040177371e+01
8.208819925364512926e+01
9.548531518249875205e+01
8.710616890891812147e+01
6.167780360456663402e+01
3.927451597634835423e+01
9.921923774748283620e+01
1.438473813284858807e+02
2.083147527232370777e+01
3.151947633951840189e+01
6.662682822538471328e+01
5.075360482567228360e+01
6.797303810113812972e+01
1.168793252303683374e+02
1.310693007599856230e+02
2.376316910525623598e+02
1.042231133795743006e+02
2.453867922167155768e+02
