1.165838950924448056e+02
6.709262065239764183e+01
2.414913606419432668e+01
6.797256636849631661e+01
4.295613655821283317e+01
3.547213685887795975e+01
6.303990025961462607e+01
5.444381200749418070e+01
2.405607201480820478e+01
5.536426121096044284e+01
1.001870494184366152e+02
1.756789845080219834e+02
2.496994128008298119e+01
2.603593895018837401e+01
5.140166559034253879e+01
5.079496769385920629e+01
5.469085700768505376e+01
3.431619130007817375e+01
1.108666487816557975e+02
3.856184167621363201e+01
1.307917676209729407e+01
4.518480956768665635e+01
1.139323895455312510e+02
7.864015824574289582e+01
6.405405778013985696e+01
1.962149741065643695e+02
3.417457385117040047e+01
7.037857665271069152e+01
5.475571205344737535e+01
8.019876217201270663e+01
7.829731176130894710e+01
6.676253612743388999e+01
3.318019291187924580e+01
8.304272446198736191e+01
8.113744581168700165e+01
7.351224948312669483e+01
6.881585771358511749e+01
5.709018409820173190e+01
1.069560828387524083e+02
7.101880469354958336e+01
2.113151237953420605e+02
4.215702218614596575e+01
2.725742801822560679e+01
8.180527079207482188e+01
8.536196698288564733e+01
9.579530360155460755e+01
2.343217457230603529e+01
9.628191387104219245e+01
1.021688004687887172e+02
4.518334577153483878e+01
2.825341599794858638e+01
3.220021514840237842e+01
5.169858355602699618e+01
7.439605882938300851e+01
4.644830760763942124e+01
1.204786873165894860e+02
4.546622610264122244e+01
1.190296227437522560e+02
2.838789217314514701e+01
6.926826064991128362e+01
2.094192495442346669e+01
3.047504700849803072e+01
1.857857204649444327e+02
3.333012652853353330e+01
5.604019382971713270e+01
2.360162702052748429e+01
1.318635992534382240e+02
1.652136722884396249e+02
5.600002024477495155e+01
2.889263022087262556e+01
1.103505379641477049e+02
4.292523766771620330e+01
3.316786020587978356e+01
2.793492180541285563e+01
6.030210561893699150e+01
9.612040757810191849e+01
4.076791587387199201e+01
4.596402577135626899e+01
1.119481162926791455e+02
9.230848771995268010e+01
3.612366297287671557e+01
6.729174930314279379e+01
9.394395727038968857e+01
7.544977737699102249e+01
5.145211684846276512e+01
6.813409891248306849e+01
2.188130380870307761e+02
5.545498990444365006e+01
6.102599345157824473e+01
3.602499648645709840e+01
3.666008426731326608e+01
5.329895704052173500e+01
5.597140985912040634e+01
4.375113855617762226e+01
1.162474379582064046e+02
1.399440702491550894e+02
8.198184418004011320e+01
6.490470960941311773e+01
7.612969442702528511e+01
1.067771677931663135e+02
9.615941940968603774e+01
2.627603814982076003e+01
7.209184409612961986e+01
4.031762396644113267e+01
2.065509499757148149e+01
4.710351464417079370e+01
5.027611217481012318e+01
1.234434949703383637e+02
8.392234486614563593e+01
6.481945565624859285e+01
7.956986499569892146e+01
2.886125731976213515e+01
1.110178178154161799e+02
5.657455043688037222e+01
5.372817600501662127e+01
5.264790197746687994e+01
6.115407341527152596e+01
3.404270586736797100e+01
6.716884533395500512e+01
5.173624509771458690e+01
1.543208951873321837e+02
1.435590027868956327e+02
1.443920722415676892e+02
2.821586314140614604e+01
1.227021590798489541e+02
5.940270532775335965e+01
4.026774017637428216e+01
6.102614935353337700e+01
2.651668820777190660e+01
4.894783033672838712e+01
1.197443288855762376e+02
7.137558972448053396e+01
4.052658484302173747e+01
2.118076802052262053e+01
3.327511879697083685e+01
1.325844325418239933e+01
6.654254350382171879e+01
2.219968682513310654e+01
3.930742320223678377e+01
4.180213255060041178e+01
5.993045680029699440e+01
1.037526087229516776e+02
2.663002748581800105e+01
6.538494743210191018e+01
1.189353728571322932e+02
5.378966229307675206e+01
9.929446468939167403e+01
1.044309266662694426e+02
1.529234136874537064e+01
5.395759519607432253e+01
7.051944988621484356e+01
5.516130778036558269e+01
4.262490066999927762e+01
3.257687466296427914e+01
2.057450519963135349e+01
4.127430543201504065e+01
6.480181461051721215e+01
7.665161775767215602e+01
2.525267543291056427e+01
2.493880640063651200e+01
1.080323441024150384e+02
3.504765867802418455e+01
2.285022666765758004e+01
5.351072380524200867e+01
6.189000994510526965e+01
3.053979405727560703e+01
3.015302480887504544e+02
1.233373919204601492e+02
3.520539639979818247e+01
4.613518083540174075e+01
5.123869612636020321e+01
4.106563802002728636e+01
7.569004810476948819e+01
4.024074053961112440e+01
1.238074523768683548e+02
6.087635024216672974e+01
4.061121454399881969e+01
6.537580636490167763e+01
6.289567658816452678e+01
3.367168355529432233e+01
8.591713537798446509e+01
1.570512228381120110e+02
3.725258763031422404e+01
2.582854903738910579e+01
8.223375752374663250e+01
4.056695731572688146e+01
5.576957891464917338e+01
2.390733590938869568e+01
4.273107887015369499e+01
1.314102754029718483e+02
4.939815423043087605e+01
9.463293367191725736e+01
7.647656928193444514e+01
5.044463401144771098e+01
1.705862000401737077e+01
4.708418840458787002e+01
3.017072598252594773e+01
5.849066503329922995e+01
2.400097696723415908e+01
4.347883960035940731e+01
4.301725894587823262e+01
2.857991994179961992e+01
2.423745596201890962e+01
5.049039200484624246e+01
5.713492994768928668e+01
5.206055325406006062e+01
1.327683402837552080e+02
3.778795833574545071e+01
1.545699461904676184e+02
8.821559247422676719e+01
2.668924307266008000e+01
3.908865258198509451e+01
6.012198387386852261e+01
2.595243658342195658e+01
7.473067110110078204e+01
8.300694141579917584e+01
4.641726016258188281e+01
1.018685625616655130e+02
6.040546612498688717e+01
3.645759844122444093e+01
4.757973509140228430e+01
6.755921610966603907e+01
1.323446157771289506e+02
7.324912726875402313e+01
2.502718438871531603e+01
1.777987432481369012e+01
9.422570908603350404e+01
2.416586721261652571e+01
1.036327685144308504e+02
2.986536691083957251e+01
9.849908458666153876e+01
1.033167895969153136e+02
6.569745653654693740e+01
6.236647881400038074e+01
4.671711552144221002e+01
4.082581426577907990e+01
8.591602011990977417e+01
3.986646078614849387e+01
1.036245633503618961e+02
4.221548707206983408e+01
5.014304144150823106e+01
6.738836614614673692e+01
4.504514080426979206e+01
6.584474774666452390e+01
3.933856936225995327e+01
3.931361683297061660e+01
4.664641360206474019e+01
5.159964352960616907e+01
4.741501080598677476e+01
3.300116109830416633e+01
5.055724950236020021e+01
1.304811120183236142e+02
3.317202501358278255e+01
3.375825401237253942e+01
4.797251473911099851e+01
1.376924312100400982e+02
2.635006120030880794e+01
2.956271041473756611e+01
1.664399434348079012e+02
3.938867316721729850e+01
7.118518780865574058e+01
4.597436816380485425e+01
5.343704775747156077e+01
4.931566209653251320e+01
6.322261110280539498e+01
6.357750536348348191e+01
3.491677131478905949e+01
3.461396795701418938e+01
1.399704926875302817e+02
2.987735965762979262e+01
2.175115108505927992e+02
3.801843323336041891e+01
5.136352616527463510e+01
1.043653922074471012e+02
1.432463589635693211e+02
6.525381394162820925e+01
9.251279583149047880e+01
5.407563992869142311e+01
3.613725837448917133e+01
5.710540623673001903e+01
2.434992940460347910e+01
1.210361072727683336e+02
1.186756178825553008e+02
3.004293934195852600e+01
5.607108520461878243e+01
4.519979512643252662e+01
9.906812338916574845e+01
5.896180434082806698e+01
1.097805078474132188e+02
5.996293030734187823e+01
8.357573166119526320e+01
2.626166244693633445e+01
3.633879645612260845e+01
6.605973900374843311e+01
1.103879850347616127e+02
5.464919735726901706e+01
4.536829256741143723e+01
5.537836217843623388e+01
8.232247664088902184e+01
9.287598534566450326e+01
3.728677305309392978e+02
5.700220308151743609e+01
5.068036667853480992e+01
1.280329441079312573e+02
4.261634210343384410e+01
1.059374317456636021e+02
2.912827553957192706e+01
4.321194586109669444e+01
6.015495153388467031e+01
1.196564484798585966e+02
6.124017821577132281e+01
6.731235691020630441e+01
5.620705399709386541e+01
2.819088734256816053e+01
2.145436572828094413e+01
6.095820705119538729e+01
3.544470054753742261e+01
5.522664688566152336e+01
2.668073113068117408e+01
2.515164345970897486e+01
4.585149956981298658e+01
9.051540786968958230e+01
5.725616955607824110e+01
1.166072262123139751e+02
2.524679518773869802e+01
6.120093724014770231e+01
5.891546210883261381e+01
4.217972377102469039e+01
1.080462732320741850e+02
5.662201979012339592e+01
7.932320822047240938e+01
8.798388303683529443e+01
9.161805564119279666e+01
8.676029063396346430e+01
5.336473152653545782e+01
6.266223906908552976e+01
6.629961756965394670e+01
1.445285606239103160e+01
1.448559819696602169e+01
3.837514984145380481e+01
4.179373753045855722e+01
6.918375301559099455e+01
3.849321415833333759e+01
2.516766827856499944e+01
1.292536490593271203e+01
6.203221538718618433e+01
6.435558838913625834e+01
3.509727618463031718e+01
2.595770239469132434e+02
2.277965414871547978e+01
5.691624842768731440e+01
5.486672739882788363e+01
3.580261492134349055e+01
9.221621638710107050e+01
5.687746676348106689e+01
4.982807285390261143e+01
7.741604564973287950e+01
6.420307013861858536e+01
3.129863876384209931e+01
1.122994769810012912e+02
7.278256390040596102e+01
2.548330125657034984e+01
6.302506809022580825e+01
6.902298420698787140e+01
2.303621766844675278e+01
5.516954575322062482e+01
9.476727390117900995e+01
5.652929444088415778e+01
1.071602480109845743e+02
5.366157615416535975e+01
9.541220899846061343e+01
5.325275758920759728e+01
2.088738743778922924e+02
7.739101575473347339e+01
3.721281981573426378e+01
2.432129238526777328e+02
5.798425091694215894e+01
1.506288664607933470e+02
3.021156600582208185e+01
8.789809155384392625e+01
3.684432448928682646e+01
1.185623816640466117e+02
5.318155508761451244e+01
9.702268061805564514e+01
3.603412643240360325e+01
8.000557251373396639e+01
8.994261960378392473e+01
7.348311723038563059e+01
3.808817423905311017e+01
1.580146767104724574e+02
1.616390074518652114e+02
9.938530152915811300e+01
4.146196120145359032e+01
4.673998962112380440e+01
2.531389346326816536e+01
7.323592757318623114e+01
5.728692943929037540e+01
3.325574297334131302e+01
2.493539459170191819e+01
2.903065153398004128e+01
2.005589800114518653e+02
4.137216773083892463e+01
4.813138102639549487e+01
7.888651577162539752e+01
4.638990249445790681e+01
9.101811328479122665e+01
1.099446101556874140e+02
5.133835371444098428e+01
1.723171286974466199e+01
8.049041670783174141e+01
6.966078099425324410e+01
1.354871531839802685e+02
3.358713784036195449e+01
5.966892427795473708e+01
1.049660443263822884e+02
1.468946363826899812e+02
4.427267940188844619e+01
3.219026328994716835e+01
3.204126265606302582e+01
3.062880065909461536e+01
6.772065856378041815e+01
7.013624452103286444e+01
3.631398871335337475e+01
1.714712556066448812e+01
4.758731271392417028e+01
7.662062329550649054e+01
7.030260574417630437e+01
1.872891875089374025e+02
9.290100000996035590e+01
7.519531366846729270e+01
7.254817737889338503e+01
5.152397587538183643e+01
3.593270710353876041e+01
1.063073934063699397e+02
3.565733620460711251e+01
2.870888080016830557e+01
7.869432379398904231e+01
7.774238165567392400e+01
3.664595883940454257e+01
4.471464331483310417e+01
7.594634783662294808e+01
4.015261530570085569e+01
9.918195996328493891e+01
8.512050277223394801e+01
3.745567107481862479e+01
6.682650526389056722e+01
4.793177231675058891e+01
7.754965183436851817e+01
2.120241304903111654e+02
4.714909269522559754e+01
2.748971681230500508e+02
4.665437379611211810e+01
5.359899545032497770e+01
5.629590701816561449e+01
4.538949505639726567e+01
1.469910434164509283e+01
4.780047250588903296e+01
4.819403139834822269e+01
3.283973784891060888e+01
6.591439982666578601e+01
1.891261214194941687e+01
2.306192691538890216e+01
3.444762826048064852e+01
1.711487412625720594e+02
9.338058073296440398e+01
4.579982009534310805e+01
7.158989991464609659e+01
1.985113829088944613e+02
4.301306677274148882e+01
6.133287983571528201e+01
3.241841382333481647e+01
2.899847465799654245e+01
3.413934029366670586e+01
5.666392735797817437e+01
1.734826709318779692e+01
7.493433331598647840e+01
5.831178415959652739e+01
4.078019467943749987e+02
7.079406950025632739e+01
1.114845135997714323e+02
6.907240508480082042e+01
4.229852199244054844e+01
9.886417323120440415e+01
1.065583681680105173e+02
2.158897749387585563e+01
2.366297694933340523e+01
5.366136572634341206e+01
4.252034850136578825e+01
5.189491341931724833e+01
8.005102129925030852e+01
5.484845596210689678e+01
1.156925627110262695e+02
5.180288944977152710e+01
7.793606664849139065e+01
8.646525192633669121e+01
4.065257418949805412e+01
8.225287829715101395e+01
4.675512839048384706e+01
5.335116574468661099e+01
7.142564394046267751e+01
2.264488016688530081e+01
2.525589272785569506e+01
4.665605842810695947e+01
2.234585346452220733e+01
4.974819366516524610e+01
4.149522923482950887e+01
6.537423150323681398e+01
7.950271386216203950e+01
3.054275294921555073e+01
3.389927965291106204e+01
3.773756027043753392e+01
3.409207708417314819e+01
4.894822495945192031e+01
3.564324543583268934e+01
4.109154589803801372e+01
4.009434096294587135e+01
2.832257294774437995e+01
4.177330375241145077e+01
5.382320061984816562e+01
4.994917805839185121e+01
1.018042025145823999e+02
2.304019897880516154e+01
3.492267822372330954e+01
1.204289667329932030e+02
8.178867960123332637e+01
5.151857631684105598e+01
3.850358876236268202e+01
2.873760945724094285e+01
7.301071057814425558e+01
3.316199391872540048e+01
9.251713723161708458e+01
2.222117194787908900e+01
4.415791888673498278e+01
5.877150022796501361e+01
1.320640878391388640e+02
5.818945495383252364e+01
2.738348164547982933e+01
3.646144879709044062e+01
4.939291523678883777e+01
3.149602508274460888e+01
4.115598171158316632e+01
5.378728165534082706e+01
7.343334349480726075e+01
3.770062205926231513e+01
3.275720918477714605e+01
5.367700762536168924e+01
9.171464652308860366e+01
4.924141805247452908e+01
4.836899574697357451e+01
2.825669861850465381e+01
4.268591018301969342e+01
6.738011445643461172e+01
4.259356199772200569e+01
5.100674633726934104e+01
5.060093224069640883e+01
7.852779864234459239e+01
7.967981326901039552e+01
4.281835794776425530e+01
1.323870423961277538e+02
9.676359740198881809e+01
1.416257743869736885e+02
6.834158310519592305e+01
3.652118731501024484e+01
4.818130971753569014e+01
1.497362947522092327e+02
3.397967510272063407e+01
1.496616148568278959e+02
1.359652660822098653e+02
1.774711555026904364e+02
7.494172099582409885e+01
9.937773751044362314e+01
5.577397816681613563e+01
9.562788972264215204e+01
4.868260212694900702e+01
2.743273942806842314e+01
2.405050816082309595e+01
4.315443164140916821e+01
7.826899817351372235e+01
7.075248732343030156e+01
6.773914112069303428e+01
5.371394315950040266e+01
1.742117912474354284e+02
7.023092954508592811e+01
4.054907279473547987e+01
4.492034613674885435e+01
6.072316845352142423e+01
4.428043534609626164e+01
4.064320275198571863e+01
4.146301926597274701e+01
1.016645289407679513e+02
3.701541738794445280e+01
5.698746328016497387e+01
6.385726967974520818e+01
2.485863589187231781e+01
3.163185599993140684e+01
3.964540475510786877e+01
6.816725803631447889e+01
3.093888565035148019e+01
2.391550148955900212e+01
3.232130816947312013e+01
6.023462576287640502e+01
3.477828378805486409e+01
4.986853935847928909e+01
3.036876099086039460e+01
1.460728212037252547e+02
5.739010754366328371e+01
1.476979832020080892e+02
4.793193546968555552e+01
8.181349079812522973e+01
5.743149756963783403e+01
8.106512161847795994e+01
2.569081990558381534e+01
7.489024948941185755e+01
1.191403230490641505e+02
5.401699437978510332e+01
7.865354100048512009e+01
5.551484215888922336e+01
6.244464112581428594e+01
4.517938631662425308e+01
7.930181965554116630e+01
5.135937898679856772e+01
4.804932728244701678e+01
6.811979264334324569e+01
6.148469097362784908e+01
3.615878374179786903e+01
7.052730383724731666e+01
6.477440469589907934e+01
5.190482773624046331e+01
6.399146309169073277e+01
7.864531060809190421e+01
2.536701545592461571e+01
8.584262614912573497e+01
3.549759100831799685e+01
1.599328165231140133e+02
2.296954814059422461e+02
3.644620452825860468e+01
5.597315758739271274e+01
5.568340707218371222e+01
2.556896959554007509e+01
4.726656067110670278e+01
4.477766009799853464e+01
2.300673380075807728e+01
4.801148536365646891e+01
5.028176835116219223e+01
4.278749770824529719e+01
5.327865528286955055e+01
4.718354194195278950e+01
6.274085143199438619e+01
1.499560956072284057e+02
4.256466402354357825e+01
1.651383811373512955e+01
3.883842010903445185e+01
9.094954187975683624e+01
2.370704213862138658e+02
3.438886301168607673e+01
8.481541655168743432e+01
6.015209031750550395e+01
1.187334420833545465e+02
2.561996951776900389e+01
1.284204252773337771e+02
3.852548120509182894e+01
3.993484312902565847e+01
4.147693814928727107e+01
4.039900483257994068e+01
1.894949323406859492e+02
9.586499909223317673e+01
6.566449409893152733e+01
2.928971152875208617e+01
6.467422135368052238e+01
8.599008396137845978e+01
3.194853160036559814e+01
3.383209560039858133e+01
4.200199864248155990e+01
4.128929559567894358e+01
1.282168337797498836e+01
5.545733038463548326e+01
2.868284237918953039e+01
1.054183789384008776e+02
3.297271285911202909e+01
3.769707799328207187e+01
4.159088084391738960e+01
1.045800158306587946e+01
5.435577509162826715e+01
4.818388109213920245e+01
8.249373143926452201e+01
8.392744768086977558e+01
4.001239827778069014e+01
8.435451693159083675e+01
1.406163942160627585e+02
9.227693979615747821e+01
3.865645860229103903e+01
8.526128140741276695e+01
7.783841713508857652e+01
4.444946355214211309e+01
1.482966698171310505e+01
1.318280439111002238e+02
1.258811298363813052e+02
2.018773260543591519e+01
1.043854717254395297e+02
3.300909030103564135e+01
2.776423889856233984e+01
1.942025011679256963e+01
3.583009093468564998e+01
7.936541743477931732e+01
3.470133318466474037e+01
8.892850766660650663e+01
4.574251947018405673e+01
5.061653221372066014e+01
7.650730689169685661e+01
1.019883347295451870e+02
1.349598026557373771e+02
4.953946419850007743e+01
8.263802074548490850e+01
3.555916381283701355e+01
6.017943110427540176e+01
1.734411722493766490e+02
1.805395421981395430e+02
3.295159095604683586e+01
4.502212148977925921e+01
4.869655543405433207e+01
6.270702936592839194e+01
7.242901297121238713e+01
3.281692890443203225e+01
1.822272242363851547e+02
8.493233184274478731e+01
2.248651463147002971e+01
6.611532213057923002e+01
3.259210516335211594e+01
5.614683160526469408e+01
2.200126739460966263e+01
2.508268448780571092e+01
3.772320588799666297e+01
1.929527101801235744e+02
4.093755503603578916e+01
3.889107269830563496e+01
8.338964863559924368e+01
4.723292101088734540e+01
2.184053243388767385e+01
5.778895833411921501e+01
3.358920960318485527e+01
5.340508461038411525e+01
1.769648120554823549e+02
5.427543343347389992e+01
1.112504678454263995e+02
7.520498064268859650e+01
3.121920285527999894e+01
1.440755220068624283e+02
2.314652079177712807e+01
1.422870688712142169e+02
6.845925618060424256e+01
1.222903932692602496e+02
3.289807954835899295e+01
3.818332872247508902e+01
4.816170578998005425e+01
4.236641174180002878e+01
5.375523495582252309e+01
1.062358102363985495e+02
7.638694711520525971e+01
6.346246516656533743e+01
4.599497280961950452e+01
4.012234406449162805e+01
3.698912087435604690e+01
4.434531106861535221e+01
8.775232559460710036e+01
2.422772723810836837e+01
9.014234441422647137e+01
9.103466785379082182e+01
1.217101610611300373e+02
5.623930353402787574e+01
4.803023484711571456e+01
1.125200070584696732e+02
2.160633684557792265e+02
2.941950699163848171e+01
4.578022670333611899e+01
2.012181438439137082e+02
8.806188297494742301e+01
2.565190157059145903e+01
1.809157900455991097e+01
3.806168860462749848e+01
5.228377773516884020e+01
2.282724823003260184e+01
4.728653657194428916e+01
2.863840540929570011e+01
7.555620272916824831e+01
5.379786485012085961e+01
3.371979138634266349e+01
6.963929048588919102e+01
2.819610394079006355e+01
2.138212516507628536e+01
8.858129335209424937e+01
5.211748867231163729e+01
3.737222344821077513e+01
3.605367947079311364e+01
3.384029668629534626e+01
6.426703703168148252e+01
7.517025612619730168e+01
7.486089259372748472e+01
5.539682415041082919e+01
6.537149509800455860e+01
3.441092269437140772e+01
5.062160707661235648e+01
2.000971486814643185e+02
1.544898843416841601e+02
7.267979074694903829e+01
2.242010854492502290e+02
5.377651166521233250e+01
2.947233478255571271e+01
8.940074260127838102e+01
3.108792278619423755e+01
4.820684923012903056e+01
4.553362010265057336e+01
2.481613182659085837e+01
6.483244466852002574e+01
4.103671977286743555e+01
4.658109104707777703e+01
2.113391279159534974e+01
1.224754413393609127e+02
1.526598132745426142e+02
8.862708209503649925e+01
1.638943491561947496e+01
3.417697345841134648e+01
1.106849655678142028e+02
1.887704862092532565e+01
3.938354568235148179e+01
4.316224291670820179e+01
3.987344224761319822e+01
1.020682853635831151e+02
9.358843364477598925e+01
1.277866800223109038e+02
1.865905396055748255e+01
1.968332945354774211e+01
7.060470656101833242e+01
9.292688285987480867e+01
2.669149791903189950e+01
6.084398730325413140e+01
6.449102142172431229e+01
5.250302248649150982e+01
1.216301638087868469e+02
4.377857057672455454e+01
3.701572564711302249e+01
1.033722110044804907e+02
7.695520782544224403e+01
6.336003290160623891e+01
7.829628879180015133e+01
8.691036535954528119e+01
1.340087163511088875e+02
1.274447768945883723e+02
2.306529148050708500e+01
1.774993816436928284e+02
4.305166066755734988e+01
2.157537828871742533e+02
5.780476544332273647e+01
1.075660047933074139e+02
3.062887236724739992e+01
6.951842122457392747e+01
5.177882735033133343e+01
3.123452494800762125e+01
3.544860276618105388e+01
9.253926498493791541e+01
2.946116051673239511e+01
4.075523024944502026e+01
6.169109429187770388e+01
5.850716182065782078e+01
2.360956969400641725e+01
7.449283942315511808e+01
4.079019221361894409e+01
9.272009790242024962e+01
7.590547787115933431e+01
3.337962260517285529e+01
6.117637152276931545e+01
1.013462986579428531e+02
2.453786225058838255e+01
1.854164343799858727e+02
3.863150620122993217e+01
8.066589880729549122e+01
3.393531400210449789e+01
5.280638387397805644e+01
5.422159135280648457e+01
2.395908047228666859e+01
4.399158768163495381e+01
4.176865518420019185e+01
5.405614811615454585e+01
8.253854464080895070e+01
2.706307587362879019e+01
6.093761065718998537e+01
8.969318238435428725e+01
2.112789540105579533e+01
7.842329796152336030e+01
6.911716447043339429e+01
2.496622794208853335e+01
1.479511286069456446e+02
2.944641962954204928e+01
9.516213277248110103e+01
6.627141870722870465e+01
1.317483098112701896e+02
3.058460972263221933e+01
4.190372414697063874e+01
1.048539266849735583e+02
5.112120971851759776e+01
6.473485525276493036e+01
4.268839735260580426e+01
4.706791748034868306e+01
4.243279124880169206e+01
8.487000721858709085e+01
6.901398018980783888e+01
5.292823007093821985e+01
3.382909633635384949e+01
3.041588455281851111e+01
3.803363265615249844e+01
5.806323969622496151e+01
4.026762348892383159e+01
1.005175830184082741e+02
1.014746588641451552e+02
2.577030862051996678e+02
1.526314391141505666e+02
8.227414859267477709e+01
3.234078858522765643e+01
9.833932717727168438e+01
2.800647699532807877e+01
4.004217700973608629e+01
3.027696447234500852e+02
1.302733585661615905e+02
4.768384733165854783e+01
4.341353422207937740e+01
6.457249790860556971e+01
6.958012489091281338e+01
3.999169776800918896e+01
2.301672070281201954e+01
3.382559050195106920e+01
1.520064258016435872e+02
9.428280202207409388e+01
3.411718418803099695e+01
4.205407714059217739e+01
7.267609908957378195e+01
5.281972985625983341e+01
4.062411983958208594e+01
5.409377666195392464e+01
8.613667448208192923e+01
4.979034190116643543e+01
8.649436167840720202e+01
5.861947133522353681e+01
2.985457808632388037e+02
2.851315344955754654e+02
2.473075652003042535e+01
2.209390013125469920e+01
5.756245072853133848e+01
2.140586300743632719e+01
1.197855685047569523e+02
3.581660246973584094e+01
1.295053152859971703e+02
7.156432955250379280e+01
3.048111488504498823e+01
8.504448528036995469e+01
8.371870014217471123e+01
1.728614583060502810e+02
8.656378100956392529e+01
7.000155902483966486e+01
1.907645481072736260e+01
6.665436546365651793e+01
5.764853971801716170e+01
3.857657020496888833e+01
8.853193840249463165e+01
5.868948041782346792e+01
3.784237630649400330e+01
3.447388959386994856e+01
6.871357325380819248e+01
3.088459704971718978e+01
1.087315516581598303e+02
3.906809288707759720e+01
3.488443746288459835e+01
1.888996396758486895e+01
4.061890062694259029e+01
1.014152199794277891e+02
3.669771582610051297e+01
5.297552487108733743e+01
6.939028196528161629e+01
2.762060188534548288e+01
3.668177185841999943e+01
5.901302082927801251e+01
4.666070594121397619e+01
2.056199671790498940e+02
1.780778849955925125e+01
6.803109132490281752e+01
3.173854802342204451e+01
5.558137505568880954e+01
4.367415588387564895e+01
4.149954155714057435e+01
5.573906039268201340e+01
3.519268192605878909e+01
6.189998943370371620e+01
3.531500983753257117e+01
7.985674661721739653e+01
2.371279698708784522e+01
5.175991439045982645e+01
3.401461256619956686e+01
6.688855933171714696e+01
1.820197068499448179e+01
6.219461896630648567e+01
9.436134022112626951e+01
1.409717346890915906e+02
2.653144753196670891e+01
3.237308166032160983e+01
3.408333795450397474e+01
4.979930260511471829e+01
4.391452330356315770e+01
6.431332884739778422e+01
9.899515659643861909e+01
1.088152349163401169e+02
1.118674099454515982e+02
1.872093667706216138e+02
