1.084552075506936752e+01
1.419735517141305614e+01
2.244710008022849124e+01
2.460532070014383876e+01
1.674511815831738915e+01
1.809839026799965822e+01
2.773531966010451910e+01
1.094533994220203610e+01
1.349507155384495860e+01
2.313953246628356908e+01
2.887758427021490348e+01
1.366908224569451313e+01
2.765470964332453008e+01
8.675864740576907153e+00
6.118972389281424995e+01
6.330872412452062292e+01
1.437495660093691363e+01
3.525503349612461790e+01
4.636486143784529190e+01
3.708121702791721219e+01
2.661751184923567592e+01
3.617745269839865330e+01
7.240783151963253772e+01
1.751752357000830784e+01
6.164057504077234029e+01
2.689938012717170679e+01
8.259555919696326853e+00
2.463596775417839524e+01
2.498516725392934390e+01
3.977736432994836235e+01
3.053941247487708566e+01
1.440155948252619034e+01
2.043842433167207062e+01
2.484918587148066393e+01
3.005489182545147386e+01
4.545472154922484265e+01
1.635083314711626201e+01
4.428075637939896581e+01
8.149718721754410922e+01
1.920869836061738312e+01
4.455578690671193698e+01
7.962197414343842183e+01
2.642331252685537279e+01
6.355038270745880880e+01
4.915052410615947309e+01
1.452969413264134246e+01
1.180461001480724370e+01
3.267081278117427701e+01
1.874264303338168602e+01
6.817879490235732476e+01
1.669447989909229761e+02
1.166459035118383802e+01
1.501851192649899680e+01
6.317668450914113976e+01
4.915293906730107665e+01
5.358605633696321036e+01
4.175811221023862885e+01
3.059641116734377775e+01
6.339243917680805396e+01
3.486130817968727058e+01
3.437825794542073510e+01
6.902246938515003194e+01
1.613152233568986560e+01
2.219951266303135995e+01
2.531244034238809348e+01
3.924148290338846579e+01
3.862255989854681815e+01
1.750319444038570182e+01
4.497601957143442775e+01
6.191040658780342198e+01
2.923689342756868825e+01
7.082256364927221881e+00
2.869969017432203273e+01
8.310900083054848153e+01
5.013993646561297624e+01
7.493608792227168180e+01
5.243743831631149988e+01
2.911877111234834459e+01
2.516175467003126798e+01
8.563529324459197767e+01
2.000258601297080929e+01
2.504723474537103201e+01
5.624184673260952394e+01
4.207287493760005503e+01
2.476365228577403741e+02
1.958533990496416521e+01
1.861410348310731422e+01
2.137711429939689367e+01
2.741037757732629743e+01
3.177093977231924882e+01
1.734046719216781085e+01
1.158882397097661787e+01
1.116934174302023308e+01
2.827817461063022719e+01
1.948957347138097873e+01
1.404935098860088338e+01
4.493197564431540769e+01
3.512664979436478063e+01
3.175635852947028326e+01
2.817986629899509410e+01
1.127268494375279850e+01
7.797284588515522863e+00
4.324026455435391370e+01
1.566227142869061950e+01
1.129198306745155733e+01
2.153957219081767960e+01
1.466899014396581258e+01
3.408298005920069329e+01
5.715270337097611986e+01
6.730684199962246339e+01
3.341609512378072111e+01
2.662383784503794359e+01
2.098259146691498955e+01
1.233739722647216830e+01
3.061470979910233581e+01
4.272444698559993270e+01
5.196313501220455322e+01
6.590635680224602311e+01
7.192465924590783288e+01
9.614085293088821871e+00
5.427338094899268839e+01
1.203542218468642488e+02
2.486111855800271186e+01
5.193254226489999326e+01
3.868005554414893510e+01
1.220119168925667452e+01
1.598908302492714562e+01
3.470243725053002493e+01
2.100922070471497705e+01
1.266069480856429266e+02
4.529279373168697020e+01
4.567188006177084958e+01
2.494329125784621226e+01
4.237339437269221065e+01
6.033134374091301311e+01
3.201861997930170389e+01
5.112635703190693448e+01
1.617608752811915451e+01
2.201591767528551813e+01
2.247715845440261972e+01
3.357423774513806336e+01
2.794803763378667938e+01
5.787900375994808400e+01
4.067826421771808043e+01
5.233876373229868761e+01
2.858517037455112231e+01
2.605536411947041842e+01
2.618978101100828937e+01
2.752326651406240643e+01
2.608129380710794365e+01
1.675640829654302877e+01
5.884861469230969533e+01
5.450302744916954367e+01
7.226785618556542090e+01
9.311374723531274356e+01
5.569093969078077322e+01
2.543965118750709209e+01
2.407199456396108062e+01
8.714140208964049350e+01
1.910773806963466015e+01
1.040483804193178230e+02
3.006540688227068259e+01
3.907863234937444474e+01
2.003934585029625026e+01
6.560802038686931326e+01
4.487324584016565865e+01
9.332389401922632999e+01
3.974930164760228735e+01
5.842785015179632779e+01
3.271565479228181061e+01
4.343040571589002496e+01
1.429933368792274564e+02
1.004789339382109858e+02
1.570468365376399156e+01
5.993145790392820516e+01
5.946973926543356015e+01
9.499655247023470750e+00
1.790318330021367643e+01
5.003518282307805976e+01
4.010146014518515045e+01
1.854304505881028220e+01
2.450390561610339901e+01
5.521578411929498031e+01
1.278848601584797677e+02
2.922057890241390865e+01
3.968497517500639304e+01
1.969414771548101584e+01
1.169422730580081726e+01
3.656878873913476724e+01
1.595316678595627380e+01
1.213157640002007298e+02
5.881551844078852298e+01
3.742836099331815092e+01
3.571236652808239143e+01
6.985410906672193221e+01
2.153472157480044302e+01
2.524320854318521512e+01
3.979026691886657119e+01
4.260903027382521202e+01
5.007906758168031303e+01
3.631466551020135825e+01
2.237989796815503496e+01
4.988543884208745283e+01
2.478157672206788220e+01
2.676646367476244137e+01
6.332902385939087964e+01
7.245774018618128309e+01
3.729459053840133720e+01
2.117559851383931857e+01
2.138528382724824795e+01
5.660364951101552577e+01
2.565209005471178116e+01
4.342962301646726075e+01
1.612927148843185776e+01
6.991313531032727724e+01
1.269239188038655719e+01
2.904972371940860398e+01
3.244497051969782575e+01
5.850304695998980264e+01
4.941966713277767553e+01
1.028113262049060666e+02
3.751017833296913295e+01
1.821770101841277167e+01
1.341855863132984439e+02
2.960131011901773590e+01
2.747330137240768622e+01
1.710916670509055493e+01
1.869964925503791875e+01
4.368081753353974506e+01
6.363649896341470935e+01
1.076369659822086788e+01
2.112879895949436104e+01
6.194875758578213976e+01
2.897004126033584370e+01
5.106351178273526870e+01
3.690608035199092996e+01
2.695007267827089237e+01
3.861961857885660265e+01
1.214922276297374992e+01
3.155828244230684021e+01
1.462747928554926702e+01
6.224238044256748204e+00
1.180094024936964914e+01
4.546074960125255160e+01
5.728385081441266635e+01
2.910957291787153878e+01
2.794111929995700194e+01
2.696089225047019156e+01
4.266940542688524829e+01
3.258520598437495863e+01
7.889878187224893225e+01
2.925805819405553976e+01
3.875945598109407797e+01
4.086533268104108885e+01
3.055851607040052187e+01
6.639478762723800287e+01
4.496994707447439765e+01
3.902820871301772598e+01
5.794537620477576922e+01
3.862587569248407959e+01
2.653348829777366191e+01
1.557975238487802017e+01
2.273991269710935725e+01
2.083900990145013168e+02
3.876798625429844236e+01
4.231926791109881947e+01
5.393651767240263695e+01
3.285303587765546496e+01
3.907294661258105606e+01
6.985094781626216331e+01
4.869866304650967237e+01
3.124001685398831896e+01
3.379297216264620118e+01
3.263911547800631752e+01
2.322952917000314343e+01
2.756673207693912886e+01
3.944789328925774186e+01
4.514867291382410741e+01
1.371666534966298343e+02
2.638304076468100590e+01
3.498595288639968715e+01
1.809113700115727283e+02
4.766487101050228148e+01
2.441873979428172561e+02
1.626323865110213518e+01
1.221867342271545276e+01
2.446418524986531651e+01
3.142099275882915421e+01
2.076314699234361427e+01
7.813821158172805781e+01
1.841070651660077218e+01
1.220960349061282457e+01
1.332489535887529541e+02
4.579799731337636359e+01
2.292094720037679778e+01
5.242992972570042554e+01
2.633786842060772670e+01
4.557131864552140144e+01
4.088290753076773143e+01
2.252927397123811559e+01
1.699378293985995825e+01
9.573275724864357628e+00
6.921089438545381256e+01
5.339087230615148627e+01
7.805786298806705759e+01
1.759362093576867281e+01
2.214465362157492123e+01
1.218736850731942845e+01
5.810300496065755027e+01
6.749607391622299168e+00
1.056626962510336369e+02
8.522344431418909494e+01
3.120196963295643400e+01
2.127376494530047779e+01
2.531678323361260539e+02
1.855601522342953658e+01
4.186517016223356080e+01
2.149131023870394230e+01
2.576577249756157428e+01
2.942961082786876048e+01
2.523861863006181494e+01
2.659533638642377440e+01
2.504190486731778265e+01
2.065447117777859276e+01
5.984251145820751816e+01
3.150289162094032491e+01
3.353463221517213100e+01
1.663506117349462343e+01
4.192886956284178268e+01
4.409846222268804183e+01
3.298413124241770333e+01
6.724134136714579313e+01
3.388511320291233631e+01
2.478461633181672497e+01
7.756299350148472627e+01
2.903064400808298018e+01
2.260765460575177954e+01
1.877208401183779785e+01
3.254427905563715484e+01
1.206357388555033161e+01
8.323563213654088599e+01
1.129516478909926391e+01
4.934643469472854349e+01
2.334248024602993610e+01
1.689194470914680934e+01
3.931920640193427374e+01
4.201882254509017400e+01
4.383266709333137356e+01
2.032743181960383438e+01
9.480476347095624590e+00
2.443832726161551605e+01
1.403245682530097227e+01
1.593747096085897219e+01
1.701420499977362510e+01
1.971093406979853668e+01
4.060397512096099604e+01
8.097839336469114357e+01
2.698206000114168290e+01
3.327581711663819419e+01
2.815708176231505888e+01
1.816603639698065464e+01
3.344268469167143820e+01
2.950082556457505589e+01
3.373378115534169552e+01
6.320425036481617553e+01
8.677856415135791224e+01
1.360435471097442317e+01
3.806496260580982494e+01
3.015041143518192968e+01
1.342778717319265809e+02
3.723681706900364219e+01
1.886784510463178322e+01
4.610053563819110423e+01
2.526847513222675801e+01
1.208690582694496563e+01
3.131276860167423592e+01
2.378852553222470334e+01
3.611976449736674510e+01
1.790374943405809205e+01
2.718193184241046723e+01
1.120105199525055717e+01
1.965757009054366122e+01
3.355532494464164017e+01
4.609487975862344911e+01
2.923461513330904182e+01
2.572017965326036659e+01
2.271715998825916216e+01
3.150434357984444844e+01
1.271504198825090270e+01
1.039826649852806995e+01
2.076160997503119532e+01
6.402304959219507907e+01
3.330150743840135164e+01
3.914333990317697243e+01
3.043679718437206105e+01
1.699918058829588006e+02
2.739410028122089358e+01
4.029535356468379348e+01
2.676212779081645010e+01
7.765542184426823269e+01
3.952570094908891463e+01
3.574421599958643725e+01
1.405621973592348866e+02
7.547536902236961964e+01
1.996669036028941235e+01
2.087115731648905026e+01
1.631301498252216575e+01
2.427256058669383876e+01
1.999434943725002256e+01
1.706859368013654432e+01
1.107955092044728040e+01
2.608951341675095748e+01
2.712883966868724528e+01
7.829413719256289994e+01
6.055797616905593372e+01
4.840263491938674889e+01
1.621449146928033258e+01
2.767422630550815299e+01
1.766304228493691255e+02
3.229828712890012810e+01
3.660967625442862783e+01
2.771120719093737250e+01
7.510538595554041308e+01
5.815917665668305148e+00
2.836647937601436098e+01
1.895352358243165369e+01
1.036195384479455761e+01
2.610148104049176965e+01
8.395896449956671503e+00
1.033717326202940789e+01
6.979692438465512794e+01
2.958488684545210390e+01
4.145465911092194489e+01
5.383848618109989559e+01
4.583294686075416280e+01
3.276572494509917277e+01
2.194973210549638409e+01
6.313801102811921595e+01
3.759511491916791215e+01
5.291058568644039184e+01
2.462803149564887235e+02
1.327604711893609988e+02
5.313215675360610390e+01
2.084076853426634557e+01
7.865073047616918700e+01
2.604485607409259629e+01
1.623367837728328311e+01
6.602250937692748778e+01
2.002715742738142524e+01
5.252178707358050502e+01
3.494819227809252737e+01
1.752472663498074823e+01
1.453540145810851669e+01
3.328685846711818641e+01
4.418157542194975917e+01
2.241862905451168686e+01
9.215859752272768546e+00
4.815565353347909650e+01
2.815122143464873261e+01
2.023438290602965139e+01
4.875973818048837671e+01
3.250482086225233047e+01
4.119112927453991801e+01
3.351899793701612396e+01
4.498160323176793440e+01
3.224616657095550210e+01
3.575532664839018082e+01
4.502022484186196039e+01
1.720695916020814309e+01
2.665848834545770529e+01
2.796099271375684481e+01
3.635398287736979483e+01
2.552366651982527301e+01
2.736450349061292187e+01
7.914931995040451795e+01
7.297515153190107640e+01
7.688044120137530690e+00
2.230943843755360945e+01
2.867625588540179393e+01
1.974808930898551296e+01
4.050288535930105382e+01
4.291092371022991614e+01
3.019184899254471688e+01
1.109785548466205896e+01
3.506492727649578711e+01
3.802053654851295761e+01
2.610457263366083325e+01
3.686348006028563873e+01
1.351409346086399665e+01
7.927637706116740901e+01
1.748979182347726891e+01
8.227531280613284537e+01
1.129852606869135343e+02
1.669836498715474704e+01
9.792112094164511404e+01
1.868716129773604706e+01
3.336521619192430421e+02
1.814238499835989771e+01
1.790416189848308903e+01
1.982243730947045535e+01
3.700884571208872842e+01
6.274996705330536173e+01
2.612148494962057299e+01
3.665479412736814879e+01
1.506647666203386748e+01
2.030897668370624487e+01
9.685103141175330776e+00
2.719908401952456245e+01
3.373184164255174977e+01
3.479380360277554018e+01
6.964331608217800351e+01
8.652883428335714200e+01
1.494551270438212320e+01
3.640145633833284933e+01
4.840351000608334431e+01
1.114870563170151172e+02
2.137242604775962107e+01
2.041615049603693066e+01
3.105033741933306501e+01
4.416161800780611202e+01
3.616923776762526899e+01
2.120910277774651931e+01
3.286523821452014005e+01
3.169349882728722179e+01
6.668878053896882818e+01
8.536556773342147153e+01
3.435018473048381793e+01
1.942490029675878205e+01
3.993728325366404164e+01
1.952339663088825716e+01
8.378932697159532950e+01
1.904740926741677143e+01
4.647716964522626881e+01
1.855356117642077507e+01
3.085143206154493001e+01
1.510355421895914851e+01
1.928591176766596149e+01
3.718830738918339307e+01
3.048074905771208876e+01
5.321534505072958865e+01
5.344972653122317041e+01
7.102869313856901101e+01
5.861603200946208858e+01
1.461962633290668379e+01
7.130185955099312878e+01
1.054989036408582415e+01
2.247956584744509456e+01
1.585450737732124367e+02
2.073142742535855731e+01
1.956724886933090346e+01
2.706621115954867207e+01
5.710814900044731246e+01
5.241604804785349359e+01
4.487088494955487050e+01
2.089682172056264164e+01
1.779468159371581848e+01
2.715115332746460908e+01
8.064666372639800329e+01
1.908580340677959839e+02
1.781181831307256047e+01
2.468637443336219661e+01
3.095631212269022114e+01
7.315346518303744006e+01
2.337962816906416919e+01
3.087084843418882585e+01
8.277323125193602138e+00
5.809552954105848244e+01
2.870602434900797206e+01
2.173615802105731021e+01
1.843809691720077737e+01
3.061677984283608467e+01
5.403636496906548814e+01
5.613171945966530529e+01
1.392252025099049284e+01
4.686078197232025389e+01
2.379493969610898318e+01
1.292774776864730413e+01
1.951740071413164301e+01
5.169777673346494140e+01
5.211397631351837845e+01
2.214886659312603001e+01
4.601785162534832807e+01
2.496987653852622202e+01
1.556715187600867800e+01
1.273182302863493298e+01
1.110836428190781788e+01
1.748301436816274546e+01
3.536268902869259279e+01
7.493171233394630804e+01
1.522095502132247802e+01
9.363548127933312060e+01
6.615187263016952102e+01
3.655057442410137014e+01
6.060532981255374807e+01
3.201761202447270449e+01
4.907519165534265682e+01
4.917528742064505565e+01
4.618434485500223019e+01
2.072501350977326240e+01
2.219116506078441375e+01
5.550929860500912838e+01
2.697255958187940550e+01
3.855878437638015299e+01
4.455223034728969367e+01
4.979549747324939091e+01
4.249526049571421993e+01
4.610359950213936742e+01
2.587325371772268667e+01
2.947104404339968298e+01
1.939795854965847965e+01
1.486783770331200749e+01
4.217992681151307011e+01
1.777819410654103294e+01
1.352016410819171881e+02
5.983720582214434103e+01
9.079081769553425829e+01
1.963185325666392700e+01
3.639529452097077922e+01
3.912497581422634596e+01
3.188643343900799110e+01
4.791091391521753451e+01
2.172013800231665570e+01
2.902081805683843996e+01
2.904910621334936849e+01
1.540808552133413478e+01
1.485380904291981210e+02
2.642502795194594611e+01
1.133117993750590458e+01
6.269987494996168920e+01
2.133587074145407669e+01
1.858429880801344680e+01
3.075184602268870293e+01
4.203781797175768276e+01
2.814137485518362425e+01
5.187546605354162210e+01
1.597636019623172956e+02
1.504288128968558702e+01
5.334195373015844410e+01
6.818481627049041549e+01
1.646284161840681648e+01
2.675084639138703935e+01
4.228724311114206103e+01
2.329013590217105545e+01
7.785617803613985188e+01
4.900258239355125056e+01
1.111772843686885892e+01
1.153181155229030708e+02
3.153179059628694958e+01
3.376420570072288996e+01
4.377203718988643999e+01
2.418057046124199516e+01
1.511765111296750774e+01
1.118487480108017884e+01
6.411952186253721209e+00
4.294238606223666466e+01
6.085960053524802760e+01
3.459958196574365985e+01
4.262681274285193211e+01
1.814636299704117306e+01
1.008967906288383176e+01
5.937106012471192429e+01
4.177965416819584732e+01
1.814367254614084857e+01
5.745678841448242480e+01
2.621043899560010004e+01
1.315153951826708756e+01
2.776802601294956219e+01
2.048581633758653453e+01
2.115413895941472333e+01
2.345873694389760544e+01
1.435840091042394384e+01
2.288856224274918816e+01
2.365930068481607691e+02
1.689092167214695195e+01
1.127136534821796587e+01
6.286328546339055912e+00
2.388642520709343842e+01
4.998087496621435832e+01
2.984453731937098908e+01
3.018852179826539484e+01
4.093517969251407607e+01
1.691307161186488628e+01
4.187104797087132368e+01
1.010823439344119201e+01
7.040232858094034896e+01
1.178818152331608786e+02
1.718901432416241093e+01
2.621265041633771276e+01
2.631726241113681297e+01
5.350308526277139975e+01
2.074122940162472517e+01
2.920136310411493596e+01
9.089774646806928260e+00
7.066834584992729162e+01
2.150746661404673787e+01
2.017557810486209178e+02
4.018876999290526442e+01
3.312846822375433220e+01
1.406159130667082202e+01
3.448983740843988244e+01
1.291163404497173062e+01
1.688904550292687290e+01
3.543599942167865890e+01
2.278119469066806957e+01
5.080303015148763279e+01
3.400940577540868759e+01
2.743413909472270973e+01
8.171902240436472198e+01
1.137584413605106981e+01
5.641885882792643514e+01
5.825829441894603633e+01
2.713549802618455331e+01
2.293939214093176560e+01
1.890079886536400977e+01
2.159937223509847399e+02
1.049836274132923286e+01
1.057240326040149512e+02
2.678607613913613505e+01
2.807386898269153974e+01
2.407929263263771347e+01
7.692836938786621559e+00
3.427372393606610501e+01
2.640788915132526071e+01
1.864808564825111503e+01
1.470484754181664400e+01
1.946190064252312624e+01
2.935718796001058806e+01
2.531110874538212130e+01
2.317651083881274587e+01
1.220509060741834340e+01
2.564541025130745311e+01
6.383321150524933074e+01
8.626975053560315132e+01
1.708924087537782555e+01
4.030265163742792112e+01
4.638146420965009042e+01
4.807266901567356143e+01
2.002690253836690104e+01
4.118694914780677863e+01
5.509214926339439700e+01
4.241349008803154419e+01
4.859229053872130066e+01
4.359200757442386731e+01
2.506631804197435898e+01
1.401449522358266897e+01
3.615913789233579223e+01
2.307646117297412047e+01
5.782426748970517139e+01
7.459972033416748083e+00
2.521017713995840737e+01
3.217439203631780487e+01
2.119390809731130787e+01
2.468775490231403680e+01
3.062382214804966196e+01
2.466340957278070434e+01
2.560194961149208481e+01
1.801472135693211385e+01
9.324099152883911756e+01
9.478625060955732806e+01
3.802599129203111517e+01
2.995361571424675162e+01
3.286864299214268925e+01
4.751896679643650145e+01
3.802783516748183246e+01
2.527513902993690209e+01
4.159364535254717765e+01
3.429126641874236725e+01
8.421289747643102430e+01
3.452231736241214577e+01
1.788602531986277100e+01
5.014474657654682943e+01
3.345040240323439207e+01
3.813543129647656116e+01
1.543013269306551472e+01
2.490342016435715067e+01
3.063375816215251390e+01
1.170504210849890470e+01
2.393192969882238685e+01
8.384105868171525344e+01
1.278742217013995486e+01
3.027654742399094445e+01
8.533612796295045655e+01
2.513321471713478417e+01
2.163643093990154398e+01
4.056140202895501545e+01
1.022268092120790151e+01
2.587488874026294283e+01
1.176663959550562666e+01
3.182938435277355538e+01
7.916992955146923805e+01
4.373896714806459585e+01
1.208260584284410477e+01
4.848572745345882851e+01
8.720557488110107158e+01
2.643354664090970374e+01
7.078653196198027331e+01
3.681291314605736176e+01
2.056374849435089303e+01
3.665120381215640322e+01
8.042276572901914733e+01
1.887839911874404564e+01
4.231169179203019581e+01
3.847318199461738573e+02
7.494258938044869467e+01
1.206811956271564128e+02
8.128009695314901251e+01
1.967155112026385311e+01
2.816028269758332314e+01
8.680362825372732516e+01
2.747230867476439187e+01
3.587808244992225326e+01
9.365982909227106745e+00
3.238429703821737604e+01
7.060726851039872543e+01
1.181326609865125121e+01
9.290642216543652410e+01
6.959012508156365584e+01
3.712842002527393959e+01
1.852733695847260265e+01
2.883351987109883652e+01
4.247783759016554228e+01
1.945744061883440779e+01
1.727489896310442674e+01
3.182883709892590929e+01
2.585256058953955005e+01
1.910719464574208004e+01
4.837674879175284559e+01
3.245098842300082254e+01
2.508701282809732902e+01
1.502886433810726707e+01
1.602501914591716314e+01
8.873976778104204044e+00
3.677723599531216081e+01
3.450412521174237668e+01
2.974442727872532544e+01
3.949573970736577877e+01
4.136313840120519103e+01
2.411917809879942709e+01
9.176809254951795936e+01
2.868597447756266305e+01
3.427405183817027989e+01
1.275511626331170412e+01
1.686574437299547213e+01
1.712225243589602286e+01
2.112245460539737252e+01
3.702806479802524109e+01
1.298829886321752802e+01
2.392454930643457800e+01
3.804924423577522674e+01
1.293590692747380615e+02
1.535385124607499385e+01
3.161716369804080529e+01
5.661008334549335785e+01
2.529505484841799401e+01
6.150192158837621292e+01
1.573318656379234781e+01
1.524168487396481098e+01
3.913785024548325708e+01
5.067947819276091082e+01
2.480570178235233314e+01
1.622937758821080223e+01
2.629059047291110218e+01
6.086762150502348589e+01
3.163663371976367245e+01
1.169448378942613864e+01
2.632092927194116427e+01
5.788669198891292922e+01
2.663988389117664113e+01
9.426148350083435545e+00
1.866244312985173082e+01
1.209966346741136647e+02
8.206096341337423894e+01
2.771654774668904153e+01
1.249648465758022020e+01
1.664328476320787615e+02
2.373278595623797216e+01
4.751226035582037355e+01
6.673122397336229028e+01
7.151052476024831606e+01
1.200477686317168065e+02
4.597572612593594954e+01
3.040522477766011278e+01
3.922541890210403892e+01
2.590448231130715229e+01
3.834812711201379898e+01
6.815829020252411397e+01
1.687810582514101654e+01
3.000814267648949496e+01
3.711014817810703192e+01
2.779565108161862597e+01
1.507846188574596091e+01
3.485643386741780603e+01
3.059250375518885789e+01
4.966361444140186165e+01
7.581563886731699142e+01
8.947493482697966272e+01
1.798130741494280116e+01
1.216063737567352234e+02
8.142097440940669628e+01
1.506956245422962937e+01
1.523557562365405360e+01
5.149339542297406780e+01
4.220684292303246110e+01
2.218507125816321945e+01
2.335829124470045670e+01
7.232374159792108514e+01
2.602634027294450902e+01
5.881599374146171044e+01
6.170214300260995799e+01
1.492828338183806203e+01
1.762769053928107326e+02
1.473915033103469163e+01
4.260723197973187126e+01
1.872939719019766187e+02
5.705879708347705304e+01
2.698499662110203801e+01
7.827756184547398277e+01
5.571914927394094263e+01
3.530482997892094232e+01
4.027811567880770838e+01
5.909462569811533683e+01
3.762775935374794756e+01
2.801402512205763529e+01
3.762074839470358967e+01
3.547617790867062126e+01
8.103991557240046717e+00
3.763452552845319588e+01
4.695883766865359377e+01
1.014508576706707998e+02
8.714120181595973236e+01
3.911497620400839992e+01
3.344773706975490057e+01
1.268241924916117469e+01
9.299210255318294926e+00
5.958654240704329652e+01
1.210907862038838232e+02
1.213823521630672531e+01
3.038529434224604842e+01
7.843033576420226893e+01
2.505883609139654666e+01
9.509507829055306161e+01
2.062463199822430227e+01
2.725559723779657872e+01
2.089510165437970812e+01
3.055719936867838982e+01
2.782407644183719952e+01
2.266697854882693974e+01
1.909958336855175531e+01
2.024366408991536161e+02
1.175246524042617402e+01
2.982462184190945109e+01
3.859962130215805587e+01
1.292605142460181256e+01
1.049215485233584673e+02
4.164197488226500354e+01
1.831586351491275977e+01
8.391483707985247520e+01
1.347404474327071000e+01
1.096996212624471667e+01
3.775883363505978707e+01
1.782873580330646845e+01
6.629075209513838729e+01
3.032883723790930830e+01
3.033447712052266709e+01
3.213001722298248097e+01
1.208046144791512155e+01
4.403280546378107374e+01
3.568718096189166289e+01
1.465875155218945913e+01
2.980584040015802429e+02
1.297842178122546741e+01
8.020584821672521514e+00
2.250480581288987736e+01
1.672917503787518356e+01
4.442363442195225076e+01
4.459237125444769845e+01
3.332533049714110973e+01
4.085188297511800926e+01
3.099608337432261607e+01
1.419616620746344715e+01
7.047292565962642641e+01
2.705417590805269512e+01
2.021629814018308124e+01
1.814125106723732372e+01
4.133535855791480884e+01
2.056276739196416870e+01
1.223760498603261340e+02
1.368017828788297550e+02
5.837874781364047294e+01
1.384878912549394947e+01
3.961754875181324564e+01
7.852997592704011254e+01
2.700790875530838520e+01
1.778892531830968267e+02
9.214897443438621849e+01
3.024945811301335041e+01
3.768705403405011367e+01
8.996623485631715766e+00
2.106172066012062416e+01
3.853912369331163745e+01
5.839697378424385477e+01
3.593774085285034658e+01
4.125559880652883749e+01
5.537798054840239814e+01
8.759352663793045224e+01
5.965384278462829570e+01
8.072448369351005226e+01
5.355179736661874301e+01
4.710206641569864416e+01
9.036064345006737142e+01
