1.100816384767623077e+02
3.398063531671802195e+01
9.186017149702722406e+01
3.469900846189069199e+01
1.429644892581625299e+02
5.754884210297706204e+01
5.351453238911530264e+01
8.919757707100693267e+01
8.831340772182997512e+01
9.434329065861770403e+01
7.608434954479054113e+01
4.440553498818848510e+01
6.087509317614075144e+01
8.086067697177786329e+01
2.372955787362850799e+02
6.862028867326814918e+01
1.356879341471264695e+02
6.187414163788955079e+01
4.955624628738507909e+01
1.519267198698960044e+02
5.193207705378422645e+01
9.045950964888059787e+01
3.845009936714226484e+01
1.649213219076487178e+02
1.674582842571477670e+02
2.749983516430172159e+01
1.463314415409151650e+02
1.635802807729699566e+02
5.804831911116963283e+01
1.186732921074665370e+02
7.480250748443853581e+01
1.196754639932244260e+02
8.732004318071028592e+01
8.673911484448611020e+01
6.931312079120449710e+01
1.375272492152205643e+02
1.350870078328177613e+02
4.880903073316919460e+01
8.002961273035829493e+01
7.954265102250293751e+01
5.267953076636096910e+01
1.600661202285212141e+02
9.214914132328718210e+01
1.032881253091379534e+02
9.697205678795664596e+01
1.318659320905086361e+02
5.867252211418669106e+01
1.261698252038958969e+02
3.435890600741598178e+01
4.294790050859698738e+01
3.904956027090981507e+01
2.552645510286936883e+02
5.996536872540963969e+01
2.072178266646243969e+02
7.372289400138645021e+01
1.076575536978528049e+02
1.108357440072493603e+02
1.168428445534102451e+02
1.369593048966891615e+02
7.219846117853907685e+01
1.461279645843570165e+02
1.082489364772641665e+02
1.156772952948259103e+02
1.271373377074518913e+02
8.723345424819770244e+01
1.226325028797501631e+02
3.061844903875272195e+01
2.974872067529685751e+02
1.069268500368525565e+02
9.364849419053952317e+01
6.722760770947384401e+01
9.800561569738046330e+01
8.995371662228627940e+01
1.498483362151680183e+02
2.133312305509418820e+02
3.663070383210257575e+01
8.670632137596564348e+01
1.598592922184925840e+02
3.936855484797154503e+01
7.650900136298608345e+01
5.317226305778571316e+01
8.246733190970354599e+01
8.109019311881608871e+01
6.751310078328998543e+01
8.904127703424595097e+01
1.720125531640877909e+02
1.452258923027388846e+02
7.377031992410030625e+01
5.293891545367984719e+01
4.968908460077155098e+01
1.221132072744124031e+02
1.541147225934153937e+02
3.786769541247230109e+02
8.163406757000105074e+01
1.654170684225268815e+02
1.121902380432498774e+02
9.416965910808134765e+01
8.040156840555275153e+01
2.000355044037991661e+02
7.474380938674147501e+01
8.172581046062823873e+01
3.466735639873670038e+01
1.767301034631964853e+02
7.903539829572682152e+01
1.766910769376152359e+02
9.536237466524110573e+01
6.902268877906628575e+01
1.003921225085603481e+02
1.007982114383501226e+02
2.018696391513144874e+02
1.001273332641443261e+02
4.267007112538497182e+01
7.595779906905133316e+01
1.540987091630961743e+02
6.688130142331233685e+01
4.440337887742732192e+01
1.553056887837099964e+02
1.311600923516645025e+02
3.717403972053218553e+01
1.298927515777659778e+02
1.452454437629218376e+02
6.033836677142852523e+01
1.021605553488125224e+02
1.369663510621586227e+02
1.178643970470506872e+02
1.651328477128076884e+02
5.086923861513007239e+01
6.998960143366142006e+01
1.081004577861795042e+02
9.904699694029527279e+01
2.303928232919593313e+02
5.134176941238605707e+01
6.405932360646009727e+01
1.414374315662904564e+02
1.538848534188893780e+02
1.103999955548461287e+02
5.497506919749529430e+01
1.408902801014813235e+02
9.686404036256499239e+01
9.473779280674082770e+01
7.821414769621122787e+01
8.257333647993382897e+01
5.692399573157479864e+01
8.419342312439555087e+01
2.401791809119653465e+02
5.355617151038445911e+01
1.118130423356005991e+02
4.321737694070432667e+01
1.313856355129506426e+02
9.941722203732645369e+01
6.046085760834272094e+01
8.370028063666259754e+01
6.643578126883174662e+01
5.036436987283128275e+01
3.421939181748795278e+01
1.066602737291229630e+02
4.400880992490043297e+01
1.033416353112404096e+02
6.671372709016677049e+01
7.752519577845656329e+01
4.792304951509350275e+01
3.195930355039848791e+02
5.154181188129295776e+01
1.691311203369620557e+02
3.111807433082730086e+02
4.314346469062047618e+01
6.079643140690814107e+01
3.539984792183825135e+01
6.116109142502859441e+01
1.158024607888653321e+02
1.247417205097995918e+02
1.382948098432858330e+02
2.264334170296999105e+02
4.585539871193305572e+01
7.994546034679606805e+01
9.610711392752169502e+01
1.620503400809307095e+02
7.083964083478178964e+01
5.669733359167724984e+01
9.857845475308090499e+01
1.262591557235228521e+02
4.514384059378610914e+02
4.707889635311162380e+01
4.277119469139362451e+01
1.501895099515541006e+02
9.893497758326456903e+01
6.751974995879974983e+01
1.230175458664507460e+02
9.694604755975052512e+01
4.331168661500487360e+01
1.517389068737181503e+02
4.466201592467380266e+01
1.360201901239515223e+02
8.288983001704863796e+01
9.657036002587894075e+01
7.680265370387208179e+01
1.541075510613134441e+02
6.422491335551085001e+01
2.127827419485378471e+02
3.705168797480783383e+01
1.934561162536134873e+02
1.334253399624275289e+02
5.667443504576930735e+01
1.182781015002203162e+02
1.172795195585161991e+02
7.969454372074541482e+01
1.178152387613547347e+02
1.009031918709035267e+02
1.505515709180825183e+02
1.525128299090416135e+02
1.455560058992250561e+02
8.415594217901568186e+01
1.783685776439259598e+02
5.854148067739890848e+01
4.723005480813561263e+01
2.177312546127303108e+02
6.746806503073771921e+01
5.185289281819910912e+01
6.235084756020911811e+01
1.336873098044945323e+02
5.971641409691913793e+01
7.544316473288300529e+01
5.624071699103188848e+01
2.008661098392287272e+02
1.757684607865577675e+02
1.196037032998170844e+02
1.650170045939124748e+02
6.799114224443420085e+01
5.024625428649547842e+01
6.033491706175432512e+01
7.638435342898156932e+01
1.019940321923486835e+02
5.239062813257624640e+01
9.763823017823803241e+01
8.869991732125717476e+01
5.522876928134618169e+01
6.524433615076053172e+01
9.149089803110321384e+01
5.121164846511817359e+01
5.633178391912453264e+01
3.366506943515744297e+02
8.220213908441456852e+01
6.555544163899058674e+01
1.645464824962245132e+02
8.619575548255652109e+01
1.871472230565308621e+02
9.653293165190281400e+01
6.672511459611982332e+01
1.657532813588862268e+02
4.564043521637748313e+01
2.083391760444209524e+02
6.697158211800540073e+01
1.196066969683203070e+02
1.071548474913949605e+02
8.991161327308141438e+01
5.857564756252558169e+01
4.861754544987229565e+01
5.853798628301927209e+01
5.688763939235446543e+01
5.962817194980596724e+01
1.734414956324808088e+02
1.584674391059331242e+02
5.485275569155845687e+01
1.273360212877631312e+02
3.317439005623777604e+01
7.330085846330909760e+01
3.310269354697847177e+01
2.984143516653550421e+01
1.625360500464094002e+02
1.108814163190205022e+02
8.821560101432757506e+01
1.109262550070927631e+02
1.507440800952673783e+02
8.855676279500376324e+01
6.316499627960126162e+01
9.924310851934437494e+01
4.015148942718519720e+01
1.208930847546953942e+02
7.948728702138507174e+01
5.595459105863461957e+01
1.262912386020289688e+02
5.334778748915251612e+01
1.557004526466619723e+02
1.144197908434834119e+02
6.122941999842417005e+01
5.675683552524777298e+01
5.269269073885764954e+01
9.199196350440494996e+01
8.287934870002045784e+01
9.711549270550356994e+01
1.543483197927888568e+02
9.760013683819035180e+01
5.084432047568818547e+01
9.231682127837450480e+01
2.217002105528283096e+02
2.006936938825027426e+02
6.353437347294486415e+01
7.576538823668603584e+01
2.301541449615937722e+02
1.259205528848991094e+02
1.152406718813524691e+02
1.101487435224595117e+02
2.853568214369093781e+01
7.020123200272310271e+01
6.996327275715914595e+01
8.266904120797327948e+01
7.347489063525418374e+01
1.206814617374294301e+02
8.944033778607548868e+01
1.820691022557887209e+02
1.033162150704038993e+02
1.756406062439132825e+02
5.108720828195908581e+01
8.510736643860384731e+01
1.092702999355068840e+02
8.333081006154249337e+01
7.462117800218534569e+01
2.715356289367060754e+02
6.489253088575136985e+01
1.127653797556738482e+02
9.508734415448573429e+01
1.069223063016764428e+02
5.052321144315073553e+01
1.017741077640506830e+02
1.861289455679151672e+02
7.927680197528188444e+01
1.206329902651655175e+02
4.825310264514654790e+01
1.218925167180811258e+02
1.197273013955884835e+02
9.593305105634375707e+01
1.485811934173535178e+02
5.964221535443073918e+01
2.367226443676148619e+02
3.890569444211856194e+02
1.108004320768460218e+02
5.404688752979222954e+01
4.757863887143138726e+01
5.752424049398944561e+01
2.732622693363778126e+02
2.437305514627127820e+02
1.113276909656974141e+02
1.143320372148903914e+02
2.766701969886289589e+02
1.017808511963680047e+02
3.388395675330640699e+01
1.972638213988199425e+02
1.480986646567126570e+02
1.788588974045573536e+02
7.753161680458686078e+01
7.338572268803967802e+01
2.958022248567610646e+01
1.530248453431400719e+02
2.545867825290470421e+02
8.269240776950431382e+01
6.349867328123915655e+01
1.651341741805098025e+02
3.342716483629825319e+01
7.035676215710756765e+01
6.883099596384701613e+01
2.301285966221835224e+02
8.715800690281142238e+01
9.740446613241304874e+01
2.540892009456158576e+02
5.703640930235485484e+01
2.440088080202789556e+01
4.877782985616466505e+01
4.287575383736486856e+02
8.038284831875594705e+01
2.218877391188800061e+02
7.635907436581889840e+01
2.076259722887459418e+02
7.473388076162387961e+01
6.545187740840391655e+01
6.292460774583455674e+01
2.410464977554574659e+02
7.480551399034953874e+01
8.372415560062249540e+01
7.368469749871752583e+01
8.645365160688960771e+01
3.741818130683495269e+01
1.505877876632428638e+02
7.323554804895491088e+01
9.572856590341363869e+01
7.550985033711744165e+01
2.150088906209865911e+02
1.357177999648590117e+02
4.773046516478446932e+01
9.990265437369868096e+01
1.242357696241789995e+02
9.435305114307301722e+01
1.585732635439516969e+02
1.122019090914158284e+02
1.180718436858017100e+02
4.619903085838128476e+01
1.162220313963458267e+02
8.943385313457844177e+01
7.659278417726923749e+01
3.306055226935411184e+01
1.565274732077746762e+02
2.757291006958326918e+01
3.349316900437430036e+02
1.249663744332843862e+02
7.292834862278783703e+01
5.257875560149511074e+01
1.152659965917793556e+02
1.209446049899504487e+02
1.447785301883292561e+02
9.395080748996294062e+01
1.355516804883115469e+02
9.573699282665764940e+02
1.206907833566261843e+02
4.763995269887330863e+01
9.663353758078157796e+01
1.970453344819511017e+02
5.059360457473290040e+01
1.129491775078150937e+02
1.726996330022463724e+02
5.588621361264505794e+01
1.077375800159445873e+02
1.011949374776238102e+02
4.862308943113519177e+01
6.113929077151588842e+01
5.186001621027749309e+01
9.840832881122122444e+01
6.408495351236074100e+01
1.227883402772758643e+02
1.956759856236477333e+02
3.004717052383275586e+02
1.185347210156628250e+02
1.424817859283695896e+02
1.832315304498404487e+02
6.797208867544232191e+01
2.777255221775268268e+01
3.937830504603169857e+02
1.702620011662294814e+02
9.020687581481126927e+01
5.666704156586445151e+01
7.857163614423534170e+01
3.562327253908027842e+02
5.539895890736524109e+01
7.980556592668067140e+01
9.404209797584023534e+01
1.922474034445467339e+02
5.550612832030842725e+01
1.969429509444941573e+02
9.733847213908936169e+01
2.614715990545087720e+02
7.109883313864636989e+01
1.226102776117002975e+02
9.078850656264397401e+01
1.534991142889791149e+02
6.617691840204217613e+01
1.717267440448465550e+02
8.035102786724930013e+01
7.322766819787879911e+01
9.665634711068447871e+01
1.174907435048908297e+02
1.079819730990858062e+02
4.704110823265857277e+01
8.759831979764237531e+01
7.286007401763623648e+01
6.333730236829605786e+01
2.430066932911385891e+02
8.477777272817576204e+01
5.338739357232442018e+01
4.956890301905220042e+01
2.530619111138026938e+02
1.453796142477714000e+02
1.466957989079325273e+02
1.953491698128187579e+02
4.057748334011050417e+01
1.246091270786500615e+02
1.336104493488103913e+02
7.384865395644965247e+01
1.158188669415089151e+02
9.793702913484287365e+01
3.324069311676238385e+02
1.094239490175906013e+02
7.359283402089246806e+01
2.324663845852554118e+02
4.434486877187205067e+01
1.872045408822252170e+02
1.298996521090164720e+02
7.729213120970496220e+01
5.125126371900831401e+01
1.742520409203313250e+02
9.846241160674409798e+01
9.721994902331091737e+01
6.341926653664576463e+01
7.662006918587213988e+01
4.526460231964320968e+01
1.611291179993334310e+02
2.977600454567368971e+01
1.074387516089375936e+02
4.498144975308888149e+01
1.919177845321908080e+02
6.904488050908906871e+01
1.383041122917407790e+02
2.101981310382090271e+02
6.082188845217785200e+01
4.078256483243227137e+01
5.350161295112615534e+01
1.094771271957606444e+02
9.899171231369901136e+01
1.087335616093846369e+02
9.499160160171810219e+01
4.757453373023621168e+01
4.013656753549560818e+01
1.672548961376743648e+02
5.453533101497571778e+01
1.078075591202389489e+02
8.060880165359044724e+01
1.139878615375483975e+02
4.396823917763662593e+01
1.781863897265797334e+02
4.434515481766609213e+01
7.453977292313747682e+01
8.702348918298915237e+01
7.035739576425574171e+01
8.934383637564384628e+01
1.760254142219735627e+02
8.656630933787216975e+01
1.162081010543694788e+02
5.447566624495602383e+01
2.603337217826880305e+02
4.984907266996103203e+01
8.335884344422879622e+01
3.756534533334925641e+01
7.756197793591773859e+01
1.801683856988778416e+02
5.607093982887589334e+01
7.114506423534257351e+01
2.670206129812102063e+02
4.515089795667446282e+01
9.534693626657586663e+01
1.086303361981448461e+02
3.831482771986213010e+01
1.326360105410797701e+02
2.049119172160452251e+02
5.314494585532430904e+01
8.964161044512910337e+01
1.388633553276501118e+02
6.291085699661501707e+01
3.406486798312761834e+02
1.986069192584955658e+02
1.527244500070980564e+02
5.501829990702994877e+01
4.786104541880225582e+01
6.621646470094250958e+01
2.881761020264429476e+02
4.727422469638547398e+01
1.086108040097896748e+02
2.776592635931582720e+01
8.787692008453959147e+01
6.605595405751901694e+01
1.981080606177455081e+02
6.879286952147774059e+01
2.929323178568142794e+01
8.292877552138534725e+01
6.031595796646018215e+01
1.361887981025904537e+02
1.657172489757597873e+02
4.295720294729714084e+01
2.670405136043643211e+02
8.265165851624728077e+01
1.949960965352875633e+02
2.035138939595901775e+02
4.973964721911457332e+01
9.136453895532299896e+01
1.074304584468168002e+02
6.321079587692342727e+01
9.555404800964542744e+01
1.095538579504077319e+02
1.294280350590715614e+02
8.810160563005503320e+01
5.983067935571382634e+01
1.163946280326060929e+02
1.366851625676104618e+02
7.868263965632002055e+01
4.333438065955118645e+01
1.182662900299275321e+02
7.121206435943845747e+01
7.554329215554245991e+01
1.370762970306276713e+02
7.131467583439876989e+01
1.162835578658161353e+02
9.776843012970435609e+01
6.289028479738612987e+01
1.667794906681573082e+02
3.664972904741640605e+02
6.238803455543090593e+01
2.327687993644223354e+02
5.237308331973878950e+01
1.530347781228578299e+02
1.284148844347123202e+02
1.977687157955680277e+02
5.476295649656847075e+01
1.614399254887481447e+02
5.012886211089094957e+01
1.233849471118958689e+02
1.888562700670690049e+02
1.090295640023404076e+02
6.591529295817598211e+01
2.434803285614944457e+02
9.586766274113841746e+01
6.586967840905182925e+01
6.775609675211018157e+01
6.194984445849696186e+01
6.293022419708384518e+01
8.375503837316411193e+01
4.869119976048950349e+01
5.410102358980605430e+01
9.204575729968530595e+01
2.274443936954382650e+02
8.111106969890438734e+01
2.893538972882461167e+02
9.130607697648466115e+01
1.111142631498775728e+02
4.067448201368264193e+01
1.899633534769177743e+02
4.144112218067508735e+01
1.188785751401948403e+02
1.078118979664734525e+02
3.047549575918975506e+02
3.652690241777177960e+01
1.405862211215647619e+02
1.205304384413616532e+02
9.204309963372521963e+01
7.315446139271436721e+01
8.210859310958090873e+01
7.437244968095573938e+01
1.050119586368762299e+02
1.574475753279074013e+02
4.037113383142894918e+01
5.044098751570390249e+01
4.518971982954889768e+02
3.584385926858658422e+01
1.327632240674180650e+02
5.557298513243618032e+01
9.206342070619366780e+01
3.024960708421031086e+01
2.276254719814043881e+02
1.052343419270079607e+02
1.076207419410998085e+02
1.132093922975267333e+02
2.137649222418655768e+02
9.542125975831464757e+01
9.046458747408279066e+01
9.781571111422856291e+01
1.024053863643546833e+02
1.291904121845318514e+02
2.544087140803201805e+02
5.772560600292864308e+01
6.242497399439677963e+01
7.451583674035141769e+01
7.738213881352268686e+01
6.079634560020363665e+01
4.247614959595866679e+01
2.877737993190585826e+02
3.007395279210770695e+02
2.138371795564628997e+02
8.712903488710256283e+01
9.202593977940664161e+01
1.129837576710731639e+02
3.906878267272610401e+02
1.664720364749781538e+02
5.028199400542707309e+01
1.184585853195302434e+02
7.809034299215304031e+01
2.085118773961766578e+02
2.067099710241161858e+02
1.496068139436722788e+02
4.600019487839040266e+01
6.178423207960683072e+01
5.331249399693663804e+01
6.623621255782487083e+01
8.279230424592657300e+01
6.229439890444402295e+01
1.415077258260448048e+02
5.674787632810601679e+01
1.102342830613423104e+02
1.316321487049605707e+02
8.887469794210615248e+01
5.354200069286017794e+01
4.573800245818673460e+01
7.306249934602985263e+01
4.591185650502217896e+01
1.105319826651663675e+02
6.289374894060178178e+01
4.712601811621006931e+01
1.794014398083315598e+02
4.953536396087481819e+01
4.245324017847844544e+01
1.273921537284504382e+02
1.800255066969226334e+02
1.571033638716688756e+02
6.704413510702183032e+01
8.080445664257939598e+01
7.687440247827878181e+01
1.101766986217006803e+02
5.621087008970976484e+01
4.946383232690898524e+01
2.154955181038617980e+02
4.398269008302531802e+01
1.797720743986422463e+02
5.839779838990978789e+01
5.563505869229924627e+01
6.201649580306379761e+01
1.743592291886437522e+02
9.770599785347370414e+01
1.351956946359674419e+02
3.112966072852935895e+01
2.396769063377532518e+02
1.159199174940771826e+02
1.485052532649276884e+02
1.874567529732166520e+02
1.620636015865158583e+02
1.162257669466889070e+02
1.445793851741654805e+02
1.221129516315681371e+02
2.294191715684328869e+02
9.344647019032198898e+01
1.465275411187891450e+02
1.547135624412585457e+02
4.780516666589987551e+01
1.912708625514360392e+02
6.983743256043642589e+01
2.217168458974523446e+02
3.106192156923848984e+02
1.007901414572588266e+02
7.358294414244753057e+01
5.343198384437753390e+01
7.293664243791634760e+01
1.455620278943380015e+02
5.943072706361900259e+01
2.779627892679150705e+02
1.236665993176247014e+02
9.513254516641960379e+01
1.132981316867342656e+02
1.452398024987334963e+02
2.192008391466267483e+02
8.428752562915636304e+01
4.649116482579439236e+01
3.407974023722074435e+02
5.633676666120967980e+01
1.773690537188423377e+02
4.912615581291498756e+01
1.642818369185381471e+02
5.258267912395795207e+01
3.984149981200224033e+01
1.133498623250499691e+02
3.142531711307912445e+01
1.933114906436645981e+02
2.240641775070990320e+02
3.223179574379052070e+01
6.223154458194353111e+01
6.933786651418547820e+01
6.975216452448653115e+01
3.290998605994448667e+01
1.043496301890776721e+02
8.981534718907002457e+01
5.197896284306493442e+01
3.389940818588883076e+02
6.497294000967924887e+01
1.344963008867088945e+02
1.090647210462585122e+02
7.111898727771060180e+01
6.421731486179555759e+01
1.725938185325975383e+02
7.689743529829338797e+01
1.000121409130848917e+02
2.321805079770757629e+02
9.349499495658163539e+01
7.513696712561399238e+01
1.026613405756508683e+02
2.011588295281613341e+02
2.770026669303663880e+02
8.482539347741061420e+01
4.746428206756182533e+01
1.363203983486848756e+02
3.346523489272539109e+02
1.947857308218629555e+02
6.739192123013134506e+01
1.045811196737679580e+02
4.999852838802126342e+01
1.120768523231842693e+02
2.489301035950320511e+02
4.935159118549329804e+01
7.944865465246891745e+01
6.601575955089826664e+01
5.017674090622571015e+01
8.928501303605195005e+01
1.161682709588712754e+02
6.166864696829053116e+01
2.626432795525565780e+02
5.995180050109883041e+01
3.783668022001891273e+01
6.868675248587271653e+01
1.010090405471210033e+02
7.986166939558751210e+01
8.241569298575772962e+01
6.865920765543172877e+01
6.444010701723657064e+01
7.504688501401668077e+01
4.574857228921962360e+01
8.045168606555719748e+01
1.532350950597310089e+02
5.343774937466055519e+01
7.485926301382737336e+01
5.388817995526328986e+01
6.257152147572789858e+01
8.112755924323950296e+01
1.926850961840333980e+02
3.883480940586949970e+01
1.374288842032434843e+02
5.852573933526091565e+01
5.186139993360481526e+01
9.011942242491220156e+01
2.737294368281123980e+02
1.413548545722818233e+02
2.158582750587364671e+02
7.871251726834422868e+01
1.720615485676084688e+02
1.788019926575038312e+02
1.395298447553454935e+02
2.151693884116936601e+02
1.582437846345504511e+02
7.322248397992214564e+01
4.485510400221119198e+01
4.797053546735455143e+01
9.434774518155236933e+01
8.031487406828786391e+01
8.728261322638637409e+01
1.237766496720957292e+02
5.204312529184910829e+01
5.709341595425026128e+01
3.596398949361154109e+02
2.500649065062535783e+02
5.564109019889637864e+01
9.400127324594318168e+01
8.068847888923622236e+01
6.588288213287171402e+01
1.558991036622300328e+02
1.985561614110594064e+02
4.491288807959574569e+01
5.630266921087292076e+01
7.153979556042274623e+01
3.210015151494775409e+01
1.351403773317544221e+02
6.795397302025867248e+01
2.758215825399137771e+02
7.413894927831469772e+01
8.067384012461576503e+01
9.294958539852962076e+01
4.665953331521910030e+01
1.755414771508399383e+02
4.374997856988155576e+01
8.141364557855611395e+01
1.078070044848371367e+02
8.259430022002388228e+01
8.372776112076570598e+01
1.409444792560715030e+02
1.348383992991921048e+02
1.603027116569017494e+02
1.475865139563134676e+02
8.722109150745312434e+01
8.992051419333634499e+01
1.461258450333865540e+02
8.494456205849569130e+01
8.282668213668014801e+01
1.293634466718040130e+02
7.908199341004188909e+01
1.280141711290795570e+02
1.697894133419330274e+02
7.354574046333917181e+01
3.643149015556958261e+02
6.228543923499091051e+01
8.447475230564647575e+01
1.479484612653853617e+02
8.718102949276834579e+01
2.188126663551372815e+02
6.301780986863138878e+01
3.508083435760102020e+01
6.513729937222693422e+01
2.368625429149709021e+02
1.464572395540339471e+02
1.735537444370605726e+02
1.234846972154212921e+02
1.101090164187474869e+02
1.689472744671502937e+02
2.665578590697650725e+02
6.702214751241011470e+01
9.458236029329405881e+01
6.603470749164461040e+01
7.696220801686557422e+01
8.571276498989908532e+01
1.158086949698705865e+02
5.707708245124678825e+01
7.372797433312598514e+01
1.916252840110702493e+02
2.717593506565569683e+01
6.418022797595858719e+01
8.969427821027639425e+01
7.403163342304107175e+01
1.345963798025938729e+02
6.941359691219842887e+01
4.577960216619420919e+01
2.766533998563602381e+02
9.509468000381224329e+01
1.200098183215699095e+02
1.237071226707009828e+02
2.014282451636004225e+02
1.375676726869502602e+02
6.743105245929493208e+01
2.469706778545030090e+02
1.447093975089525770e+02
3.708470504342720915e+02
7.402121461391016055e+01
1.261469488035360342e+02
1.062464564002443694e+02
8.299428878831800205e+01
3.540454216386589792e+01
6.894624650069150107e+01
2.886613422897363535e+01
5.473529095205379917e+02
1.136202872645894502e+02
8.118993196259427236e+01
8.634621099827032253e+01
6.025453310135303298e+01
1.186137098832181778e+02
4.057769107661939501e+01
6.820324186180505421e+01
7.911779483358587584e+01
8.038511366206081732e+01
4.531151168696821685e+01
1.660037882662439017e+02
1.261333799481190994e+02
9.740355570826442033e+01
5.317284717372222502e+01
2.034609282079572097e+02
6.277526422525652805e+01
2.800841735759715334e+02
1.064893154699418432e+02
3.651573931058688061e+01
7.282698006026450344e+01
8.154471179312898244e+01
6.620608868886421305e+01
1.021181362866618798e+02
3.650893161794501651e+01
1.450218068128127697e+02
7.838534710402498717e+01
3.342960796077178998e+01
1.516616135805618910e+02
6.004077094137839765e+01
6.781272648881345333e+01
6.721536649402357000e+01
8.458671352347950290e+01
1.501969221080513819e+02
7.079900765552150688e+01
7.880068890226972655e+01
1.466649571441080866e+02
6.361245347714322662e+01
7.040184909248611689e+01
7.190135755793261296e+01
1.846035023313239094e+02
7.849891912149418260e+01
6.362579699423932311e+01
9.109093832226412246e+01
4.917600743092521043e+01
1.322622670172503945e+02
5.235979031747407930e+01
5.183744478475340145e+01
3.889315501441625145e+01
1.573945285028454464e+02
1.307803981026793565e+02
1.012817691833068920e+02
5.492930899742295736e+01
8.182385710801182199e+01
7.099268668124040005e+01
1.250570884514082195e+02
9.653050346556885586e+01
1.120044139687765323e+02
2.748992422104175830e+02
3.699340253735296074e+02
8.372166732532052436e+01
1.627172301526584306e+02
7.321078412398172475e+01
6.240098555576058743e+02
1.110214204674619367e+02
4.583943911259500226e+01
1.065653983133664156e+02
1.168379323172701731e+02
8.344784820415036108e+01
1.194886925422636068e+02
1.110203819113874175e+02
2.260235019232224545e+02
1.565308318648976638e+02
8.945890779391908154e+01
1.038634899258239557e+02
3.931556147067317397e+01
5.924624569918010053e+01
7.450773268473838584e+01
6.346788190527200868e+01
5.037244918894632661e+01
9.625695216081288663e+01
2.128039152457945420e+02
1.788591056253420390e+02
1.705093401691690929e+02
2.703557209244669366e+02
