1.686565913705074991e+02
1.025491689051960122e+02
7.450643594323013019e+01
8.657604079120443430e+01
5.650221610128176764e+01
4.308980796167568883e+01
1.119735427543000554e+02
7.474910973430756655e+01
7.008572704407445997e+01
8.627782668781715358e+01
6.150237309634594851e+01
9.667076120151934049e+01
5.291749408568357183e+01
1.263447325071153671e+02
7.498918152535487991e+01
5.887004680873535278e+01
8.318547849900124902e+01
8.047366032131623115e+01
1.247887639898563492e+02
3.949195912463428471e+01
6.517359517840806404e+01
2.758148977941608493e+01
7.610325040190002710e+01
4.888781882965020742e+01
7.523773626112175350e+01
6.740622816496735936e+01
8.188204798746704682e+01
1.718085775783133045e+02
5.822591856481750483e+01
9.144452490652447807e+01
1.259242056511347840e+02
7.683682661581661932e+01
7.486551042040164816e+01
8.470861137877831482e+01
8.229962669962544908e+01
1.788920233942836546e+02
2.153247496620554102e+02
1.355628129730392573e+02
7.590476013761990259e+01
8.236282620616331940e+01
5.158369535210668033e+01
4.534613593419417299e+01
9.582255704611988278e+01
6.267449090589407490e+01
1.550062714857062076e+02
1.144104680925432120e+02
4.308816174147042233e+01
2.336389993524772422e+02
7.195987069820108673e+01
2.625592244923199203e+01
2.165082158356191542e+02
4.708730288598837177e+01
1.246252706142147559e+02
1.274309737331145271e+02
2.679104795872075329e+02
1.861728330752843874e+02
1.776595264749261105e+02
5.912895689971121271e+01
1.300387424034718151e+02
5.800886906403566456e+01
7.155568903327659314e+01
1.143877901280514635e+02
6.643506860971844219e+01
2.762014754634348606e+02
3.824652510853035636e+01
3.864114762910075740e+01
1.935029612450886702e+02
1.535118152127777478e+02
7.789034516458441715e+01
1.049641480831052434e+02
5.144869019602663940e+01
3.495487456383546032e+01
7.252368924516622428e+01
1.115230721409256489e+02
3.263341098157133047e+01
1.116540672029068020e+02
1.143033118884886505e+02
5.918055692254575462e+01
4.674357339349281659e+01
6.957814390205490440e+01
3.702144151759518564e+01
2.127293313001194974e+02
1.184147494409164807e+02
1.215089750377780291e+02
9.819243210534855848e+01
4.131414424235403970e+01
3.383200030781563328e+02
8.138121542671720476e+01
3.553270391356281266e+02
5.004423886908401187e+01
2.123331790258456522e+02
3.002852698233042261e+01
2.783778770375943523e+01
9.400727208663850831e+01
5.261937355986466969e+01
9.483085484119307296e+01
4.955137215699569424e+02
4.609188650050322877e+01
4.972893554171286468e+01
1.055265515985467175e+02
1.222841825554691439e+02
1.750311405565697953e+02
1.026903286783306157e+02
8.016422361725678059e+01
6.159586401876223505e+01
7.135367160295544409e+01
7.794118026908044783e+01
1.379734071849790666e+02
5.160339532398533180e+01
1.561176335449188173e+02
7.614883247747280848e+01
8.897627021586339424e+01
6.407526430369098591e+01
1.128513222038949380e+02
1.040741053989986682e+02
1.656758962682166327e+02
1.144587566183283514e+02
5.236172802787739755e+01
1.133378650691153950e+02
7.852786495804608080e+01
5.762842185669406092e+01
7.473948981549122550e+01
4.353254904330385244e+01
1.191622213067358160e+02
6.743376850591644711e+01
3.371039954565645047e+01
1.058188277516629512e+02
5.939634447837973852e+01
1.011656745594231239e+02
9.568319335023615224e+01
4.158166557799906116e+01
4.814443777265626068e+01
7.297040909454935331e+01
6.949305641415517698e+01
1.810907246188279487e+02
5.076761208765960021e+01
5.040830714233636911e+01
1.689834149528402065e+02
1.379558119977751005e+02
1.825459151725603135e+02
2.475271516389043214e+01
8.177936214047457497e+01
2.261772402571495491e+02
5.326143350923320696e+01
7.001310306516528215e+01
1.453525796564193513e+02
1.016820625752447853e+02
6.714856390077916615e+01
7.981985101553870265e+01
1.587439444135067106e+02
9.462104326854723979e+01
4.069881412059036307e+01
4.382017175672557840e+01
2.692640414891500882e+02
1.140593483739245215e+02
5.516085033374204016e+01
7.488377402067067123e+01
1.258992393199556403e+02
1.116909871243549190e+02
7.938038704868047546e+01
6.451714787049971278e+01
7.328515894939057773e+01
4.835423281658678007e+01
8.014048188537688588e+01
8.179464524761010580e+01
6.535609447811212647e+01
1.192143939894531854e+02
1.559130038162464587e+02
1.583495794736962239e+02
7.634203917673715978e+01
1.451525619390677377e+02
8.220024831135044963e+01
5.579279213201910181e+01
7.797958403150464335e+01
5.593965134945208462e+01
6.730451035373279467e+01
1.197856744518408760e+02
5.632794237521308389e+01
1.311816048300141517e+02
8.798939423027590578e+01
8.523892537375621714e+01
8.604404650862666415e+01
4.068667318476875749e+01
1.135494691613172193e+02
1.624684686015531554e+02
9.357068526463950775e+01
8.357221163156198429e+01
1.928705317989120829e+02
5.641214109505761343e+01
8.200733397207108055e+01
7.347647815832416995e+01
7.862370976096198660e+01
2.351683119575694434e+02
3.219380351984243305e+01
3.231459551899028071e+01
5.824872373593041885e+01
8.061665651563029655e+01
6.502225810009262830e+01
4.675399197341842239e+01
7.054735509091646861e+01
1.565103729139444795e+02
9.594652669774305309e+01
6.352739668397688888e+01
1.406919445860880558e+02
3.007873727902081384e+01
5.985982200192602676e+01
2.858132072331491713e+02
5.213333320404543514e+01
9.068051379526053779e+01
1.460059965257414376e+02
1.804475568789926854e+02
6.126708025637404376e+01
5.936595032537470473e+01
9.808284510482738483e+01
6.149390588326382812e+01
3.168939707552570439e+01
6.381994221245079046e+01
7.701260668727309167e+01
4.131264916084541738e+01
6.412355018989579492e+01
3.523055352404217615e+02
9.390685337624924500e+01
5.060776197825791201e+01
6.465137998725649027e+01
1.576754991316159931e+02
8.772035025234819727e+01
3.995018908361157628e+01
5.959345451556444573e+01
1.188620582427744523e+02
5.211664884750628346e+01
6.380966427304379351e+01
6.139092390810414201e+01
6.277236652968664288e+01
1.110407103942208948e+02
1.115742386543493865e+02
5.533096557739124677e+01
8.032901877461802087e+01
7.794082513378191379e+01
2.513692872720806974e+02
8.550095687774559394e+01
1.663472892329500326e+02
7.785310173209462903e+01
7.001629962249423045e+01
1.177829631203089491e+02
7.459315930164841291e+01
1.559025124208280033e+02
8.010609734210628119e+01
1.069892768840866069e+02
6.249056550877377703e+01
1.777954621262553019e+02
1.548901100658042935e+02
8.869689386720135360e+01
4.871622471793868669e+01
8.858764509547542332e+01
6.510539507024456896e+01
6.091521561625565795e+01
3.179334500232047844e+01
4.613032512710713462e+01
1.566269418655295453e+02
3.112324741999661910e+02
1.127399853520403639e+02
2.741185146159353536e+01
2.560391750721610151e+02
6.270751955692038848e+01
3.423749626309504634e+01
9.550312508752617191e+01
3.882760956748599313e+01
9.217984132607384140e+01
2.007895714724353979e+02
1.026077273848935221e+02
6.827145493030646151e+01
2.542911803546483611e+02
7.141843796168009817e+01
4.335044937448801505e+01
9.008223704434254842e+01
9.408523863152989009e+01
4.214313826931773121e+01
4.308610357407079050e+01
3.883751782074651260e+02
1.061182434525680236e+02
3.704403743674920406e+02
1.315321479244258001e+02
1.277129054993011010e+02
1.261771169636249965e+02
1.144881078071621374e+02
8.557884314683836635e+01
8.505188337141362354e+01
7.140809526337342561e+01
1.004073739150369846e+02
1.349884573871237876e+02
5.282513533912764103e+01
7.869464962089149651e+01
7.021436562810819737e+01
9.855064665707274685e+01
4.387778142523356451e+01
2.206744541290043671e+01
2.084769054550201020e+02
6.320351388338605858e+01
1.806694978594499048e+02
4.164608960048482089e+01
2.159241406609578462e+02
2.019162153599373539e+02
3.444184405917145142e+01
8.575230083516746049e+01
8.847700095312524127e+01
5.493047521782122544e+01
5.450259398183640513e+01
8.702108436163644001e+01
7.314937009704532045e+01
7.841333178092868650e+01
9.250160315301368996e+01
9.918017707619952716e+01
5.279249015250055521e+01
7.833045718515917599e+01
8.314473774448489962e+01
8.665647222375021386e+01
6.203542488343183692e+01
6.389256022788651990e+01
4.587153449097890245e+01
5.913999440189726187e+01
5.525481297852519447e+01
6.158547417520487244e+01
4.928797861551610993e+01
8.813733186772064698e+01
9.441536355824115390e+01
8.250708449289523116e+01
3.488679359162903637e+01
3.714508879925595863e+01
5.485974568574574306e+01
3.311483448304476696e+01
4.269691649059142691e+01
7.349903319450034189e+01
4.845084216982078118e+01
1.340659505019483504e+02
7.506136897358176441e+01
7.911305430205625555e+01
3.945076387144985830e+01
1.085870447052189434e+02
4.690337275957282515e+01
6.376659976970825738e+01
3.490612051540010441e+01
1.865602959595877763e+01
7.402567974226738556e+01
4.863360382213131317e+01
1.265837879638836085e+02
1.566683917430125064e+02
3.632151715962301353e+01
3.762479425478034756e+01
5.857223620509937945e+01
4.845338703633407107e+01
1.076034292847504616e+02
1.109686466306077364e+02
1.965016597147275945e+02
1.059574302043079825e+02
9.599085377750539294e+01
3.750663557016304139e+01
9.974143746576815772e+01
1.753315835919231347e+02
2.868414956421261408e+01
4.980293965513275367e+01
2.466033358096818517e+01
1.802817976822419155e+02
9.715750673220648537e+01
6.474331715381089225e+01
3.435885708173043440e+02
3.573128829932073813e+01
8.126106080682154698e+01
1.196841731033619993e+02
8.814172831897445803e+01
5.906349717502985186e+01
5.560479470057657636e+01
9.831487527945979821e+01
1.819071231832879789e+02
3.519873992479381997e+01
4.598461182549764459e+01
5.704185158871532479e+01
1.207672270059440791e+02
8.051204852866867157e+01
7.536096873766381066e+01
7.007972896908668758e+01
9.877522473549569781e+01
9.944220718502256773e+01
6.498673759675067174e+01
1.165835205102725638e+02
5.449589081647521738e+01
7.934752967441559690e+01
1.201161596136484064e+02
1.918433558240932868e+01
1.410759349321065770e+02
9.849126171395774065e+01
8.307571463753458829e+01
1.211400517946502333e+02
1.064953047624850342e+02
9.223221046988813043e+01
1.722893688902139786e+01
4.472880012173445863e+01
8.887326445145114917e+01
2.615877925721177917e+02
7.908140642710819179e+01
4.602673209242053076e+01
1.101162205874616404e+02
1.580471317357003613e+02
1.014354247816172716e+02
5.357987303090867925e+01
7.746963026488707271e+01
4.122776478413796752e+01
1.254130640563910788e+02
1.465155649267147737e+02
7.923858784264234600e+01
9.714664094164537289e+01
1.215397753803493686e+02
3.677571974653366738e+01
3.138948151910433353e+02
5.083658924151703218e+01
7.486013252527128259e+01
6.631309096816798387e+01
6.024851362678793265e+01
3.990834962504344219e+01
2.149161892100841698e+01
4.944306128250867971e+01
2.452485840819574605e+02
4.007718323307932451e+01
4.881288572569030748e+01
5.995692428738345114e+01
1.514449043282818650e+02
1.043516964101599029e+02
1.490008010420434914e+02
5.741652325739417506e+01
3.091298629952693133e+01
5.609519426816777354e+01
7.105572988725374728e+01
4.586570369590351959e+01
5.925912382522803057e+01
2.407009815452667567e+02
1.012600402924143594e+02
6.430356497154375006e+01
6.133182015083966832e+01
1.431323465753704340e+02
2.028389106040882552e+02
1.182475715023106062e+02
5.326876333311974321e+01
3.510262810705578573e+01
5.246017854023087779e+01
1.374433628448554714e+02
9.302373595336705137e+01
1.763633000350774580e+02
6.414093927373203030e+01
4.803663498792568731e+01
1.401030413560403076e+02
2.257448316690080219e+02
1.421211168148341812e+02
1.058879060755629382e+02
9.452302528904773737e+01
1.304842370715955440e+02
3.848968882542909853e+01
7.746311704249953323e+01
2.709716661328512259e+02
4.108878336937718245e+01
9.988798193246188362e+01
5.994144847361360462e+01
1.053123479639565545e+02
9.067380541341231037e+01
3.263985931191967182e+01
1.171649878586201936e+02
1.422623030571890865e+02
9.136186287914752313e+01
4.296233769746289255e+01
6.085295938833621676e+01
9.949727584403596836e+01
6.676165696494101098e+01
1.128437446617221127e+02
1.103308511695535543e+02
3.275495985038126179e+01
1.288409788265029192e+02
6.204097336734500345e+01
9.717575499401877437e+01
6.244081123881168338e+01
1.307447786582266360e+02
9.087870457209034214e+01
4.193294855040130642e+01
1.059458613604784887e+02
3.754621334152704293e+01
5.595679743673156992e+01
1.010626249363766078e+02
5.382207048647760672e+01
9.535784535681644059e+01
5.535140145235201317e+02
7.707687852968105346e+01
1.706600529532165922e+02
7.863573048993157499e+01
5.872430538688644219e+01
6.704792810677822956e+01
7.787880337203520753e+01
3.821171191150268953e+01
3.764463627163134163e+01
5.689950857060726719e+01
5.781265894908406722e+01
1.050258357263968918e+02
1.733731678285049327e+02
1.035991388227769647e+02
2.354399354562643509e+01
6.615049285099388499e+01
6.256263485291647441e+01
6.655663456517912380e+01
6.599180698270146195e+01
6.509894207529104904e+01
7.741618809486064379e+01
1.015646234052372705e+02
5.113028796487707694e+01
2.612121370151308497e+01
6.557599781543591178e+01
7.037971117259859000e+01
2.082852422701052433e+02
3.443568376094037831e+01
1.027008984812163419e+02
1.215304948460739212e+02
1.996341917198915326e+02
1.194034965744981349e+02
5.279113600739441381e+01
9.017985773223868762e+01
6.038077035859305397e+01
6.647667318701689965e+01
1.591557497731722606e+02
2.002914024487475615e+02
6.431392433230804784e+01
3.593667174182071022e+01
6.836390707364840580e+01
1.315950097546632662e+02
5.891566264217093618e+01
2.776975158274717970e+01
1.863887081935274921e+02
8.870438589036723442e+01
5.950181293429331930e+01
7.406162239859078511e+01
2.222015166324656832e+02
7.711823213867842242e+01
1.477530883904458676e+02
2.259009693430989500e+02
6.749180357290366317e+01
1.562755948954157930e+02
1.138957581355969495e+02
5.268267651533616203e+01
1.123532990690384850e+02
5.062017338585325632e+01
1.105654169822645514e+02
1.058459874838463861e+02
6.447852674820346408e+01
1.657273404298262847e+02
6.314512470620506690e+01
3.542995672875095181e+01
7.899026732305513576e+01
1.982373190575918898e+02
2.366397185392542610e+02
3.371503557034951370e+01
8.761931013543161839e+01
3.539975240381130561e+01
1.125726206088125423e+02
2.766571728480753123e+01
3.856283085532176358e+01
2.259579804668957195e+02
3.997578592591922870e+02
1.086310993103038953e+02
5.826028941626383784e+01
6.221054769628545955e+01
1.241180260645979843e+02
6.262750178271654988e+01
9.943271436848500855e+01
1.939692154765806436e+02
5.623787120749255308e+01
3.625689285672033435e+01
1.954753999412706946e+02
4.376634292807242588e+01
9.045627327425843589e+01
5.382893986046241963e+01
1.204479626097180613e+02
6.620774177921764192e+01
1.244054082214204868e+02
7.335816715742794258e+01
1.861697830788614851e+02
7.209545297045728773e+01
5.996408836960789301e+01
6.193785641806289277e+01
1.984157365107479336e+02
6.873661939809882426e+01
8.349277351877690023e+01
2.596923155409118777e+01
9.438796724518084602e+01
1.170934940589021807e+02
9.215183327547299541e+01
3.046867888595730989e+01
1.091241240247458677e+02
1.276192296199776592e+02
1.016660943596943127e+02
5.836450638106043698e+01
9.507432951586280012e+01
4.445445274186091922e+01
5.772120788035596917e+01
1.193176179757372068e+02
8.701880881276176183e+01
7.221242528212704315e+01
6.156888183823365779e+01
1.252305689603076928e+02
2.021118953829775649e+02
1.266957710478087193e+02
5.732128016331596143e+01
4.282406122047964914e+01
2.515628152052529458e+02
3.813172966778610373e+01
5.691593527745071412e+01
7.308538381480144608e+01
1.350213007496748219e+02
5.956721234993150205e+01
8.163294488341854560e+01
1.494584439440213259e+02
3.150485892592330472e+01
6.460165823729082035e+01
1.099745495693204163e+02
6.336862277655635722e+01
1.080992346264969370e+02
1.234145230675993616e+02
5.810699195619461932e+01
1.584659409605291103e+02
5.394474148166050043e+01
2.828578310908141091e+01
5.964527745989079932e+01
3.282768077817041075e+01
8.190152309815054821e+01
8.750991888004722341e+01
1.437137056883466073e+02
9.200785727690649196e+01
1.525701236842338631e+02
1.406285591300108422e+02
6.380569962040910070e+01
8.758495785578979564e+01
8.974632101642204418e+01
3.253467967138711714e+01
1.288679861032368024e+02
9.091512542740011327e+01
5.328893472278362964e+01
5.076792456968729539e+01
5.709304410673528452e+01
1.362987600481728805e+02
6.574674926166592570e+01
1.202385987764583177e+02
3.907241303183182168e+01
1.482280660631519709e+02
4.168235465140467255e+01
1.053953574532107780e+02
4.346508149632398244e+01
6.984150801082952853e+01
6.020935997071923396e+01
1.079953786654470775e+02
3.666369550276961320e+01
6.747792044514173426e+01
7.359565815126444477e+01
4.728558589558182490e+01
8.467384337203471034e+01
6.936991102336610027e+01
6.290867704037174235e+01
3.917551868025569917e+01
3.031233558920912330e+01
1.062807502940065945e+02
5.567575576119204328e+01
2.870970079938675568e+01
5.928246952083725319e+01
6.118137942812122532e+01
6.159579446293246718e+01
7.334932097251932248e+01
1.068107466974369402e+02
2.007378402182036439e+02
1.173890890230986059e+02
5.532412551660005562e+01
2.454144879803522272e+01
1.521481600116380264e+02
1.383094189764553619e+02
1.239872941604336773e+02
5.812629399337592417e+01
9.190173163790663580e+01
3.085572035050246242e+01
4.686690645607978922e+01
9.573290774507566425e+01
3.372649102146602473e+01
7.310297458578982344e+01
8.429499200194617003e+01
8.452861683353727074e+01
2.395716595009586456e+02
4.599394699070857229e+01
1.918370005004970835e+02
9.886565033232150768e+01
9.599228513753524794e+01
4.908655294727869034e+01
8.882579043535228891e+01
1.478494424602871220e+02
5.135654695515444956e+01
9.947031971244508952e+01
9.851554999926248968e+01
2.781109675981997498e+02
1.252147169317452295e+02
7.980791376291607264e+01
5.326429503184943570e+01
3.524043092166782287e+01
8.305532369223850253e+01
1.213242463194388989e+02
5.376208171706210237e+01
7.112772808420248793e+01
6.124310904274967982e+01
1.187776373061179243e+02
9.304149070229517804e+01
1.230450316362217791e+02
6.244314298253980411e+01
5.541532955245157410e+01
6.617722372700526989e+01
5.393255310048598261e+01
5.072702775961065669e+01
1.882417494340282076e+02
3.957074737402270870e+01
4.848640646496013318e+01
3.943209666203630093e+01
9.657934677597695838e+01
7.703746201663467730e+01
1.555912664980723719e+02
6.442897977662725850e+01
6.430070678722195510e+01
3.967497561168528364e+01
1.136641042828647983e+02
9.003038155091614669e+01
4.617468050890069975e+01
1.314608145122868734e+02
4.190118420108395725e+01
2.820068063928669488e+01
1.470462260919298387e+02
6.595783415366445013e+01
6.431147532398821909e+01
6.778122657453485544e+01
3.235767575559648890e+01
1.543479407527574949e+02
2.006795728627774054e+02
1.209616266026108207e+02
5.426601560410669123e+01
1.269071463941185982e+02
1.246599998452960705e+02
3.713035886716531309e+01
6.657485341827221248e+01
1.099885601631779366e+02
6.443753296079654547e+01
5.470648753293917110e+01
7.392644321206374514e+01
3.148609661574026575e+01
2.322332976645193696e+02
1.234996925440390498e+02
1.998474003522842395e+02
5.271558714102928889e+01
3.618533931618316757e+01
1.307806618728025114e+02
2.706196713316246019e+02
1.861347375027946782e+02
1.449206518880786803e+02
8.235162556453551019e+01
2.664758101137548465e+02
7.879566068794993328e+01
3.969816924167655259e+01
6.201816556391263191e+01
1.524812024554401262e+02
2.038579133432627799e+01
6.784832040450861257e+01
5.232455080611575227e+01
6.879510560906352623e+01
1.205182601107030536e+02
1.427686447663982392e+02
4.146715360964793007e+01
7.306751707938522600e+01
6.393269463341713532e+01
4.145535291452066531e+02
2.168868778900557714e+01
8.032913738908885648e+01
1.217073776934007867e+02
1.120502438475287761e+02
6.641585780180928111e+01
9.563065562692361254e+01
4.469828773666664290e+01
2.660301016063552382e+01
1.556631109280419594e+02
1.119021814399777952e+02
1.502446408960261977e+02
2.806211201833162860e+01
8.498030798291489418e+01
5.876489498803651657e+01
4.491331261556998555e+01
3.534587786730580916e+01
7.534317722012046659e+01
1.178124208903923602e+02
1.595404684457969609e+02
6.366434734279928165e+01
7.490493976113241104e+01
7.395722598745886955e+01
8.581818845653963024e+01
4.193950191133829719e+01
7.946612648302519233e+01
5.520231115658770449e+01
1.031920375945887400e+02
1.196970204324376397e+02
1.255383800258535274e+02
5.893899714971127679e+01
4.207010986702348276e+01
7.132597479737371771e+01
2.672885418217855147e+01
6.473747500294498991e+01
5.046059469676796283e+01
2.283837715089418623e+02
6.173511759677015931e+01
9.640210199481305153e+01
3.954666612348241301e+02
1.122028573053200233e+02
4.540414544918478157e+01
8.892238692162011660e+01
6.057682305960710067e+01
4.393588686447017722e+01
1.049337608002927311e+02
8.191814644857753080e+01
3.808685373497649351e+01
9.892923711896062855e+01
1.105434187933299626e+02
5.302078559433438443e+01
3.965610739844189681e+01
1.188908379230831400e+02
1.446303005396364938e+02
2.416578673811555689e+02
3.405484072335928403e+01
1.296586086032935725e+02
5.594847710610777369e+01
4.793677911088092003e+01
1.084462715736270866e+02
4.695999093863593998e+02
4.542326157812406109e+02
6.690877603867386370e+01
6.384987692527565173e+01
4.156806325524678414e+01
5.949216547910516084e+01
4.981433399520502547e+01
1.356147723550878368e+02
3.750355399002613410e+01
1.988810471069525576e+01
8.301785874438726864e+01
6.020059776288937314e+01
1.599935166694264694e+02
2.815493689283762819e+02
4.781212626349906003e+01
1.011724682892862290e+02
4.229407799002597557e+01
1.545232566115033706e+02
5.280290050213799447e+01
8.272764147280982172e+01
1.127852856741729255e+02
5.477136168570138608e+01
9.255942238841349479e+01
8.117600339256644304e+01
1.439119209277538118e+02
4.498482712689026641e+01
9.092688187107175679e+01
3.598368488951301458e+01
3.575778563104088192e+01
5.462280512053672510e+01
1.461343777028460238e+02
5.781801727957136450e+01
1.027093287421364494e+02
5.854636109158045798e+01
4.815619331740980869e+01
1.171640657802896754e+02
6.851740813671698049e+01
3.140482896850467398e+01
1.714009328856140542e+02
4.700529927090044424e+01
6.278373576174785597e+01
3.002704606607569815e+01
5.465558114583121352e+01
5.722972807409140472e+01
1.153165892838045608e+02
8.754173755594446504e+01
2.848765788858624148e+01
6.890429609888435891e+01
5.953752762678309551e+01
1.215461080822151843e+02
7.618909282584175457e+01
4.068070259304110436e+01
2.483565577206880448e+02
1.676223310800138222e+02
3.386703565643194906e+02
2.570521396604542588e+02
9.030819982056782180e+01
1.506782605464803453e+02
9.849339572427493295e+01
1.760398038696529852e+02
1.374826964425926974e+02
6.909476793586813415e+01
7.229744070506109210e+01
3.107356546992070179e+01
6.349103488414479557e+01
3.832743496940172889e+01
3.307462154632032281e+01
1.854905714217756696e+01
9.433575631309990683e+01
6.606413191510068827e+01
7.854189810591233822e+01
2.725021179666700846e+02
6.326481826036171441e+01
4.641862486826028800e+01
1.022708029695614727e+02
1.228881335504857617e+02
7.470007598088650980e+01
8.736214229958859789e+01
5.216552699916402958e+01
5.967647821892973781e+01
6.885258153920601671e+02
6.209702979623506991e+01
7.722803014948500788e+01
9.737443671208826856e+01
1.621196831430868031e+02
8.484963592842328239e+01
1.094034091586254220e+02
1.102636419921478534e+02
1.171829682166089412e+02
7.406157478417290463e+01
8.091331999171812583e+01
1.839856758248824349e+02
8.312812769232672849e+01
1.006273672083308668e+02
1.318499392877361061e+02
3.915799255658289724e+01
7.229546371017849538e+01
1.108717221546284577e+02
1.452706122746191966e+02
8.471240538985946955e+01
9.458429138705171226e+02
5.804527380987532581e+01
8.914479507573739170e+01
1.164324429309922948e+02
4.369981485492673556e+01
4.167909666471682328e+01
6.818351552131011317e+01
8.750897831507965918e+01
1.495941499422430923e+02
3.976505831279721548e+01
6.900249973419832372e+01
1.139535313989530607e+02
1.464166249712423848e+02
7.392150126748974515e+01
2.579070433130610240e+01
5.524705128289539147e+01
6.008608092318849714e+01
1.280374109476308035e+02
7.321064367443624121e+01
5.895565113124927592e+01
4.068955097441754987e+01
5.041101939321904268e+01
1.466545353043388502e+02
1.074969281170848063e+02
5.773072271122982357e+01
4.630639045090573802e+01
5.462774341003387235e+01
3.154182043161511828e+01
6.162232579954796563e+01
3.345689947386961194e+01
4.519145342639839669e+01
1.510250913403945106e+02
1.528717155085381592e+02
6.832816354499917111e+01
1.769512166608901964e+02
2.020137861039583242e+02
7.948384112386645484e+01
5.576932331917553398e+01
2.829890408390220813e+01
4.485578706631120127e+01
8.829299804018752695e+01
1.395411254640649190e+02
7.569480314000183796e+01
1.775867369722416811e+02
1.489070276866439144e+02
3.590986157367019587e+02
1.260906323679623142e+02
3.501297792455999769e+01
5.283867820910435142e+01
5.576367440553107713e+01
9.904544274247098201e+01
2.238421446197690301e+01
5.539007169652682450e+01
1.140151833198571438e+02
6.807787017668920271e+01
9.863568606259111959e+01
1.486384419324462840e+02
3.295791094252222706e+02
7.722648924884828148e+01
5.270474060055528298e+01
1.051803737058630475e+02
9.685017550593904900e+01
1.509496188427884533e+02
3.046323624065586344e+01
9.382570279679464420e+01
8.738760077067703946e+01
1.498288584071528362e+02
2.084874445049723590e+02
4.482682583839331159e+01
3.799123042029800246e+01
3.741576581978851834e+01
7.539699199841285804e+01
1.059837326249119229e+02
1.005726939780722802e+02
1.144345418151659430e+02
1.278714572721403329e+02
1.392082529972892360e+02
1.393184021864342697e+02
