5.691964576108529883e+01
2.199304970250199460e+02
3.095310154756382559e+01
3.376943150497950796e+01
5.656536327830670530e+01
3.493675456441640392e+01
6.668926601572844959e+01
4.839000861800261077e+01
5.742834024732155029e+01
4.769009665477135940e+01
3.590345135864043158e+01
8.631962562167709052e+01
6.034600991812758508e+01
3.362150505202689033e+01
8.858033567964260158e+01
6.127631346320630001e+01
3.809200826831865072e+01
4.377457218175194953e+01
1.961540118869544926e+02
7.488758702384808430e+01
1.118583287073081323e+02
5.206691266505008997e+01
5.240641355653797007e+01
5.526722224692238683e+01
6.562403955988162352e+01
4.826386798404520562e+01
6.223551696788416621e+01
5.484509789050108708e+01
4.375361905752374980e+01
2.844249467438066503e+01
5.219422287918083470e+01
5.114299325956562825e+01
5.866671423928971052e+01
2.716979947446516164e+01
1.766708027147527389e+02
1.053056546138871852e+02
7.015239339301163568e+01
6.444490178915913248e+01
1.203129105942958859e+02
3.719910517313671505e+01
4.317537170550355086e+01
2.116606716375827446e+01
1.664323193674142658e+02
4.551482661013672981e+01
7.840870363725777281e+01
4.047657809059515444e+01
4.564434395346902562e+01
9.218772477866575343e+01
1.202113768033332235e+02
2.165486237093925936e+01
3.432833094995697820e+01
7.251060904982728061e+01
6.930580942639797115e+01
2.777068504171423768e+01
2.633884835787617007e+01
1.012277337938890298e+02
7.015382317925511302e+01
6.325246276424419278e+01
4.828425281440519967e+01
7.713320146547104628e+01
1.511801240213802373e+02
4.328045385242280219e+01
1.957759186840450809e+02
7.878888004895465258e+01
6.228327855570739047e+01
5.309162505663418585e+01
6.266069457446927515e+01
4.928557361158360095e+01
3.684448063815902685e+01
1.953308974325189595e+01
3.111203889361337360e+01
1.038199133353960377e+02
6.594815578144891788e+01
1.108547559470935369e+02
2.492335378159629400e+01
1.065769766888084860e+02
6.174016759536466736e+01
7.828516474164440808e+01
1.957981915756886693e+01
6.020694202689734453e+01
1.532133861320061783e+02
4.280132536129553245e+01
4.775795523539004961e+01
2.886874061171438299e+01
6.251215639996821238e+01
3.690539240036959967e+01
5.607731564994566043e+01
6.044067984691588435e+01
1.348074625452529745e+02
5.389061951347920143e+01
4.522121859997179172e+01
6.297834541183338075e+01
4.454726411878060333e+01
4.261152657622606910e+01
4.831633679454787966e+01
9.599070434979014976e+01
3.013755544168744649e+01
6.060270199446483730e+01
9.607946460972507907e+01
3.809319557771937070e+02
6.558508483979606751e+01
3.665499753173344999e+01
7.703178437699800440e+01
1.758359326879626963e+02
8.079085031108088799e+01
8.114166358776870425e+01
1.602626758874959592e+02
8.523039523446537657e+01
4.018269829067589427e+01
1.096161690085552181e+02
3.382940926300994278e+01
3.967442296550375147e+01
1.780003160315150694e+02
4.569795621273398467e+01
1.530286761072571551e+02
1.320763192284389618e+02
4.542286855012509506e+01
2.195025145312653692e+01
5.051387966794587925e+01
8.761343873990941233e+01
3.485374143980472894e+01
4.125688351833464651e+01
6.888020768112370718e+01
3.083369719876873916e+01
4.609414757068326196e+01
3.697226135845672701e+01
1.721513481694661607e+01
2.080011900900570865e+01
3.599908117792055151e+01
5.498215241872480874e+01
8.570800675098779209e+01
4.206486297369487914e+01
3.454671154452172033e+01
3.105102298552218087e+01
1.513454140369642573e+02
5.959413416433244493e+01
1.205832782643105077e+02
1.430847864986552906e+02
6.546983374775309983e+01
6.230349015580589622e+01
9.591748977965478673e+01
3.440644094189955382e+01
2.403268249066541955e+02
2.779452676564056901e+01
3.390146754312961974e+01
4.106421659056319839e+01
2.938940015986175922e+02
5.829293663115259250e+01
5.980914916292374528e+01
1.556463392134386936e+02
1.011156644936845339e+02
4.642025655178394317e+01
6.890447043088133228e+01
1.103862542208635489e+02
1.786166262953502937e+01
1.357653086112272547e+02
3.937972256992971865e+01
3.465194891706955360e+01
3.494176816128607044e+01
7.313049911077085596e+01
4.845877524551746518e+01
4.566260606180661341e+01
2.040725897710337335e+02
1.340439456327539460e+02
5.509586813530070515e+01
7.748520895534244346e+01
4.007629949753124521e+01
3.697511415123747014e+01
3.801367757324264574e+01
3.300650965429016281e+01
3.070330704301931490e+01
8.560968932598052561e+01
7.683067111704595220e+01
4.153026556293582416e+01
8.941225686272122175e+01
2.786582892166332499e+02
2.007661035843795716e+01
7.968490731467156252e+01
8.239146097845880945e+01
7.130928283174245053e+01
8.099713826441477238e+01
6.534265838291696582e+01
1.309156408102129774e+02
1.151650537665633180e+02
6.574303433281396281e+01
1.348652767751216857e+02
1.633396308937458627e+02
5.311658563704389024e+01
1.255630317048802738e+02
4.311228429734207879e+01
6.051155466543994521e+01
4.791693954321281979e+01
1.926961299719850373e+01
5.086865587422806101e+01
3.940428909450673700e+01
1.353323538098507015e+02
5.644978695021151083e+01
2.089322226795961797e+02
6.035317478731290208e+01
6.311059432985823037e+01
1.538360461526275458e+02
7.156523557677667213e+01
5.074041582300430520e+01
6.231096296804127377e+01
1.611075816272311556e+02
1.037626932559185917e+02
1.568808566066335004e+02
8.421112994178784561e+01
7.864733608032840095e+01
3.667614045116358312e+01
1.416818213077986286e+02
4.311593261226055063e+01
7.586349455633668981e+01
1.056215097400763483e+02
4.184949787123848353e+01
1.234153871493734300e+02
9.501753522031651755e+01
9.481539188781518135e+01
4.350665006389574074e+01
2.061600331695992736e+02
3.037880821152085176e+01
3.419206137453709005e+01
3.119178841464598051e+01
8.094338178735421252e+01
4.343136688926854561e+01
4.113081030436839569e+01
7.467012687386754521e+01
7.313076753064974866e+01
1.173151922808198151e+02
1.565206718195138080e+02
6.871069495415117956e+01
5.738822443863979572e+01
5.720195354360609485e+01
4.145581507987629521e+01
4.226764509946497128e+01
4.204186673676514374e+01
5.547289831573171170e+01
3.770068182598716078e+01
6.655981463523515629e+01
3.428895248068405266e+01
2.217731911756147412e+01
7.014382442212787794e+01
5.691604570275027442e+01
1.614860222718751004e+02
8.134117395456014776e+01
4.120085790636645839e+01
7.126172033374527359e+01
7.448159506415831288e+01
5.141843856225330711e+01
2.262326781995342628e+01
9.159329073081894990e+01
1.913023143748707184e+02
8.222383185349767132e+01
4.274952770156271953e+01
1.088486965882936630e+02
9.507619839643506054e+01
9.317208508628796437e+01
3.426219155942193595e+01
3.251618984813683255e+01
6.481594616704504119e+01
5.532784849310290554e+01
1.218860598179138179e+02
3.330226712596225980e+01
2.952233166182043433e+01
2.977783011559699489e+01
7.020183788661455537e+01
5.763886266710967021e+01
4.879587584735772765e+01
9.190174192243195250e+01
7.235205227240177805e+01
4.303042874276678731e+01
5.862601845451541749e+01
5.276783252501564192e+01
5.175408618578018149e+01
7.326081990030149882e+01
5.258812418778846620e+01
3.936984935939379682e+01
9.213407631426827038e+01
8.000640720818368834e+01
4.986335217518526974e+01
1.594453367012688147e+02
6.601082981094994295e+01
2.685061551826026971e+01
4.019975456159485105e+01
5.022012438416206237e+01
6.550007235102928860e+01
3.345611333328284331e+01
1.402822348120479887e+02
3.382900544080330008e+01
9.138327889391979397e+01
1.170950687766983265e+02
6.777587392856730730e+01
7.297916597792624316e+01
6.887798349350509852e+01
8.070981420399830597e+01
7.667832353594268113e+01
5.143573306351546393e+01
2.969597599149860656e+01
6.456820329655413104e+01
7.565864713200026870e+01
9.518569174795237586e+01
3.125789956230647135e+02
1.028417252978233165e+02
5.284901497224065281e+01
1.420196987560902642e+02
3.258979024864449059e+01
1.520125334189418140e+02
4.275252598424130923e+01
1.460453467690088303e+02
4.031239114460064599e+01
7.468201992465569106e+01
4.173717465709940200e+01
1.016250826385949324e+02
5.363630797609098266e+01
3.467843373046406441e+01
5.529357695492944913e+01
7.571382655770628389e+01
4.942227383573602140e+01
3.766938857354411141e+01
3.640658734725885637e+01
3.507561844046617239e+01
3.437641711849677506e+01
3.208389307268703305e+01
6.354787147271398595e+01
2.934859171064635674e+01
1.269957540490317598e+02
7.866293577023853345e+01
9.546580339744633648e+01
9.389803234091878892e+01
1.903108488961600386e+01
7.074930122350248496e+01
1.244593158730670552e+02
3.517090340985123476e+01
3.497397943036781953e+01
8.007648636837045331e+01
3.317801062300703308e+01
1.600646102470747962e+02
4.942489216768272087e+01
4.706460201917128927e+01
6.275688715278695184e+01
9.583125936326644023e+01
8.673583904407361445e+01
6.550940600595468766e+01
1.138225959664957685e+02
1.932122271774167643e+02
8.852461998737476279e+01
1.569183606956128472e+02
2.011457531445259050e+01
1.128012701679533478e+02
2.397893314694014322e+01
1.295286711274121103e+02
6.497036148920184928e+01
1.980849933563256116e+01
3.046253099420138710e+01
6.617221869234980147e+01
6.858794996700891033e+01
3.191192545879415476e+01
2.557995960146854486e+01
9.024576399783271086e+01
3.876579928627484861e+01
6.072354722167767704e+01
5.397262940913299190e+01
4.794723955100275248e+01
4.386089547098610808e+01
8.675648945119888822e+01
4.000466283754332153e+01
3.735721846876259633e+01
1.583894587273626087e+02
3.021706385923407012e+01
4.043273932572346041e+01
1.503771313173285478e+02
6.535127029139053434e+01
7.463723772985993321e+01
3.581999112561005205e+01
1.049446633248861218e+02
5.788724622686103061e+01
2.951646591752646032e+01
2.602689027854535908e+01
1.433358234532307165e+02
3.637286249271396059e+02
4.565491392545317240e+01
4.404475638413069305e+01
6.089583737391303941e+01
6.507220830851504445e+01
9.047092319302832664e+01
5.869711696985031324e+01
8.172749692651846942e+01
5.896784243694062866e+01
9.164775424502525425e+01
6.120991070167799109e+01
8.276815405289049465e+01
6.176105215137842208e+01
4.506043261870782146e+01
4.899693586819095259e+01
2.623988028072755796e+01
6.960612435150159172e+01
8.384049061968654826e+01
4.276322004958401379e+01
7.103788735731387760e+01
9.080461149291740242e+01
5.075023053495150549e+01
7.436367332407488107e+01
5.935555575120412186e+01
5.217180169923624078e+01
2.600273813415073931e+01
5.089763723869780421e+01
1.069370891597618680e+02
3.324027488244406214e+01
3.447487520665530525e+01
4.621182903524614005e+01
2.876216007979990152e+01
7.255730077861080645e+02
2.739337640902350657e+01
2.910632547084931687e+01
1.359718694993609631e+02
8.066930683204220998e+01
1.158470410339905499e+02
2.880768242312512371e+02
1.265447424002832122e+02
9.928478059735974171e+01
1.606075707306929701e+02
8.580325464937048707e+01
7.923102164605541020e+01
1.056823318698431819e+02
4.374114490906402608e+01
4.351206204905325592e+01
3.078157943297950538e+01
6.583050712377973923e+01
2.544030698458880480e+01
9.093496934259286490e+01
7.646075973759970168e+01
4.657616661183321582e+01
3.059541955895136667e+01
7.434043816722714837e+01
4.648891749139346530e+01
8.433638405289423190e+01
1.766437520724838635e+02
1.126162237418031253e+02
1.057757752249174956e+02
1.353609750281294168e+02
4.361306649250253145e+02
4.035136454160005570e+01
3.907662558420279311e+02
2.468154949325689174e+01
5.137041022079335306e+01
5.301553614653305857e+01
1.001785691438187342e+02
5.304789539856593450e+01
5.729295292777687365e+01
5.488573843610931391e+01
5.727319920258592845e+01
4.845612673601890918e+01
2.282107832462051178e+01
3.110943808988866621e+01
8.264059201911693719e+01
1.968721268187369944e+01
6.803526568945382280e+01
6.242566476408408249e+01
1.380875505789297506e+02
1.660657366753010251e+02
4.729049746241800989e+01
1.954530131796926540e+01
2.241761737380570096e+01
6.190354774990004927e+01
5.590486042687896884e+01
4.519285376999211223e+01
7.193903673105585028e+01
2.476790754853045584e+01
5.030325201512655298e+01
9.293924326093427624e+01
4.017632758338870502e+01
9.134971994838060994e+01
1.454825689037405994e+02
8.989060087282683753e+01
3.321915964424079704e+01
1.452572719161606756e+02
4.717556984969657918e+01
6.626382203702020490e+01
6.819353112121302729e+01
2.795567337282593456e+01
5.936269952857891496e+01
5.676333745337844050e+01
7.478254683603213948e+01
4.067576443909354111e+01
6.271409975534498926e+01
6.252561099196331185e+01
2.114920816310218186e+02
2.885223297015194532e+01
1.787515341583132766e+01
7.396733832049970658e+01
3.735670439199910220e+01
6.880160924666759570e+01
7.613037688217352184e+01
1.993170031103108784e+02
3.802816813652835748e+01
1.983710474075312646e+01
3.743692652158406275e+01
3.360945547909238229e+01
8.380800560709636216e+01
5.781275049725954318e+01
4.682770010375013925e+01
9.416189632018360101e+01
3.114936936525391786e+01
3.861753709862370698e+01
4.704332080818365114e+01
4.353293868091238039e+01
6.506205210539873462e+01
1.738235205515598807e+02
6.506656593838822289e+01
2.898889703477226476e+01
3.796730011179128184e+01
7.555938858871556363e+01
3.883802961676421717e+01
4.822329205034898791e+01
2.135230174786690043e+02
3.573343359829336663e+01
5.360277968888655664e+01
8.882820977773650384e+01
8.434033110799194333e+01
1.797257520121185337e+01
7.788530316345013205e+01
7.390938534158095763e+01
1.513273719097597869e+01
6.504514535659153296e+01
9.630125993779046212e+01
1.340251658722498860e+02
1.312382623017163610e+02
9.734164105887612095e+01
3.906813859831965630e+01
1.008512512110969794e+02
9.558098986947162246e+01
8.639161047103424096e+01
1.015059929601457185e+02
6.680440931289686546e+01
5.848894327556924111e+01
2.694337563043035999e+01
1.358057428397304420e+02
6.730937222928798747e+01
8.287379527572267079e+01
3.911290712469919129e+01
1.564213599036659161e+02
6.424546647634274166e+01
8.888378596363608608e+01
4.136847032419566972e+01
4.856944746848126471e+01
4.041862859801157271e+01
2.863547321154955938e+01
3.667630518553453811e+01
2.639577867293895252e+01
2.264183132250473207e+01
2.968121777136267170e+01
4.423523805151051391e+01
3.350224143594694937e+01
5.235575084286058711e+01
6.740135863407873273e+01
9.446250941906572507e+01
7.199604843900749529e+01
1.004280854168780337e+02
4.567823485990648891e+01
4.642384810576450604e+01
4.486181909910569487e+01
8.708544833305256816e+01
4.992666958295863822e+01
5.602395569539334019e+01
2.485967778464527100e+01
3.740761322216769003e+01
2.822166897181824652e+01
5.033970064297427172e+01
7.171972405310961562e+01
5.581796962526037476e+01
4.814080433565875694e+01
3.878663004316558727e+01
8.725806272613974102e+01
1.627265703677043689e+02
6.490696863390110138e+01
6.526041895959076555e+01
3.418133801439864072e+01
3.919038870764580196e+01
8.639992149497371088e+01
3.009106554783998533e+01
7.771031229671065432e+01
1.262202164082281541e+02
3.923291298222311951e+01
8.414359147226156210e+01
2.118076055350693565e+01
5.675295120081314337e+01
7.174132961982002143e+01
6.419400201271328399e+01
1.125512503269258247e+02
5.846631906231543496e+01
5.093629957849191214e+01
1.453459679724448783e+01
7.131024275011803581e+01
1.841776195726787364e+02
4.995503058117623141e+01
4.635731609279934418e+01
4.305740861595084112e+01
8.106168679258763632e+01
1.226459257394756150e+02
4.762669725994176417e+01
2.421310604420448342e+01
4.854981346025732591e+01
1.170048819319964082e+02
2.094806211748336580e+02
1.482281462491021173e+01
4.619231421874566479e+01
6.909742586917244012e+01
7.584517113785372544e+01
2.690712216377383470e+01
1.035182231458395563e+02
2.102326877508607197e+02
5.978130035330604386e+01
7.113346455052470674e+01
3.037004019503388363e+01
4.812582008104546816e+01
3.379645048752036018e+01
3.611561457236670236e+01
7.865796591887864508e+01
5.443721265812506971e+01
2.634242026522744595e+02
6.680038203224886217e+01
6.622868774389601754e+01
4.369106763898781765e+01
5.248676539132177510e+01
6.111173823934632310e+01
4.023221961149616277e+01
2.732693138232318120e+01
7.344421661452631156e+01
1.017057933435077928e+02
4.933816402714035121e+01
4.183662909829920551e+01
4.727117184534775873e+01
7.305116033308704004e+01
2.431092503612578426e+01
3.714149777395844865e+01
2.116688426713938398e+01
7.899254337951191474e+01
3.455986791901481325e+01
6.834135354701595588e+01
2.317508961860633931e+01
1.711680631829459003e+02
8.082620055723046448e+01
1.193823065131143579e+02
2.254658987420550531e+01
1.179820163706569218e+02
5.100487602392074393e+01
4.783111691051896486e+01
3.324653511117364957e+01
3.842802010472065888e+01
1.098543135726391853e+02
5.696539662142514260e+01
5.326166860176695650e+01
6.335632418136378874e+01
2.493342530827464287e+01
8.229908225561901247e+01
7.954221867191266426e+01
1.895324534662101001e+01
3.172775372556668927e+01
6.425391995386473809e+01
3.996020181051371623e+01
3.244373153760052730e+01
5.079798952366647313e+01
8.600578153420113381e+01
4.634909471683061355e+01
6.731453801668016013e+01
7.297500903080732826e+01
4.280349680607899643e+01
9.789288578972592347e+01
3.732465408433285603e+01
4.386250591256501963e+01
1.496065086026125641e+02
9.013929089252202687e+01
1.923873467554996708e+01
3.927979840845833337e+01
4.452048575421244436e+01
1.103254390269296010e+02
5.070466399999787654e+01
3.192603692212114197e+01
1.717483534505031528e+01
1.102328865116272425e+02
6.490088351814857504e+01
4.020576247992793384e+01
2.942035261133456103e+01
3.544271104966762920e+01
6.727216531606785566e+01
5.122950095759192379e+01
4.347722132524353356e+01
4.541520281526283043e+01
7.392899125040197816e+01
4.234057531024670595e+01
8.059312789824765844e+01
7.457008191489653370e+01
9.975161179363502129e+01
2.322186354067444114e+01
8.305046868185094411e+01
7.056076390892553718e+01
4.932468605633106051e+01
9.119412052507355781e+01
5.819303755131224420e+01
7.279391495409402069e+01
3.788326624600303205e+01
9.002420969799450745e+01
4.999388857369084604e+01
8.641337834727120537e+01
7.212071327621596595e+01
4.975585578905399586e+01
2.746438302754387450e+01
1.201042646090817527e+02
7.455464855232568766e+01
4.129653400875841385e+01
3.267779902375465184e+01
3.762004276544188031e+01
6.487111650464366619e+01
6.465599716814369913e+01
5.823245647884886012e+01
1.636556368368871404e+02
6.563546965737407390e+01
8.462082846806694647e+01
6.347331598835529576e+01
3.339743853917406113e+01
6.504707413393738591e+01
4.319962580403191055e+01
1.235347353558788086e+02
8.257251865067861729e+01
7.750432047139999270e+01
6.804409657583036619e+01
3.364624898188310453e+01
2.831785300512461134e+01
8.125818022353954007e+01
2.009836443819375802e+02
9.041435321065391406e+01
3.317746402065816369e+01
5.428962483713681308e+01
3.702297212551763295e+01
5.562625910178944366e+01
2.597999304972927703e+01
5.584265183004554700e+01
2.172360184820261964e+01
3.682708796642756965e+01
4.570772447799138263e+02
4.536056262935311167e+01
8.222393724684006600e+01
4.534530667205304866e+01
9.459278122673575240e+01
4.774311748984166570e+01
8.716405229869535276e+01
1.071074718513737736e+02
2.225109059095026112e+02
3.489344481582096336e+01
1.673749647475238760e+02
3.937303128058759683e+01
8.351511651411227888e+01
5.915109506814602014e+01
5.728084829319706728e+01
8.441865182154602110e+01
5.447697598664721141e+01
2.750103041174843455e+01
2.112649234413864292e+02
4.710957979923598060e+01
2.315656284678639665e+01
2.552238385620011485e+01
3.441692795329585408e+01
5.816748242799199176e+01
4.828547225730486758e+01
9.112102508761391562e+01
1.048968445381115941e+02
3.154793140197113743e+01
1.786143196298552311e+02
1.174741207321993528e+02
4.332283011726114097e+01
3.151200630114526646e+01
9.122007485206374611e+01
1.659906434112687350e+02
1.429259304593037143e+02
6.238036998485167572e+01
5.048579709185720077e+01
1.043615479699466562e+02
4.393491388213443116e+01
1.617443943797517534e+02
4.503550282029491569e+01
3.037488810995389343e+01
5.751791763901573518e+01
4.657270044516510410e+01
5.420011447721926601e+01
4.032663088779359128e+01
5.049848291438483017e+01
8.540952247105532535e+01
2.697316166622337974e+01
2.734333465413480013e+01
7.683027587757317178e+01
5.794738268725991759e+01
5.287853261233277635e+01
3.925054148583639346e+01
6.087887437961560266e+01
3.448648137829224680e+01
9.247036500671785575e+01
5.571428947599230952e+01
3.942125683575713424e+01
7.918603423675750719e+01
3.628540855985450975e+01
3.700545790328526152e+01
8.491889943695532850e+01
3.051312875095630943e+02
4.389001676564097210e+01
1.223781926677044254e+02
9.501483537253405132e+01
4.377796947770028879e+01
3.479734456245731877e+01
7.323901288657800990e+01
2.173437386255849546e+01
8.618201411637237186e+01
2.003056419222660622e+02
8.479644066300107852e+01
4.966596854936942407e+01
1.411804708914336288e+02
7.764399499218642120e+01
1.261734547053222428e+02
3.367087572441014487e+01
4.615800718409929715e+01
7.671736962377410407e+01
7.235554428958930373e+01
9.773350123240196297e+01
7.077927697577875676e+01
7.719034981655114791e+01
1.111608225163571717e+02
4.297712020976413072e+01
7.633951238079301049e+01
9.150749535214755781e+01
8.156970132780728022e+01
4.627511854680466996e+01
6.648642844649261008e+01
5.086081411108244055e+01
3.143111331589995316e+01
4.110943989714789382e+01
9.897585694365952236e+01
3.606190366724503349e+01
5.149628913784414408e+01
5.220871195316373559e+01
6.669990622111242828e+01
5.766800269922372024e+01
1.873722399221970250e+02
6.499451804642744435e+01
1.346240991533544218e+02
5.836514327964321325e+01
1.373960902771931671e+02
2.105472168437795233e+01
8.828541706699138558e+01
6.439246089321419220e+01
2.948822976726069101e+01
2.836955806578571782e+01
3.341497992599235545e+01
2.388653625451779021e+02
7.719765589990687715e+01
7.509896824070831656e+01
6.670014962734104813e+01
3.724024765073631471e+01
3.160630455032298869e+01
6.505227221233120360e+01
3.295076155612314039e+01
1.374768504238758737e+02
2.424491743566032937e+02
5.570068745910332098e+01
1.696083744850370465e+02
1.283721433127757336e+02
1.145636914001485849e+02
6.646661097555892184e+01
2.260521910631936748e+01
5.059180876927332093e+01
1.407980969995198848e+02
1.710345548842536800e+02
1.154243153966583719e+02
2.038373805405205417e+02
8.414702652124422855e+01
7.216832776274934247e+01
6.580192984908653386e+01
9.414416061462151220e+01
9.640387561168483899e+01
9.761478356300087000e+01
6.734166340217876723e+01
7.897676633544736546e+01
4.214756503240014496e+01
7.891288391159656612e+01
3.197877113127526982e+01
7.337624725179873053e+01
5.325475513686863849e+01
2.511209143825339751e+01
6.091046502643310134e+01
1.116688080966507783e+02
1.323126714773813148e+02
1.759253813443341414e+02
3.706405502473133140e+01
9.713863763477978353e+01
3.464321405705917556e+01
9.146755608405982230e+01
9.368384314620199405e+01
3.251005265931411969e+01
7.492024481287039350e+01
7.774440302387712620e+01
4.583279691820454360e+01
4.857286779662604914e+01
5.656650984493206380e+01
1.847079905584912751e+01
5.144404741195261010e+01
2.849385386386626351e+01
6.653133147339543996e+01
1.447382089961271561e+02
3.647534471600229011e+01
8.473570955827563012e+01
4.025112708429295338e+01
1.257641249637561316e+02
2.900429664175563289e+02
1.479462459072927061e+02
8.117356920128554520e+01
2.588089607370541501e+01
5.204430371606677141e+01
8.159437980382655553e+01
9.231411085651640747e+01
8.441660495353376348e+01
2.113507367797392433e+01
2.542176282527637454e+01
5.649315353430529285e+01
2.844066969663309052e+01
4.693175539302693977e+01
9.500850447257022324e+01
2.772013245558053640e+01
2.632521884226650855e+01
7.028951222365243723e+01
3.297428059466593595e+02
3.155513173640480318e+01
7.446589188995061193e+01
8.325280999032149509e+01
7.090366593917771354e+01
4.160482296989429329e+01
9.503853132714405660e+01
1.186420396616450290e+02
9.928969733677375586e+01
8.257288456583059144e+01
4.968579386035580825e+01
6.508806305789973123e+01
1.216712111132268745e+02
3.816001209306075026e+01
6.122317546796454479e+01
9.348169317423284497e+01
1.044506256654201337e+02
4.755755183889381499e+01
6.100256794237824920e+01
2.273401436309078250e+01
9.603805124464173559e+01
5.717063545044827322e+01
1.394289801441794054e+02
2.862086080509277508e+01
5.890932031518256196e+01
5.880401228497310484e+01
1.014547753449963494e+02
9.422688433800868779e+01
2.883477460073161680e+01
9.597027522067249095e+01
8.836516530750992615e+01
9.095243918019932039e+01
1.153323590178936797e+02
8.178064165495487714e+01
5.018124898160687053e+01
3.360815025865162511e+02
6.535608633503404974e+01
4.179989388677722673e+01
2.842054905720656421e+01
1.408793123087693857e+02
7.026273122374682600e+01
5.544404912042509181e+01
7.230639649033508931e+01
8.611566314753868312e+01
5.958751006945148276e+01
3.417870376812503252e+01
4.015439570913546419e+01
7.043554185176898841e+01
2.471992208012703784e+01
4.511922072765249681e+01
4.698652563449599739e+01
5.323507387664926682e+01
4.615283417665796861e+01
7.328600505681789912e+01
1.019617335174835375e+02
4.110093876063462659e+01
1.244343762377781673e+02
1.401224014072061266e+02
7.020508036502100424e+01
4.317623675895758595e+01
1.418144379190209747e+01
2.070141979251089310e+02
8.583548994737418525e+01
9.099146632219870412e+01
4.703543293574314532e+01
2.873838469596520184e+01
5.041633636636260718e+01
1.515302671777787964e+02
4.901281463267697802e+01
1.016644347110223663e+02
1.010542396200395956e+02
6.854170699636405573e+01
3.127390000741940312e+01
3.050906051106961669e+01
3.167980735772520617e+01
3.815174573913520106e+01
6.132726446752247540e+01
4.083505591927750800e+01
1.203193237287091790e+02
1.492980971982810559e+02
9.306719204229486309e+01
1.566972912648749343e+02
