1.017234699013842061e+02
1.634386179738473288e+02
6.276466690398159187e+01
3.380429964480563143e+01
2.404740585658193481e+02
7.001901992320767931e+01
9.236922638020391219e+01
1.129750846650413081e+02
5.670602218730586941e+01
9.537477242194678695e+01
6.849806728167273207e+01
1.097059373902470156e+02
7.070354013407619220e+01
7.207170904243706389e+01
5.422368641443434711e+01
1.171402941639710491e+02
4.055677811596506643e+01
8.406499804195044590e+01
4.942404405375648224e+01
6.851886359786607272e+01
8.956276341020063114e+01
9.243181672064261534e+01
1.146935424106323183e+02
5.382856361498438247e+01
2.509537980753268869e+02
1.371047352007055906e+02
1.049309816910014632e+02
1.160102116271000199e+02
5.562001533422020572e+01
4.773142895446995482e+01
1.238284334157315527e+02
5.760198150995766042e+01
8.956806822993071648e+01
6.542874949101917537e+01
3.946505089006686262e+01
1.379901843887060693e+02
5.944571367379997184e+01
2.122408367265659308e+02
1.180652829325965314e+02
4.812233975984015188e+01
1.093818957215228380e+02
1.718538584013412276e+02
6.264575988061036327e+01
4.825237148775405416e+01
1.977085119889314342e+02
8.730536995346588469e+01
6.879593808170268687e+01
5.708173247707517817e+01
1.409038133627407205e+02
1.274392597212376756e+02
4.150071272828720481e+01
4.888882885426644265e+01
4.918682291009745455e+01
5.922425289173671814e+01
1.396988832516826733e+02
1.663444040103949249e+02
1.083457548007815205e+02
7.001111055182254006e+01
6.834864896034450510e+01
9.103471389750886544e+01
9.584829161773227213e+01
6.321897233074282241e+01
1.162624889091395204e+02
4.687343307861426212e+01
9.682945352058638377e+01
6.795090795578941822e+01
1.326710354865105330e+02
7.777056959270581160e+01
9.807953128015205380e+01
1.606897420771003340e+02
6.442614158002712088e+01
7.667049163557180691e+01
1.271152348431977686e+02
3.440361931775333204e+01
1.299590276134692033e+02
1.116381105253863097e+02
6.629805344809352619e+01
6.840163056862466817e+01
9.005111466061211445e+01
5.647214264657360872e+01
5.913316470345704801e+01
1.055021833267793028e+02
1.159825112410369883e+02
6.978344318807468483e+01
1.046271438836710956e+02
1.115508055774702569e+02
1.249677824696531729e+02
1.606188929824023433e+02
1.218930390478844714e+02
1.329207607133805027e+02
5.190946524582620469e+01
5.294779135232165146e+01
5.423842858301957648e+01
1.244380638073830028e+02
8.043561282132176871e+01
5.608745190244051315e+01
6.510728810474894601e+01
7.457965276527460219e+01
6.676036785130291662e+01
3.094939946049014452e+02
9.544034108323744192e+01
8.002804595684482081e+01
7.190211102856862624e+01
3.073605341545755110e+01
8.608598978065025165e+01
6.801500008413506748e+01
1.285713636957311508e+02
5.064058631651771947e+01
1.290434639699624313e+02
1.564043340223273617e+02
8.034559349639032177e+01
1.163455178150028786e+02
1.434523151388541464e+02
6.875899353183019969e+01
8.256773026983371722e+01
4.774247178912150957e+01
8.200837387504775222e+01
1.096668711256643718e+02
1.181081731488926465e+02
5.439899047368430729e+01
8.356987282456988453e+01
1.617044680900371816e+02
6.305338157507689800e+01
5.375091447211048035e+01
9.877537769156221259e+01
1.443816938713114837e+02
4.189472498652651922e+01
2.371276465076858813e+02
9.202951312579908461e+01
1.374575290321792806e+02
1.557630286187282707e+02
4.059209509389750110e+02
9.013065377683879831e+01
7.744293892456661865e+01
6.847594508453873630e+01
7.603983814403370900e+01
6.077502368966242585e+01
8.244005921516692581e+01
6.225360411858318344e+01
6.665736490318356289e+01
7.925137609120859850e+01
1.161839757161689590e+02
5.635409432934692830e+01
4.230040843828379593e+01
1.379960969843984060e+02
7.393259997044206955e+01
6.011610338563756528e+01
3.476236045686644616e+01
6.247360394930377225e+01
8.026818166897946583e+01
2.528764399344426863e+02
4.565049296073879503e+01
1.322922240249376102e+02
1.121690364717502746e+02
5.931031304199762388e+01
2.816324888254280268e+02
5.023258029709489847e+01
4.909210158304435367e+01
1.218593282150176123e+02
1.007710384890593645e+02
2.286696557337924318e+01
6.526636329612429677e+01
1.664603222642881519e+02
4.440740563750680536e+01
2.169175340744980645e+02
2.065368478011604338e+02
1.016260216751199010e+02
4.394963116604480291e+01
9.258464091595190837e+01
5.583490495789030916e+01
1.126542042879968477e+02
7.229747980593100465e+01
3.828485642203578720e+01
2.966575469265883385e+02
1.492360256767711064e+02
4.410283424574203082e+01
4.856584334330760555e+01
7.467007679787705854e+01
3.258401882001556942e+02
7.116166025736113454e+01
3.900298985508663918e+01
1.136591198655061845e+02
2.984258096301117007e+02
1.389488981060826802e+02
4.023165669952064860e+01
4.194952462517483127e+01
8.319931918484112998e+01
9.363968509511700233e+01
5.398991524023139021e+01
2.682356780438862529e+02
1.746743573904668665e+02
1.055418225082731851e+02
1.021100285130281975e+02
1.440331210760559202e+02
4.908007760664519026e+01
1.214097884133927749e+02
4.711768100632792766e+01
6.852749622964942944e+01
9.307811588973426353e+01
8.431731760152756294e+01
8.148866759758595890e+01
6.339825923379709849e+01
5.455588855607629739e+01
2.690538489854583872e+02
9.601147651817692008e+01
6.689435032972677675e+01
1.517657018935010171e+02
7.665720069860958574e+01
3.014886630633345703e+02
7.954205460343369793e+01
1.137559573062327729e+02
7.537283504848991811e+01
5.281087200737174214e+01
7.052122889868726929e+01
5.574918670787761954e+01
9.296042724760278020e+01
6.880345828807500652e+01
1.090131551015376914e+02
7.936272967910828413e+01
5.170078145516364998e+01
5.995699540841666675e+01
1.116187470819628089e+02
7.304367190946041433e+01
1.909148555201751662e+02
1.007980524536266813e+02
1.133813259619871729e+02
5.251653487871137571e+01
6.951607436668656703e+01
1.779902419519650891e+02
9.462545349384480176e+01
8.484473300222043690e+01
2.621388061296259764e+01
1.769629756751129435e+02
1.235870207553587363e+02
8.884778069087205665e+01
9.803037251177833866e+01
5.016423511239699451e+01
1.368230473072738960e+02
1.164939057826394446e+02
5.857401314769876421e+01
5.752910318874062767e+01
1.208372636846158201e+02
9.329560515624115169e+01
5.484772953976422372e+01
7.142476890176688187e+01
7.889204783797008247e+01
1.012844043407461641e+02
8.112559510280888730e+01
5.989307874233737294e+01
1.557848240937418893e+02
8.143125490332712957e+01
1.157228623887424277e+02
8.336226624326366164e+01
6.414884475451913204e+01
8.658503897272278493e+01
6.235621961601006547e+01
1.062395449643970409e+02
8.168497745582115499e+01
4.848926411905562617e+01
1.181917420851013247e+02
3.961874623507542026e+01
9.677652524900335607e+01
1.298331199036169892e+02
1.723468279301723385e+02
8.133009071520062605e+01
1.704726921286384993e+02
7.252160833638562565e+01
1.528261991507415303e+02
1.318090957741993066e+02
5.291892099282966200e+01
2.051094491786098502e+02
1.545063826935567306e+02
8.789267902984558134e+01
6.774018805663294529e+01
7.303349571829717490e+01
5.813233439268237390e+01
1.309525982934679860e+02
1.386812005528215650e+02
6.264437390699572461e+01
6.063679398314227598e+01
6.177573727657961200e+01
1.621210297870029819e+02
1.093672760781641244e+02
1.368597327482278558e+02
7.523793976829043118e+01
1.150932502439823821e+02
9.412474506948008468e+01
6.360651149805470794e+01
5.777193888633322416e+01
4.418074541495305851e+01
2.505393996685383584e+01
1.188931657661093055e+02
9.506855092491586845e+01
5.840034679554069896e+01
9.875797067838637133e+01
1.616654610898569047e+02
9.012038234035658490e+01
8.142922858450815227e+01
9.105261189913466069e+01
5.192926111470827522e+01
5.301326021549958512e+01
1.136214039146840946e+02
4.296733630155091532e+01
8.449898879744408475e+01
1.676500311740685163e+02
8.491466896657411212e+01
9.785310689269989837e+01
1.518820616987053995e+02
4.100202374097083435e+01
4.803873466548824922e+01
6.976850309131226879e+01
8.833593857873157162e+01
1.003219613232185878e+02
9.474722989967767717e+01
1.219277563703382867e+02
5.256914890003842800e+01
1.175796545230850256e+02
3.767310604655776274e+01
1.075094989225448927e+02
6.557374483530971077e+01
3.990543746797181370e+02
2.280996931493685906e+02
7.942608196784317443e+01
1.133020226950328180e+02
3.596149244508506371e+01
5.393232033647716150e+01
4.910814633336844537e+01
4.611047920986561621e+01
1.306249786901101686e+02
1.106998710505703372e+02
3.109775416946321513e+01
3.582282072534608375e+01
3.520819060016953728e+01
9.166550289478152536e+01
6.635480729062743421e+01
4.610923122139537611e+01
1.379621426003416218e+02
1.252447467237543748e+02
6.483038762719976944e+01
4.330334284972818182e+01
6.738082031662862903e+01
6.642548028379323455e+01
1.306466629089795788e+02
1.126020866489318877e+02
3.674320610103327311e+01
8.992416556141382955e+01
3.213874927723538804e+02
1.340323114031131695e+02
8.248913988858389246e+01
1.067613339350035062e+02
6.493148589313875618e+01
6.244408435545631875e+01
5.171140586227975433e+01
1.466900543227265246e+02
1.144638671756377448e+02
3.868346796872486948e+01
1.694674945747383390e+02
1.266685958608724292e+02
3.793176352768931991e+01
5.105786459485675266e+01
7.928191835913054319e+01
1.017408602885315076e+02
1.713747851645657363e+02
1.646239903098393995e+02
9.323133173018975128e+01
8.549531981175526596e+01
3.471159074615684403e+01
1.922959106770988740e+02
1.494190915427434163e+02
8.093423035822628719e+01
7.632987426385570018e+01
5.997773663478727713e+01
7.616844895221034051e+01
3.628042917574503434e+01
5.055920250084672318e+01
8.598698932308015230e+01
5.049606130042442231e+01
6.406125715567185352e+01
1.003087069426490245e+02
5.765507770706840063e+01
5.695349912339761289e+01
5.542257471783593559e+01
1.213929190318183657e+02
1.329535727801983001e+02
1.803709502296402434e+02
3.945206352807564798e+01
1.153053618283927335e+02
6.290897190789620907e+01
7.383205783717745874e+01
1.783408340932320755e+02
3.989682250980661848e+01
4.349065448970748093e+01
6.635215908759700199e+01
8.620364851227128611e+01
6.956484467023975071e+01
3.056449045936824049e+01
3.938600324480972290e+02
1.439096845833397254e+02
9.907823978101946238e+01
1.437828013844572581e+02
7.733413545402177647e+01
1.299017262748978965e+02
2.796331638995061439e+02
5.790813778430565861e+01
7.699974616994751386e+01
9.502609600885818963e+01
1.860979555759972754e+02
4.229589710803217883e+01
6.600525756719922299e+01
5.622253542818462790e+01
3.797980307511205922e+01
9.336538595986287703e+01
7.420567825044291510e+01
9.653077289626857294e+01
6.432214735926780236e+01
5.281106135383841149e+01
6.302675690450925572e+01
1.450230312801163564e+02
1.095741381696712580e+02
5.605637858108646299e+01
1.361270130797798856e+02
1.591022858099055384e+02
1.048807386082283557e+02
9.193299672411392010e+01
8.576949286969698960e+01
2.554876894427029015e+02
1.470924354607764712e+02
1.335439137635775921e+02
1.323317877066613164e+02
9.485604343031101848e+01
9.012716182026561285e+01
1.303225286336626709e+02
3.517592002901200203e+02
5.139038265620798285e+01
2.199712211065988186e+02
2.946632919106302495e+01
3.109109945701462507e+01
9.189200086977817250e+01
4.754795432131155763e+01
4.533067327038027372e+01
6.440751368381019404e+01
2.074920777416313911e+02
2.164064259931523395e+02
1.264123951856598893e+02
8.006716108252794584e+01
7.678941655034462599e+01
5.994010395981059247e+01
6.010724667531009402e+01
1.005201901630185120e+02
1.535817215889886711e+02
1.451319542627395265e+02
7.222172945983571424e+01
4.299995632411363289e+01
4.732427510261337034e+01
7.441004826336599365e+01
1.950612308772203960e+02
7.034669557424861353e+01
5.976551696744891018e+01
9.678355556703537843e+01
5.900438821765454378e+01
6.272194127997005353e+01
2.924527493181962541e+02
4.762600209603775880e+01
2.351168682842149167e+02
2.174463585601620252e+02
1.063969104368854346e+02
9.597290927967927132e+01
7.198567881367890209e+01
6.683070760720886483e+01
7.089209354598975210e+01
9.831687492890648628e+01
6.872491043079932638e+01
1.840424585963623372e+02
6.687751685977126215e+01
1.192350231516784191e+02
7.607475249567400510e+01
7.862381272321439951e+01
5.850983564635151168e+01
8.244146108332535050e+01
7.172022421350581567e+01
9.783295722779499215e+01
5.781774558184535096e+01
9.699403739456072060e+01
1.112215234651233118e+02
8.451830034072226283e+01
4.958867038131258482e+02
6.533036884548025114e+01
1.156220563621073865e+02
1.079426897490044155e+02
9.073484741957669542e+01
1.255717428145895980e+02
1.582657186859351270e+02
4.065273341495485226e+01
7.099234544184983520e+01
9.663495008616935422e+01
1.384231122725867067e+02
2.432554379745057105e+01
5.744251041985803852e+01
5.396857669056651048e+02
6.993908870035257053e+01
9.811075263775016708e+01
1.275885749901505761e+02
2.011118339011738954e+02
8.316400850193063832e+01
9.635577078276892848e+01
7.671054690109954777e+01
1.087725655394792312e+02
5.618138145049332621e+01
3.589697421670531696e+01
1.681043482807855014e+02
3.884333523305075175e+01
1.509086692135877001e+02
1.014679216561660553e+02
6.014882329692150620e+01
4.541757414345171640e+01
8.402213373787114392e+01
5.961607883034546518e+01
9.983829073893811312e+01
6.269603727404438587e+01
5.916317834662123687e+01
3.809553150242130926e+01
5.216178331407652280e+01
1.157706905839358029e+02
2.174362349687412461e+02
6.168769053854839512e+01
1.059713384888908081e+02
1.719303984440198292e+02
8.202336990745634182e+01
2.675286018419508309e+02
7.086743766223845853e+01
4.910040672259399486e+01
8.905222084499962421e+01
4.812661634810917377e+01
2.479135527108770418e+02
2.121244968740585080e+02
7.558397978803058948e+01
3.440247666852229003e+01
2.548136157852701444e+02
7.114955482964541034e+01
1.226917256640961682e+02
1.964650741859281027e+02
2.551432286017214892e+02
7.737587877404631342e+01
4.037603431522222053e+01
1.393562809548957944e+02
2.147377593482335385e+02
1.453253480208348094e+02
6.360078690673914537e+01
7.509193331620217293e+01
1.489518090818971814e+02
8.604237599842137740e+01
1.109276049814885567e+02
1.106867542095608314e+02
8.473767084987274245e+01
1.114932928436963238e+02
5.913423737770894917e+01
8.527553148792726745e+01
2.729343296891457840e+02
5.643126574119164474e+01
3.120607885161087580e+01
7.243477817207842406e+01
3.641283414269828711e+01
1.078931804801996748e+02
1.334153272585017191e+02
1.956585821032798833e+02
1.887687811960941247e+02
1.008591737665832540e+02
7.491287981882653924e+01
6.361965252608248278e+01
5.032246431521651431e+01
1.036467529441326434e+02
1.103562571148200249e+02
8.664279138601675356e+01
7.422306491770029879e+01
2.111450066288441008e+02
4.030231221375813533e+01
9.549406704863255868e+01
1.539747041283001749e+02
1.060202631635014541e+02
7.361828663016916607e+01
5.873884861748996400e+01
1.746960598646365384e+02
1.694385594201898471e+02
2.369736508640563954e+02
1.484357941195914634e+02
8.445160793122862231e+01
1.563417109374522340e+02
1.102681702721856993e+02
1.598796369990964195e+02
9.907533559786656951e+01
1.205124530200397146e+02
1.133326389057934591e+02
1.007968158656242821e+02
1.128119534992697481e+02
1.530869210860139731e+02
1.089781085117584638e+02
5.028615443757048098e+01
1.099173154308407732e+02
4.061595188401837220e+01
7.071267502935835125e+01
2.364050593531376023e+02
9.158117307470527635e+01
4.478451553756266890e+01
8.748308349041968768e+01
1.038035259984118142e+02
4.604169245460052196e+01
6.442613898245738824e+01
5.175219423682550968e+01
1.211256443863749439e+02
6.035978961852330826e+01
1.296113649882087202e+02
4.732922821242752889e+02
3.540803504776809518e+01
5.577706711357645020e+01
5.878491781116829316e+02
1.526452449949399579e+02
7.774817507525597193e+01
5.907274535237639412e+01
7.046715514406238867e+01
1.459995352596909015e+02
1.245027692842986511e+02
2.863956012819565444e+01
1.443537768345559869e+02
9.311566637061959284e+01
7.349147873310695900e+01
9.240679996674373342e+01
1.292660502019028286e+02
1.695630145999433864e+02
1.859562003378625263e+02
9.454176441730075453e+01
1.052606043090805628e+02
2.586868703222718295e+02
4.893134287933521875e+01
2.287280538380379937e+02
5.708381009335731449e+01
1.274899762204096305e+02
4.571902841479815294e+01
3.180306716914013805e+02
9.845692569410363149e+01
1.048064631663886530e+02
4.340946972200504916e+01
8.888671424931925458e+01
1.034824799468173211e+02
1.530428312326662308e+02
5.539433996742862831e+01
5.089361946726032215e+01
1.549544631322502539e+02
1.033143864356674584e+02
9.083793993633584307e+01
9.639801853139221066e+01
8.149365948970039142e+01
1.030069196464982753e+02
3.454893300499096398e+01
7.886975924429853535e+01
6.597630232092033964e+01
2.033258019686906266e+02
4.534836492682150038e+02
1.511221418249340616e+02
7.328390825051498325e+01
7.416143744431633422e+01
8.492548559858835233e+01
1.189464233000994398e+02
2.001945268595997618e+02
8.153994575671460154e+01
6.765817206079532298e+01
1.917869522210407922e+02
2.813664043163299766e+02
8.958879265498558198e+01
7.258596451916541525e+01
1.538510204362866887e+02
4.703874843489827384e+01
9.644727515258774986e+01
4.733799699521535587e+01
1.886792664895007761e+02
3.304720911574796816e+01
1.444938609202880571e+02
8.691972209840353969e+01
6.087005756826725644e+01
1.068222363569236677e+02
6.260851092177312438e+01
7.701586075008717103e+01
5.599385188457365814e+01
1.166835043377063528e+02
6.684862560664359421e+01
4.897040815136728753e+01
1.014869364019578626e+02
1.135512716740138330e+02
2.758210320091261565e+02
2.176585781741293317e+02
2.463784937601711533e+02
4.935735408091262144e+01
1.221189951052799074e+02
7.256934968758292825e+01
1.242797984840350409e+02
1.529175607425848682e+02
7.501826110957244964e+01
5.907299888260964593e+01
4.327418073066980497e+01
2.868874887965857283e+02
2.199451588333811003e+02
5.235033240501289953e+01
8.613678284381983019e+01
1.471129084676840648e+02
7.130371507099081896e+01
3.432509610618395754e+02
1.108156921327136502e+02
7.233169531523391527e+01
7.026551538346720349e+01
9.586818888668015859e+01
6.983623284230456818e+01
1.197153116330533038e+02
1.150888496405155337e+02
4.297992710089413748e+01
3.004535550241748254e+01
8.026469163359371350e+01
4.983430707798579107e+01
5.428765773371245729e+01
3.908982369802641443e+01
9.589743133535779407e+01
1.515266053278095342e+02
9.500795199858742990e+01
3.621587311874267101e+01
1.142505210847967874e+02
1.797059864188098288e+02
1.204570176040892591e+02
2.232988254892596558e+02
7.256505235227383821e+01
3.824032488939379704e+01
6.107781618091999576e+01
1.381555359384538519e+02
4.898233432491427664e+01
4.809347603110355607e+01
1.562753169666710278e+02
5.604910612540518855e+01
1.011684421058905201e+02
8.351356369207375963e+01
5.031050922545414039e+01
9.106757413327876804e+01
4.471229215131445045e+01
1.103558246456619827e+02
1.093661944197435929e+02
7.742979959806760348e+01
5.395244475619374924e+01
1.566243958719783222e+02
6.515452764590975221e+01
3.293094673714705323e+01
3.727604985103158697e+02
3.935539982557088479e+01
8.876673981726803220e+01
2.121722485751015199e+02
7.156293785851150346e+01
1.433806780439027762e+02
3.235845296191018861e+01
5.110620969695755633e+01
1.487212277504648910e+02
1.130189245167595686e+02
8.459625505669500001e+01
9.932220426646722444e+01
2.387111058708934195e+02
7.617212204346867566e+01
5.221241658504631289e+01
6.884305330930376954e+01
3.727008944647246835e+01
2.187118891215473582e+02
7.514506853658481589e+01
4.487536657545715002e+01
2.827838724871826344e+02
6.072031209256718398e+01
4.534569265914800695e+01
3.297957465342507533e+01
9.536673177587792338e+01
9.871623883355468365e+01
1.114922881500690437e+02
1.371089477725242034e+02
8.543467701222397181e+01
1.534649719089925668e+02
6.247511411259407765e+01
6.672938484790032021e+01
5.302312887095737892e+01
1.484518319729264135e+02
1.293649663485373935e+02
2.831876387345787407e+02
1.614640870669333879e+02
3.143996013428136038e+01
4.900098298437767852e+01
8.077752398337742079e+01
1.022501594826908899e+02
4.281237410815331401e+01
1.267557380412951460e+02
9.393799746678180895e+01
2.656576392815435952e+02
2.356501649616341751e+02
1.122865300289341661e+02
6.416719938817163893e+01
3.066198230835044001e+02
1.057142943009527301e+02
7.815332937001227265e+01
6.226822512436061174e+01
9.700125141131451301e+01
1.747116834488303141e+02
6.767738095121362107e+01
1.246852229610584857e+02
8.554039342230386467e+01
5.851911739161219117e+01
3.952987174285465244e+01
1.106615396528750352e+02
6.979523030836023167e+01
4.324972470127085558e+02
1.134563100738237864e+02
1.010651774469300932e+02
1.045122205171521017e+02
7.122895338822732469e+01
1.148440258058582373e+02
6.798673683838886461e+01
2.037973912963605301e+02
7.051180634285850601e+01
1.512120738157548203e+02
6.610008350396043397e+01
3.575576652056458471e+01
4.835626832711108136e+01
1.143949936741408919e+02
7.562339353349179305e+01
1.103939668091041284e+02
3.257140681482314903e+01
1.645781487173803725e+02
8.341370567042315542e+01
9.649545040792924055e+01
4.454762395442070044e+01
2.120409777670828930e+02
8.877914205102611334e+01
7.818682176580220755e+01
4.745123344907503338e+01
1.305267289299076197e+02
1.645081629136712991e+02
4.540844001820513398e+01
1.658044652524889386e+02
8.790449961542906010e+01
1.961310072964403446e+02
6.868045950691215751e+01
7.280836705873105075e+01
8.130376534951169276e+01
8.322742291348204446e+01
8.926075540983804046e+01
9.199393025552393510e+01
3.776730165039225540e+02
1.314955557373089619e+02
2.513456057622211972e+02
2.013436052315751823e+01
1.518388732709249780e+02
5.807898184248522000e+01
4.021301746832129709e+01
5.929129081475702634e+01
1.029324254138607841e+02
8.089463430123878140e+01
4.283152624657639507e+01
6.736152885338985641e+01
7.086999631062903404e+01
1.170536315165681316e+02
2.565130345650437675e+02
8.836892359221688764e+01
8.488626477917519253e+01
1.672498670158998664e+02
2.388125421457969537e+02
4.474270087411240127e+01
3.825628388442535055e+01
1.259966609790191114e+02
7.741303362712363878e+01
2.531635257745316210e+02
1.599788872726251725e+02
6.171494412319263745e+01
6.546569231398389377e+01
3.516175686901333393e+02
9.532961504382143403e+01
9.252770411206806500e+01
5.376837457305272210e+02
6.594873452029771954e+01
6.459409445678461736e+01
4.345582799812648034e+01
1.327038368930643344e+02
5.381786204155125120e+01
8.007696574479153639e+01
9.925679868735461753e+01
1.534344053644132657e+02
1.766134872565237117e+02
6.885067077392430690e+01
5.868305306982277614e+01
1.153184676446650343e+02
1.062075563118976618e+02
1.092868852856831552e+02
6.937047606756020457e+01
9.843786429695101958e+01
6.181145528767957131e+01
1.340855303361544202e+02
1.229273249256227842e+02
8.997619016786346435e+01
7.575212761344459977e+01
5.762759902623441377e+01
8.308357508711156925e+01
5.628434766311050907e+01
7.595038320554178313e+01
2.061117219865799086e+02
3.198889352016230987e+02
4.681861578765563792e+01
6.261137575632058372e+01
1.349622163762697085e+02
4.790429239220856772e+01
4.862284002657891335e+01
1.701404499008641267e+02
2.725535280611859434e+02
3.946372478127535999e+01
5.845206190008931202e+01
6.731505238312625750e+01
9.949579953563997492e+01
1.487858128901181374e+02
7.709749278155122454e+01
2.862983497238658970e+02
5.420220616106517042e+01
8.009856628858520367e+01
1.734484784103035793e+02
1.950826398324893773e+02
4.321201369409419613e+01
3.981711054134813565e+01
1.711081265635910427e+02
8.199004583489437437e+01
9.387395472259495932e+01
8.611490435814413047e+01
1.931537024122256412e+02
1.559495006427175952e+02
4.637426698927411195e+01
4.031669879709983206e+01
1.319296104784229726e+02
4.863281818789379258e+02
7.921906380281610893e+01
1.388937665101923926e+02
4.320537317965135315e+01
7.596414715609077462e+01
1.492923174363415910e+02
9.625678854095171744e+01
6.781163912575939889e+01
1.438055851889818655e+02
2.326480267049068118e+02
3.761681548762376082e+01
7.782944055849267784e+01
2.369310567090242259e+01
8.611069920315773629e+01
8.825356899891951912e+01
4.114076595319703245e+01
7.153565836863423044e+01
7.707462398722813646e+01
1.273881580833244271e+02
1.043036284637700675e+02
7.604078679805873264e+01
7.220875555601898554e+01
1.813252556472118044e+02
1.489229233932724412e+02
1.461563031198669762e+02
6.077207554753871221e+01
9.527984553867665340e+01
1.636324760516436072e+02
4.513968640999030413e+01
1.859302092983777754e+02
1.505579724399438248e+02
6.394951150575923293e+01
7.807560684625651959e+01
2.747863511316739391e+02
1.615762239170386749e+02
7.093668223217531477e+01
1.379885410851633480e+02
8.256471702761420772e+01
1.026727003028248362e+02
7.035655547634819129e+01
8.791883615779261163e+01
3.081076819075125286e+02
4.356443292527396238e+01
1.577273098521772283e+02
1.518044671668337173e+02
3.900353973242646077e+01
1.772153241010746854e+02
1.093062319431992933e+02
6.442346845934858379e+01
8.896751360447116497e+01
2.181208856107232634e+02
5.949721773857073259e+01
3.047310959549062659e+01
9.581769266389139261e+01
1.557207986646070879e+02
9.241837242086599247e+01
5.647229669482178593e+01
5.536259011961434595e+01
8.790579310321214734e+01
7.109109929696666086e+01
6.689066025991139952e+01
1.064246847151961219e+02
8.062705260757754786e+02
1.096796135823417018e+02
1.049187136480443598e+02
5.262303687704194033e+01
1.135367795368189121e+02
4.449092467562075370e+01
1.238950244545428205e+02
6.827566595457155074e+01
4.324770037558876368e+01
9.298301427338631697e+01
7.233644857363465519e+01
1.004114242866203739e+02
1.169685519434532495e+02
9.131626872299852948e+01
3.091095764680821389e+02
3.183932690436866437e+02
