6.111468475998872663e+01
1.160907921434480699e+02
7.195490671864405385e+01
6.654426594517030935e+01
4.949012637768022671e+01
9.116806514666767214e+01
7.318873648702863477e+01
1.011071816726806816e+02
7.602770939210027734e+01
2.045203228871952490e+02
2.032762520084399682e+02
1.599235037259373655e+02
1.147708280462423147e+02
4.883433236638414598e+01
5.348347768858892692e+01
2.295497734788317601e+01
6.828987364370614443e+01
5.021711993009381558e+01
7.223860416300557574e+01
6.250239787806507508e+01
5.291710579535998704e+01
7.019997029170811231e+01
6.896051985380535143e+01
1.351347364086956304e+02
4.935156958157526219e+01
1.521296771997439237e+02
7.430889508805725541e+01
7.693802168349785120e+01
2.087419821357808303e+02
2.098304980439411054e+02
4.248728874645087217e+01
4.453184166993711557e+01
3.827454033685581436e+01
1.456827907682826719e+02
2.201547309209857985e+02
7.723902925859846391e+01
8.257307746521622960e+01
1.834171102294623950e+02
7.914114229387087107e+01
2.118421829674905155e+02
1.309393163637303701e+02
3.770992143117368300e+01
2.479741841472547748e+01
7.810907482481039210e+01
6.650068783854634091e+01
1.882026772215110952e+02
1.112858461785893098e+02
6.512561682645117855e+01
1.227860866756207088e+02
9.163253203329510654e+01
5.375616558613469920e+01
6.139131683777983284e+01
1.891480423364923809e+02
4.369129490402594485e+01
8.926714857712931916e+01
1.193957763214251173e+02
6.476492734837825083e+01
9.174022859324554702e+01
3.135925984799637334e+01
8.386366531499182031e+01
2.005716107916976227e+02
1.058279588828091136e+02
7.959892893029824279e+01
3.317124827686649269e+01
6.483254890035804863e+01
2.917555119088675752e+01
8.596976888310439335e+01
5.377589212217522174e+01
1.025037670698190198e+02
8.582975281998099604e+01
9.111486947669757797e+01
1.290640982723754178e+02
1.215085111335577608e+02
1.167258922201328488e+02
4.523715404644741511e+01
1.565637577533028377e+02
1.251621675311176318e+02
1.015843728180296779e+02
7.830784710739891352e+01
3.180311188348460405e+02
2.908200249287381567e+01
1.439755196784280145e+02
9.846928224622256209e+01
7.117308030111553308e+01
4.428964041027428777e+01
4.283882988531689051e+01
8.203220129508277125e+01
8.314162711665997563e+01
1.878990104896043931e+02
4.210241361544113659e+01
4.503847127897795843e+01
8.264021267370705459e+01
7.097235980747811368e+01
4.691490567492292030e+01
1.101965418360414333e+02
1.703216325609801345e+02
6.851587468320400376e+01
9.999706744278093140e+01
4.658526986342803866e+01
4.490202896834714608e+01
4.028119387585800126e+01
3.485088744500376379e+01
1.044816565327291897e+02
9.585508007307647915e+01
6.249003427471208738e+01
1.264824943703187330e+02
8.015869235806798088e+01
7.732939989565998928e+01
5.793459178314259361e+01
6.676020917354756534e+01
7.261573841770444915e+01
1.724765356249901629e+02
4.603980259414110776e+01
6.451796697504578049e+01
1.807131262215676060e+01
1.530741632421365068e+02
6.216313800159090164e+01
5.455251272849717736e+01
6.404548484939989805e+01
8.803710391874915331e+01
7.367045303279537904e+01
4.905917502982718759e+01
8.456945851455267871e+01
1.065856376311749329e+02
4.244081238327151340e+01
5.813555141948421578e+01
6.608575066862970004e+01
4.098288273255712966e+01
6.120040238126473042e+01
1.559985621833409937e+02
7.484099486292407732e+01
1.203111878177526961e+02
1.235485878782085081e+02
3.701116580610886331e+01
7.246972833341426679e+01
5.305770554192167765e+01
1.052121569172591506e+02
1.611396878878115047e+02
1.266920831221136865e+02
8.544288712332826208e+01
1.420978246600266459e+02
2.204238322731378616e+02
1.512561322049410251e+02
6.637714961520119061e+01
1.315495600984430951e+02
6.727834930500119981e+01
6.441809425368046504e+01
4.733602285686681199e+01
6.617096744295605504e+01
6.444490607270621751e+01
6.965460894498249900e+01
2.704197603690107243e+01
1.482858113728075296e+02
1.750755613611497949e+02
8.952141203781620504e+01
4.425039724221161208e+01
6.177603514540019347e+01
9.349378796430029581e+01
3.023560304195700610e+02
1.154457533559652518e+02
1.022175488244164683e+02
3.812490213113926529e+01
1.573380055579793577e+02
4.653993754821027551e+01
1.752237527622077380e+02
1.337032822027875341e+02
5.828727541282007252e+01
1.023223915446814374e+02
9.090449192494192232e+01
1.103144314101511299e+02
1.369481765466831860e+02
5.582479320286155655e+01
8.028127408295803491e+01
1.313033534785634515e+02
4.525443492184787431e+01
1.256116326091599547e+02
1.832789833126779797e+02
1.095428328711340953e+02
9.107495629197356379e+01
5.818410646832668220e+01
1.283491853890816969e+02
7.445507646683113023e+01
1.147228738373567154e+02
6.642550601622004081e+01
6.883024267787394024e+01
1.542450091341873986e+02
7.112798308206048148e+01
8.081250318326769388e+01
5.522778035938349461e+01
6.350027280395526930e+01
8.563128877449632625e+01
1.652707359938758600e+02
8.956464369670601400e+01
5.582802061522954062e+01
7.678667282169224961e+01
1.567059625232814994e+02
9.652514177607106660e+01
5.534769650090720461e+01
2.504254821077856548e+02
1.130685157069843996e+02
1.547323246319602674e+02
7.950735762258646844e+01
1.163359711388060589e+02
7.653560484928966900e+01
2.665027763817338879e+01
1.940805418178459263e+02
4.217256403064642711e+01
1.906480110962631045e+02
8.273529680283090215e+01
1.654875182727199956e+02
3.532987388670958495e+01
4.019815293524748512e+01
4.552952880326758844e+01
7.714488407804110182e+01
7.532934559760317939e+01
3.452689163966865067e+02
6.022686450957020554e+01
1.467381209549199355e+02
1.391649613812655559e+02
8.681194210377903175e+01
3.882505335535864788e+01
4.339944606955202744e+01
9.531459316401031856e+01
7.327629583020835469e+01
6.659349663358236171e+01
7.543400927572947978e+01
5.754997134314331220e+01
3.082411913500012588e+02
8.760633889038410871e+01
6.833876837909045321e+01
8.059447894677785484e+01
6.932473663993371815e+01
8.449471006656195016e+01
4.147019707503378783e+01
1.581657876504999081e+02
3.659658409941604873e+01
5.972990895253729349e+01
1.020109027094201650e+02
3.767617516529955424e+01
2.685016890444602922e+01
1.779975885233767201e+02
7.689075336716706488e+01
1.118537044088655676e+02
1.005207847808136421e+02
6.494118792724975719e+01
6.799583119778451135e+01
7.640200602251539408e+01
1.021328334375600804e+02
3.412834067425878715e+01
6.873094089616758140e+01
1.076754963360757529e+02
3.442108402727440364e+01
9.430454764139128088e+01
3.696221155391703661e+01
8.723131653070301184e+01
2.067720773435304693e+02
3.167643928518170782e+01
1.200456644818304284e+02
8.334937750903951326e+01
1.627905240405628433e+02
8.612989855665941263e+01
6.796960136809505570e+01
7.511335918285661251e+01
7.146887387988506646e+01
1.650723113720713400e+02
4.759996654089427466e+02
2.922111717311718735e+02
7.745307729239532080e+01
1.249875430595644161e+02
8.474130663819585152e+01
1.356184096070477381e+02
7.791223247585750755e+01
1.500840175793392177e+02
1.357421170258529060e+02
1.124870093328302403e+02
1.242589946962796432e+02
4.677141950725273745e+01
4.078667079433815701e+01
9.161496976437599926e+01
7.845768678075749847e+01
4.757466464007166707e+01
5.886390884242973698e+01
1.143682638138964478e+02
1.945484628207139792e+02
1.353854849345763114e+02
6.979923294523619859e+01
8.396555501418575318e+01
7.388636045887140824e+01
1.111774265949944152e+02
4.058997293037112541e+01
6.172104756724907304e+01
5.479930249897628158e+01
1.238409643062824017e+02
8.701289683176023004e+01
6.259913279835467392e+01
6.493195482650116901e+01
1.022584051576590838e+02
2.631783882434013435e+02
4.832830376573300413e+01
1.754090044269529756e+02
3.435198065858972427e+01
8.024773744086465399e+01
3.859000481058169640e+01
3.703738691374047676e+01
7.594576159820645955e+01
3.685000659536827072e+01
7.262230270598745108e+01
1.831588305829700403e+02
1.077016457924047188e+02
7.751402386035930192e+01
1.915309352176794988e+01
9.331402915212255778e+01
6.120176781655288067e+01
6.569638071538608415e+01
5.571862172462821405e+01
4.791215036159910312e+01
1.095781683797094956e+02
6.454973938609001607e+02
2.985810405083859678e+02
5.839165708412235745e+01
1.250733607894179613e+02
5.092838162638757638e+01
1.783524549771840100e+02
8.675130829468317017e+01
6.088299987661617507e+01
3.648559164381205733e+01
1.054885948620273268e+02
7.736184896707304404e+01
4.893656638395072491e+02
6.558651053276754794e+01
1.860787588199752918e+02
9.782831000452665648e+01
1.047279221260580329e+02
6.176078211104527327e+01
8.320868706087127009e+01
9.717805738225675327e+01
1.275642065671543577e+02
9.454089616749722325e+01
1.083431445563599453e+02
1.063604910390304781e+02
4.575441414932149087e+01
8.810831669699742008e+01
3.946292175881926312e+01
5.209980142805814296e+01
5.314373977373770686e+02
7.973829738954891866e+01
6.136049885712731111e+01
9.019079265131767897e+01
6.716560858679872581e+01
9.896578847141215363e+01
9.031107552854072651e+01
6.665284923716454557e+01
7.370144263198611156e+01
1.017779858704132181e+02
2.156175950619177399e+02
5.014043580730102434e+01
4.503135440672621570e+01
6.299672604753160243e+01
5.097923576927218647e+01
5.119852097335369479e+01
7.238751307702848408e+02
1.401040333173113481e+02
1.114036216310061604e+02
5.727796078165396665e+01
9.337942303653530018e+01
6.649450364461026197e+01
1.366036090871309057e+02
7.905670710681728508e+01
7.574268708362907887e+01
5.835192045058714427e+01
1.567699158784609779e+02
1.098438771580284765e+02
7.545930168735235100e+01
3.816927630748023148e+01
9.469493621871585276e+01
1.915430203550125157e+02
3.192142249600691173e+01
6.475117359708053755e+01
7.928611353895071545e+01
8.118988789870550704e+01
1.614818765776237228e+02
9.317529402499535252e+01
7.060998787176802693e+01
6.459085877775000029e+01
6.651777023452245885e+01
3.047588773878320012e+01
4.063077418935333185e+01
4.235656513344315499e+01
2.481117590587092181e+01
5.277780598038447124e+01
1.124939504610078416e+02
2.142900107067181352e+02
1.574235500211001124e+02
5.896313971978139534e+01
6.526377462979452559e+01
5.836355021788304498e+01
8.107549566960204857e+01
7.282215851489799263e+01
4.152780793099658041e+01
8.453587043520857947e+01
6.132118137969682437e+01
5.362844031676515755e+01
1.360752592334310407e+02
3.080778860376459249e+01
1.565492362885937325e+02
6.766162085261844084e+01
1.103537309432472995e+02
7.500519645020358439e+01
1.708105562664069055e+02
7.395609840185025519e+01
2.666753322898693312e+01
7.073412953833948791e+01
1.351936867521243073e+02
5.770859708166061353e+01
5.991060398090483119e+01
1.066261079741464215e+02
1.842459295988082033e+02
1.632947130154760202e+02
8.522580163887903382e+01
5.888518901946070372e+01
8.432405396300346467e+01
1.270189487226215874e+02
1.059966639299079390e+02
4.228677127654701451e+01
4.389601417718004228e+01
1.289323675931948969e+02
9.459294228418652040e+01
7.599541369482477648e+01
4.434247725031509191e+01
4.652842044831858175e+02
2.399904530679702930e+02
8.268757442822145265e+01
7.816614585612606447e+01
6.497541265669104860e+01
8.875107376373111379e+01
6.248504426768729303e+01
3.436288370761224797e+01
7.197308751231869905e+01
1.093975319029008375e+02
6.535657275912534203e+01
4.613809047700887334e+01
4.201250318834089370e+01
6.014536140290661592e+01
3.078515681196235221e+01
7.407928621659510782e+01
8.445410081062064478e+01
1.329182027916519360e+02
3.877063498448833201e+01
8.109752031719753518e+01
1.710025930231711300e+02
7.003643934375982383e+01
6.490940786619846392e+01
1.090393280282378612e+02
2.308906704436280961e+02
5.147768976186845435e+01
7.198821416017752028e+01
2.079763099582165964e+01
5.307741874157349571e+01
8.636374650536150455e+01
2.258634497551484444e+01
8.737295091723547102e+01
3.893126820028980717e+01
6.372822126792340214e+01
1.978182906111588579e+02
1.420925566971426406e+02
1.150282099577716792e+02
4.406033107690053043e+02
5.124765135502183000e+01
6.653313001796908566e+01
1.236964826014931162e+02
4.662852219732614856e+01
7.087436434098711402e+01
6.954921605445341015e+01
4.097642253585345884e+01
7.817354160682177167e+01
1.335257324903255096e+02
2.332666105837752824e+01
3.637163707027026049e+01
1.143381319455281329e+02
5.352224460517990678e+01
5.369242350835976652e+01
1.082490845989483006e+02
2.306305678526662106e+01
2.458825493239478277e+01
3.433726994245226365e+02
6.030058185802774773e+01
1.040230545044045272e+02
1.410653535590025456e+02
4.968517047512231244e+01
9.880302639552508026e+01
4.966871857419121739e+01
1.643914398116413338e+02
5.121789963525622369e+01
7.903242180306027365e+01
2.838876979904584914e+02
6.646336801871181876e+01
7.488567071239231154e+01
2.109747674639637012e+02
6.957933546683932491e+01
5.940984299250144574e+01
2.938320721081153053e+01
1.965819407727496326e+01
1.394425084047936636e+01
4.134098627213213462e+01
4.337492354258435512e+01
5.346404634069492801e+01
7.324690555647245560e+01
1.416760945864125745e+02
9.355422808648462762e+01
6.314239015569295077e+01
4.783541216439304833e+01
1.062648357527942551e+02
2.051236768708452303e+02
8.064659404953003730e+01
4.635858052995686762e+01
3.287909511906470783e+01
1.396336580281119950e+02
3.101658720407760228e+01
6.691309544632183304e+01
5.898530874681063807e+01
1.834522099117144194e+02
3.395174524051444820e+01
8.017648919195832491e+01
6.837661729379401265e+01
8.667556071458828626e+01
8.556994486941194111e+01
9.780597662223864575e+01
6.082028806335447513e+01
7.683265302599969004e+01
8.796047694493464064e+01
6.640640404347057313e+01
5.283341344737638678e+01
3.723077124051336995e+01
1.350071096832108708e+02
1.085976722849317042e+02
1.032953777146806544e+02
8.032720974582286999e+01
4.261232180028876826e+01
1.150862603680577081e+02
6.020997214726256175e+01
1.522252782639703526e+02
1.815459082021404811e+02
5.776440526210597426e+01
1.338043901682953276e+02
1.010692625017948529e+02
5.436614997210372024e+01
5.929163649066380515e+01
5.981063164944112032e+01
6.118072083862107036e+01
7.627367310352053664e+01
8.025814848365091336e+01
8.212787128823676142e+01
5.930958945627480716e+01
4.973354535154845735e+01
6.418458543786009329e+01
8.926094417069229792e+01
1.091104613373428691e+02
4.287244604173468332e+01
2.089410534857006780e+02
8.202774417524787509e+01
8.579910430169528013e+01
1.461278087398167997e+02
1.299427463524861253e+02
1.111255316971625575e+02
2.861685768126778839e+01
1.415824076037051213e+02
8.542181255637255788e+01
1.144322317236865132e+02
5.332911564703416474e+01
6.860413329919444436e+01
7.517189407739145679e+01
2.382398276473802525e+02
6.965120528483936369e+01
3.633601963771050691e+01
3.913825216213545843e+01
1.188572662486842546e+02
9.683723834919074136e+01
9.079980207534737247e+01
9.423853859349024731e+01
4.615486865124518090e+01
1.143536372538111010e+02
1.314706090421350098e+02
6.377695652842469798e+01
1.002861835568614737e+02
2.088782494429275118e+02
5.559923394753384684e+01
1.258048142653124302e+02
8.412230487942784407e+01
9.231538646396887771e+01
1.484199264610219302e+02
2.631655434962530649e+02
1.050966072413219479e+02
1.054076637617692285e+02
1.141731763417794241e+02
1.190876883962699679e+02
4.415751992340280907e+01
4.712691569573775752e+01
9.023081637040516512e+01
7.330082258823699703e+01
8.039233435338989864e+01
1.208313305826303576e+02
4.211072363930473728e+01
1.474340856242178575e+02
3.427152876266117687e+01
6.935180931390603121e+01
1.192865510617968425e+02
8.761118151778651963e+01
8.191489046397629181e+01
9.186958742928219124e+01
2.923501278921366975e+02
5.899128683818176455e+01
1.415900295328473533e+02
4.685644529848124762e+01
5.889974823530929626e+01
8.383541138807069615e+01
2.615026738357093450e+02
3.870270773136486042e+01
7.198573211944071204e+01
6.059085449648836175e+01
6.512491824387781492e+01
1.599065057062785513e+02
9.074300591844678365e+01
2.530886129290821529e+01
2.909112534869685263e+01
4.694021280271778807e+01
8.201925806864230140e+01
1.946151283267208782e+02
1.217265436795670013e+02
8.208113109144127861e+01
9.175395995293094131e+01
5.630942794332359824e+01
6.459395583625516224e+01
8.530596754278563765e+01
1.050074129510840208e+02
7.569652042974783512e+01
7.759829916466114241e+01
6.754832705892007993e+01
6.036655842402310412e+01
6.574870466201285524e+01
1.137881127398821093e+02
1.010939220089356070e+02
1.021356177639218004e+02
1.757804825264659314e+02
4.887822800700411108e+01
3.847818946058914236e+01
1.214453231882335587e+02
6.574736467685090702e+01
7.653530342905207817e+01
1.047029807630890872e+02
1.654083528714884892e+02
5.297768121567186483e+01
1.509842524191921882e+02
5.613416596269392045e+01
9.836662801263143763e+01
4.958179829903049551e+01
1.431828272326988838e+02
5.753123118063454910e+01
4.461454309325067413e+01
2.058662566561440315e+02
4.141561328050956803e+01
3.670381509543484100e+01
5.174566295386527059e+01
9.643183518635811424e+01
8.377305645230961773e+01
4.829980408926790147e+01
6.115677267461961009e+01
1.692209975889546740e+02
1.526911743175508320e+02
9.383905039649765456e+01
3.693227178408933042e+01
3.404608988497404880e+02
6.491539857885382503e+01
3.722195508806260733e+01
5.055333021513580150e+01
5.654105286333489744e+01
1.256625999029876510e+02
6.568417771512129377e+01
8.822765562701657416e+01
9.080022398927954441e+01
7.458353828689426734e+01
3.350931097638807188e+01
7.577829955749712099e+01
2.411886341509114402e+02
1.660672391885621551e+02
5.091346115227811708e+01
6.685404552256437682e+01
8.159100640069243582e+01
1.941914590251220716e+02
7.023131518423787156e+01
1.004627163450189755e+02
1.991465089947799072e+02
1.294236588147011844e+02
1.713938849042009167e+02
3.259874274003844619e+01
9.490416627914902392e+01
6.214080240563595225e+01
6.427219540734540715e+01
1.227006188804314348e+02
5.718668812514479072e+01
1.261434152196200245e+02
4.769401825407478412e+01
5.246176919429951369e+01
1.094863570361657708e+02
6.669586027226293368e+01
1.057269381316154409e+02
3.530337306864063862e+01
4.353098394741640931e+01
1.044232974203615640e+02
5.272652850776842115e+01
3.769536460911672293e+01
2.131704408264070025e+02
3.112995343403559190e+01
8.703627009930038128e+01
1.061277664559763565e+02
6.581737539698954720e+01
9.000707722311508974e+01
1.273775059221304957e+02
5.410790755456989132e+01
3.802839437704594161e+01
7.364088184638245593e+01
5.107271300147404958e+01
1.043988944100298824e+02
9.056305026192285368e+01
8.706355577801134871e+01
1.435936373370843455e+02
4.393985925341705467e+01
1.253930431378469166e+02
7.656910590308407905e+01
1.034444226422823050e+02
9.598591639074059856e+01
1.334855164644371825e+02
5.681387496197864095e+01
1.005175611144896237e+02
3.559573327546920751e+01
4.147516892134650845e+01
9.044554913860899603e+01
3.540676717841724042e+01
1.561974293679289758e+02
4.562080833780478173e+01
3.900261568153300118e+01
8.814953669939134784e+01
4.852588129893366897e+01
8.437394080228830262e+01
5.616021225084647028e+01
1.228854377980855475e+02
1.555472808404097123e+02
1.309431531626842684e+02
9.028608677115514070e+01
3.920967674181541440e+01
5.152167672275234622e+01
5.537364871935865551e+01
7.804907318454662857e+01
6.487145967254473078e+01
4.937379349794609595e+01
5.058090992817830056e+01
4.877155168610784131e+01
2.480925306068215974e+01
7.205932629691777436e+01
8.938398475039991808e+01
1.798939817273362110e+02
3.887153951938547181e+01
8.639661191386346673e+01
7.866227303535026749e+01
6.151181752871647035e+01
6.222311111511925930e+01
1.764805855498535436e+02
8.889212082928322900e+01
4.991118933270781355e+01
4.821662566671282946e+01
5.354569297231790870e+01
4.798839055765291306e+01
1.100658357435691954e+02
6.089306856033083193e+01
7.768225954089700735e+01
4.497799470265694310e+01
2.585774073587091593e+01
1.882335660261968542e+02
8.913744921693781009e+01
5.424189374556986110e+01
2.986246499199952709e+01
7.595413144820498985e+01
1.513668387799537527e+02
1.034800698917271546e+02
8.136759154803453953e+01
4.870518861548232792e+01
1.348871193465630256e+02
1.278820853451625226e+02
9.269946446411135810e+01
4.329934987302801375e+01
8.831829303381239527e+01
6.240198900004730831e+01
6.974433227302792204e+01
1.150228808315913085e+02
4.059398668477168570e+01
5.303003322337559666e+01
6.528243131113833897e+01
8.845085391102556116e+01
4.477550171761701847e+01
7.591002536141145640e+01
2.600397647004332953e+02
8.281175239341133931e+01
5.910438479212103857e+01
1.390285401102875937e+02
7.374945745173420164e+01
5.244133450106175331e+01
8.637411132686935389e+01
1.433971377120839463e+02
1.996064159987454900e+02
4.813982382165089291e+01
2.251794542424761403e+02
2.818382445227511539e+02
4.563788145330188684e+01
3.917718673814901109e+01
1.276565502037532838e+02
5.417959319767525272e+01
5.712001649795286085e+01
1.545539147558020829e+02
1.173418687667860922e+02
1.678503915453897832e+01
5.448502934483210680e+01
3.482322923601977749e+01
6.546552521596886720e+01
6.365469939545464939e+01
9.794281738361499379e+01
3.567948917917824048e+01
6.155046230876835267e+01
3.058021820261446777e+01
7.100391896599896313e+01
1.354207543552830657e+02
7.254695782914349422e+01
7.849712791654532396e+01
8.472549995961355762e+01
5.624432086421730759e+01
6.493518200294704457e+01
2.832429383973505992e+02
8.946561047989014526e+01
1.039040512256182893e+02
7.197730350411904965e+01
5.156912848894991441e+01
9.827181824222292050e+01
5.646615209921016287e+01
7.964532457729833936e+01
8.380297849175437364e+01
1.455315977090149886e+02
1.354499999620352355e+02
8.177804227310079455e+01
5.329248809219247107e+01
3.394574738263697355e+01
4.295700542548122769e+01
1.282179867112868408e+02
6.022465714720630814e+01
6.285177477292212700e+01
8.964020316934337984e+01
5.545361224444098980e+01
1.165176915104366628e+02
4.559880010354046220e+01
2.846268268477505785e+02
5.664020154425367792e+01
1.526354906323951184e+02
9.279281241046253115e+01
1.074422064575004043e+02
1.237588507220532108e+02
2.776168236436488002e+01
1.213547114510887894e+02
1.689153728709473228e+02
5.915955309540272111e+01
4.456837816489542803e+01
1.305096815445043887e+02
3.234559749024889896e+01
9.301755161029120700e+01
9.650206267296078977e+01
3.868313075985561511e+01
7.138974673370171331e+01
4.715478787281367090e+01
4.057088172170117701e+01
4.444662011558058623e+01
5.036850315254206123e+01
1.370903687285182286e+02
1.621054333824860407e+02
1.130235920106072598e+02
3.055795335702301827e+02
2.842583993483158338e+02
7.512926599512506698e+01
1.126955499611332385e+02
5.728740247272047270e+01
1.712951510164057538e+02
2.567013070776008377e+01
8.143350342072646697e+01
3.297792982901478922e+02
9.391287333434912910e+01
9.729004197021821199e+01
1.136702582546885338e+02
1.646128219030131561e+02
1.102333760064703227e+02
1.044493863149943564e+02
5.386615618960436080e+01
3.528954703476843235e+01
4.836844366753309288e+01
3.954067878136641525e+02
8.300276252555363499e+01
1.469264610854028774e+02
4.633200496670366419e+01
5.532163371603520829e+01
5.604535628759278865e+01
6.902193548134309253e+01
1.613329527634968201e+02
1.119778289066872077e+02
8.094367100805200721e+01
4.751912046790791067e+01
3.670908110160844728e+01
1.151079695975114134e+02
1.038145010712818532e+02
8.628701618304917531e+01
6.748019102582904338e+01
8.197778718078670579e+01
8.820485538588222596e+01
2.004063967414847411e+02
8.682508992729609076e+01
9.937244781606686672e+01
6.703709881173863039e+01
2.906040502203748943e+01
6.030252943595709070e+01
8.544774941585095007e+01
5.871259546609153546e+01
5.682312696240092009e+01
5.715935529772119850e+01
6.507585139363456506e+01
1.494140548516955391e+02
1.012694713203303394e+02
1.410552747414922692e+02
1.755126267684469212e+02
7.334655764599212091e+01
3.302115952236033536e+01
6.775805172503744700e+01
8.246727642382960255e+01
7.029790026414997328e+01
8.050640890614465661e+01
4.557703420704102371e+01
8.043605557178317156e+01
1.635808306091977045e+02
3.627413584022915671e+01
1.715728800612220368e+02
6.284237484980391741e+01
1.293510921010586969e+02
5.163510464695393409e+01
3.973919399458895185e+01
1.409497299974429154e+02
5.953755716701087408e+01
3.622223717502212992e+01
8.121625586101197314e+01
4.812382364623718445e+01
9.769231297963341376e+01
6.977387272932737972e+01
2.000507412360491912e+02
5.696608790304012615e+01
5.352316634973286824e+01
1.316116236518274718e+02
7.668597204301862291e+01
4.763730845328512942e+01
6.208434378703602619e+01
6.169068453882201908e+01
8.550466180721385001e+01
7.008124010798380255e+01
9.327128394382428667e+01
7.818100725664689321e+01
1.743468418049550337e+02
9.398548056226927372e+01
2.252517644039257618e+02
4.437633527014919821e+01
5.747375148806056444e+01
8.829580623886973001e+01
2.691937678186189942e+02
9.537490737112619854e+01
7.724967125775823718e+01
4.732763720977165889e+01
1.784365483892227928e+02
2.526775053326645946e+02
1.199305694019089970e+02
7.473612652444445814e+01
1.706887777153679906e+02
1.134732608364575697e+02
7.637174966867590342e+01
7.295835392636159611e+01
7.107589225681583400e+01
8.983314032510837421e+01
2.296453986554151925e+02
1.098833408739757544e+02
1.220185615633110672e+02
1.690931369858890605e+02
3.181023344000918840e+01
8.417072140306962069e+01
8.066720719596993661e+01
7.274539995651185791e+02
8.796883643064556679e+01
3.306903406834751991e+01
5.105924164865613335e+01
1.044246321663287063e+02
2.050927642411513432e+02
6.412297623009925474e+01
4.609826397571281831e+01
4.248240775974855410e+01
3.768332123713645387e+01
5.447290334230848430e+01
4.690137988673697578e+01
7.011146928925246868e+01
7.132238876588749577e+01
1.094356487396819801e+02
1.616003625820031573e+02
1.280036044427882018e+02
1.189582082168362405e+02
