6.643066124979951326e+01
8.308679759536376253e+01
4.602625250388195610e+01
1.311532014964670623e+02
6.014284356158049150e+01
6.964336887527119302e+01
1.105561049687816961e+02
1.155834695006982002e+02
4.601742523698661813e+01
1.687038124386316440e+02
1.438013598314255148e+02
6.022715269841983599e+01
1.320536735851196397e+02
9.434343364729525661e+01
4.765916271741969723e+01
6.658726527817678686e+01
1.157742429258023407e+02
2.996900961162615218e+01
6.880896119139013933e+01
3.797084260774031605e+01
6.747082186323149244e+01
8.184962208093446634e+01
4.746556720020095099e+01
8.843364267425477010e+01
6.276421460947680231e+01
1.581162329792480250e+02
2.226916125296882853e+02
6.536777438775810367e+01
6.737044056754693599e+01
8.398720069560286561e+01
6.071506382599125828e+01
1.064503892499483584e+02
1.711133152799035315e+02
3.390294862446270230e+01
6.683713531792749052e+01
5.109744135084228844e+01
1.540417696067805480e+02
1.324207872410082700e+02
8.149213136962585224e+01
3.154693864356409563e+02
3.423684762942315984e+01
4.197515024571963949e+01
1.409999664531152632e+02
9.814185602120470264e+01
1.696662505997705637e+02
7.622294048045611703e+01
2.177953548909307813e+02
1.166367744705307814e+02
3.539435673786626779e+01
1.345093543443934152e+02
6.495775462214730567e+01
1.561731500531503514e+02
8.946297815460495428e+01
1.035992542128025207e+02
5.388909096817774014e+01
1.078722791672159786e+02
7.665958669182701612e+01
8.651952300779154825e+01
6.885163367183403693e+01
6.879973140478112725e+01
8.365859964051732334e+01
4.446438116181469695e+02
5.565895334168512676e+01
9.747494910716586958e+01
1.033628527227895830e+02
5.235310815383542149e+01
4.721588903963615280e+01
1.277178162584548602e+02
1.254865050645684050e+02
3.694043549964243311e+01
5.114187225708006679e+01
1.738441818537253880e+02
1.257373100680018894e+02
6.750317607002557452e+01
1.035057612253664132e+02
7.422694191318012713e+01
7.507264062437887731e+01
1.123900173999209358e+02
6.371728926787548630e+01
4.186648282777850341e+02
5.307824078080994923e+01
9.213924566547069617e+01
7.862554916455533771e+01
5.322025313813399805e+01
1.696679902302475114e+02
3.212746151138897517e+02
4.268788359880770855e+01
5.444618163093988983e+01
1.087133342627731025e+02
7.857182270468057084e+01
7.707823726557138855e+01
8.788333566709728473e+01
7.684566777729983755e+01
8.202879364139978691e+01
1.111106859222583125e+02
5.151527083086750736e+02
1.033997509820459726e+02
2.261544936606998135e+02
7.962567124085478554e+01
2.494177756650065021e+02
8.069656112299266226e+01
1.341104824462717033e+02
1.031971073024253513e+02
5.754747186925072100e+01
1.273696060079986694e+02
4.167989490026569399e+01
1.373414615280632631e+02
6.408525733462698781e+01
4.796449367494167149e+01
9.687735678583678123e+01
6.683521622274878382e+01
2.799559997761302839e+02
8.968198581535951064e+01
6.451499198695925941e+01
7.982807537680417909e+01
8.772943274657728807e+01
7.557209693322347732e+01
4.867919845060067274e+01
7.060077096124720697e+01
1.821820130511434854e+02
4.329026901745669988e+02
2.262438912601632808e+02
6.169436175247265197e+01
1.079907489818636037e+02
8.994191842165902528e+01
8.210564934135257431e+01
4.734790798526934452e+01
6.490606165162390084e+01
4.445538848891484918e+01
1.142044937125803017e+02
2.621687889805915006e+02
3.421952029634412185e+01
1.572653025687439481e+02
5.658687620148216268e+01
9.456425993568689137e+01
1.927358009113218884e+02
1.195177650543842418e+02
1.148314196763275561e+02
8.619615956283176672e+01
7.331496020891384546e+01
1.048748376704135552e+02
1.444543360023166372e+02
4.862682601238419977e+01
1.316579204455341596e+02
4.194179446830546709e+01
1.198617682052333748e+02
4.405312387872291424e+01
9.095403968408578521e+01
6.252431798806144059e+01
7.179698175266280202e+01
4.806713614964755266e+01
6.590264562040523799e+01
1.899637701187853907e+02
1.609669361290611107e+02
2.067800216332227876e+02
7.256498156681344369e+01
1.899710711158668630e+02
3.163926888810158289e+02
3.812258693370009865e+01
3.052585329487735422e+01
4.551525894434370656e+01
1.131756584406629003e+02
1.594122808307889159e+02
2.118187894897793910e+02
5.237748670803834727e+01
8.436559500498697162e+01
1.277325359008134171e+02
1.076738531344259400e+02
2.630104773226149462e+01
9.594918099583759385e+01
1.136127014150592487e+02
3.396726381073447953e+01
6.803394691014818818e+01
5.525860223674757776e+01
1.331716821279532610e+02
4.895689650964758499e+01
5.135750680817528746e+01
9.880560837251512396e+01
6.944438853907817588e+01
5.238107889201047129e+01
1.067355019026238949e+02
2.106889640958560790e+02
1.077410265392913260e+02
4.874822664462802209e+02
5.554911602931716175e+01
5.218566914833115078e+01
2.147400984445725101e+02
1.174006012151091198e+02
3.842243551379629452e+01
5.720051723962709644e+01
1.133755457750352917e+02
1.225611851948867184e+02
6.149773666696150798e+01
7.685934446577353185e+01
9.975819135009091099e+01
7.069939585640072721e+01
6.549219328268243601e+01
1.605563677390611019e+02
1.425075463323308895e+02
9.933785782771234096e+01
7.815145603452749867e+01
4.651845968004354148e+01
1.139958194840901768e+02
1.297187749096392508e+02
1.155006991578952835e+02
4.329029317691784939e+01
5.068606431384999667e+01
3.482507773908465651e+02
1.045671789011671251e+02
6.784428442115380165e+01
7.544281628349820323e+01
5.865792567254498380e+01
4.204739603756968336e+01
1.421599354344016035e+02
3.561516961700157253e+02
1.240410677910339245e+02
1.311966389788082381e+02
7.203471086225333408e+01
5.236623702620563847e+01
7.979058325091756387e+01
4.828824791554887241e+01
6.427539689520197896e+01
4.888155444531054883e+01
6.234382619147619664e+01
6.513732406472716718e+01
1.529934153221345525e+02
1.181592177702751627e+02
6.164441018856281573e+01
3.966279369301410185e+01
1.103147171354125220e+02
4.930410336833617748e+02
1.168557701880365158e+02
9.662965132002877056e+01
9.965116473050242973e+01
1.669297657989014851e+02
8.828406310269758706e+01
1.447582654488190030e+02
1.019379303944448907e+02
1.086944204806133740e+02
2.022842492063184920e+02
8.873220647588476595e+01
1.811346756544312200e+02
1.373350072630840657e+02
4.366680609465181817e+01
1.151185430566354029e+02
1.178813121585475869e+02
6.744729272106232543e+01
2.041771328772807976e+02
1.215653565197124379e+02
6.573151572440801260e+01
1.929315532592332829e+02
5.533480291198435452e+01
6.463534790472004943e+01
9.313534640733118408e+01
8.590822200951591014e+01
7.343208391065198271e+01
5.030651360922987436e+01
1.021702374725602027e+02
5.386536858260144811e+01
1.034765434190938436e+02
1.076835045204780243e+02
1.112111913501691163e+02
6.282260707059757010e+01
1.700967438389756978e+02
6.951696442183613556e+01
5.191558207515761580e+01
5.330549172411421210e+01
1.112110581482557166e+02
1.223861888313250574e+02
7.984280355144180419e+01
1.589972220800125342e+02
4.197946541797803661e+02
1.125853349561379559e+02
6.990770722983583596e+01
4.673640463314832516e+01
3.583165804024431367e+01
8.015465402452809940e+01
1.353437794686437030e+02
4.996929480966433346e+01
6.370828268018793494e+01
6.824287467138663033e+01
6.822694930946479985e+01
8.897423807345049340e+01
7.618699656398402453e+01
8.954677381554243709e+01
1.273201524463218561e+02
4.089356110929360710e+01
8.637820479853307631e+01
1.988448505698567033e+02
7.393004294220067152e+01
1.939250702628380054e+02
1.488532093047369074e+02
1.401486721529516615e+02
1.983073832396638068e+02
9.735393681246721087e+01
2.003878695607093903e+02
7.955144733450086392e+01
1.000321075690385300e+02
6.021950091585308229e+01
4.266495594064671195e+02
6.360079400699999042e+01
1.443759554450401481e+02
9.040239189519205354e+01
8.676414951511483764e+01
5.956025789997171671e+01
1.021929814562926992e+02
1.017163922876233357e+02
6.735454650956529576e+01
1.540712980405939447e+02
7.493658835090845116e+01
1.069159076307652327e+02
2.013489964846323232e+02
8.476865200396562727e+01
4.677839543535620948e+01
9.520878260673016769e+01
2.647407582904223489e+01
5.605825325260006053e+01
8.701149065593196497e+01
4.765918449924516409e+01
9.521577611996443125e+01
7.904348590935988739e+01
1.159667517915194566e+02
5.929321446981002453e+01
2.632928646803721335e+02
3.885436386000250053e+01
9.234418744527235390e+01
1.060254412805888506e+02
6.872191254745324329e+01
8.783119111366949028e+01
1.602669610625299015e+02
1.878307597116564764e+01
8.685462436074070069e+01
7.961950939459026699e+01
9.357670197231205123e+01
8.986895818328954988e+01
1.561892749833273513e+02
8.093025641985164498e+01
1.048045694361951945e+02
1.294426493772025992e+02
5.283991826126592173e+01
8.354088532582132132e+01
2.579585014202929187e+02
1.517565873102943215e+02
9.900367760105380910e+01
7.085726411862890473e+01
1.213769430371347369e+02
8.718045218998270229e+01
1.147787427173267218e+02
7.634045864469551645e+01
4.770527097351875057e+01
5.673393379939906822e+01
8.040890081016397062e+01
6.513359657461703023e+01
1.170685688429495457e+02
8.001255980500872056e+01
6.850446493465241815e+01
3.060039368404182980e+01
1.710410266905923038e+02
1.471890931265603797e+02
6.104590467733667936e+01
6.285058017837501154e+01
1.011563523953399226e+02
5.144580272677740851e+01
7.535330198880870967e+01
8.674679956900976663e+01
9.035843714786507519e+01
1.567014871468470005e+02
1.339586583250257092e+02
6.116777303272749577e+01
1.581347776912784298e+02
2.012509595866566485e+02
1.241980514865162917e+02
9.031159094287949074e+01
1.178871429315906028e+02
1.206712633596833228e+02
7.933577289721256420e+01
1.543704486335745401e+02
4.402044140923579363e+01
8.101888816490713907e+01
9.621940075106557799e+01
5.148531939924664158e+01
2.372189113450939999e+02
7.734693137493241011e+01
4.497590344741831814e+01
9.971647833178153064e+01
7.832143286016898287e+01
1.225320409156513648e+02
1.476814436799263319e+02
1.990912968980862274e+02
1.503397103885475303e+02
3.730617392764750662e+02
1.091646074565987732e+02
1.504241261966818968e+02
1.129508306808729117e+02
9.153377014085384644e+01
1.125138394634423236e+02
1.007871675052304710e+02
1.249249135231603134e+02
2.299810014197742589e+02
1.266134330361227995e+02
7.264673572642273314e+01
1.165266156268327222e+02
2.104314952504817313e+02
8.473832156967451112e+01
5.068673883854901874e+01
4.505030547940614127e+01
1.361134399734678482e+02
9.337053181503139854e+01
7.570441556561584662e+01
1.366456572110659522e+02
5.121188423449766702e+01
4.402690198633226260e+01
1.486330882681234300e+02
1.202830205820944087e+02
3.028263054335016946e+01
6.981500485068490036e+01
1.570358912886748897e+02
1.821264448817286734e+02
1.391583182091745243e+02
5.728919349335817657e+01
1.008916729069353693e+02
3.649935777346317423e+01
1.011901295514117862e+02
8.396452416127958429e+01
6.333697823585318787e+01
4.781482734465356543e+01
7.917682156228481460e+01
9.934943152414462020e+01
8.920520281122394124e+01
6.279371589139124410e+01
7.598160049140543038e+01
6.580174186648014256e+01
5.452531609224990206e+01
1.634164483147576163e+02
5.755994305894712681e+01
2.337726658426863651e+02
2.766361423060259312e+02
4.912589922651413588e+01
1.156898996375017390e+02
8.356451754601827986e+01
1.194519825778110800e+02
8.081747111151796048e+01
7.710448117767319332e+01
5.024235238578395268e+01
1.790446839031933450e+02
1.433788669092433850e+02
5.863702587395164301e+01
1.528492966712670977e+02
1.258804384781675196e+02
1.302489586925192100e+02
4.166717618926383437e+01
1.224535388292233478e+02
1.361086907678699731e+02
1.786422268224240213e+02
8.956647157693242889e+01
8.273731318880425079e+01
4.879354527191757285e+01
5.912807215640010128e+01
2.036101586068957658e+02
3.051819908867622644e+01
1.448218673959060823e+02
9.885856927786795723e+01
5.898795622546500539e+01
4.993241621343241121e+01
1.264931424536849107e+02
9.637883113116572531e+01
5.851884820052134728e+01
6.789148920735894421e+01
2.501669648762241138e+02
9.795511899056548089e+01
5.362923848025560147e+01
1.965592163040179798e+02
1.026694513869221339e+02
1.008623586007945647e+02
7.509542676740248623e+01
3.500519061010069777e+02
6.582363321401001599e+01
4.050808991553068239e+01
6.065510149840621068e+01
1.261989028035921763e+02
4.198393593141344127e+01
7.595189121443361557e+01
1.100828299597410478e+02
7.682840967300809609e+01
2.980856344705041749e+01
5.725888403166630525e+01
5.997903327798515960e+01
9.204571890391342492e+01
1.676352546937119712e+02
1.400117879076069300e+02
4.210178584464974705e+01
1.474087071032396352e+02
7.368227641547225630e+02
8.719253013818338616e+01
3.897734663197091720e+01
2.228994857246839700e+01
1.727443683903744898e+02
1.134271362959892429e+02
3.569692128274746779e+01
1.963279561029070237e+02
4.355717991745683548e+01
9.333248560493738921e+01
8.315543251033352590e+01
9.022200555021269963e+01
1.470314208972209542e+02
1.141369419121136559e+02
1.504998914655157876e+02
1.479478479374191409e+02
1.234675974386659902e+02
9.482174700924939259e+01
8.998744098785448386e+01
8.637420047780902621e+01
4.803813183534671083e+01
9.167115949653656060e+01
7.860840516826225155e+01
1.539508480887190274e+02
8.227949193547703999e+01
4.761116528371260159e+01
1.767669787034720059e+02
1.282554068521627642e+02
1.014966052177623936e+02
9.408006985641891617e+01
9.056801205971032687e+01
7.340363356758739144e+01
1.013463180167667304e+02
1.104172653152871533e+02
2.346788329877848014e+02
7.810487524516830149e+01
3.399488635898569555e+01
1.667425143756143484e+02
2.131909055317041748e+02
5.847778037085655001e+01
6.802983575554436868e+01
5.880405132760473919e+01
6.884206343677007567e+01
1.035341075747050041e+02
8.265322076067243984e+01
4.930394720594781433e+01
8.081351762481763501e+01
1.588921479211720964e+02
7.000298153261267942e+01
1.765568318032872241e+02
9.161860571828543698e+01
1.561041266268815662e+02
8.930705250746898116e+01
1.220648170941875037e+02
1.531084501630709269e+02
1.363231391533784915e+02
1.240200974238076554e+02
1.162582890233184969e+02
1.208460688425410581e+02
1.203386846989751575e+02
1.878184486133368978e+02
1.655704071784864766e+02
1.578694843285078662e+02
2.887241593231941579e+02
2.355151568474412898e+02
1.442419936747702707e+02
7.400400656847244818e+01
8.815987872609765930e+01
7.532624720172137245e+01
4.580143256974920973e+01
1.331065583555237879e+02
2.901899527664267353e+01
8.422787567753601934e+01
3.857068597709490376e+01
9.264974082953142442e+01
3.792188565999161654e+01
5.653927434349544967e+01
1.038102993517136383e+02
9.576914379862837734e+01
6.972824571575284835e+01
1.353162445422053679e+02
1.292427272112483649e+02
4.904276812407950104e+01
9.981376511125169770e+01
6.592614081580909158e+01
5.778081222014253626e+01
1.133721669866825863e+02
5.276643248920851192e+01
8.077470480094146410e+01
1.013098486966105867e+02
7.554778602301153967e+01
5.157097409749788852e+01
9.124606920726444059e+01
9.308858047179933237e+01
1.057292907136801574e+02
5.170594299468175592e+01
1.229390171091309440e+02
2.469531054736128510e+02
7.979482161331746681e+01
2.453789827609625718e+02
3.610664752993355364e+01
6.581717370437411319e+01
1.015435713408860181e+02
1.033515988959502465e+02
2.130894259087261844e+02
7.140283561510909749e+01
9.231104894124584348e+01
6.583820927786820221e+01
6.116182000275252051e+01
4.815082481411188553e+01
9.385401960280924527e+01
8.831059909468085323e+01
9.510412045574412332e+01
6.455309394219356989e+01
1.142104580152780926e+02
1.381214806954646690e+02
9.588106244462596806e+01
7.762726945085148600e+01
3.210812179846092818e+01
1.102672218012458814e+02
9.667602680776829516e+01
5.720730208394063254e+01
7.645736772675051895e+01
6.360805678500737770e+01
2.437099632407102376e+02
8.341517803167603518e+01
7.904945512843511324e+01
1.060954568734287875e+02
1.060820228538818384e+02
2.826139878806398897e+01
1.287565577316732686e+02
1.326041269018211608e+02
8.989900820513059898e+01
1.263083660783416633e+02
8.348325187155795390e+01
7.215815280725220759e+01
8.101301272240324636e+01
5.771215671512997858e+01
1.122672751930201400e+02
8.637765638877169749e+01
7.270391261943619554e+01
1.791039334710984576e+02
7.432849016425444688e+01
7.531326490360126513e+01
8.784451888302369582e+01
5.145747121144872693e+01
4.967862629583846257e+01
1.223073408370086241e+02
1.508723293873430862e+02
1.089683469386713597e+02
5.965548512855356478e+01
2.803092146769438386e+02
7.863056186316524077e+01
6.793318523287554456e+01
2.311899324702528702e+02
9.039656546073311461e+01
1.066760469504711466e+02
6.181395633984502780e+01
4.766248669339214672e+01
6.600902134723928327e+01
1.579289288092600714e+02
4.437505869002204406e+01
9.243723560676792772e+01
4.705937727355416200e+01
4.079358827655752151e+01
6.004288081366559027e+01
1.095616243348540024e+02
8.685054486562783893e+01
8.951975271355688335e+01
4.201220008143862401e+02
3.038417680391512832e+01
1.204852763153618866e+02
3.079755177697546173e+02
1.393832677446798982e+02
2.849293953179496839e+02
5.417386586829544370e+01
4.543484931392308113e+02
9.220942693874536644e+01
1.011612290274640031e+02
7.227023990470115677e+01
7.649624607296279066e+01
9.349845776435103062e+01
6.423058433539419809e+01
5.038728837144222439e+01
3.056630422820954323e+02
1.503306207501005929e+02
1.709374941553887481e+02
6.133173333548143802e+01
1.262924905964726321e+02
3.243324708119691024e+01
5.978306212836601929e+01
1.257255331838105263e+02
8.778494416099712794e+01
1.052972139730017034e+02
9.519332332026694132e+01
6.058038729013313883e+01
1.079652324764250864e+02
1.218537641546317190e+02
1.773903155593399674e+02
7.006017356436066734e+01
9.750648872029999836e+01
1.148129401779225987e+02
1.154403433160776018e+02
5.314629377605628235e+01
9.287371223226797667e+01
1.694210945552460146e+02
1.244284663950356702e+02
6.525250343097981442e+01
9.700428844327586830e+01
1.304142191275263087e+02
6.697987503859452829e+01
5.356292346704282892e+01
8.233004633682286055e+01
7.546507840910607001e+01
1.372187303914660674e+02
4.108786312899567861e+01
7.691018267240460204e+01
5.720408506701636497e+01
1.643155367231626087e+02
1.022421187892716716e+02
9.475268463228665894e+01
1.432048594503229708e+02
1.108526565703826776e+02
8.148791730376761677e+01
8.965228765863514582e+01
6.088117627029651402e+01
8.882884018416646654e+01
9.038692881638989718e+01
9.548197391730991512e+01
1.585113104584993380e+02
1.188720069412901950e+02
2.227464539121646396e+02
1.216480553478562712e+02
1.312380221239422156e+02
6.151968167349875216e+01
5.672162501096102005e+01
1.245810663204895832e+02
3.301321296463335386e+01
9.049511933607135461e+01
4.233098596806092218e+01
1.508129996380782814e+02
9.658002602145373316e+01
7.792597534342489496e+01
7.151619901126720436e+01
3.892078504591660248e+01
7.466952010691574060e+01
2.837297849475124281e+02
5.654974966074922804e+01
7.614515348918162374e+01
6.941318049754410424e+01
2.881367300616984295e+01
8.477530583491571292e+01
1.588815439053061880e+02
5.838799492118855738e+01
5.253108554703623412e+01
4.918335370352785674e+01
1.918409937762005484e+02
4.942249746638492525e+01
7.594740974532005851e+01
8.678071427779093483e+01
6.925229999055312646e+01
8.532118381295738629e+01
7.575173698269396994e+01
9.726664939183234537e+01
6.757320987222966835e+01
7.821623081292048596e+01
9.256768742344149814e+01
4.489815171539714811e+01
4.529234271942401335e+01
4.245931950232857162e+02
9.579008467005986915e+01
5.464416114460838259e+01
2.653537788321897040e+01
1.088959039445265944e+02
6.794592618764161784e+01
6.282499082335317553e+01
9.386881420520222719e+01
1.515979725763823751e+02
4.062369037080219414e+01
1.121659885365195066e+02
1.280016325899179321e+02
6.775625327619196980e+01
7.753259787473939468e+01
1.725351096960962138e+02
1.778397640441605745e+02
6.072820119794139515e+01
1.877762814369515638e+02
5.561694987193883577e+01
2.597542352560959245e+01
7.080280625603722910e+01
8.450741707127650670e+01
5.617363130571130370e+01
6.322840866579912245e+01
3.894455575476842313e+01
1.067620109969286517e+02
8.129809762208240898e+01
1.591974353665225692e+02
2.821468473150233791e+01
7.854787015570025233e+01
6.155429741770095831e+01
1.116518587843711572e+02
8.256158777079100730e+01
6.962085189548990627e+01
9.579530784073807581e+01
2.061512032581556753e+02
8.919118597856650865e+01
4.155536462548966625e+01
1.396052516254786440e+02
6.391639347793271497e+01
2.418356242976087174e+02
3.929508181725286136e+02
5.487350335146623337e+01
1.261580256856932607e+02
4.809082286240807491e+01
3.020755224911136452e+02
1.053747397969981989e+02
5.642928593417159533e+01
9.877126215718575963e+01
6.267684288895908651e+01
4.391038287419984840e+02
1.297285228366297929e+02
1.995923639883389455e+02
9.687959650465685968e+01
9.677770522156448862e+01
1.253601996284160833e+02
9.524423508540438377e+01
1.302773413419853341e+02
8.615757473512037734e+01
3.876487114354133467e+01
7.049101796827510213e+01
1.392705892090738189e+02
8.474042303591942016e+01
1.010683352804694266e+02
3.809879927992211179e+01
4.769131619778708853e+01
1.971468344473889260e+02
1.554822420504646914e+02
7.228240815572982569e+01
5.957658707462255165e+01
9.685736005939099869e+01
1.019137811507959839e+02
1.510951866351879289e+02
6.653197652839851628e+01
3.916703307851552296e+01
3.789831631848731774e+01
1.002273276495129437e+02
2.002077106257531796e+02
1.329597478312451528e+02
9.594176968303843012e+01
1.105385925440605888e+03
7.491795909674672771e+01
5.905618039167046618e+01
1.971879515035898578e+01
1.010611946592905923e+02
5.867554133453403153e+01
4.880907112907583922e+01
6.321753064667350230e+01
1.084742101495382798e+02
1.324989104906516104e+02
8.955718715638575134e+01
6.605208408840991297e+01
3.235200089123895140e+01
4.418309357506211654e+01
5.483292303735000672e+01
9.570110472768659804e+01
7.714128349025334330e+01
1.291073413324238857e+02
9.190647964703843797e+01
6.119635608231465795e+01
7.276043338378369185e+01
1.086006107176976059e+02
6.909804220610737957e+01
1.123764342930198268e+02
4.170476053086301960e+01
2.635556673832416550e+02
2.453112983165845762e+01
4.872310804581903909e+01
6.794593993101537421e+01
9.792018810263141404e+01
7.191743255043252248e+01
7.184993540202351880e+01
4.534923111640851090e+01
1.581037868126636567e+02
5.000375961331052821e+01
8.087976630551273161e+01
6.939400556897479078e+01
9.278926712367636753e+01
1.499468496573528284e+02
1.148016002894761698e+02
3.944792924514139543e+01
2.036370316426810234e+02
6.837566873023610015e+01
5.319104084313923408e+01
7.313022542321139952e+01
5.016734205196861041e+01
8.140549347869239227e+01
8.925350287987876641e+01
9.285651943648420570e+01
9.400196872862288444e+01
8.250384570328800748e+01
6.136427335060991339e+01
1.462046373873533582e+02
1.919447891367215107e+02
7.687112760883198348e+01
6.588717210206705488e+01
3.056758619509261621e+01
6.420715840494096938e+01
1.294104508794818287e+02
5.006535751047199767e+01
6.634161403084588926e+01
8.836963220035491418e+01
8.126988931893349388e+01
1.213145885846614789e+02
1.450430118867182330e+02
1.547298092528765778e+02
4.747779747156481989e+01
1.384003684617039767e+02
5.079609009292893518e+01
4.485054312050473868e+01
5.485135995178910662e+01
5.068434835867923738e+01
3.453972560588729834e+01
9.310042590939308127e+01
8.377626829183201096e+01
1.480393338575838413e+02
8.813783382861458904e+01
1.278023979877540626e+02
1.559529612214026884e+02
