3.130893784786837131e+01
3.451243246340798265e+01
6.398172237943173712e+01
2.494936232282190858e+01
5.202106705038369228e+01
6.054868021341430762e+01
7.224316530762224886e+01
3.578802771663235660e+01
8.351742344987093247e+01
5.155810506004225147e+01
3.150542068537603058e+01
9.622161823414117521e+01
3.980159159687390513e+01
1.077647588396893212e+02
5.444104261940826461e+01
8.726099178925821320e+01
7.651142224572589612e+01
3.027725505806053619e+01
2.747501638623547038e+01
9.222535611631049335e+01
6.063814325054820387e+01
4.074267106305349273e+01
8.223104308394871964e+01
4.176757122620320217e+01
8.102326544502791705e+01
6.284912046899226823e+01
3.445749240972146055e+01
2.330630703880524024e+01
7.223215551061356621e+01
1.826936511835891963e+01
1.012914653078791503e+02
3.959025716752685753e+01
7.914289102052671865e+01
1.507180140362067711e+01
5.700143746000328093e+01
6.388060252964972108e+01
2.011427637934719712e+02
7.554321894283305028e+01
3.443891877696901105e+01
9.582357593183125744e+01
2.465765328115520560e+01
5.826901470430727414e+01
9.595180879331385881e+01
4.702467615738793683e+01
5.390805365155949858e+01
2.235386703473615455e+01
1.522690694778831357e+02
4.099416999460589750e+01
3.636526931221975900e+01
6.714152685073825921e+01
2.988098099884853553e+01
9.112558784274894208e+01
2.836136872233068118e+01
4.363663598230775165e+01
2.126652152331347523e+01
2.443323460268753777e+01
4.039984323450362069e+01
1.924482967216295748e+01
9.243250327269775823e+01
3.246455345198673825e+01
3.395455211752951641e+01
6.704256510960485116e+01
1.111988002182843474e+02
7.309245071593535670e+01
5.247804434977102517e+01
2.204431781309002858e+01
4.135988250589791448e+01
4.842820417009361478e+01
3.856519445433155369e+01
2.653072533492749940e+01
2.313263422291446147e+01
3.789375893570858977e+01
3.318400476478619510e+01
3.778829035385380308e+01
1.491503823102919171e+02
3.802659824432854663e+01
9.788859551515578517e+01
5.219750937199346907e+01
1.520009585666848295e+01
5.076198909552701366e+01
1.054850860467920199e+02
2.741215892539426591e+01
6.234336395759189031e+01
2.984457447311907430e+01
2.922795254647208196e+01
1.222581053256195247e+02
2.950396567390807334e+01
6.113143350867093773e+01
1.124951007630073150e+02
2.491424683612278557e+01
5.713172468941090898e+01
7.301234919132674861e+01
8.345331477061273517e+01
4.326719361290493993e+01
7.202165935830137755e+01
3.007841166987950743e+01
3.860296067940168996e+01
6.421016682290282063e+01
3.258640626361013659e+01
5.717209337562738369e+01
3.091371767313455621e+01
2.401086580939085025e+01
1.352298202132148575e+01
2.829878140822460253e+01
4.998397142716009967e+01
7.227545836026129678e+01
8.272661103678176175e+01
6.380698273854317648e+01
3.523238322314602300e+01
7.122540346057694194e+01
1.937122021503059273e+02
1.057547369881352779e+02
3.021391289011398129e+01
2.811833432251004439e+01
6.047968831611796503e+01
9.299516078975861433e+01
1.218416188721145517e+02
2.783961809971359358e+01
4.339881508364312879e+01
1.546691606464801509e+02
7.909844942247100619e+01
4.479357046810772403e+01
1.978459524346592957e+02
4.010322268836531379e+01
7.450392168331117659e+01
2.352564029198255824e+01
5.371840985611679287e+01
2.695027725271687302e+01
9.255537739707686740e+01
2.598460924511494241e+01
9.155307983639700353e+01
2.554992282721640322e+02
3.752697356592620537e+01
4.788914575552836084e+01
2.260548089142182704e+01
3.483091245191918972e+01
1.504719116506472290e+02
2.577447789963480318e+01
8.487590990132000002e+01
2.588509589710791303e+01
2.182151886582506251e+01
3.702974502636504894e+01
5.546928756961077767e+01
2.244673328408652324e+01
5.405146048832072836e+01
4.268786840850367525e+01
2.035971648328694172e+01
1.079082352010864128e+02
2.726853554690136150e+01
2.427786783608564392e+01
7.426478280551863520e+01
3.335431576557988365e+01
4.655870568463868864e+01
1.091375456642084885e+02
7.043480987347041378e+01
1.084203781018863566e+02
2.863115996661587914e+01
2.090945855100918749e+01
5.582359905969964586e+01
7.738241213137494867e+01
5.232753751543737764e+01
5.503410482797355741e+01
7.835186715328113394e+01
4.215879227732121848e+01
4.858483041783976120e+01
5.160545128202434029e+01
4.139140390119959534e+01
8.719107042114740125e+01
2.183641844715370084e+01
4.609333366817773481e+01
9.249188195942677737e+01
3.510708191220870589e+01
3.484869267337113286e+01
4.186508797481143063e+01
4.542501193213574595e+01
2.761050072826683888e+01
3.415655135729543446e+01
4.633995520821693503e+01
3.160773437070317726e+01
1.109988480357356906e+02
3.972285627861748480e+01
7.521917716952205524e+01
6.039211782396038330e+01
5.193945033939133538e+01
5.129070893977404211e+01
5.835648510818280954e+01
1.338131759618204626e+02
6.696460704927207530e+01
8.643021028737601341e+01
3.172241090210688697e+01
4.860678773776563588e+01
7.029292074013631009e+01
2.376925395139720010e+01
2.233245647209400886e+01
2.154177127605235142e+01
3.588241771522531565e+01
2.708502723410514790e+01
8.944121333859932577e+01
3.839818043107054280e+01
3.453325709817129763e+01
6.414493830524260432e+01
1.269848833326412141e+01
1.221694650940676041e+02
4.686765690953160401e+01
2.239574074346753463e+01
3.490242115403957257e+01
4.857876023521164655e+01
4.967230846401307787e+01
6.296741976781012795e+01
4.246649180826300807e+01
5.565641171759769179e+01
1.886912269113142315e+02
8.635999901933972467e+01
1.165985020154557361e+02
5.102206887101455379e+01
6.909603267458832931e+01
4.528023785721669725e+01
1.369101458938693305e+01
6.277364978029485343e+01
3.639724360923023028e+01
3.865948034099348973e+01
3.216964608021196170e+01
3.763803241679254086e+01
5.885881795783785009e+01
6.849396828460696440e+01
5.067510802339766229e+01
3.906678383675263433e+01
4.929991646284721440e+01
2.816540424333595283e+01
3.631310642817937406e+01
3.062455836824276290e+01
5.177031856233907803e+01
7.187543513477133672e+01
1.642622028942500734e+01
7.613227755859526269e+01
2.488022481731589153e+02
7.222071238173647600e+01
2.169908045974614907e+01
3.399012387815548664e+01
5.708305575553256261e+01
6.896724142726402818e+01
2.614158211045941016e+01
4.747800491986880189e+01
9.815716500192739602e+01
8.534189433086929455e+01
3.024527493160523761e+01
4.964613526851277925e+01
6.859089271656888798e+01
2.543441654570122523e+01
1.334932063097236039e+02
1.641389174498484351e+02
3.851720056625725874e+01
6.321871546286575949e+01
3.609863296674704429e+02
6.484853338873548978e+01
4.136421172202305030e+01
5.193447055125946576e+01
4.403732791979564354e+01
3.861501432093937751e+02
5.939928502539599009e+01
3.762105545414444663e+01
5.137180203844729931e+01
5.654506761418664951e+01
7.676362791488853077e+01
6.882878725125748076e+01
1.831363282469050446e+01
4.811936468358478436e+01
1.468537132077431977e+02
2.050205032126328319e+01
3.842909484403560327e+01
9.283196923030089920e+01
3.823887959566354056e+01
2.633001578339935023e+01
4.865456664470678305e+01
9.582973797157855245e+01
4.110859949417012871e+01
4.073045611292985768e+01
1.375916745574191680e+02
5.445154803465077009e+01
5.986736760149484127e+01
3.090480054038779656e+01
1.104590281466657871e+02
3.740240800973412405e+01
5.269724306940445757e+01
1.057343440226069333e+02
2.356532035045957940e+01
1.780344621667601857e+01
3.099071878937367330e+01
1.251866950168834478e+02
6.706510266148107746e+01
1.078557543341074876e+02
5.819627517243733195e+01
2.563115460309191107e+01
1.354857211086194582e+02
2.269291228052661680e+01
5.509311642368973594e+01
1.726177636075284028e+01
6.024658025938283856e+01
3.660598101141571448e+01
6.778102144025304199e+01
4.884488222711806316e+01
1.974908346098387995e+02
1.049063636718852024e+02
2.378787297388420541e+01
7.380996190781797850e+01
2.386662519602574761e+01
9.292282640112215120e+01
8.301858763094597293e+01
3.291746969181949112e+01
3.737264929902517707e+01
1.206381336256622774e+02
3.934999453216842369e+01
5.279733441688554052e+01
4.150753244695457767e+01
1.319873903182946435e+02
1.618352827675702770e+02
1.481131784546500114e+02
4.237356558039643772e+01
1.044025279918775908e+02
1.629229995547246190e+01
2.236656347195175698e+01
3.250349354634116139e+01
1.415126028693786431e+01
7.263387492628774567e+01
4.198248623966198778e+01
1.470250285006131890e+02
1.870151215231689719e+02
5.854775685114730521e+01
5.476810130775095331e+01
8.773098090656135639e+01
4.090010148022603431e+01
5.392769045669927408e+01
6.900767222659780487e+01
4.098784407607831071e+01
6.115965009397157104e+01
8.209017441181866559e+01
3.524707417774108364e+01
3.828858079164285755e+01
6.011915069521992905e+01
8.366174496792052651e+01
2.770526470822018084e+01
3.135728367034608510e+01
3.837120697514102829e+01
2.262652336706306855e+01
6.314591367379242826e+01
1.229928233189215803e+01
2.537415362602450486e+01
7.266387677841281345e+01
4.804960848334428647e+01
2.999933868787695701e+01
4.972482610741530351e+01
4.030470077880675461e+01
9.453207157669798733e+01
1.007596969209809288e+02
7.721452343511836602e+01
7.015755283408789467e+01
9.304371216612764783e+01
6.816356523402176038e+01
1.641235265336525373e+01
4.299171464277212351e+01
6.957130404254772316e+01
9.187514187211989736e+01
4.006108623790957068e+01
2.150731155001674608e+02
7.097830371506614711e+01
7.351869659028049853e+01
4.915308348885664458e+01
4.927651089971856635e+01
3.253819361463331461e+01
4.616392205397990978e+01
5.142158356491164284e+01
7.777560366990849161e+01
9.301943372919959074e+01
1.529843709611449185e+02
4.647259485877314944e+01
4.222890578375923809e+01
2.144233573823796846e+01
4.683465347688995450e+01
1.163164633327864266e+02
8.203396338318465553e+01
3.962814829681863671e+01
8.213820712247476763e+01
2.954378176132175327e+01
3.191207528043654662e+01
3.106099196350231750e+01
3.487715282894911439e+01
1.993695907497529873e+01
6.874179099752382172e+01
3.328951192459265940e+01
1.089433160988602793e+02
3.335695418359760822e+01
6.874612747324295015e+01
8.831071797060155859e+01
7.953192373322583819e+01
1.929782658868588285e+01
5.518837519710064043e+01
2.625323499750116696e+01
5.771772110590139704e+01
6.520880205004178265e+01
7.631781987201509310e+01
1.506546057430267069e+02
2.169128588856819562e+01
1.255607819719480602e+02
3.863920010591775167e+01
4.692547301915577407e+01
3.682259424921274871e+01
4.608922943645351467e+01
8.859133398687902172e+01
6.357779400054848651e+01
3.572782118657255523e+01
3.786921832254130038e+01
2.001980559346446853e+01
3.383917223797637774e+01
3.484314925632419602e+01
4.056114046458813505e+01
4.072553345916759326e+01
5.380647421793527485e+01
5.747391010462136762e+01
2.233512250153030365e+01
3.268625927767870110e+01
2.850034315119783557e+01
1.337348004575648304e+02
2.175933547657693268e+01
1.609405273124347602e+01
5.560909835267069923e+01
3.101349723530159253e+01
2.892108750349267154e+01
3.399770136439203583e+01
1.504496562181988928e+01
7.027816719176726679e+01
4.182560807655247004e+01
3.030150250845781201e+01
3.923982333014234314e+01
9.466729555325410672e+01
3.686187168662502955e+01
5.400245477219332457e+01
1.802461302854892438e+02
5.568323361947518180e+01
8.751406386697175321e+01
4.736280087859942256e+01
8.034225707737908806e+01
6.913616222428119329e+01
2.162213605740010536e+01
4.732002417094238922e+01
2.116917679464240010e+01
6.443365855490098681e+01
4.868062353450649482e+01
3.202073209920846608e+01
7.397641496109466175e+01
5.407744857857510823e+01
5.519567139228053776e+01
8.539601998836268137e+01
3.220033583035657188e+01
2.694896513111682168e+01
2.181682527485173395e+01
5.692588631622898987e+01
3.599173550287208059e+02
7.675341259965397001e+01
3.847773746848266541e+01
9.175764040201089244e+01
5.322373705424882218e+01
5.685671858591973660e+01
1.252450183382976689e+02
3.850041638275443745e+01
3.940268025899184323e+01
6.167671716971764084e+01
5.662061484552004487e+01
2.691694985654370953e+02
6.556136802503682759e+01
5.925279021115088796e+01
7.080557529663747118e+01
1.065097060023153830e+02
7.947728636757723564e+01
3.925403265093577687e+01
7.890455295798270186e+01
6.370672472480569581e+01
4.138140317557679282e+01
8.824678472107615335e+01
5.143798500323332945e+01
6.424435880530498366e+01
5.315241513026558096e+01
3.356755029723411354e+01
4.216170210591615586e+01
9.187072623681407890e+01
7.083686798528113115e+01
6.654084308504469902e+01
1.063020019774617353e+01
1.068476465578859518e+02
5.434473370750716015e+01
5.554463719330752269e+01
1.343013030866184465e+02
3.189105708339192091e+01
5.508443409363232490e+01
8.526498278473060566e+01
7.776877248229496331e+01
1.402379118402476763e+02
5.713387813027420492e+01
3.250900168030081971e+01
4.445254023733004800e+01
4.667646232250876182e+01
9.194247851491205381e+01
4.909496150843444440e+01
5.455831174583614285e+01
4.600852698022779208e+01
4.666623103652480609e+01
2.900217399695317155e+01
4.452162288222046982e+01
3.041333559160279165e+01
5.729782871817032941e+01
4.580359254914707634e+01
8.473957379528080480e+01
5.096982467853964494e+01
8.055398014297841769e+01
7.268034004470570153e+01
9.457741920668435398e+01
2.601047828550485619e+01
1.008269627359405547e+02
2.764048654636605207e+01
6.969193439712665850e+01
9.085849362151714104e+01
3.344869966642491477e+01
1.184988835402306862e+01
1.251219003791981663e+02
4.352532458429163142e+01
1.211406794241329088e+01
9.130662927185439059e+01
3.058941295531485238e+01
6.858324890677610597e+01
1.514596039155396490e+01
8.554108558125307127e+01
3.584228564560202557e+01
8.101571900856805541e+01
1.139515662655156625e+01
1.215350166221295467e+02
2.886011024234251821e+01
2.411471932203528112e+01
3.501385291909006270e+01
1.841525024578436742e+01
5.772510461037310137e+01
1.656410656643158461e+02
4.020718527361750461e+01
3.634635932797676361e+01
1.082834640618335271e+02
1.884605647538523954e+01
4.513393948893212837e+01
3.214663330911582051e+01
2.978786333784681162e+01
1.322516351687982308e+02
9.697844979296813506e+01
1.528775184709264856e+01
5.444861150652064907e+01
4.620919603491688576e+01
3.899987323235401959e+01
8.760856564943799185e+01
4.505245126685361612e+01
2.853084738803570275e+01
4.695279093943229753e+01
3.786398369765409200e+01
8.079966510918069389e+01
7.839591438702190374e+01
3.291373838904673477e+01
2.088203603428596367e+01
8.902213431768353757e+01
5.339949127375538751e+01
7.712195991779887549e+01
1.018448385530225835e+02
5.863350724117375989e+01
9.507996553095792081e+01
5.441281711623050654e+01
2.049126916571447410e+01
9.796068282643234681e+01
7.849811203676195248e+01
5.429488800047825947e+01
3.037874739721501882e+01
5.315060842121907569e+01
8.336262838095265693e+01
3.579462812992763787e+01
2.851849850335789327e+01
2.520156984492911789e+01
1.504088288120634900e+02
2.194312386000554937e+01
6.602442499616614668e+01
2.503563100910603509e+02
6.519463847711590176e+01
3.292862430910203386e+01
2.367106544006947288e+01
2.828725281213741738e+01
6.845509087450200525e+01
3.747198860434727408e+01
2.229321304349699062e+01
5.027389837489504743e+01
1.746620608781673667e+01
7.671303007267498231e+01
6.142113632029121106e+01
4.640621821950592363e+01
9.235131982211331092e+01
1.687388084486919126e+01
3.508365098811729155e+01
1.400899971166223423e+01
7.516647881296039202e+01
4.602401132777664117e+01
2.740051325155417672e+01
4.117061027482867530e+01
4.058040219666680315e+01
8.833105223386181137e+01
1.498728236535203884e+01
4.494637778528306882e+01
8.886149020195414039e+01
4.628261660198401017e+01
4.879681582052298694e+01
4.424434904077683939e+01
1.955888510000067626e+01
3.820116755009366472e+01
4.289649986716099050e+01
5.735229794027853245e+01
3.996588875883102077e+01
4.637131827354860292e+01
3.912067588835922294e+01
9.816191609607223256e+01
9.638949960675216744e+01
2.677814204245952112e+01
7.388941569563836254e+01
1.592440287978965046e+02
5.563492059890501906e+01
2.613411441204333485e+01
2.775558230090863177e+01
9.550603113112914855e+01
2.213030025601600315e+01
6.189165775575272477e+01
3.033058512150925168e+01
2.410853555488923661e+01
2.847430739788782006e+01
3.044363359008374914e+01
9.625822306106364579e+01
3.882616971105090897e+01
5.527667141381189708e+01
7.679425265712698945e+01
6.918621187038326070e+01
3.509025641983851784e+01
2.408334639842759728e+01
8.582039487338336414e+01
6.349784507017020729e+01
1.558892370588109166e+01
1.996105364592645515e+01
3.415410921800409483e+01
1.306228492159392545e+02
3.050169431445510426e+01
1.395358875137824661e+01
1.863305225377168028e+02
4.603014472508497335e+01
7.234299125992468760e+01
7.832504470334376379e+01
2.862282294049775899e+01
5.611605644819719174e+01
5.876291302271704353e+01
2.334177659539161098e+01
6.357822626261675936e+01
5.775589087521525045e+01
1.174486105962391491e+02
1.719123625571458263e+02
1.200481288375619613e+02
3.720172613585534549e+01
4.123463417203340242e+01
8.945633598436664613e+01
6.146557708469168091e+01
5.579157339016840922e+01
5.179812722458129315e+01
1.322734568276114686e+01
2.112546269163432200e+01
8.148628826240117462e+01
2.649291829918491459e+01
2.363037844136499643e+01
2.322576459417491890e+01
4.892572918631493906e+01
2.861211644087652672e+01
7.588960873120552719e+01
4.956118459168994406e+01
1.596136667349822460e+02
1.483984717113381464e+02
1.679306634922602015e+01
8.223681035539678419e+01
3.371668514985316989e+01
1.915710612501208914e+02
2.692671109556070519e+02
3.630451895473805024e+01
3.188122813481163220e+01
9.808846497663830633e+01
1.175884992390429034e+02
1.222310267174292591e+02
8.452459365083900877e+01
6.435877699482911396e+01
1.919337682497113065e+02
6.369629383189605676e+01
8.348883902071985119e+01
4.797940829967990339e+01
4.263594831439852584e+01
4.735091500879285320e+01
1.270292780003170066e+02
3.638859992700557200e+01
4.400719048032642888e+01
6.180980492758886413e+01
6.360713571029462088e+01
1.159774586721215996e+02
6.232490796425181401e+01
1.364780871022811368e+02
4.472175053727858796e+01
2.747781282711025597e+01
6.106048075976992351e+01
7.234315313010614545e+01
5.149158088900973240e+01
4.835935926871707835e+01
4.547038530065148620e+01
3.943620328049315304e+01
2.824081538440374928e+01
2.338110771678381639e+01
3.053847470228885541e+01
7.252110509727104670e+01
1.535729620999026110e+02
2.768778317984790860e+01
4.772366729555759690e+01
4.163275843434519885e+01
7.557650011605871043e+01
1.007374041289232451e+02
4.578209957464792978e+01
2.539866828088380757e+01
5.630128515560682700e+01
3.828368341507191985e+01
1.379223807095354282e+01
1.259629089603855689e+01
3.752368092816467993e+01
1.140326844004099058e+02
4.450381450743884670e+01
3.448676625180720379e+01
1.085928551015296506e+02
5.667505374823770126e+01
3.301816965589447506e+01
3.428680946576172772e+01
5.623673134024615905e+01
6.589577826900249136e+01
2.957770661226308206e+01
6.227179656400294050e+01
2.858516018502411171e+01
9.653606685529939568e+01
2.895595456727438588e+01
2.338361329521415755e+01
6.513075034282439901e+01
7.090245830859495868e+01
4.009817310205183816e+01
6.003461142289845043e+01
4.657030290632381053e+01
2.981209737807833449e+01
2.780846574482941946e+01
9.509659801854233763e+01
1.324989132072986031e+01
5.118863300704079222e+01
1.545635478672741669e+02
2.666846359790339704e+01
2.462878069107592438e+01
4.011694762777958800e+01
9.614438468305407071e+01
3.377872343550379242e+01
9.529346108284872230e+01
2.486914643937085501e+01
6.956171801794860698e+01
8.040111492106065327e+01
6.212034201757212060e+01
1.324100016278436165e+01
1.795898962936865360e+02
5.027900045523625039e+01
3.391547293448342515e+01
7.509917854975533658e+01
1.175840095501102667e+02
5.463373942098053959e+01
7.436283926537879552e+01
1.753853050686615802e+02
1.661853542323352144e+02
1.736473135177927816e+02
5.692227350723690904e+01
1.241032801138088217e+02
1.704979478344434440e+01
3.383526229632091997e+01
6.089278588764832989e+01
4.682706839557560841e+01
2.706354601930068071e+01
2.942761440285621433e+01
5.515833583008315344e+01
4.305232645317181550e+01
2.551655794813778400e+01
2.958408437321691054e+01
4.573728059838973792e+01
4.348702342083811345e+01
6.996971240790772129e+01
6.642045238601284041e+01
3.286051420501372888e+01
1.934215308194268701e+01
4.452655614100337544e+01
3.906936724065754163e+01
2.338677350261613341e+01
5.631445766255561125e+01
3.205429708812990697e+01
6.705324396510563645e+01
4.158872254667916479e+01
2.943359943076815455e+01
1.136628724877778751e+02
1.725039114855312050e+02
2.301292496285755007e+01
4.014065958191228844e+01
3.899079499956079076e+01
3.954727844057597963e+01
6.957390731495915759e+01
5.802506575624238394e+01
6.154079877607250637e+01
4.273080513080440568e+01
8.341883404782120692e+01
6.081610550010981342e+01
1.759621226765344915e+01
5.736247827347376926e+01
1.415379010271100242e+02
1.799533871104349814e+01
3.269397652194930970e+01
6.252167085749585596e+01
2.716223127156683503e+01
2.559988684257102065e+01
5.201997279073079739e+01
1.255947961540476570e+02
4.824748187126380117e+01
1.119653834245520727e+02
3.748856485967632324e+01
4.313574758877098247e+01
3.947253927621244429e+01
6.832563477049289702e+01
3.836233900899664206e+01
2.899148756742823707e+01
1.479622879460317364e+01
2.792428792863028875e+01
3.785290552901085448e+01
5.276642449861443396e+01
2.399519178364288052e+01
4.250915058857992790e+01
4.261823313910772271e+01
7.660049070331869814e+01
1.974086912360552049e+01
4.149331817746094941e+01
6.352316480424243395e+01
3.336267573330889746e+01
3.110389364388266031e+01
5.908186116200138827e+01
6.394333560476161438e+01
5.548415494379050017e+01
1.328882438833519188e+02
3.847424551456896324e+01
2.872686618485827381e+01
6.494237790835353508e+01
6.055407149898309171e+01
4.370632958094383014e+01
3.906045677830972096e+01
1.958343689442428470e+01
1.053523579535908823e+02
5.222131230249474498e+01
6.746170839871419389e+01
1.212765000911686712e+02
1.001307304721690059e+02
2.110772839773038356e+01
2.750247430741946886e+01
6.815846884752772894e+01
1.584680984730003139e+01
5.209077439365820794e+01
5.746435342709418137e+01
5.219820042320727538e+01
2.456562895088824305e+01
3.547892337270085505e+01
1.013426856151962028e+02
5.027879794922991152e+01
5.823892093028543826e+01
4.010553418698805928e+01
2.287201380285654295e+01
6.582121961100013152e+01
8.681615377727565885e+01
2.199595385303727824e+01
5.906078414030916690e+01
9.125390614899922070e+01
2.949494258753426124e+01
3.811450835384129476e+01
8.527815442653175637e+01
1.478930629979818150e+02
3.679474494053918221e+01
5.970900018999594749e+01
5.404836002653519955e+01
4.537791130141839346e+01
8.402151698082221287e+01
6.932790774774852594e+01
3.406137431220327727e+01
3.544705008376675437e+01
9.127959545797385488e+01
2.385199731097002598e+02
3.346089633955583054e+01
5.725119151802758921e+01
1.445033686613448367e+02
1.618710960293043968e+02
3.171658344969576433e+02
2.520319055927881635e+01
4.321702550364615547e+01
4.353416802430357535e+01
1.991367534519815408e+01
5.619134615938433086e+01
1.038207757794960173e+02
3.621379759175042068e+01
8.993714269678831386e+01
3.009569013259457648e+01
1.041152412290355187e+02
6.132112826136328465e+01
5.909401058256452188e+01
4.946160333592623459e+01
5.107851721305079451e+01
3.127344231117377049e+01
3.533002919521761953e+01
1.047961631793239690e+02
1.051106863871315866e+01
2.735820148000290075e+01
4.889038790350533503e+01
5.723724784163546531e+01
2.365241261513961391e+01
2.958708753189488760e+01
5.739527066613182171e+01
5.882626548700772418e+01
1.901683036585266606e+01
1.249553642531381996e+02
2.671062700025840542e+01
4.536863696428537907e+01
1.216262999758185970e+02
2.637570340755676668e+01
6.154747952894248897e+01
1.574981361374445896e+02
2.517412812245257925e+01
4.167315497707706839e+01
1.579194862231406091e+02
1.636861726212243084e+01
2.386989659945611919e+01
4.488842260241329285e+01
1.182064472461597262e+02
1.627696041146389234e+02
5.869335651682145283e+01
8.468897576427218610e+01
1.428110133932028702e+02
1.784351157419181888e+01
5.927241912164809179e+01
6.756136184864395489e+01
5.030867985567665812e+01
3.636917515824059706e+02
4.319109790579748420e+01
9.218282994758502014e+01
1.641318082369568572e+02
3.122110092673566228e+01
4.910231111874895049e+01
4.293225134874835902e+01
8.559844307588095091e+01
9.563445877416626217e+01
6.952977368019233495e+01
1.500847591635293270e+02
4.612180915031802897e+01
3.558977657764454960e+01
7.873801306605730588e+01
4.978207005186341405e+01
3.448663209700272603e+01
8.982226997229292920e+01
8.116674118593888920e+01
2.372732131121328081e+01
5.564345578356355304e+01
2.172245878078804182e+01
4.607618002868854745e+01
7.618248503251160741e+01
7.674794794314890112e+01
3.517507631910552135e+01
6.003929370787655984e+01
3.631030863540323708e+02
3.239965477558329354e+01
2.136722174442225253e+01
2.308379617108014159e+01
7.311259263980468859e+01
5.834040982283352150e+02
7.766078563408274249e+01
2.819989121975615376e+01
3.061366687145090637e+01
8.468493992287736205e+01
4.313569773244216776e+01
3.695184008100039819e+01
3.628875109768950580e+01
3.000684693053881702e+01
7.227401190334865078e+01
5.818022961124091808e+01
4.298289133689862496e+01
5.340463744565996507e+01
5.250110203358172356e+01
2.783861142738821925e+01
6.611645563173843243e+01
4.670120241923024196e+01
1.098609601850263218e+01
5.572963735569130961e+01
5.027537042767281150e+01
5.659746295529617299e+01
3.595059021695310975e+01
3.685238901242981768e+01
5.558583912218741574e+01
4.335099126905198830e+01
4.360360943678114864e+01
4.311899271838954917e+01
3.730464928943119673e+01
5.317762495881063245e+01
5.231996642861091118e+01
1.149198290729574410e+02
