1.076989319522575386e+02
8.704264956138902676e+01
1.277794941651589511e+02
6.331884002469229245e+01
1.009040777492414946e+02
4.802086661218370978e+01
1.058438286913822139e+02
1.191982749218149991e+02
1.611737132482624020e+02
6.539037922807536063e+01
1.201470361918104430e+02
6.413129439066665327e+01
2.199373632690591478e+02
5.382833859578033753e+01
1.980861439308138117e+01
7.935967163603999097e+01
1.268976183376854578e+02
1.113748670952745528e+02
1.101108957432005013e+02
5.281511556269404650e+01
1.129775815422615750e+02
1.538907517814483015e+02
6.549138339842737366e+01
1.155030393770669264e+02
1.020796403837409088e+02
9.842060662704474794e+01
6.880153710415444834e+01
5.505730130297650504e+01
1.241758160573836136e+02
7.773020918343745223e+01
4.846920291991289531e+01
8.177240269626101110e+01
2.073286290829182121e+02
3.990519720450366492e+01
4.844221871252224787e+01
5.904515815246874411e+01
5.028753713913673806e+01
6.870704433459876270e+01
1.359540039175003585e+02
1.493720916134545007e+02
2.131065479325233696e+02
9.537433166023186004e+01
8.612397813946789427e+01
1.260168405678371357e+02
1.793328215966818675e+02
3.982407667579971644e+01
1.576977326886270419e+02
6.081174449434713836e+01
6.504990736130028495e+01
1.056671541266417762e+02
4.733511493937970727e+01
3.780298580833099464e+01
8.029908045372900460e+01
1.616453102771914985e+02
8.012405348458912613e+01
6.811749344052124400e+01
7.266497074151183710e+01
8.649196493699041355e+01
1.163062624312511417e+02
2.037582029568224584e+02
1.050576625946266631e+02
9.951532134819876774e+01
7.539186473538910604e+01
5.864897238750960895e+01
8.367706259199322005e+01
1.129453142686929539e+02
1.059420013931787707e+02
5.102512322798665423e+01
7.388693090623024773e+01
6.364926242456520100e+01
8.270682582816249351e+01
4.339899085169160742e+01
8.389775233311404179e+01
6.614706013084546044e+01
1.268360161879740247e+02
1.611683250238478706e+02
8.958020949236588137e+01
1.713755978329881486e+02
6.285573421806230243e+01
1.177252420487205740e+02
4.777949428564230772e+01
1.114870110812415760e+02
7.411433946788596927e+01
2.044577432858922066e+02
1.132559822990081102e+02
1.747218006081843384e+02
1.496943172156822186e+02
8.813020392984094542e+01
1.667427221588388306e+02
7.022687044560824177e+01
6.689566247626839868e+01
9.193744453115445481e+01
8.114430897750128224e+01
5.316867920792734736e+01
1.404430257537253226e+02
7.207900317077327657e+01
1.609045754432463866e+02
7.856087131665779566e+01
7.138626350356143746e+01
5.785219447562545270e+01
1.016243735567078375e+02
6.563248221065364874e+01
9.359400433223304105e+01
1.044531310270708104e+02
9.873598782302607901e+01
1.484907821325284942e+02
9.610654329092119497e+01
2.703948258705277112e+02
6.021651926870644189e+01
2.755133991215183187e+02
3.346695570651956473e+02
6.674912617957626537e+01
1.132267903795936803e+02
7.480182922426966741e+01
5.837968374438094799e+01
3.058120587045108607e+01
1.092019358511603144e+02
8.968371643513150104e+01
4.986245248492414106e+01
5.493432995515555461e+01
5.408703488001353321e+01
1.228195004715547043e+02
4.604340573808514137e+01
8.103310101123915388e+01
1.134746073397859760e+02
8.614653897323564991e+01
7.077403215503100853e+01
6.054160952218480674e+01
1.178912964602551341e+02
1.110626229710100432e+02
1.263699624535422004e+02
6.987411505913632936e+01
4.305554897601614783e+01
5.353943920362191022e+01
2.118316528535214616e+02
1.188183632571658848e+02
6.756509817175259514e+01
4.399641619631122325e+01
4.345350794124365024e+01
9.392376460703943053e+01
1.007523302270600851e+02
4.816685174063150754e+01
1.139084515118277068e+02
7.851741726538075739e+01
6.491226418692296818e+01
2.329378810979430625e+02
2.529509928012170121e+02
8.395718078673829154e+01
1.639957165765844138e+02
8.661372169655344067e+01
2.535111860495979386e+02
1.353333170998501771e+02
1.093873931399397605e+02
1.715302408458433376e+02
5.916079239027041581e+01
1.017957827776418327e+02
1.138230276924062991e+02
8.426176616794820973e+01
1.937317508062753006e+02
6.419897081452413090e+01
5.211225278738758249e+01
2.973121833137341596e+01
1.049474159860238842e+02
7.021882441907685291e+01
1.570845515196504891e+02
4.752992409388279782e+01
7.870735058109639226e+01
1.525342707191678358e+02
2.465793041067658180e+02
7.599308949398242419e+01
5.545937148688044971e+01
1.039426820121372828e+02
1.187065230419810717e+02
6.116977963568194099e+01
9.762742812862094866e+01
7.757328028807590670e+01
1.005042764377275830e+02
1.027854151831537735e+02
3.663904529972553092e+01
4.906056611870645412e+01
7.303579662204755607e+01
5.271659975237051299e+01
4.464922117268412904e+01
1.286765503168826115e+02
1.474238362174941699e+02
8.135698461825772654e+01
1.368605567947961674e+02
6.248491269626494216e+01
1.240438513774418965e+02
1.725280364422385446e+02
8.703999703769132168e+01
8.327331136858947502e+01
7.191997506302999454e+01
1.098062146290541108e+02
6.111936287002317414e+01
5.868693420287082319e+01
8.330235174579892998e+01
2.003538665831513867e+02
8.481552481284134615e+01
8.873118876547438560e+01
7.446990180596792186e+01
1.048990812748771475e+02
5.025499451078724178e+01
1.855336611408474141e+02
7.058968324668150274e+01
9.583854853861772938e+01
5.609406328875339653e+01
1.283914072562373576e+02
7.598750826112691925e+01
2.150755759820808066e+02
3.001287675932692309e+02
6.311032949129303660e+01
6.303064157796126921e+01
5.157599616253968122e+01
1.603791803028553886e+02
1.234174476124629649e+02
4.352189895438033318e+01
5.297354533214500094e+01
9.697429520395479585e+01
7.823226118329789358e+01
9.569072953884466415e+01
2.911126190503480871e+02
1.232287971558073423e+02
6.110009585149773415e+01
5.145641205533979701e+01
8.124406525405396451e+01
3.935695975755623266e+01
6.794678593108299935e+01
2.322370842684077843e+02
9.164635422410441379e+01
5.673343327677113734e+01
1.454906928262490169e+02
1.722083914679086263e+02
3.311754516716639074e+01
1.644479569509519763e+02
1.419692881832004900e+02
1.092654986515334912e+02
1.404785137644048802e+02
7.822028951776647432e+01
1.113124115696184475e+02
6.233608293277892898e+01
4.375387505372741259e+01
1.807614632652052080e+02
3.479816100175969495e+01
2.124226596729804726e+02
4.291348065141387735e+01
7.500076603929322516e+01
1.147602241233957301e+02
3.533153160114265461e+02
9.306737745170437393e+01
6.406943738140684275e+01
6.857376588311454668e+01
7.780377103944726969e+01
1.420295167451545240e+02
6.693187255697289118e+01
8.486258646116917248e+01
1.583033598004539044e+02
4.450046356504608269e+01
1.385233685790013851e+02
7.003020222909442793e+01
1.439232934364947312e+02
1.192241395397133061e+02
4.137876390316636588e+01
4.172674662749766838e+01
1.096680916642694541e+02
2.858579724880985395e+02
1.514845511216162777e+02
7.258957609485706541e+01
3.996964843916202881e+01
2.395884758335301399e+02
1.958398688217242523e+02
8.256572827800674474e+01
1.238146047937850511e+02
4.633404285977863992e+02
1.176129467069061860e+02
7.046613042908069247e+01
9.758857121420629710e+01
7.765943277621968832e+01
1.170503059201001292e+02
1.390274946890813794e+02
1.615819264147123988e+02
4.756106199116323552e+01
9.637768792423858599e+01
1.754278019554678281e+02
1.047175307377605407e+02
6.681275598854489317e+01
6.010535489323953584e+01
2.095059521342278686e+02
1.273427363116177560e+02
4.474858299343964063e+01
4.916781432254855133e+01
5.731651516198630247e+01
5.232064656743184372e+01
8.121368348427064632e+01
5.657747302290914604e+01
6.224227181410888932e+01
7.433781744044321727e+01
1.287344691514658166e+02
6.777675549156670343e+01
7.177244657744176948e+01
2.055873102726190211e+02
7.534413844430748952e+01
4.394894018567136129e+01
1.370089100847060877e+02
8.203001454521584890e+01
7.730395434525017606e+01
9.908178477646443127e+01
9.880364778865406095e+01
1.294451585892523156e+02
1.247080784725411320e+02
1.969285069622219453e+02
1.146288566494223602e+02
1.069884569852816298e+02
1.295753111893143341e+02
9.093369080802943927e+01
2.379280030416019542e+02
1.684933241716776422e+02
1.064194635199680761e+02
1.302439996714702204e+02
5.352199897645326843e+01
4.364773797891790252e+01
4.292778301544132091e+01
1.472040148834949491e+02
8.141138132410246442e+01
5.338871891490285293e+01
1.054694368110058349e+02
8.690955076989216366e+01
1.565322208035191487e+01
8.053863809572143850e+01
1.863781731637220105e+02
1.494057475037613187e+02
1.016295848808801310e+02
9.771942752286027201e+01
2.407177561205573966e+02
3.828242197840926764e+01
6.152963845600521609e+01
7.662474789795069796e+01
1.400668133458805755e+02
6.498921275567082034e+01
5.501725811065467298e+01
2.259854216365471586e+02
1.463308917124430479e+02
1.084940376753049378e+02
1.614971644565466704e+02
1.012927400383778860e+02
1.099076557700424672e+02
1.275737421978028152e+02
1.156777885225401121e+02
1.630251211909926781e+02
1.481964088827173498e+02
7.142872900078353382e+01
9.506418919472230300e+01
7.762251081207399750e+01
1.917005653322934791e+02
4.755498720061846996e+01
2.150469342445590257e+02
1.814577408721400786e+02
7.984552004776743672e+01
7.997061751132682161e+01
2.805299286790948798e+01
9.127823378468499982e+01
2.791429965693044437e+02
1.011145448822468040e+02
3.187780237711565690e+01
9.010080073404049017e+01
9.318635185988247827e+01
9.241454381138245822e+01
4.637921917956900302e+02
8.408144279507908436e+01
1.594019932520995724e+02
1.616145968437980684e+02
1.381771804068366691e+02
1.015944956583338978e+02
8.635830560675023548e+01
4.731800046740815446e+02
2.299132111706457238e+02
9.689741103566832692e+01
7.473197461311242762e+01
1.055045815608892070e+02
9.345439101996537090e+01
2.053421776687238207e+02
6.695844554107591762e+01
2.100277971418038021e+02
6.442951708174534531e+01
5.707525573088580018e+01
3.044892644028348059e+02
2.011757608410208320e+02
2.885167019464569762e+02
7.316129729949011562e+01
1.564132254754206883e+02
3.757560937404471701e+02
5.100635914136606175e+01
4.388915452148315666e+01
7.671093970036660892e+01
1.588313173007719854e+02
7.986915763739556269e+02
1.826501768554184366e+02
1.027398569258831458e+02
8.045526032969993935e+01
1.263950661121218957e+02
8.426917764574662328e+01
1.338094994059856333e+02
9.485992226158658980e+01
4.416537592329299144e+01
9.666269686593544463e+01
3.386469445945830614e+01
1.145614216776845069e+02
3.721008828726512974e+01
3.073987694314854480e+02
1.122351966513813863e+02
1.289194576662004579e+02
6.939005326944375440e+01
1.404622449662680026e+02
6.846449960585928807e+01
7.411522849599866447e+01
1.974988589940833208e+02
4.937151864470319396e+01
1.358270651174233592e+02
8.563695987463407278e+01
8.641061896412706744e+01
1.168155256192640934e+02
8.657891331046783989e+01
2.914085156514030359e+02
1.812199638204078553e+02
1.332332934073095032e+02
1.085551682330863343e+02
3.630421253195331133e+01
6.234573502082640317e+01
9.184121475346617558e+01
2.313850123384782194e+02
5.106654450261588352e+01
4.019787516999654997e+01
4.931171897626315825e+01
9.018466492711065996e+01
1.145633388789530045e+02
3.930296802932339517e+01
7.183944458506550745e+01
1.535419710460713247e+02
8.502277265448788057e+01
1.001775583042863218e+02
5.111734802981205661e+01
1.103012619159552798e+02
1.251555819867642754e+02
7.901221839642974487e+01
1.187365316305780567e+02
9.293330026904426688e+01
1.028061376265826965e+02
7.765524338618153877e+01
4.988156925866439906e+01
5.346669490463135332e+01
5.449434900083569033e+01
3.606356505083064121e+02
5.309278009942340049e+01
1.098016676529589404e+02
6.925504509748401460e+01
6.670250864197207363e+01
1.716006087793101358e+02
4.297776354871134430e+01
6.047135991027669633e+01
6.688553275885128357e+01
1.904497424482987071e+02
1.428407022267381592e+02
7.889689285510829109e+01
1.611509171189258325e+02
7.605385346864412099e+01
4.025257398207847359e+01
1.184227964960633983e+02
1.417840421119623215e+02
1.052739162159980708e+02
3.279986135889235470e+02
1.192217014786415348e+02
3.066798084035256693e+02
1.091312034345880306e+02
6.139691621471847327e+01
9.184284785546002183e+01
5.370605608273945109e+01
1.426358400967133377e+02
8.519016753059919722e+01
1.510601435154834178e+02
1.107126782091627319e+02
7.957309360393924180e+01
7.196676642336821317e+01
1.222819271364231071e+02
2.029805620141097791e+02
5.977578799459255521e+01
7.670854344835632332e+01
1.660455465919356186e+02
1.203133333925938757e+02
1.347240528032931479e+02
6.978880790832753291e+02
9.682139738759717318e+01
1.284977016429700143e+02
7.752852952906231110e+01
7.397338448852848103e+01
2.765731074183892702e+02
2.040780240785631179e+02
9.778098304723449985e+01
2.069223625049401107e+02
9.021851741001376013e+01
7.056902893380753028e+01
8.508695621425039235e+01
1.317521946960837056e+02
1.129803883195995269e+02
1.025736055848253727e+02
8.773745159898835766e+01
9.744568904876575743e+01
8.354144815814049707e+01
4.261470832415017895e+01
1.098381740191028086e+02
5.822025929501987918e+01
5.341640401924650661e+01
5.695746037668605055e+01
4.982813532893471375e+01
7.050440294281062847e+01
2.528028820406694521e+01
7.264362081940851112e+01
1.547294320563577514e+02
7.626476439652937245e+01
7.572951203602167425e+01
4.537393602650565327e+01
6.276492008671436196e+01
5.891618042171139535e+01
8.202891693188864508e+01
5.774507175314598584e+01
2.020337400226060822e+02
7.366214842332497881e+01
4.759996598667164136e+01
1.042682186105320170e+02
4.884289713002366540e+01
9.741282079133416971e+01
5.117274001571483666e+01
1.883290978024862738e+02
6.484828528717058305e+01
4.714606157092192973e+01
3.072195919763948950e+02
1.044528633991302087e+02
4.871776172755593137e+01
2.244140551788758842e+02
9.950499839895375942e+01
1.061808339555297067e+02
1.777559925263217906e+02
2.462713600105651679e+01
7.334515688889844398e+01
7.477194623864633627e+01
7.130386950557121395e+01
1.716144662826831393e+02
7.896055004390989041e+01
4.905905023879066817e+01
1.359031654423239104e+02
3.916629177555108754e+01
1.337083659927313022e+02
4.357902712433251935e+01
9.876341177415534389e+01
8.975947355587159393e+01
4.170471045309346891e+01
9.619221979817655210e+01
2.749161379819328843e+01
9.151187672945249574e+01
1.139298640933865272e+02
7.728221708869439510e+01
2.810514636275576663e+02
5.931089709524602682e+01
5.030202215768089502e+01
1.272459759603972174e+02
7.530674198146610365e+01
1.851914537933832889e+02
2.333839929700814935e+02
1.639295578819360060e+02
1.340781768301070827e+02
1.142889247086984739e+02
5.575442890323995471e+01
1.322134777862581814e+02
1.888791238028566113e+02
5.399208709290414987e+01
1.163100792430679888e+02
6.899045280624561371e+01
8.322083668733192496e+01
1.552041006902388176e+02
2.991425834535931472e+01
8.745573324664054837e+01
1.263223238615845503e+02
1.324951345085601133e+02
1.137923612728853726e+02
1.154399945687515014e+02
2.297533099504140921e+02
6.531453996555985952e+01
1.212752744815449830e+02
7.021724393915339135e+01
2.337997299708246146e+01
1.328850219534010080e+02
1.731329738785109100e+02
7.678856324819757617e+01
1.813145242509610284e+02
4.350452900917316867e+01
1.107951701926685644e+02
1.299370003951132162e+02
6.054622422232700529e+01
1.130036723997740324e+02
4.650442794899623067e+01
4.835596110515517410e+01
1.478804787449281832e+02
8.219091160897814063e+01
2.155933357194438713e+02
1.001343568028747484e+02
1.394620572050559986e+02
4.495745493901350898e+01
3.681309018113631737e+02
4.101882626601921800e+01
5.731745028542349019e+01
6.953976363393934434e+01
1.723003593430109675e+02
1.172564456319085338e+02
1.601295404670059099e+02
1.010449551654407117e+02
1.821148115223290915e+02
1.801894634599666460e+02
7.006733377550386876e+01
8.252222392623077951e+01
1.778227317916475556e+02
1.471717659067813599e+02
8.866590718599927357e+01
4.959310521221058821e+01
1.192013359076790806e+02
1.187177677920345644e+02
9.986727747515074327e+01
1.668602690799149855e+02
4.891052301513097689e+01
1.275446258690249834e+02
8.369777200553254204e+01
3.127796435232498879e+02
1.588388001955360664e+02
1.291962270066202905e+02
9.988986639072257390e+01
6.046406017764783059e+01
8.501408185703172649e+01
1.477943440123885068e+02
5.552071261244666545e+01
1.561528188868511222e+02
9.804148443958540327e+01
3.341019604439125601e+01
7.692953861408837213e+01
7.334095523182826071e+01
5.822587381548456165e+01
6.275420040000955169e+01
1.606906426284289466e+02
7.990999061002264625e+01
1.687726618632815132e+02
1.246682681847416774e+02
1.251127296865840464e+02
2.882688381842447711e+02
6.654957759502039494e+01
9.190663086504943635e+01
8.235285812859673626e+01
4.336672269274640001e+01
1.066985268077718132e+02
8.854363898169894753e+01
3.274185509377249303e+01
5.998748369543295667e+01
1.201586513168145700e+02
5.596925078080176519e+01
4.637016157787657988e+01
1.329059768161593240e+02
9.021876485240046861e+01
1.000376645278184924e+02
1.167269536769370859e+02
1.104494075565403080e+02
1.488784556140235793e+02
1.345682554078449584e+02
7.822583543427964514e+01
5.134763725610741858e+01
1.594817037288389656e+02
2.012460317159688543e+02
5.761584355710030536e+01
9.288741147598393866e+01
9.378255180268142510e+01
1.108541178373474310e+02
1.089766497490118269e+02
3.182876552124121261e+01
5.171418457939274305e+01
1.313605568423230636e+02
9.709343908794947708e+01
1.311231901835901397e+02
8.787797725832884055e+01
2.982261046441425378e+01
6.694929608361124451e+01
9.036193374282090929e+01
1.810533113705768358e+02
2.484813951682486106e+02
9.569082699631056244e+01
6.760107935007791014e+01
2.321872830863360946e+02
8.884982036093128954e+01
1.223794523394971634e+02
4.186127232147808996e+01
1.486739742140885880e+02
9.015728080407757261e+01
1.591476751929438933e+02
1.194263373174575946e+02
1.352673850784756553e+02
8.622540993929162312e+01
6.586372646414415044e+01
1.710028020722199642e+02
1.149956051202062639e+02
1.549681269432991542e+02
1.511459367148222270e+02
5.853024963965630434e+01
2.949714344477181953e+02
2.186940175659066767e+02
8.618550486160964397e+01
7.927738499928767624e+01
7.281021654381697772e+01
1.697505745327309228e+02
8.649220530146284602e+01
9.021990739083253175e+01
5.973091379846484017e+01
6.802078102112550084e+01
5.384090003658953805e+01
2.991549455220231124e+01
9.470253115513112618e+01
1.142935065805633030e+02
1.512394668567855547e+02
3.464876316951627189e+01
9.187939262736196611e+01
6.200050348568064607e+01
3.121183288832725111e+01
4.510550352533953600e+01
3.675774657817239444e+01
7.173103766853816410e+01
1.063499579580841754e+02
7.483050194716717840e+01
1.117051737581849977e+02
1.407443660320631409e+02
5.083381828814890468e+01
9.465911551063487650e+01
1.355552318594799033e+02
3.624891525193132793e+02
5.084212770825858030e+01
1.380678471183033480e+02
7.601788821544090524e+01
1.113074339941056508e+02
4.851914940057748282e+01
2.984195111426305402e+02
1.157195040165949962e+02
5.992824127809812751e+01
9.133406567050185743e+01
4.709935014631836481e+01
1.240561752234579842e+02
6.163393578113002746e+01
3.392018468015673420e+02
4.401201063385460799e+01
6.235638826946725288e+01
9.817436156484663456e+01
6.437750428963236971e+01
4.890729831800135941e+01
9.890244345215950261e+01
7.101028576457437680e+01
1.008307607575632119e+02
8.496315087854857495e+01
1.851999015803272357e+02
5.409047980287927260e+01
1.262735406796495141e+02
6.450922202784546755e+01
1.461009319870556737e+02
9.875859057960556697e+01
7.749107819205973158e+01
1.406426871982181694e+02
3.010919169959448283e+01
2.220466487352746299e+02
8.917142643331335705e+01
4.850068132547807664e+01
5.221596679873285751e+01
7.814586322452190359e+01
9.598442956299776085e+01
5.143482934684864460e+01
2.186041824900453889e+02
1.548585598057741777e+02
1.437817567167186610e+02
8.309164938643215237e+01
1.110406763899639628e+02
3.869525048944240098e+01
1.357583037614865873e+02
5.993174708785983285e+01
5.877916947474320608e+01
5.644036494731835063e+01
1.188398127790424041e+02
8.946252940995331926e+01
1.417724009428771978e+02
7.393423207596964630e+01
1.509803932339921175e+02
9.894206508272255007e+01
6.894534212616751745e+01
1.134232794671280828e+02
5.046694023042626753e+01
6.959270494683185859e+01
2.923747920082865335e+02
5.534756786880146251e+01
1.130091894080551924e+02
6.894108672267665838e+01
8.359206674982607410e+01
1.894950921163509463e+02
8.518183078887318516e+01
5.317328089448361794e+01
1.079277622587700591e+02
4.255366356971303787e+01
1.740094432511113780e+02
4.977930590850886716e+01
8.904242022383834865e+01
4.522788716977704837e+01
8.401378891750594846e+01
1.568388706289400716e+02
8.218664182100272342e+01
1.545166676539736557e+02
7.141566344437266878e+01
8.621185537543561850e+01
1.278757257337749138e+02
1.134543636479000241e+02
1.401631371525796510e+02
6.545309633292865215e+01
1.891778311879113801e+02
7.781074374389588399e+01
1.570760962936831220e+02
4.871399081876953119e+02
2.598842208813831007e+02
1.687118832623822300e+02
1.348603868485870692e+02
8.826607059875453842e+01
5.871758488422263156e+01
9.126859689269069520e+01
5.029724781731020755e+01
1.266608903821143457e+02
9.677980473388370797e+01
9.916490713283459968e+01
4.499288253879648209e+02
8.218784733697533795e+01
8.458935232804648763e+01
7.412134426203542148e+01
1.568178690532890869e+02
4.908827634837119547e+01
2.838620309189574300e+02
9.588596710572194581e+01
1.079498138432956154e+02
6.273593001931872948e+01
8.928946980890319196e+01
2.176358637230513580e+02
4.384092083989576736e+02
1.591118934825838664e+02
1.816619230156508991e+02
3.511549308283011328e+01
9.577680002690156869e+01
8.495304172155033484e+01
1.920536666549310212e+02
7.829776571111521832e+01
7.973939195560862458e+01
9.896864394337229953e+01
7.287623222853935090e+01
1.965931812946361958e+02
2.180695546938873974e+02
6.358447917940679872e+01
4.653460005775838937e+01
1.628516386857741622e+02
6.544041050584198160e+01
1.301334794928046961e+02
5.650468824035932869e+01
1.998988352628190341e+02
5.006065381894183588e+02
1.208244986559320324e+02
6.009590851781101151e+01
9.752979515988276660e+01
2.385032694017381232e+02
3.680246359964040437e+01
7.257514051590204929e+01
6.460264557196454405e+01
7.917381977093808132e+01
1.304707223783494214e+02
7.697404755292564005e+01
4.068575985796275774e+01
3.981799036066310578e+02
7.892455604152844728e+01
1.620816392322544459e+02
1.446777051200333517e+02
5.448905354026648240e+01
7.506184676616780393e+01
7.505195199116776905e+01
4.776310983039097664e+02
1.133489758487645815e+02
9.204570903766824586e+01
6.114781933688067994e+01
6.330740087691385298e+01
8.509567093023177620e+01
7.966827311385986832e+01
2.448023372507316822e+02
4.094171178404401701e+01
1.309456598718306282e+02
3.003004981260831414e+02
1.295438360658395709e+02
1.086974938137652344e+02
1.184311493967902322e+02
7.311024886171703940e+01
3.919583178039026166e+02
6.383532365073823200e+01
3.991375371259022842e+01
1.143650864877628521e+02
6.771635556929204824e+01
1.067982987507309360e+02
8.716859457724859794e+01
2.297301146123995750e+02
6.975281737058070064e+01
1.443534295440366577e+02
5.442837773903455911e+01
1.000953020661161474e+02
1.538091297153097798e+02
1.409915073261166754e+02
1.106950015594955090e+02
1.561966754442296690e+02
5.975773004887215478e+01
1.518654215888986414e+02
3.969696670294440111e+01
1.186916089077828502e+02
1.227320158092062172e+02
3.487844352775073276e+01
2.707419075099913357e+02
7.099060523622446794e+01
1.124169774729705296e+02
1.120461891350499002e+02
9.657379240405929011e+01
8.093665789252108311e+01
9.054488361872309099e+01
8.333881560355219165e+01
4.501985373821883485e+01
1.358993224326155769e+02
9.629386624098000880e+01
9.290258657555577315e+01
6.278190444240861723e+01
5.808975006675884600e+01
3.823828832073642303e+01
1.033879018000044141e+02
1.197881240146146382e+02
1.046183677421535378e+02
2.273554969932184520e+02
9.309526904991112417e+01
3.373401665112353385e+02
1.462350320564132744e+02
4.506029041741424379e+01
1.356844447461653260e+02
6.215820438396367820e+01
1.407519221274157246e+02
5.632308897748635701e+01
8.845285430519599856e+01
3.580280665364625037e+01
5.082138563381829499e+01
6.959410926311691981e+01
3.559342754202143055e+02
5.163814696109233182e+01
5.022807870618820658e+01
9.699245477054819276e+01
3.697697909323726861e+01
4.395525007482612523e+01
1.711428886621436050e+02
8.881522379946210322e+01
1.283915091058880193e+02
3.757948640692026743e+01
7.671568815157330334e+01
8.571817143935159322e+01
4.360010818725412918e+01
1.512491955883573382e+02
5.361149289463219247e+01
1.376455405554412437e+02
5.799925758996550229e+01
5.664800240562441047e+01
5.890821054837196158e+01
1.956020533574497051e+02
9.160842819707163187e+01
1.474541360213500525e+02
1.698231206997868128e+02
7.039385390423144884e+01
1.213001150334671365e+02
1.604723434102921829e+02
6.389940772699152660e+01
7.016779617162097793e+01
8.585276014161979674e+01
8.626254912763729976e+01
1.802427314603329478e+02
2.759021879736312144e+02
2.437746840876609866e+01
6.953830437605606107e+01
1.631041668068313300e+02
5.198197849783478830e+01
6.514466308785949877e+01
6.386929189643984017e+01
7.315603209916619676e+01
5.024318486079070567e+01
8.114332814585382891e+01
1.894633334609367523e+02
9.657007046165979602e+01
1.594870964286424737e+02
1.037851705696265441e+02
1.202334280927840666e+02
3.500193675841222785e+02
5.617259851008455485e+01
5.580319611767453125e+01
3.453887095697251652e+01
3.109026442923735445e+01
5.768262399079066682e+01
6.995792564407229008e+01
7.992327550797600111e+01
1.147071046205815037e+02
6.105992422609677561e+01
1.149748691988830984e+02
5.262372899977019358e+01
1.607174263048405010e+02
