1.003447361545348997e+02
5.035143953569563990e+01
5.379370411006043895e+01
1.902638324447347031e+02
6.057354694118848926e+01
1.079625334430869543e+02
1.846975500729145097e+02
4.664871278257086118e+01
7.165490017255564226e+01
5.463657730614784214e+01
1.267444595166729044e+02
2.396862805477201164e+02
7.963824176424738255e+01
7.790716396270033783e+01
9.625660045502894491e+01
1.088191168536024946e+02
7.399314398035338058e+01
6.871446528383789598e+01
8.046677343380078185e+01
1.511475303802511405e+02
1.292883118290669415e+02
5.493761310730553760e+01
9.623766648898676124e+01
4.522049064639833915e+01
9.745101125708129075e+01
8.729572814434881423e+01
1.080661617013650755e+02
1.963291924029692552e+02
2.698411402786836177e+01
1.032908178863199140e+02
6.844063701073747552e+01
9.620902558590337605e+01
2.102305137539754298e+02
8.379353300181712427e+01
6.592631851004433940e+01
8.631281326353645511e+01
3.755786101816669742e+01
2.873144568716303411e+02
1.211977424592916464e+02
7.269748552699533661e+01
4.727889609199704068e+01
1.279099762400497298e+02
8.029639075656959335e+01
6.478636693184024864e+01
1.558735906005196625e+02
6.872712512144207153e+01
9.179607330389568176e+01
1.366827524357882453e+02
9.596589774712718679e+01
1.657133123045840861e+01
8.257210914035688631e+01
2.683308340329281094e+01
1.113152056343180618e+02
3.958947294305210107e+01
2.148951841536425320e+02
4.182289170414478718e+01
1.065115340268149566e+02
1.185387442050725042e+02
8.202900890207101270e+01
4.564616269429167517e+01
5.990244756237876089e+01
7.076468246868498113e+01
1.194250363427080686e+02
1.890523920303310490e+02
4.542943894909330993e+01
3.849744453109625653e+01
6.515325796778398626e+01
6.668490471225244676e+01
5.152734834934307884e+01
8.445397470458490830e+01
7.772808110740824361e+01
9.164730518545658811e+01
1.246442097070200248e+02
6.142333529990729346e+01
2.742838559582401814e+01
5.539880685238691882e+01
9.422530136204282769e+01
7.759810384687669682e+01
9.490244287039999449e+01
1.027427118532675507e+02
5.899282015867704132e+01
5.918979606265655491e+01
1.392797847537801772e+02
4.291579009030473202e+01
1.104628738669006935e+02
7.728066402505359633e+01
1.149335877219956927e+02
8.229880322345432830e+01
1.181183310660992873e+02
1.458868824041135213e+02
6.143254610495224455e+01
8.897129460816658764e+01
1.043293724026550535e+02
4.663964815036399614e+01
6.530652514571187339e+01
6.753961623355185395e+01
1.278465498005120367e+02
1.584333627805830247e+02
1.392366115448204198e+02
7.653123632630979500e+01
3.010402143445447365e+01
8.418739194087977751e+01
5.588152896826721872e+01
1.335527846294740471e+02
3.632825633778705878e+02
4.696398575454192326e+01
3.342167582328312392e+01
3.734787226435326346e+01
5.754239438744034629e+01
9.443597686784315215e+01
2.983997147561102281e+01
5.690441480654308748e+01
3.391199443409112035e+01
6.976346516344514725e+01
6.239780968955154350e+01
3.244995082817023757e+01
3.545188281119392570e+01
4.651449238425949062e+01
1.230462706008254798e+02
2.904635583342055227e+01
8.406382255014187876e+01
1.187710055395914566e+02
9.927494839383000169e+01
8.153130580450847731e+01
1.570327833661455941e+02
1.816773049721610391e+02
1.018849907954606948e+02
1.010261541165769898e+02
5.092672422414934630e+01
3.212481471344507611e+01
8.316040884549114764e+01
5.995588832941825075e+01
4.305510968493117474e+01
2.520848334321277093e+02
5.986733846634812295e+01
6.781928222363410441e+01
5.902483882577031693e+01
7.205943110018512243e+01
6.001185954115503307e+01
1.664962206420968585e+02
1.661566663730721132e+02
3.626672779351604277e+02
5.571968915194552352e+01
4.797190576717223820e+01
1.892902555518340364e+02
3.818475168415027809e+01
7.357609155194660389e+01
4.348360392615196446e+01
9.559094462179739082e+01
2.432901131403006900e+02
1.301743228214413648e+02
4.955517752248753283e+01
5.437072978749738184e+01
6.410593420242149421e+01
1.060350708119411252e+02
5.617042653172939737e+01
6.006651690102832930e+01
6.761174220129665002e+01
6.311448428161657631e+01
1.007666052622564621e+02
6.909505569704582228e+01
1.268973375164577106e+02
1.601747103595635906e+02
1.987212395153710531e+02
9.296195134203128418e+01
4.280150242369205671e+01
1.047015309546736148e+02
9.692104040310468349e+01
4.529551321046817236e+01
6.379669949553599650e+01
2.246435394265272691e+02
9.176398960914626457e+01
1.221653361652051331e+02
6.094748782158023204e+01
9.875604716804370753e+01
5.333608604410235188e+01
6.452853483791241729e+01
2.911754691004949080e+01
2.850860016400225732e+02
1.285312318174256063e+02
4.258859236663512604e+01
1.542796106710556217e+02
7.999790250823832594e+01
6.194659161749974174e+01
1.680553673092253462e+02
1.060719016531266874e+02
1.032484592819638323e+02
4.879582039394610149e+01
1.598378637424522140e+02
4.404602864987558775e+01
9.415576743501610224e+01
1.254456647294681204e+02
7.375845655606853768e+01
7.325244127437818520e+01
7.251323672831199474e+01
7.875822247322392400e+01
5.373355409938832850e+01
6.358815001560164859e+01
5.433946317748723942e+01
4.039523728430630456e+01
1.017769928680729947e+02
7.211364172424700314e+01
4.675695252635549792e+01
3.603417698006004457e+02
1.232381862954593572e+02
5.147466251495833234e+01
1.213608165120594720e+02
8.972846637870561892e+01
2.366607797993353302e+01
7.423582317833239586e+01
5.873359154588328579e+01
7.374623108745943512e+01
4.209902062666500200e+01
1.190725420513066695e+02
5.903284517935032483e+01
1.395942825654963144e+02
3.848474732453701819e+01
1.498490407355575016e+01
1.032632268761941106e+02
2.326316507294185953e+02
3.297759857780231130e+01
9.947363627454431878e+01
6.930312125116844868e+01
5.423376028764882761e+01
7.010945546939598216e+01
7.478307084842163022e+01
9.969293544301713439e+01
1.384622987811240762e+02
2.689028396956804201e+01
4.906660562934067826e+01
8.374987089562442577e+01
4.004222053286527228e+01
7.313872062071685320e+01
4.602305420603860142e+01
8.682564807527471373e+01
1.219989143304847232e+02
7.377801031835655010e+01
1.234109843537079456e+02
1.002091816602946182e+02
4.404200670468770795e+01
2.212516113721807187e+02
1.230289916324754671e+02
3.174143029806454663e+01
8.765712765468100542e+01
8.740032916837498078e+01
2.988269062479724170e+01
8.665507935492692582e+01
6.475576950763287698e+01
4.721793801430913362e+01
7.732266294051446209e+01
1.421726284968875973e+02
9.987612467776544634e+01
7.031347233291450038e+01
4.155202615330573224e+01
6.161036572563677538e+01
1.389495754250158370e+02
5.629862953405657322e+01
2.566249448487468499e+01
1.888540110651102566e+02
9.146989658066475215e+01
1.439845494344832275e+02
2.128193830989931428e+02
9.587531614333168761e+01
4.392258254871023126e+01
7.611167916880675932e+01
9.932087919210755445e+01
5.827529980295261680e+01
8.531264861727426307e+01
8.631926595922031709e+01
1.211002397839657050e+02
3.916956074762060069e+01
1.285581622057130744e+02
4.574448260552437517e+01
7.835007744098805915e+01
2.571911819433524826e+01
3.562138514342642992e+01
4.769817671990787744e+01
2.976553033945038464e+02
5.505685117910836368e+01
2.789261907842196706e+02
5.149694427253250950e+01
1.153667127229126095e+02
3.045698337663128541e+02
6.247622373594799683e+02
1.529254825554432671e+02
5.473996130266829852e+01
1.279335020884015819e+02
1.183145931128847081e+02
5.363305580590728994e+01
2.344981238325212587e+02
9.693483364689866733e+01
8.334468614787104457e+01
5.480296000008891610e+01
9.140848689277635231e+01
6.489512891584982412e+01
1.461924634262227300e+02
3.344960867534796733e+01
4.094653274299531631e+01
7.295622959503793936e+01
7.833464456140079335e+01
6.562467363380120844e+01
3.188805318887625617e+01
1.260323715256069050e+02
1.247720536911506883e+02
3.246850043487159354e+01
2.945060331234995488e+01
7.956109751617073300e+01
8.756796591267899998e+01
1.598181636624344435e+02
4.867806088251255403e+01
1.809193535249562785e+02
5.767953202830582171e+01
9.547520924624207339e+01
6.470256195988203274e+01
6.916333717576348761e+01
3.218285610123029272e+01
5.548996653892518793e+01
8.967712276328155951e+01
3.731100629889080977e+01
8.874109849628830204e+01
7.632656928432501786e+01
3.663460524819950592e+01
9.353528138899953603e+01
9.218290022211326118e+01
4.923964787225018114e+01
1.887095862682390646e+02
1.385140307318003465e+02
2.243848927091225107e+02
1.876041652116337843e+02
4.188566254611377815e+01
6.117202750459767913e+01
7.110351804197533454e+01
1.282524218614608458e+02
7.485321521242696008e+01
1.375737183150479837e+02
2.720350368687550002e+01
1.309771413901305266e+02
4.293020752839525045e+01
1.685189801574101125e+02
8.829780313561269622e+01
3.103706131195269791e+01
6.669542662123268428e+01
2.601417351312904316e+02
1.064419467023439694e+02
5.151043352968029154e+01
7.153921278458879840e+01
6.231779953135111327e+01
3.349604728443743085e+01
5.180138700612263136e+01
1.206677807412471708e+02
6.104185649028202931e+01
5.801622315794321594e+01
4.738958721349455772e+01
1.536452182557851529e+02
1.163221839981417389e+02
4.638730913002603984e+01
1.825546846653660964e+02
7.711846278344447114e+01
1.665970827185462610e+02
1.965724797990648085e+02
7.145772614301309034e+01
4.311230076994318949e+01
9.308436521871504965e+01
6.383461196745398780e+01
9.904381057141868894e+01
8.769878692345170634e+01
8.113723731528325800e+01
1.234182617915096642e+02
2.533126012046395203e+01
7.908433527721412304e+01
5.165212602298143452e+01
7.079108601488505315e+01
7.274236663394711400e+01
1.368844511045292052e+02
1.011155643298673112e+02
1.412225137698023332e+02
8.098172965297587211e+01
9.997402374577559669e+01
1.207804856890213046e+02
1.467702540274028422e+02
1.034558390397641006e+02
7.189908786038392918e+01
8.020978624612463648e+01
8.607069857423653048e+01
7.000600176278159381e+01
1.318288120845778906e+02
4.443752549149515829e+01
1.481724620822279803e+02
8.785139413560386856e+01
5.669243100317794415e+01
4.466542431124243961e+01
5.757312847170857850e+01
1.256173542525494184e+02
7.284486068401207604e+01
9.620802419480290268e+01
5.968270223700309884e+01
7.623396559960022500e+01
5.642978204152548471e+01
6.402433240020863536e+01
9.206012232929160177e+01
3.327065031072137202e+01
9.507128560528215644e+01
4.878477184749023365e+01
1.753246144563125597e+02
4.735551980707820974e+01
9.353310661022439376e+01
6.415919232922735205e+01
5.112745503247625578e+01
7.168858333668441674e+01
8.820013953956308228e+01
6.286190161861177472e+01
1.044476619539638449e+02
4.182712483483454662e+02
3.852155776462775094e+01
9.093831631913856484e+01
6.138273373581527892e+01
5.869235807930192550e+01
6.686937147097418688e+01
2.031655282402275589e+02
1.110633165163305449e+02
1.471505417497899657e+02
1.543744628505323817e+02
3.075735870073687295e+01
1.117468704992048742e+02
7.094002627169528807e+01
1.333361434792434466e+02
1.245799297761874982e+02
3.556656135764289672e+01
1.695463009603165858e+02
3.603002773161752259e+01
1.082430990307560705e+02
8.575895810498457195e+01
7.089546863504455132e+01
8.955254281212549472e+01
8.522200421320368946e+01
7.754630912837286871e+01
1.221850534082556408e+02
9.071996408227232678e+01
6.269825560866946290e+01
4.304775055404714124e+01
2.995510677876788108e+01
1.020535596866339887e+02
2.289776389846790892e+02
3.374238315767088636e+01
5.773055058445651611e+01
2.624030529843020645e+02
9.902301651281406691e+01
2.530408478797568961e+01
5.061944088398276165e+01
6.475445541785140335e+01
6.101562412801632007e+01
1.034338094168309254e+02
1.338049033290314753e+02
1.625128372331534763e+02
1.713711233022962404e+02
1.541047212141627085e+02
1.733280566619080219e+02
2.297707164584623740e+02
6.480780140987916411e+02
6.256953819098682601e+01
9.059795232411735810e+01
1.305940207679548450e+02
1.156457540482157924e+02
1.741667509703554231e+02
1.367072844048331888e+02
1.522253988162143230e+02
3.695730858998793167e+01
1.291207662769890874e+02
4.453768693956025260e+01
3.694943024472300408e+01
1.953637188345650486e+02
5.809117576134996597e+01
1.494870992789890636e+02
4.806696156484090210e+01
5.166009522338033833e+01
9.640230228524090705e+01
1.230943430370406446e+02
8.600188789063390971e+01
1.430180269497209053e+02
1.366245009068382501e+02
1.203842504690248774e+02
9.489884136945580906e+01
9.669062479233403451e+01
1.560751849038119303e+02
1.430188410705535489e+02
4.568415812718494351e+01
3.407733263681900127e+01
6.986506765772827521e+01
5.079217762426339533e+01
1.416154069991568178e+02
1.875466482030779503e+02
6.060141543395488384e+01
9.791296800627357300e+01
4.153112675979402724e+01
5.700876024312297830e+01
9.124118855762328906e+01
4.102157876770444034e+01
9.016002780575138331e+01
4.057244689122008907e+01
5.467101660825968423e+01
6.030672325521003785e+01
2.117024620195092055e+01
3.733844319415316448e+01
5.717260563504556359e+01
6.697860708072717273e+01
4.322353024394741539e+01
6.197996532001647552e+01
1.597182475902583754e+01
6.714468083675119203e+01
6.054880134260905322e+01
9.688521906482871771e+01
4.728006684960247696e+01
1.261020815494144500e+02
5.819643731049446700e+01
4.964831964074061688e+01
6.146763523313263278e+01
9.082139278496103429e+01
6.039212382515193411e+01
7.532877313562084964e+01
1.078025937790232263e+02
6.036290526899433218e+01
4.691393951637623871e+01
1.090726298106299765e+02
3.976780578665044885e+01
1.563790990146169122e+02
4.716399454176807637e+01
8.494112107666252598e+01
7.346487459686642296e+01
4.718029650105285810e+01
9.391104964401343125e+01
3.474830022607584823e+01
6.791340563855061419e+01
1.076828252895458320e+02
7.655331953671556278e+01
9.881355248744563369e+01
6.765642305938318657e+01
4.946742209191035045e+01
6.340156759767591410e+01
4.384876679915745967e+01
5.878804405322581061e+01
5.617162332328565100e+01
5.794514930769679495e+01
3.335196544306955246e+01
5.025797621654592717e+01
4.662356480276367421e+01
8.550638558561954028e+01
7.873051579269846911e+01
1.701784909071980678e+02
1.404640655107403902e+01
4.893438304619310486e+01
1.400092074085203251e+02
1.585037557741013359e+02
1.378039790794665862e+02
2.114408580585409823e+02
4.456501397877024573e+01
1.650647480558483835e+02
7.763772925523825563e+01
9.181482477306597900e+01
1.305290755879525193e+02
7.757293437362618249e+01
1.142773558661388762e+02
5.351147867459656737e+01
5.800196864289816290e+01
1.353655142435782750e+02
7.411622601395504262e+01
6.181682089239676969e+01
8.330343623124070973e+01
8.465243288377865838e+01
7.496514978724690081e+01
7.292774158853126210e+01
5.770187984823963490e+01
1.487494994348005264e+02
1.779276363784363468e+02
8.159112023102500189e+01
1.078501381403293493e+02
4.285622020533919851e+01
1.076199183811036164e+02
9.894691451777092084e+01
1.282231454987458505e+02
5.751049170958768997e+01
1.608848039369820810e+02
1.548967582160518077e+02
1.020069543619235048e+02
1.534655878161304656e+02
4.573102183739634796e+01
1.866774662968926179e+02
1.351694276039163753e+02
1.353948455420153039e+02
5.753705683213982525e+01
7.576025011516117047e+01
4.940777454264039648e+01
5.783056676393827189e+01
5.180318904744797237e+01
1.212933061334806268e+02
4.893305385181698597e+01
8.601616322134164250e+01
5.911487652884360244e+01
3.247941036505870471e+01
7.698499369303924311e+01
7.730886397824446021e+01
1.538475754420322801e+02
1.205977623462994046e+02
2.013575080911813586e+02
3.579761101614216301e+01
1.435733735984846646e+02
1.344357511291439948e+02
4.638822742321534065e+01
5.755985823758884834e+01
1.713610345456769153e+02
4.535695301770488896e+01
5.488193756688679059e+01
7.828382391653927641e+01
2.901896012614429665e+01
3.849970347432186912e+01
9.071965725091820332e+01
5.176753327363960722e+01
9.013481548851582659e+01
2.658062569574816436e+01
3.663755608045457990e+01
2.825876665078828864e+01
8.696347746935299483e+01
5.032725006209199137e+01
1.057255889595176370e+02
1.145658824528729554e+02
1.230999583568687683e+02
7.765285679619864823e+01
3.539963518778644413e+01
1.226183447568845821e+02
1.017824774393719593e+02
4.830699265507730189e+01
2.377985062410190409e+01
6.937010410472949218e+01
7.066840401868782351e+01
1.232706582364251631e+02
1.121033195027540046e+02
2.973120989241387946e+01
1.423826192938335282e+02
3.439579127435390404e+01
1.128130353505074197e+02
5.481307695046324113e+01
9.533147067587859169e+01
5.731957210193167640e+01
1.057055246620473383e+02
5.128272169297234484e+01
5.716803426888574791e+01
8.717446571511284503e+01
6.181190346128506974e+01
5.059886963703778662e+01
7.271276154022484661e+01
9.453249644245838113e+01
7.841579379511755121e+01
6.053686416578165108e+01
3.921856997011975210e+01
1.488778465295242768e+02
7.280246977108636486e+01
1.117771121204651763e+02
7.983264344066115825e+01
1.497902061887839409e+02
3.353825063332458001e+01
3.226297295951214750e+01
1.700429906245238385e+02
3.418859436709337984e+01
7.850071085046103292e+01
6.790922393220101583e+01
6.362588957664999612e+01
1.230499231637307815e+02
3.891768239435439796e+02
7.063704717334618977e+01
4.547428925631812291e+01
2.507719416380360542e+02
7.269196879380048415e+01
4.279913054318999599e+01
1.041043925320593644e+02
1.189473856355469223e+02
5.647345975889699332e+01
8.918857902943378235e+01
8.750656432915225480e+01
5.391592158896776255e+01
4.498250070167308081e+02
1.159050830801078718e+02
6.779230190800491584e+01
5.136969750119371270e+01
3.938873144045394525e+01
5.347106805441465127e+01
1.701184759934318080e+01
1.235502355235409766e+02
9.122020260474715769e+01
1.160350306160599416e+02
8.123988045169618033e+01
8.727919402730842080e+01
3.619236892039722164e+01
1.204179865835284176e+02
3.377183744435261303e+01
6.831142748086821825e+01
8.067885145399885971e+01
9.974997435306251248e+01
1.143467350990820250e+02
6.090837190393349232e+01
5.689115449947583159e+01
1.174851196266355799e+02
3.797953262317096090e+01
8.278188534889001460e+01
2.046161341589827316e+02
7.045103337881243988e+01
8.815055224311150539e+01
9.994471648960175969e+01
1.924001552134114092e+02
3.248483235137869229e+01
8.068036467470004425e+01
1.623823496110065605e+02
1.090888974432281771e+02
6.648296502097750249e+01
8.674369295367040422e+01
5.351009298332699871e+01
7.902047959481629391e+01
1.560969065906007529e+02
2.061913038170535231e+02
3.173346234357189743e+01
4.989044421499220050e+01
1.382875190330344424e+02
7.759202119608190173e+01
1.014122122126205454e+02
1.558287751122873601e+02
1.985640166061552918e+02
9.840329257265706531e+01
1.096225838735416573e+02
4.212010295442525631e+01
1.048593962166238072e+02
5.582356339285343694e+01
2.929159873287398952e+01
8.737443530165930383e+01
9.327463361472220527e+01
8.401452987531810379e+01
4.768257897091927333e+01
6.338038237580391154e+01
9.842733210338296601e+01
4.797091503395840562e+01
9.398887145234408536e+01
4.263226021685026268e+01
3.287694318466738963e+01
1.579556229317737177e+02
6.608935223206816545e+01
3.997671713209390987e+01
9.425592854402032117e+01
4.145929374388247624e+01
6.111633770810638566e+01
7.962331528606411268e+01
5.718675530088191294e+01
7.273060653389866559e+01
1.217648291633784083e+02
8.015165268007896771e+01
1.278335543050401242e+02
3.130708641062203412e+01
7.202032702568499190e+01
1.624433553521958515e+02
8.281537336311978947e+01
6.135091179993766275e+01
7.238775569904080953e+01
7.505410296553232286e+01
9.365679146339138583e+01
6.801499151707638191e+01
1.452017928381270337e+02
8.704153304079747500e+01
8.793931608322495208e+01
1.474507463180788989e+02
5.732578303659840913e+01
1.997121965826850669e+02
6.082015269762024445e+01
7.020489842554277971e+01
1.130706425152276893e+02
8.924361660248402472e+01
1.453413033883746550e+02
4.174485364730814752e+01
4.507368812279516845e+01
6.204623181150171973e+01
3.327856133344787537e+01
7.433214471382672173e+01
9.290742961369809905e+01
1.214511499983012328e+02
1.064195644690427969e+02
6.285905986550842783e+01
6.280666896684650879e+01
1.132116057218448901e+02
9.688902084731464015e+01
9.386326746092987605e+01
2.366530971178312370e+01
1.315059357429038300e+02
8.526915451497657727e+01
5.016908907883362900e+01
1.241875948511480345e+02
9.936997906459799879e+01
1.015131767975524610e+02
7.237035483236405753e+01
5.048508550448449483e+01
5.559492571991919618e+01
1.221772063117847722e+02
7.156201241166779425e+01
5.671842335149302983e+01
5.272558860478896037e+01
1.639189028460818065e+02
1.217193032813595579e+02
3.387360694394195804e+01
4.800823926527797880e+01
9.392827204295960541e+01
4.762060744674204926e+01
1.293213511957354740e+02
7.287236698591244988e+01
1.571727093019904657e+02
8.770342160934909259e+01
1.409766264533097910e+02
1.280580271875048766e+02
5.982849811363570325e+01
1.110537015902701086e+02
8.850947034956591608e+01
9.140625979203025508e+01
4.742602477960089402e+01
7.360381517322868206e+01
6.076528188894835836e+01
2.185683142387646072e+01
1.270844876880449732e+02
6.005619043251588351e+01
8.689174224121848056e+01
3.341451822235525526e+01
1.114210613010940136e+02
5.299209896877313497e+01
4.413168606321789156e+01
1.026286824417963857e+02
8.186287255146592656e+01
1.089856975142208597e+02
8.619013778740520593e+01
7.967761024998613095e+01
6.980198561239647859e+01
3.156276305245449976e+01
4.920473881848341335e+01
4.547481790131754309e+01
1.946464068436016248e+02
1.057617736311640613e+02
3.747115216545716265e+01
1.322439803162402825e+02
5.907270563518749640e+01
1.364321163217938135e+02
1.131129682445941853e+02
1.055223926605637956e+02
5.298015905934349234e+01
5.084171788695762189e+02
5.749458413633460196e+01
6.681186259760195867e+01
6.930029015280476301e+01
5.112121859871803053e+01
4.804285067113587360e+01
7.531189034203148935e+01
3.438901425184914018e+01
8.556912013479758627e+01
7.883485587032616593e+01
4.983624154295272746e+01
9.638087731662858459e+01
6.252136924055267997e+01
1.032520195432323789e+02
1.948020536890628307e+02
5.525273511658827630e+01
3.904491411449479301e+02
4.999327259119692712e+01
9.696176239796272966e+01
9.125124630937705206e+01
7.172403762068221056e+01
3.911041866727452287e+01
2.585100842552316536e+01
1.636252916889910693e+02
7.566309387328146840e+01
1.701736397719991203e+02
1.320225877496319242e+02
5.575827473565709624e+01
8.857100591207588991e+01
8.589802494621213214e+01
5.183332754263089015e+01
6.082284713698777523e+01
4.667428388008730877e+01
4.673638035262492707e+01
1.550067546494309454e+02
3.663837876385601362e+02
2.128862335025199286e+02
4.553851439590579986e+01
3.828972741337753405e+01
3.855539700587509344e+01
8.141553279408435628e+01
3.740658096906736318e+01
1.458199530479013220e+02
3.055484154957686727e+01
9.624180101481466920e+01
1.384114701902601894e+02
9.394206245899445662e+01
6.019722792288880697e+01
7.436221205716249472e+01
2.666617965330401674e+01
4.379704781895450338e+01
7.169877125473506396e+01
8.816313521850163681e+01
1.478918796176607202e+02
6.256707817788841908e+01
4.704241891917567386e+01
7.631830806335865702e+01
8.506248194241285887e+01
6.930523934691088073e+01
1.939307932537643921e+02
4.046086436847185297e+01
4.708025648402575314e+01
7.278230823958224960e+01
1.249871528380604815e+02
1.000748137894047858e+02
6.348042463740009111e+01
3.951133664318107890e+02
4.562280138507892246e+01
1.288717715871215432e+02
1.315157832629608663e+02
8.261596601816870589e+01
7.370146749794110974e+01
1.179622845273995040e+02
5.983192126256096088e+01
3.546411915368395995e+01
1.021124824561997144e+02
1.295110149395822248e+02
4.078160184976722746e+01
4.356730432131126207e+01
9.780998009523767678e+01
1.543970964370838885e+02
5.471888748584702000e+01
1.006988621843994451e+02
7.321074920444176826e+01
5.177107310376718630e+01
1.024078632712716228e+02
8.931349688611659587e+01
8.269605298682631656e+01
7.327670111703524469e+01
9.244888608046625222e+01
6.987273274262975065e+01
5.487896498285606839e+01
2.539127643025520342e+02
7.609361115937281284e+01
8.062810793235193785e+01
5.723150334565594477e+01
1.455813825432681199e+02
1.299116802572475819e+02
6.666370038034091294e+01
5.106460840218159802e+01
1.222431277969951680e+02
4.172493191165182225e+01
8.617725762753541119e+01
3.555805061231394149e+01
9.619843250570657744e+01
1.549472680894121766e+02
3.961418923298865025e+01
6.146115821769643617e+01
1.200638032084991380e+02
5.948572560836963419e+01
4.768984733260936792e+01
1.380981327853942844e+02
1.690525137577555768e+02
4.886709442828843635e+02
3.332468104726532232e+01
4.346470843352896907e+01
6.983303030560912816e+01
1.677434539295866784e+02
9.749976204316804740e+01
7.582747207376522169e+01
1.435593926302195484e+02
5.456340806191800397e+01
6.587084913397792434e+02
6.870658117869170667e+01
9.854776309454175021e+01
1.383302780088803559e+02
8.887552118769228571e+01
7.398617886674168176e+01
1.848288128618287089e+02
8.321897669987080803e+01
8.547700626245553224e+01
7.101823215233901010e+01
1.144399804905278017e+02
6.121910142272578526e+01
7.326024830126570464e+01
1.574066356967237823e+02
6.427533097400173290e+01
6.830204650001491018e+01
9.822248778601425556e+01
3.223896538089718433e+01
7.439914845962218237e+01
1.953307378199078670e+01
6.666333246906000909e+01
9.679430055476079531e+01
5.030590296734357736e+01
4.930009578130805181e+01
4.222679623050022713e+01
2.316327556021252292e+02
1.084991334466165540e+02
7.069116867564002860e+01
6.760274740774366364e+01
7.537125817590859356e+01
2.381356666546547274e+02
5.698930709711770959e+01
1.908890449460232617e+02
4.708916150375813459e+01
3.720702330429546123e+01
4.084960752635382875e+01
6.342733913954118208e+01
6.410687820295669326e+01
8.465919122002969743e+01
1.048687704421323019e+02
7.888525250272560640e+01
1.210433004277119693e+02
1.553523413396983983e+02
2.155070866596274755e+02
