6.639757171946831704e+01
8.559231839618693982e+01
8.751157233692366333e+01
7.027873883877991545e+01
1.222595177847829291e+02
1.885231510698356203e+02
1.110144533040998596e+02
7.580711614565895218e+01
2.870877416819948991e+01
5.978447271038415067e+01
7.314407605260245759e+01
8.861727766275933504e+01
1.041941944501446500e+02
1.908975475281740231e+01
1.960460278973417303e+01
3.067063937741455604e+01
9.354590228715727562e+01
1.101798563218153930e+02
2.199654402511298201e+02
2.470678032082327604e+02
1.595115907899720185e+02
6.999216612479760613e+01
6.875374996342212341e+01
1.077712447692155422e+02
2.997388293540777227e+01
3.721832798343339022e+01
7.463276290938230773e+01
4.574153427346378464e+01
4.074673845373084191e+01
1.700533261514456740e+02
3.372482664802329566e+01
1.560665508200534077e+02
1.668921872608486581e+02
4.683975289782154050e+01
4.279830691041377833e+01
2.916408433509756648e+01
6.640613723950231417e+01
4.004901667596162440e+01
7.622995028652030669e+01
7.925502043759618687e+01
2.304378277878971559e+01
2.540139861280180469e+02
1.845163981826040640e+02
4.575669441312618346e+01
4.168600594241330271e+01
9.404634789417588081e+01
5.764709238264082103e+01
3.835178070541473971e+01
6.175341480882908485e+01
6.431277899601884940e+01
2.081153785139627388e+01
1.354075047840259742e+02
1.083858672307048465e+02
1.551683949396928597e+02
8.405894140857084551e+01
5.340855322558739715e+01
5.929911731508822470e+01
4.037930670639097031e+01
2.536713485495300802e+02
5.092198363805812988e+01
4.795095171382310184e+01
3.001885714521059612e+01
3.694544561321393417e+01
5.731917832139263425e+01
1.180530957502640632e+02
1.656156283251075081e+02
6.729768358070002421e+01
7.888305916448591404e+01
9.655729452518973233e+01
7.684658231103016135e+01
3.469877978128260310e+01
5.721593292726601021e+01
4.690971246011263673e+01
5.190103540279130101e+01
2.146912839223979574e+02
7.333386525638282194e+01
8.425007897125036038e+01
8.695368533345239825e+01
7.954014095613472080e+01
4.405109472994074338e+01
3.088823117037233601e+01
3.610953205933543586e+01
2.142585857536996343e+02
1.205719360144355790e+02
1.889116921565514531e+02
3.752091109003014680e+01
6.226854859693847288e+01
6.951281449632416809e+01
1.231051668702229023e+02
8.079578441951355217e+01
5.062213332743780825e+01
1.791439062873019736e+02
4.405237105212607673e+01
1.554604897414625384e+02
5.368392089883548834e+01
4.048364493696242761e+01
6.015225619100246490e+01
1.546701181203496560e+02
5.483279795150850333e+01
3.854463619561917653e+01
4.248168614678340305e+01
4.541054015852226655e+01
4.578411572054170620e+01
5.289030644199976905e+01
1.026872748485326383e+02
4.839997421502340558e+01
9.417694672733573213e+01
1.459193381472300644e+02
5.045117402045351440e+01
4.222274307714697983e+01
4.246958550137275523e+01
2.567782412251379043e+01
5.794493916479762419e+01
1.665091774279807453e+02
4.874600175217354092e+01
2.842305082469337094e+02
4.061987502986222154e+01
3.864174224384886003e+01
1.107797669951918351e+02
6.880824683621806059e+01
1.330672723976466045e+02
1.092593607305094565e+02
2.305466400600026589e+02
5.773898553931807243e+01
4.492674901775854579e+01
9.601800151023104490e+01
2.789494690011963485e+01
4.655250692204019458e+01
7.030662610621970998e+01
8.677742835223550344e+01
4.141853133718183955e+01
1.071947160535634680e+02
1.878520726926038620e+01
5.222092811237061483e+01
7.160466166556986423e+01
8.468895211459471284e+01
1.174392954354820660e+02
9.144031205048837307e+01
8.380023275572399655e+01
9.000248315870857141e+01
9.776113091315296799e+01
8.567199487329502006e+01
5.896687580924697158e+01
5.227076182415297723e+01
3.914247700580146727e+01
2.792353064180045408e+02
1.606958243364640566e+02
8.276898274581795079e+01
3.887594760187053566e+01
3.412142633454122631e+01
9.383215179060076139e+01
5.981071598221991081e+01
2.865659737782281269e+01
5.203676686819161290e+01
1.708732112227174298e+02
4.986483182186372431e+01
5.013996006776491043e+01
5.625974121073903689e+01
8.153486018225953558e+01
4.148274327458108246e+01
1.370390001183060349e+02
4.204368203923960579e+01
4.275156150551750756e+01
1.160119186335818426e+02
7.935960514405086030e+01
8.209033212458493267e+01
8.543919619069235694e+01
1.258715538450457672e+02
1.181314757450238346e+02
7.813937923896061477e+01
5.743563936018344407e+01
3.341481401945031138e+01
6.222107811152287127e+01
5.101102649069608219e+01
4.568928887320155496e+01
7.165274050882337065e+01
1.290821736752550635e+02
1.269191854927889267e+02
3.989597833710669050e+01
3.886866986711202543e+01
5.253225044911823716e+01
7.866954036135803108e+01
1.372112588440283503e+02
3.896485604338258213e+01
3.238168913886898537e+01
3.947633463401711396e+01
9.037445815213506251e+01
6.630768178821708148e+01
2.596417836620887556e+02
4.924800324936425255e+01
1.346853815238782204e+02
1.174247296529282636e+02
5.091993786931878674e+01
4.734575092106564398e+01
8.453340265634972184e+01
3.716404268359853091e+01
3.558139370545498537e+01
4.958188321268431764e+01
6.727727542050821796e+01
9.319796599042261676e+01
2.105433271268352158e+01
9.642600741721668101e+01
6.047311742873103668e+01
1.239869655948975833e+02
1.080804966519335011e+02
1.310653906535949034e+02
9.190763183527249680e+01
4.505776108289919790e+01
9.404609578503261957e+01
4.398833338038413387e+01
2.635358902437337747e+02
9.653485513078476288e+01
6.851859562344819210e+01
7.154247223333790373e+01
4.925301254521382077e+01
3.546728314915004177e+01
9.448605511120162248e+01
6.529712937647266813e+01
4.561506788267220003e+01
6.959303744979105488e+01
3.875701027146098454e+01
1.074598653312900609e+02
3.753111111599401539e+01
8.585527483613122968e+01
6.972345597053589472e+01
9.171114657954410632e+01
6.939411890113350978e+01
4.443108088213968188e+01
1.167534872107728887e+02
2.942761643102205653e+02
1.216332269585254551e+02
7.611799000095848555e+01
6.317808253543824293e+01
7.488336424519485490e+01
2.941263721751879601e+01
5.071548723172423223e+01
3.189614434113995145e+01
3.642211768858827980e+01
9.811499177182729170e+01
3.741004287067533340e+01
2.834718768314878190e+01
5.941147771216935780e+01
5.023547760241913096e+01
5.389056830083799099e+01
7.080100487149927346e+01
5.658293834004004452e+01
7.244232077154801175e+01
1.423940782298779197e+02
2.614458410757944193e+02
3.889033409820772391e+01
4.699509666671563934e+01
1.294224413810285057e+02
4.357860707157796298e+01
8.869551178757347998e+01
9.552264690757780841e+01
4.985115804015248386e+01
5.363193985686327636e+01
1.303324573167062965e+02
1.449238446215701117e+02
6.208588660506151058e+01
1.474589973813107235e+02
5.830617515673323936e+01
3.887350663702990516e+01
2.004600749743262327e+02
2.583575998226421078e+01
2.296506477676236955e+02
3.099802088084969398e+01
8.092530538769052839e+01
9.135888374608160234e+01
4.896771341513157694e+01
5.920147479494447396e+01
4.925501396541848464e+01
6.382267104892940068e+01
6.317255004372833582e+01
5.154463589635654586e+01
8.454943328978349371e+01
4.729745036204016628e+01
4.671983547355926447e+01
8.634779017510406618e+01
9.537667130163974605e+01
1.957718959812072512e+02
1.271184966212622101e+02
4.374469362543360518e+01
7.374774809030839151e+01
9.725546174108609421e+01
2.535431712898563035e+02
2.273207119970004442e+01
8.515438237744244532e+01
2.598013983006529060e+01
1.063416667819035837e+02
5.840453071895692005e+01
3.144366041458366468e+01
8.000872829107090922e+01
6.577600152666364863e+01
1.135450547224459399e+02
3.893077839675144958e+01
9.945478818723115921e+01
5.589884009861601299e+01
4.994175810547532279e+01
6.204702576972007222e+01
1.187125613833678273e+02
8.414081535950244017e+01
1.002034838799700509e+02
8.385561125797002546e+01
1.073034747344342748e+02
4.564629703686625817e+01
9.041696415674610421e+01
3.085584816402622721e+01
1.131226002341283561e+02
5.089441634755748112e+01
1.893456007034438926e+02
5.763017427950438076e+01
8.987808771839020494e+01
7.894863791313999002e+01
6.423064972414424290e+01
1.218486760694453181e+02
8.913962668881718798e+01
9.053418979100854358e+01
2.870878587452187247e+01
2.751004097812749905e+01
1.946886422804395238e+02
5.130476607925965737e+01
1.005093356802222644e+02
7.473928300924487189e+01
1.371091736618679136e+02
4.989130120610813179e+01
7.904973494188246264e+01
4.962347920321301586e+01
1.155995606509747091e+02
4.982224016302492231e+01
8.353271456542148599e+01
7.265870813675654460e+01
3.569613515644240209e+01
8.159014998158239962e+01
1.744971745877291767e+02
2.509502844962601031e+01
2.547944484827692335e+01
9.987952964247713794e+01
3.894887280419812470e+01
3.109139820236396901e+01
9.171882935161389128e+01
4.726482443177632575e+01
2.721798360897805935e+01
1.229092956933637311e+02
7.145416969937231499e+01
6.949844923436218380e+01
6.696797615015417193e+01
2.955119310729252646e+01
3.899546383389751014e+01
7.525047451316814318e+01
6.223335547497513431e+01
8.372476979057749702e+01
3.097364950601346578e+01
4.743898353331906037e+01
7.439244811925622969e+01
1.679597567406222254e+02
3.643858020368548267e+01
5.767239865673457899e+01
2.476475688306643121e+02
1.035309281859272801e+02
1.399327277394942826e+02
1.082694676641880562e+02
2.187040555476360453e+02
1.814422491861053288e+02
5.130002778337482994e+01
3.268315863330824556e+01
9.321055200019482356e+01
1.591288669261696782e+02
5.730965505515052882e+01
6.659325907644675624e+01
2.360692457325555083e+01
1.322074364328245508e+02
3.104698947893708194e+01
1.184890802407218473e+02
2.666323087257682900e+01
1.546988024538063371e+02
6.126701875599900404e+01
2.384478101508953074e+01
6.031268411351250336e+01
1.359768606050919857e+02
6.663530112933902672e+01
1.165809174313119456e+02
6.487820465326025499e+01
4.549463960442440680e+01
5.417170757584834462e+01
5.542410142489458735e+01
5.307745479397954824e+01
2.114893095329687966e+01
4.635995241976611680e+01
3.235566769726143832e+01
4.909118616033443061e+01
1.015907365588811331e+02
3.921828958551655830e+01
8.273157070832996851e+01
5.552639810468079418e+01
3.548098989371145535e+02
6.295659913203498093e+01
4.993575277590699812e+01
3.255027227636991825e+02
4.625918899140408058e+01
3.236937172468872603e+01
2.642950366313247557e+01
7.482087816685603343e+01
2.238542094119936365e+01
1.147003424758733416e+02
2.092737546905613399e+01
1.572465676858751067e+02
9.414031177061822575e+01
8.595510607841103479e+01
6.989800077936996558e+01
1.250549836310639904e+02
6.695501882970016538e+01
4.095144423920430654e+01
1.886510691291896080e+01
1.052813232788563624e+02
3.313888882465263919e+01
9.136541798691820304e+01
2.344370711204436830e+01
4.804924525065604968e+01
6.626520895095035257e+01
1.254854079889715024e+02
4.066479004924465102e+01
5.316269557938617396e+01
3.971588308181327420e+01
4.699405860711952698e+01
1.313047206129471931e+02
8.917449245395032165e+01
8.971596142383197048e+01
5.103848822743267988e+01
5.246001859151395763e+01
1.733468650347423079e+02
2.766254117143089530e+01
4.478271402952005076e+01
1.365040536565884395e+02
3.410386431799683038e+01
3.861502486606349294e+01
5.206018177967318650e+01
5.103189554324906396e+01
8.523107283848771942e+01
1.590529915753033841e+01
3.314235166503060270e+01
2.646178215823589497e+01
8.459076041924429035e+01
6.795973227161114494e+01
8.779110439379076070e+01
1.836710446843874251e+02
7.649688589680614825e+01
1.611413044292371239e+02
7.379870067898133357e+01
3.997084659386025862e+01
5.247120144291840660e+01
8.425561696631808672e+01
5.274485990244870948e+01
1.018239633280026624e+02
8.057668766222379020e+01
1.061808916115640216e+02
5.265974937350554796e+01
7.172934451534008815e+01
1.104390154504116310e+02
2.152239286584464253e+02
2.642008691975794221e+01
6.779836451701672217e+01
5.503864726768019722e+01
1.093308036027651013e+02
6.822944016352899155e+01
1.138422604493975427e+02
4.637403947152554906e+02
7.427074127595768971e+01
5.826252984705402582e+01
5.633657716162632312e+01
4.993486936804761456e+01
5.851342042341656224e+01
6.493502287264388428e+01
9.017149114118626585e+01
1.187191551108479786e+02
6.532142645496746525e+01
6.205583878014882515e+01
8.505668391774487702e+01
3.831644553979745638e+01
1.272727603320687706e+02
3.638030451823200906e+01
6.950635801775598566e+01
8.669154962723354174e+01
3.935403029722929347e+01
5.720993515606419066e+01
1.049760451395159748e+02
8.957240559510317723e+01
9.665652069980446015e+01
8.015797242032572001e+01
8.276339827705494656e+01
1.268567409315799068e+02
4.659529066652819296e+01
8.325147553440378090e+01
4.534108388764752107e+01
4.897720769927171602e+01
1.676365160191059260e+02
4.663407926290619798e+01
1.019070954923163299e+02
3.199350408884509278e+01
4.661105015676437091e+01
6.133317935006522958e+01
6.383314172968265865e+01
6.480572161317256530e+01
9.131713230971570283e+01
6.154521923506733572e+01
3.848799528946865678e+01
3.121710624347009855e+01
5.314166018136499758e+01
4.538479357480433407e+01
1.083158284770353674e+02
1.569664115037460306e+02
1.515073800382159845e+02
1.133615036837361885e+02
1.486461149771214139e+02
5.971040536845592328e+01
4.317587592083877723e+01
6.831245814964401575e+01
3.576727901924503072e+01
6.535085298843303292e+01
4.954855298285145437e+01
1.097777285370394367e+02
2.110015817081739726e+02
7.151099834362658214e+01
5.477004713688397430e+01
7.708821458209712318e+01
2.322993519571196686e+01
2.438308972021435395e+01
1.117892166517503085e+02
4.716006910201640068e+01
7.022535864023402041e+01
4.055976642069452254e+01
9.005734344445697559e+01
5.484531234125481802e+01
3.584719102744990948e+01
2.961246785110335011e+01
1.470562323930410287e+02
7.008588659021901890e+01
3.102120931282333771e+01
1.998149583574299868e+02
6.475871028206653079e+01
2.314627540300693198e+01
5.947902520112457836e+01
3.471525679166798284e+01
6.803688569688037546e+01
3.278606304793968462e+01
1.401393700288667219e+02
4.905509581861598178e+01
2.028535863471174991e+02
7.873301858652082785e+01
2.888230303666825094e+01
4.433832009719247935e+01
8.086351681951003911e+01
2.950841510296532988e+01
1.357551437670718713e+02
2.425880452406666450e+02
7.732156691271644888e+01
4.151902889387245921e+01
6.232315888095347134e+01
9.867931971056847829e+01
1.127913338393140350e+02
6.838545138766340870e+01
1.517216102609642974e+02
4.891912937845025766e+01
5.222092874090483861e+01
1.461854166289479622e+02
3.718190557369952387e+01
6.727194827222126605e+01
9.216012100853029665e+01
4.969654485495809837e+01
1.365878691394356395e+02
5.509700777799841376e+01
4.909348964801827009e+01
4.129197389020639264e+01
1.586518432633972679e+02
3.612477557126399574e+01
3.965661016684799733e+01
6.549820876571222072e+01
9.363967795015341267e+01
1.311852326791554049e+02
9.288121155042394150e+01
8.266631824348067425e+01
4.050453319176051536e+01
6.977051393368886067e+01
1.114214034760126140e+02
6.837223422270594142e+01
2.918611390872531430e+01
6.886880190800687274e+01
1.691015873821143316e+02
2.468865955261699696e+02
6.707932509848041036e+01
7.172630147573730142e+01
2.324844130804335123e+02
6.283598574379638535e+01
6.184598552937600857e+01
2.787864228286362689e+01
9.951639148536600032e+01
4.444618520820581153e+01
1.086894621263955258e+02
6.176582378218073188e+01
4.071874382613719945e+01
1.113609897877528141e+02
2.221456957908224012e+02
4.425842289814200115e+01
5.262378046882390237e+01
8.527568649696499392e+01
2.737928311153542538e+01
8.017941413187968180e+01
6.066716512174063070e+01
3.743675132065521893e+01
1.291985825831501415e+02
3.774829305704589899e+01
7.558072740717956606e+01
1.253499006273252689e+02
1.192094420454138373e+02
2.340728112009552433e+02
1.505353452534422729e+02
7.698446249339764336e+01
8.987990255665484085e+01
1.841703524435074542e+02
7.428498020044393968e+01
5.909762662964087099e+01
3.897404176029531442e+01
2.145053426908741585e+02
4.709307204078901776e+01
8.346407045281999615e+01
9.247994893785256920e+01
1.093973504009641289e+02
7.340771250795016556e+01
8.578697825943770283e+01
8.585574594913325086e+01
2.940268412703664325e+01
3.936637203632417936e+01
6.455366871482179647e+01
1.286072667045984304e+02
3.491431087397511845e+01
2.112388548252372402e+02
1.586533019244159277e+02
5.371696897201722720e+01
1.742724198602464583e+02
9.082899739434223818e+01
9.503587257359458818e+01
6.993067907582168630e+01
5.693039430692009262e+01
2.606585999708260104e+01
6.493734127140521650e+01
9.837971407169995075e+01
7.049067789323390798e+01
3.524376722328629796e+01
8.484083236002135209e+01
3.218529000273215246e+01
4.351523645983194655e+01
9.467719644004206714e+01
1.093163905596436081e+02
3.523992785793846849e+01
2.003646544026521070e+01
2.280004749291153132e+01
8.159111871618141265e+01
3.376919301287586705e+01
7.787481513874215011e+01
2.388654567666463180e+01
9.916745655887373800e+01
9.394692432757926781e+01
7.691572982485455157e+01
2.982356161428741714e+01
5.853353128500107516e+01
4.003191022621305706e+01
1.045278476415018929e+02
8.597562968550269602e+01
7.430958016559834789e+01
7.480845988125311408e+01
1.423387364766393262e+02
4.566311924094583219e+01
1.135098713852239030e+02
1.962258341792297145e+01
1.298553052564720076e+02
4.945633181903242104e+01
6.441102171506236118e+01
2.668477125294663210e+02
1.145231321854708710e+02
3.075180509538049023e+01
2.759872935034151098e+01
6.418914776007140688e+01
1.102456360569248091e+02
1.418418086620974634e+02
4.532796346022974632e+01
4.708443046271816712e+01
5.329611838258038148e+01
1.213247498509381757e+02
5.291376370429904341e+01
6.879910027716294962e+01
1.013275108370663276e+02
3.843169354676429350e+01
7.671178589170125406e+01
4.466112239445718046e+01
2.101671506439360115e+01
1.274353121287150543e+02
4.901377707106659187e+01
4.127605497935777379e+01
8.512665829548483032e+01
6.098105887858854146e+01
5.082812166720493963e+01
3.656214007422015300e+01
6.344255472025746201e+01
5.245627826221302570e+01
4.283103260499785847e+01
7.136213685593025957e+01
1.217712745857839565e+02
4.755885195238527530e+01
6.717839866505720181e+01
3.373865329444226546e+01
5.782528587958531574e+01
1.475241884810817261e+01
1.324799411373209068e+02
4.427649869751183331e+01
9.589321752537550481e+01
3.507169666006308262e+01
7.613492258854465433e+01
7.832405497960726848e+01
1.913770231692106165e+02
9.908541688259067826e+01
1.455772545225414092e+02
9.424943608863537747e+01
9.434017548477496007e+01
9.865179954855578615e+01
1.394662859191218729e+02
6.641510950861034246e+01
8.789505936863930913e+01
9.203227251235469453e+01
2.149625085831993587e+01
2.340442003288069088e+02
1.209135607801577805e+02
1.297369685838363011e+02
1.110682931063554122e+02
1.087869483159389148e+02
8.796896997905805904e+01
1.903765454078286012e+01
4.700579781783282840e+01
1.266342633241115436e+02
9.804691621427268444e+01
7.147255831486604905e+01
1.106548487393767743e+02
1.084575957151639471e+02
2.860904754998133015e+01
6.135260093863173836e+01
8.933830920443693913e+01
2.301215101813156423e+02
5.438098097452144231e+01
6.015005951723063049e+01
1.065820710359361954e+02
8.215153916061090911e+01
7.088672754406815102e+01
3.907389421675976848e+01
2.838969682329307886e+01
9.023427842781002539e+01
4.013845078479192097e+01
9.870808801271134314e+01
2.220712128432740329e+01
4.328143725764891059e+01
6.046217271677042504e+01
2.428231885677942614e+01
1.398185782393568104e+02
1.933194562921488568e+02
1.187803919873333882e+02
1.517532378640434843e+02
6.861295348435653807e+01
3.637802892365597813e+02
9.786795502484504539e+01
1.054042882516228872e+02
1.722706688227561358e+02
9.165324558294233270e+01
6.171629796393453660e+01
4.592573597418112996e+01
6.320080199158246614e+01
9.695739220254445456e+01
9.308614199833139935e+01
4.570545806668577882e+01
6.383502578755002332e+01
9.438539671554293875e+01
3.860325922004044941e+01
1.263271045828028321e+02
8.281219886944717246e+01
4.411361290175657501e+01
3.908844722688813533e+01
1.252256650611734159e+02
4.250249243673930550e+02
8.004889086082593508e+01
4.950976631021732288e+01
9.168046645671944361e+01
9.297069667813426008e+01
4.526344527939430407e+01
3.901851714901314949e+01
3.565922700990287098e+01
1.679666182959213359e+02
1.171497417574800011e+02
2.870735732811326102e+01
4.537240325365653604e+01
4.332031521540288566e+01
8.572862162018667220e+01
3.761151349651851206e+02
4.499893203176082324e+01
1.270749709200286190e+02
8.388577046587026587e+01
2.944622641579393374e+01
9.576584530622655222e+01
2.649776130378144785e+02
5.578792887491716357e+01
4.710861862055091365e+01
1.574240394359755442e+02
5.464757882295599245e+01
1.516308685638358327e+02
3.952555779548729475e+01
3.739390301676954920e+01
3.233146118436746264e+01
1.415564346770942166e+02
1.808338894485343644e+02
4.824458855145817893e+01
5.302362580086796129e+01
8.096001579419710481e+01
7.575460255993353087e+01
4.993226959700072598e+01
5.787595382515151243e+01
7.531644623697921759e+01
1.167948334768866658e+02
4.577789097771955085e+01
3.535228537028361018e+01
8.186948481900259367e+01
6.813350781999153583e+01
1.056625764689441525e+02
1.634367960885065827e+02
9.575620179557417089e+01
6.751139698840715653e+01
2.420509100960431397e+02
1.429725647521997871e+02
2.824392156866380788e+01
2.909243541087665008e+01
7.142022567300270453e+01
3.509591071481856517e+01
4.524709642805920851e+01
1.226192636162916045e+02
5.329066192885387210e+01
4.926868775854828897e+01
3.518393686076231575e+01
1.601629936942858308e+02
5.495761968427416377e+01
1.001687897290980231e+02
3.335620379590690021e+01
1.001214414059437274e+02
8.454227253614168092e+01
7.761483434458308750e+01
8.927501483896368484e+01
2.732215592166313556e+01
7.034865820220264254e+01
9.454265799388873859e+01
1.011352922822013625e+02
4.779736509391670296e+01
3.573030325102858740e+01
1.604368884412247453e+01
5.564317655990321754e+01
4.647338520382844962e+01
3.345254473149670389e+02
1.275049176466778249e+02
6.783818862891131118e+01
2.314303971488355316e+01
6.295476459015614523e+01
1.888835996382471194e+02
2.311144802870407773e+02
4.092755150464024894e+01
1.347756453463208572e+02
3.808465068656283137e+01
9.893687369221279937e+01
4.275393441117790161e+01
2.399361285935649946e+01
1.335403353978243786e+02
7.285318109541348974e+01
1.548831767975128457e+02
5.012283588858617378e+01
1.182477786669321915e+02
6.839196173479147944e+01
1.505102447434538249e+02
3.013296749737664726e+01
5.157997736019212454e+01
9.816250431960584422e+01
1.123828782447454699e+02
4.035529149251095049e+01
1.152937145238094274e+02
9.172324158394178539e+01
1.746989709108487148e+02
7.311896623102455806e+01
1.963532693135803981e+02
6.884482031406319891e+01
1.301319723901427778e+02
5.350221747955746565e+01
3.670297815425017802e+02
2.940144275845326760e+01
1.181393809006428768e+02
2.649558834304639277e+01
1.315307962708508853e+02
2.629756247348733922e+01
4.382726982124977866e+01
6.833772438759994827e+01
1.257411391740467224e+02
4.948780667654401810e+01
5.703171856317961641e+01
7.079838237381980548e+01
1.699584882143379900e+02
2.632576900262682784e+01
4.829139805053598877e+01
5.213274783571151261e+01
1.078750754566250549e+02
3.434954399034877071e+01
1.304438921187469020e+02
2.882791410037020796e+01
1.639427764487020056e+02
3.294040481845062374e+01
9.301380336870730048e+01
9.061992060807190796e+01
2.519682025965646801e+02
4.410701354772603366e+01
4.670409877999395576e+01
1.491119906581852490e+02
4.017017400412546380e+01
2.213337995382784698e+02
1.291659885075692102e+02
8.512023414922720121e+01
2.465624435571191952e+01
7.306778900653665687e+01
6.318942207671435085e+01
6.005805154385712541e+01
5.596386053499637825e+01
1.058452733620911062e+02
6.451520087000008630e+01
3.522636521046164404e+01
3.974397597833243623e+01
3.805491945290882683e+01
1.548282533168435293e+02
6.742532421084375471e+01
2.938359838114023432e+02
1.019979709789571416e+02
8.836077051306961039e+01
9.957959585886663945e+01
3.554841643325764977e+01
8.451678447013634354e+01
3.659547678176987517e+01
2.847010488524331961e+01
8.989696985750065039e+01
9.886176856950281433e+01
3.457355833644936638e+01
7.599327087175797146e+01
4.876326766937181389e+01
1.225739834890409696e+02
2.954639313744181095e+02
4.330667727760191354e+01
8.456873756345105164e+01
4.311681744568075203e+01
1.182962596096275405e+02
9.666940876889415790e+01
7.259986929537856781e+01
5.373876738381362372e+01
9.741021523266246618e+01
5.708658329594874914e+01
8.468544474515890386e+01
3.981997429927478294e+01
3.971269553397250718e+01
4.475362573836890334e+01
4.073003742071892930e+01
6.363731873210852541e+01
5.272477042312709017e+01
2.628762545072060561e+02
8.947309762362063168e+01
6.122836316920774635e+01
4.765400134283112976e+01
6.941987106602886115e+01
5.082528156569019018e+01
6.219084287465318539e+01
2.623989141161057148e+01
7.197182779513161677e+01
5.324692801545599963e+01
3.735102470686614851e+01
4.105557249789987395e+01
1.153354780234052299e+02
1.019249385094331188e+02
6.972601203623258925e+01
3.144488973773557632e+02
8.747364955338215964e+01
1.056666131211502915e+02
8.737607731435456060e+01
1.796353908644501018e+02
1.175078154374877926e+02
1.326486333953655503e+02
1.060391680701347497e+02
1.543338400820395293e+02
3.983651512310900955e+01
1.253845319196692003e+02
6.862435086995070606e+02
5.192111920452000362e+01
5.660192241957057036e+01
3.877812746523302678e+01
3.826079057368217207e+01
8.971093570254355143e+01
4.377296418758145080e+01
3.182400742415523354e+01
6.222023371753629561e+01
4.182844642563194526e+01
4.944340266116802951e+01
4.489782611522045386e+01
5.664015833058975602e+01
5.930725760407189284e+01
1.877445299642694465e+02
1.593430224206375669e+02
