5.018379629584442370e+01
4.394747360288862126e+01
3.607657755357902118e+01
1.330961840725701109e+02
1.170610098997895392e+02
1.167379055313199956e+02
1.041609321615443520e+02
5.807491461559704504e+01
8.761557067527483866e+01
2.275773568189263329e+01
7.049856862042230432e+01
8.113900128203601980e+01
7.190477832212506826e+01
4.997377709337281004e+01
5.189086382173827161e+01
1.546718709082316252e+02
1.211322752669370573e+02
1.805193042781744737e+02
8.098928588624259817e+01
5.796126975952061855e+01
5.026592973867663261e+01
1.180186033842985154e+02
4.461235695214978136e+01
3.681298038853694976e+01
9.538913005252229027e+01
7.594305823180778248e+01
7.364581799250245808e+01
8.591681582331116829e+01
5.876461308716558563e+01
3.316295079747929009e+01
3.375517746266600483e+01
7.253095435581195716e+01
1.429657476452490528e+02
6.364108798019134383e+01
1.392367094372976055e+02
1.336277215004207335e+02
3.270503808802602919e+01
1.168595072080127011e+02
7.675055600786781440e+01
7.530143699284251113e+01
7.551240192298813270e+01
2.214831487845969207e+02
1.605112477220905305e+02
5.577288989249200313e+01
8.854898022852755446e+01
7.510612167185995247e+01
1.478334570628389599e+02
1.062248288872611255e+02
1.259705434187104629e+02
8.122744776489615504e+01
7.886337897911616324e+01
1.001579373042210221e+02
5.060201248955652886e+01
5.262826071546077600e+01
9.674781364300446285e+01
4.118778209654627176e+01
7.109693042357302772e+01
1.214200705953561510e+02
2.080697263202718545e+02
6.335265491920451097e+01
4.459300593040378402e+01
1.200796530410410270e+02
3.885619432591641242e+01
3.632158937850076796e+01
6.297873989287385399e+01
3.479679164912354850e+01
3.712947785580770699e+01
6.203252264932834947e+01
5.440188992892475284e+01
5.631692301892688590e+01
4.433933756597632225e+01
6.916296309342924076e+01
1.078453684925640488e+02
1.214003670776851322e+02
2.456708182363759718e+01
2.438028664063228490e+01
3.903890054162943102e+01
3.768889959216892294e+01
5.176656204966401731e+01
6.999436724623232919e+01
1.879890989139416035e+01
6.536517601887138085e+01
5.600129889901326408e+01
2.525361921195256087e+01
3.875527193349262944e+01
4.922139782648424244e+01
5.172622042843849499e+01
1.930316995878199577e+02
1.007933346164750645e+02
1.366119819965015836e+02
5.104858040428392485e+01
2.181153320575351415e+02
5.517780449342872373e+01
1.323541484508010342e+02
2.847583137111828933e+02
7.072483770027965022e+01
6.992309313082940037e+01
3.153281711613212224e+02
1.378495249187085960e+02
1.383786101491060663e+02
5.115748187846733686e+01
8.189657912448529942e+01
8.779677549890828914e+01
7.561552884973650634e+01
1.302763471444749825e+02
4.133940830759402729e+01
3.409589294515621560e+01
8.165592852065537954e+01
5.769278095934097905e+01
4.316221768064071540e+01
5.332477030281090435e+01
4.631672530564782164e+01
3.350460294571255417e+02
4.899482380609256182e+01
1.788937951417961472e+02
3.635664346828735916e+02
8.946512766171431963e+01
5.549506497176931674e+01
1.238546647864552313e+02
3.380945496593272281e+01
3.518826803936251935e+01
5.474582820059752919e+01
4.147362188528570215e+01
2.321518315580570757e+01
1.168359465400892958e+02
5.914786425196351161e+01
2.791182231103092093e+01
1.009467357564640366e+02
2.394148180620383570e+01
2.177057333724801822e+02
4.605056471758610570e+01
4.421203358490417656e+01
8.717713514243811801e+01
5.491321688275275648e+01
6.290436620969304471e+01
4.635845227802338542e+01
5.868991382964384940e+01
2.213231418034820592e+02
8.251446846017019254e+01
9.065305359148062792e+01
5.876158352933963158e+01
5.781505327429021435e+01
6.600752244938725255e+01
7.650627495829402847e+01
6.439013107544471382e+01
1.008963938437804018e+02
6.617456665930725990e+01
5.045394324325224744e+01
9.992620986213709955e+01
9.785858658751131145e+01
1.090221137088276890e+02
1.513822290374576482e+02
1.178321127539770146e+02
1.614851801692424544e+02
4.047057069138472940e+01
3.967983204270561828e+02
3.287665548398272790e+02
1.466108170891557165e+02
2.572803704406136944e+02
4.517659996903972797e+01
8.901165892426840287e+01
7.314843562290589318e+01
1.235938410527607090e+02
1.041907002811083629e+02
2.352403052829035346e+02
3.108754275535212841e+01
1.162346906390872903e+02
5.713664030232092017e+01
9.024073800066612705e+01
1.137724403456910807e+02
6.827276342701392764e+01
8.577987621485081604e+01
1.082565425863759430e+02
6.320379486366476840e+01
3.907901585276707124e+02
6.718147259119525927e+01
2.899247994555574337e+01
1.009611759362340422e+02
1.445107118007075542e+02
4.152846726034841396e+01
2.305508440143814042e+01
2.847100588824123690e+01
9.081204535896461039e+01
1.200027252721136506e+02
1.464373155464949150e+02
1.678649775650636968e+02
5.174794351721807573e+01
1.096635171457630378e+02
1.296862702408045891e+02
2.778226734617029692e+01
2.062487618184773908e+01
6.697737094027343119e+01
1.979196972415180085e+02
5.563863714368655167e+01
7.328193323632132206e+01
7.412772591541865097e+01
2.745751403461844831e+01
1.298766916622063832e+02
9.468717077587845665e+01
7.689234301534983729e+01
1.381431988027001978e+02
2.629212130720990785e+02
7.458665927212719282e+01
1.409963499140049237e+02
9.724886543289180452e+01
2.359752426211848331e+02
1.240751658612558970e+02
2.438675457498439982e+02
7.284639139332529112e+01
2.338478874808076924e+01
5.978649879894183528e+01
7.746514664569498620e+01
6.971829760843944257e+01
1.071745817070911784e+02
8.434750501782083631e+01
5.417343444152601251e+01
8.635545525106219600e+01
5.711675691001931199e+01
1.253060565502109966e+02
6.331678117117281346e+01
7.858548590985297722e+01
4.093934737064030571e+01
1.897684365090200060e+02
6.256060588335019901e+01
4.922714297342076151e+01
4.556591591930944674e+01
1.272434864811751822e+02
3.651559905409621365e+01
5.452644944864399434e+01
4.746121386917737794e+01
1.141756242708643896e+02
1.544789367784487126e+02
5.305794538110482961e+01
4.648565218354450224e+01
5.002260885316767514e+01
5.779614343551527611e+01
8.636208820329983382e+01
3.337629576157142708e+01
4.848182295144534493e+01
1.388125642277366865e+02
5.943459853084122813e+01
3.708653815158071154e+01
7.639596208444322656e+01
9.047439896712207030e+01
1.980679722954068822e+01
6.374850607379258349e+01
4.175904439199929641e+01
5.179635563276193011e+01
6.331317209828164039e+01
8.551145628271510191e+01
8.096944545097294110e+01
6.110902185572079759e+01
1.944806015495831559e+02
1.488262304202757491e+02
1.953068866626711326e+02
3.050135949560048942e+01
5.509027174179448139e+01
9.860022111838978276e+01
7.081849071681212138e+01
2.888452169128548164e+01
1.715932567041707273e+02
1.340303200402245238e+02
5.600558120463348644e+01
1.136177672565806063e+02
7.330219737431328042e+01
1.503272226176767106e+02
5.639188932811550359e+01
1.181840723332065863e+02
5.884420882907827632e+01
7.746242639222826654e+01
1.209523614828159879e+02
8.981142524407063377e+01
4.647915004977841136e+01
4.387705742883129290e+01
4.466869184390078829e+01
2.416768934944648493e+02
4.242637292925255110e+01
8.736209437322260385e+01
4.096151210378451424e+01
5.947408099944890836e+01
5.907850511756747380e+01
8.794750769300473792e+01
3.699661536627561276e+01
6.853969654640448539e+01
3.905090831168051579e+01
9.177013739653391156e+01
4.703257813954794386e+01
1.894007492294654753e+02
6.913990599854497532e+01
8.211006975058855062e+01
4.961088181008970821e+01
3.894437085875250659e+02
7.475078921303077095e+01
4.168362398669206925e+01
2.332163782936963230e+02
5.157012920997806305e+01
9.926375925578287251e+01
9.147223457807395164e+01
5.911470701638621961e+01
5.477159788936491225e+01
8.418559171685312492e+01
5.202012645494075116e+01
2.144623131905070181e+02
1.334731725681742205e+02
7.815759226625065992e+01
9.138591111092408426e+01
3.652442453844728476e+01
9.880252842559114868e+01
7.904128291217043056e+01
5.021784561838627781e+01
6.413791482565305557e+01
9.681935387460394793e+01
1.376921822615103110e+02
6.431256244089929908e+01
5.420432664676811640e+01
4.353081820200534224e+01
2.370035204169131404e+01
3.679138785344996165e+01
5.779466296121574942e+01
8.585622737252597858e+01
2.189021903879708759e+02
1.586922653873349134e+02
2.805962321299123232e+02
5.765027965423369949e+01
3.643329316950052998e+01
5.502070326831455560e+01
5.035270439831883493e+01
5.373907065500721814e+01
1.020377182200791708e+02
5.822053524124826396e+01
1.923372175321822795e+02
8.401453276243901769e+01
1.990084139865079038e+01
1.610915512157661169e+02
2.922392244994449939e+01
4.268409358012157639e+01
4.086932641851839776e+01
1.060643566930812796e+02
8.191142256860193527e+01
4.522025441156847592e+01
1.767849240825454444e+02
1.095158057307530299e+02
4.641775363743074934e+01
9.895389248893695822e+01
8.175478117586298765e+01
7.893476438099068559e+01
6.154867798945942070e+01
7.540621089462894133e+01
1.288085974050830771e+02
1.115987358101899076e+02
4.966163506096976477e+01
5.059754072765058908e+01
6.029613285071528139e+01
1.917305466519066783e+02
3.026697215783557837e+01
9.033305420089109816e+01
1.405131262119608664e+02
9.243933259428916926e+01
4.310091584152049222e+02
6.183160638952492860e+01
5.383322894675428216e+01
7.280040976955707777e+01
7.514042411749603900e+01
2.195508616149502643e+02
3.250553062603507470e+01
4.648303207875269294e+01
8.372917802905102747e+01
8.210324276405349053e+01
4.209175709513387460e+02
9.183379376516222692e+01
1.932241126284485233e+02
5.979892715788955826e+01
2.164596625059960502e+02
4.149759969650745006e+01
7.377138947651280887e+01
6.339101560602935592e+01
1.903836014818445506e+02
4.046713805586313129e+01
1.006264847327910132e+02
8.188299810377624510e+01
1.121108037299207609e+02
7.511603080387104114e+01
6.056162149722600674e+01
6.849258360154556158e+01
5.966041736375678539e+01
1.096612459199438376e+02
1.083684033915920395e+02
2.259381535593466026e+02
5.912142217086447005e+01
4.416766575107327952e+01
7.183553934084476111e+01
7.709899222811061748e+01
9.680542430222205041e+01
5.291757871808313496e+01
1.168342187891281441e+02
3.042554178946491206e+01
1.183720719658020215e+02
7.902464233341524391e+01
1.551406889191263474e+02
6.236108334404055142e+01
7.843645567772465199e+01
6.304347440473666353e+01
5.755468538850005444e+01
3.023058027708488282e+01
4.648438143243582488e+01
1.231452966792101762e+02
4.241310666779870076e+01
9.312503604652363265e+01
2.511379891151501340e+02
3.803805424789116074e+01
4.173646054097416425e+01
1.914133200999927169e+02
9.464164666776554213e+01
3.236978826050646774e+01
4.923449016593775696e+01
6.093698426761942954e+01
1.207003742148568222e+02
1.387835059511711790e+02
5.102277064275018574e+02
6.330532151755993198e+01
6.928905640531824872e+01
1.141624899062888687e+02
6.399213670809005805e+01
1.577081514566886256e+02
1.110302575703817070e+02
9.453071025601268218e+01
5.829522626503991489e+01
7.800445850657561664e+01
3.453368088345001752e+01
2.281941489049482072e+02
1.002851847460887740e+02
8.479059116701849064e+01
9.941177548096160876e+01
3.228527140833162434e+01
4.809417879802305862e+01
2.943686144095791946e+01
2.411300232413148876e+02
6.651297768064976879e+01
6.971205047335523375e+01
1.231198205512372681e+02
8.330928718424578960e+01
5.651273415651170495e+01
9.491142245913987097e+01
8.524667263878762924e+01
1.486141087452864440e+02
1.075517730993560264e+02
4.874867558729892636e+01
6.582980358086759054e+01
9.778887717295880577e+01
1.503029410369245795e+02
4.516902484312927868e+01
2.189089982658479698e+02
3.289518852217928924e+01
5.324511933487274007e+01
8.348337225528626959e+01
5.396369614626213718e+01
6.442412543167905881e+01
5.375590772272374807e+01
2.698471408130048133e+01
7.766349894057391623e+01
1.632829364954362745e+02
4.206384106077847207e+01
7.576553067186340229e+01
5.135634869905212696e+01
1.235393908340499109e+02
9.880284882857381490e+01
3.677832377711187917e+01
1.117695645677241458e+02
7.874307394375691160e+01
8.033745706149038313e+01
6.766759818364097612e+01
2.031139344831902065e+02
4.231477514267262308e+01
6.638831309478554488e+01
7.773621516882928972e+01
1.095393662582267922e+02
3.599366494426663365e+01
8.470116466028987645e+01
7.298955978812293210e+01
1.305383492301779427e+02
3.258037317680422262e+01
7.866629503460087847e+01
6.216030758593266370e+01
3.096520887875647432e+01
9.806539602002142431e+01
6.305792791686099008e+01
1.298774028201401620e+02
8.461074280697467032e+01
1.056990159592870668e+02
3.818736436428210368e+01
6.441050103636965218e+01
2.729699512320795662e+01
7.813463481611410089e+01
5.832564828039542704e+01
6.766020669158176304e+01
6.092363825668800104e+01
5.077071551049895248e+01
5.882882551290605733e+01
5.088275698433971428e+01
7.058100384173366137e+01
4.739616234643232673e+01
2.955592948055427271e+01
3.666708056434772089e+01
6.630131181903078641e+01
2.923364871239328622e+01
1.455263440566689894e+02
7.457271896362071573e+01
2.302451894949024691e+01
4.148049247615537638e+01
6.550003235258112966e+01
1.442481064484256024e+02
3.179581409325300712e+01
9.517711334396824441e+01
1.408649865180890401e+02
6.406330339383080741e+01
8.356561462488440384e+01
1.026427669821062523e+02
4.023872788243888010e+01
6.586918076966543367e+01
8.718041493131005382e+01
1.245245303771492615e+02
2.028368687213624071e+02
4.833731579995670558e+01
2.955755303897588604e+01
6.713631070991412741e+01
6.587719184688631913e+01
8.362984663902378202e+01
3.180996017605293602e+01
1.654937706512150157e+02
1.184233848622937586e+02
8.076100816432307283e+01
1.134540732218214885e+02
1.324583267153794566e+02
4.979944192425741534e+01
2.013950756988488706e+02
5.338201303912786955e+01
4.300780018841911811e+01
5.443938446833160327e+01
4.693337985505615961e+01
1.242934032888864522e+02
1.310630494109034885e+02
3.605408946368648770e+01
1.044639219545258868e+02
7.657586396636675374e+01
3.149905186364886163e+02
6.233793654075842738e+01
2.194716197066892676e+02
9.522657749443760622e+01
4.621017684368902678e+01
7.857107282971190898e+01
1.311207529042701196e+02
2.390055209486670833e+02
8.600133870733631625e+01
9.900945542874832483e+01
8.526490636007626733e+01
5.898336364301270862e+01
7.156084664635793047e+01
6.498823183682310400e+01
4.531975748261248071e+01
1.440660347349524102e+02
1.454529858210779594e+02
9.637225395992665256e+01
1.010455258745454472e+02
5.096594760337812602e+01
7.334135765938479778e+01
6.808562441378393260e+01
1.481166643132050922e+02
2.799583823775281743e+01
4.558680693311460175e+01
1.067839727124988798e+02
7.129313367949796998e+01
1.871912543169426328e+02
2.330122035160144378e+01
6.372076073375873051e+01
6.070185898777192079e+01
1.546651877014725756e+02
9.032926312150623005e+01
5.944074306834910715e+01
7.684255977935266912e+01
7.858956062025161771e+01
7.107751463852443408e+01
2.723112970302053881e+01
1.033935564197457495e+02
7.838543884479794599e+01
2.575341255501911064e+02
8.106824564530410271e+01
7.997658684997932710e+01
4.372216638367824260e+01
3.573553362659365717e+01
3.375079833168145171e+01
4.514210845289075991e+01
5.341688887225886617e+01
1.063925765913311210e+02
4.729938429680014167e+01
8.582055543429419231e+01
4.704808577052521201e+01
7.365922389394832237e+01
2.083759977928302192e+02
4.960267836037668587e+01
3.072138306800441754e+01
7.605842720702862891e+01
6.784297127370398073e+01
7.438271045427299555e+01
2.976178704378332185e+01
3.777305112630211426e+01
7.791595863553285994e+01
5.367644048772772436e+01
8.646869294962333186e+01
3.192617240510078958e+01
6.844830866036372186e+01
7.899873088381625053e+01
4.814499948928237671e+01
7.925681832749135936e+01
8.618969486559258542e+01
5.603512986186449751e+01
1.256994670404792913e+02
6.784941553459584895e+01
5.814928417160474794e+01
1.173319472296229975e+02
9.773538213428452082e+01
4.302758924707715238e+01
9.806856963944619565e+01
4.149226355881306461e+01
1.580920602290244403e+02
5.618673338757599822e+01
7.226743096177283121e+01
6.367579155891703380e+01
9.875171587841590792e+01
9.383442060733898415e+01
4.063348635644965157e+01
1.393398413451372733e+02
7.181396168560119975e+01
8.172635998465682405e+01
4.592579377777201444e+01
2.458443885253119987e+01
5.395645938914996265e+01
6.906065527385089808e+01
8.977623111630740027e+01
9.113770293479372242e+01
5.667491648544390870e+01
8.228246074673538146e+01
4.139997989536747269e+01
4.355463612981111510e+01
1.413284663044233866e+02
6.673286142910708918e+01
1.038416099276214197e+02
3.329990280569315786e+01
7.172769042999134115e+01
1.069197064238119168e+02
5.361644624512778989e+01
5.616814489370091934e+01
8.889773054579143263e+01
6.802126893601221980e+01
7.832981589024268487e+01
6.779806100619627784e+01
6.809750814675520303e+01
6.024686975762720209e+01
8.485715112536395566e+01
5.949557871884701399e+01
7.090549864497056376e+01
4.430503761420955300e+01
6.004462209692393060e+01
1.392230390242013414e+02
7.042200338606650689e+01
1.000561712761256103e+02
7.514980612706553131e+01
9.391519852725548390e+01
7.199423375154940175e+01
1.227926497705096978e+02
1.598753470700085977e+01
1.892779837848538307e+02
3.691964413770421629e+02
1.215794986649374891e+02
9.910919904148980208e+01
2.984581427327819370e+01
9.364246298677251445e+01
4.430104361322782580e+01
9.189022783885462786e+01
4.907232555010732256e+01
6.833782282711656819e+01
7.044156664653210953e+01
3.487816758006380979e+01
5.876266297390642279e+01
6.498195506280566747e+01
1.486904077871098764e+02
5.869142047091416003e+01
7.463841436756811731e+01
8.269135302624688677e+01
5.363385543306753078e+01
8.602958981865043597e+01
1.019492365835086645e+02
3.773263767890867371e+01
4.416003587128397356e+01
2.456191258418480174e+02
6.171151894254071379e+01
7.470145326332340119e+01
3.567308047279465200e+01
8.212020250290777312e+01
1.044420418583773795e+02
3.405639673609540807e+01
9.069648370296135909e+01
6.821686592543120753e+01
2.546248965556112509e+01
1.325685907747739236e+02
6.216107616246208778e+01
1.458611824337228597e+02
1.806228982998440529e+02
8.830602119439163289e+01
7.083764784548642979e+01
6.736629233748709566e+01
9.035261799819545558e+01
4.176925555037329474e+01
6.969115152069335295e+01
1.120049620448841807e+02
3.733964863081018848e+01
5.283045354002098293e+01
8.893443115403613319e+01
8.077902316995124465e+01
6.702428606543716683e+01
1.094014497985401988e+02
6.925999652585328192e+01
1.101918211356916686e+02
5.714283866361536468e+01
1.492451263646445909e+02
7.857417210376219430e+01
6.777543425642147668e+01
9.377753843564345004e+01
3.387690475285330649e+01
5.204880315252959377e+01
1.064858761493016459e+02
2.186221254576051365e+01
1.065047935285469691e+02
3.334029312608886642e+01
2.280422184731081927e+02
4.557711815645359366e+01
8.290731936764383647e+01
4.944902270315839843e+01
5.086488093099828944e+01
1.052622148994544773e+02
2.829457765032213246e+01
9.386309959966136773e+01
1.019205053950482807e+02
6.924809212650146151e+01
1.031386062943192456e+02
1.014847223699341185e+02
1.795033858863995988e+02
6.674076417904181824e+01
4.437338889533244668e+01
6.039228781943408109e+01
3.882823215049175047e+01
6.406136277152869241e+01
1.712743038098839179e+02
9.332196477545282676e+01
6.818008451938975156e+01
1.455510552389140422e+01
3.411313663761895754e+01
4.361380054505929849e+01
6.800423600184379325e+01
1.074756266299192475e+02
1.635441831973787146e+02
3.295363165063159983e+01
7.583111839593038894e+01
6.219155365120987966e+01
1.165733382048120461e+02
1.267581433474332187e+02
1.523614443889131280e+02
5.392271717573367340e+01
5.257591416681902530e+01
1.118573542506660914e+02
1.270079126442103501e+02
7.085433684405495569e+01
3.165624325049551047e+01
6.635772387223377677e+01
9.818973073464802326e+01
2.005794296528464997e+02
1.823345275996988164e+02
1.112758413972831306e+02
7.798533689533198299e+01
1.433165808989228083e+02
1.686898343658356225e+02
1.652973042779916284e+02
6.757745134337562831e+01
1.128430894865598901e+02
1.090415562157072316e+02
7.735984680586561524e+01
1.729312230504385894e+01
1.547475463369133024e+02
6.230386898552676200e+01
7.556474353718826364e+01
4.611325862593368896e+01
2.329544381140497649e+02
5.304135760576194514e+01
1.251641369631688434e+02
3.244818906403370562e+01
8.187327580112904002e+01
9.589330310206314323e+01
8.762510488197160896e+01
4.103338705016498267e+01
3.412057464505375037e+01
6.439854942855677677e+01
8.877609548976037956e+01
2.986786707079862424e+01
1.223148496764407156e+02
8.302615285592197836e+01
3.772388298842502508e+01
5.932653113931144162e+01
3.370012172059482225e+01
1.191964606938819315e+02
1.210441862912211661e+02
5.723444632480041605e+01
1.919487410661067486e+02
3.993083669044290218e+01
7.268470499233939108e+01
1.930472248429623789e+02
3.305104317997312791e+01
4.744017657633148133e+01
4.032517922974174951e+01
1.089115176878839293e+02
8.174002996959806921e+01
3.171505872735997400e+01
4.535597615545852790e+01
1.737388512818001232e+02
5.884690668628569910e+01
5.281768308540171120e+01
1.619960289358268142e+02
7.025542116224876565e+01
5.965642671348008008e+01
9.693195454266646038e+01
2.174590716521580589e+02
1.551014027296266420e+02
1.263554219505287222e+02
8.347899013585620764e+01
6.404896024398770749e+01
1.777525122397030088e+02
8.801882915881724045e+01
2.442657035332287663e+01
7.533874021209180682e+01
3.669298569485619055e+01
7.314071961071284989e+01
9.819239979508394356e+01
3.634155456727438605e+01
3.803774123576921795e+01
5.813925393139079745e+01
1.276376707170534104e+02
4.721750355226292584e+01
8.355323323259527513e+01
5.296411062150800575e+01
5.492340787794503143e+01
6.453188020700123673e+01
1.178649905342140443e+02
6.518517556534617086e+01
5.276324680113388865e+01
4.338097789876223231e+01
3.517796439913455231e+01
6.289283338925453393e+01
5.654015294592483087e+02
1.150828438776122624e+02
4.314423828779899139e+01
1.537018668356951139e+02
4.569885993767252330e+01
2.549562848011707317e+01
1.063122819448927316e+02
7.669971090802711444e+01
1.841184256660320102e+02
1.719341968916058363e+02
1.571028927118310605e+02
2.527084767990009340e+01
1.161060559407185195e+02
9.534230983080446720e+01
4.165788146297895622e+01
3.459969619878243208e+01
2.571808066329366227e+01
6.936792859729074223e+01
2.912567300589118346e+01
4.389680949549775590e+01
1.373076269498043303e+02
4.317796411634689946e+01
1.447179088439144152e+02
4.498492615992844890e+01
5.100828134344969840e+02
5.354042834478396884e+01
8.455198373675841594e+01
9.897818981056713028e+01
1.471543947428884849e+02
2.176062804218107942e+02
1.138748066053057073e+02
1.086753692349164879e+02
4.654700742074730613e+01
6.494646716173116374e+01
3.508603151868040726e+01
5.573420388667226177e+01
1.481187879139216079e+02
9.115434474604269610e+01
6.235484371392236369e+01
4.761080402534653899e+01
2.113299320789647950e+01
3.262044589690985390e+02
6.307267187503353512e+01
1.986160203292077142e+01
1.284215703960020676e+02
2.831002337975004934e+02
4.392233183928515672e+01
2.100328680340364684e+01
7.400873162573205377e+01
1.027158668951723683e+02
7.805882342758296488e+01
2.799444910913598505e+01
7.367151945844121030e+01
5.116280545552359627e+01
7.057718783085277892e+01
4.386711681361539661e+01
7.932084369295093040e+01
5.919126506426928103e+01
5.108952847897870697e+01
1.027971549005918916e+02
2.380808511839769537e+01
6.930037597518405335e+01
8.654069436138178162e+01
1.157210045508904983e+02
1.091335716578787043e+02
2.896738511832415952e+02
1.229976244879698584e+02
4.028740414786076229e+01
5.057752543707075432e+01
7.264255466317312937e+01
1.135174721555516726e+02
1.033570655455816052e+02
3.661442602178588857e+01
8.883438982470291023e+01
5.568783441737657114e+01
8.927042506894152041e+01
7.136162092652052991e+01
5.849799868012583914e+01
3.079251340884728165e+02
5.391225816680655925e+01
4.820885594616096625e+01
3.615024862896260771e+01
5.835336031890288666e+01
7.971493148076696400e+01
9.936611761199780801e+01
5.883672926103441370e+01
5.023037316799461109e+02
7.002153784234916145e+01
4.849987388001070343e+01
4.839387732214638760e+01
1.378719696472685143e+02
5.259257027088755621e+01
7.106288368406825384e+01
6.888878353151228850e+01
1.771445409306138004e+02
7.601512669648737131e+01
7.176533943662390413e+01
8.045903129665856568e+01
2.334245329281420140e+02
9.008309733958964216e+01
1.987127193663851301e+02
3.667413024333838223e+01
1.192245549491914147e+02
1.033793209184039199e+02
7.231088569248376530e+01
4.696965022308299353e+01
6.955280675131213286e+01
3.668241612243200933e+01
7.869399077622760785e+01
2.148204587992026404e+02
5.420890222775025222e+02
6.949316129972463330e+01
5.175299241413082285e+01
6.351571283123232803e+01
3.422024975297364904e+02
1.007265578753895170e+02
2.788220752577535109e+02
7.497242830330934282e+01
3.065963499831980243e+02
8.861150955667895346e+01
8.898496235628550721e+01
4.534331321948727691e+02
1.300887091134749198e+02
7.274937561344219716e+01
7.813071016303389627e+01
9.430306732115421653e+01
5.201181013427478916e+01
1.107984850180705365e+02
3.532641924754124574e+01
3.345818192378299472e+01
6.219056918396510980e+01
5.652222291899603590e+01
3.620816579929716994e+01
6.209136246583305763e+01
5.398153583733311933e+01
5.727828596814232753e+01
3.880697509488138763e+01
3.647480803556708651e+01
7.266552233379179881e+01
6.625224224355983438e+01
8.831298660296457115e+01
5.381447929199725877e+01
7.664319486610283150e+01
7.628826118044101179e+01
9.124684372744873428e+01
2.156055619677337631e+01
3.869203033498416744e+01
3.635787003792750482e+01
3.849493170901661188e+01
7.965070053966027785e+01
9.566610185420091739e+01
9.742233066856356061e+01
1.004653487394205484e+02
2.535061307380134394e+02
7.606685002162278124e+02
