3.020000000000000000e+03
2.081000000000000000e+03
1.844000000000000000e+03
4.197000000000000000e+03
4.698000000000000000e+03
1.045200000000000000e+04
1.507200000000000000e+04
3.114000000000000000e+03
4.296000000000000000e+03
5.470000000000000000e+03
8.795000000000000000e+03
4.175000000000000000e+03
6.564000000000000000e+03
7.450000000000000000e+03
4.854000000000000000e+03
5.476000000000000000e+03
6.195000000000000000e+03
6.130000000000000000e+03
7.085000000000000000e+03
8.669000000000000000e+03
9.814000000000000000e+03
8.074000000000000000e+03
3.981000000000000000e+03
4.611000000000000000e+03
8.910000000000000000e+03
4.730000000000000000e+03
8.040000000000000000e+03
4.202000000000000000e+03
9.304000000000000000e+03
2.292000000000000000e+03
5.378000000000000000e+03
2.851000000000000000e+03
4.812000000000000000e+03
6.272000000000000000e+03
7.413000000000000000e+03
5.563000000000000000e+03
1.745000000000000000e+03
4.963000000000000000e+03
1.943900000000000000e+04
2.375000000000000000e+03
5.547000000000000000e+03
5.122000000000000000e+03
3.374000000000000000e+03
2.912000000000000000e+03
1.053100000000000000e+04
7.759000000000000000e+03
2.304000000000000000e+03
1.638500000000000000e+04
1.976600000000000000e+04
8.823000000000000000e+03
1.716800000000000000e+04
4.909000000000000000e+03
1.062100000000000000e+04
3.114000000000000000e+03
5.687000000000000000e+03
1.202600000000000000e+04
8.579000000000000000e+03
2.483000000000000000e+03
4.749000000000000000e+03
5.605000000000000000e+03
5.158000000000000000e+03
3.538000000000000000e+03
3.965000000000000000e+03
1.077000000000000000e+03
9.768000000000000000e+03
4.258000000000000000e+03
6.516000000000000000e+03
4.320000000000000000e+03
4.139000000000000000e+03
8.685000000000000000e+03
4.312000000000000000e+03
1.950000000000000000e+03
9.029000000000000000e+03
4.151000000000000000e+03
8.478000000000000000e+03
1.086600000000000000e+04
3.688000000000000000e+03
6.993000000000000000e+03
7.846000000000000000e+03
3.899000000000000000e+03
6.921000000000000000e+03
1.915000000000000000e+03
2.710000000000000000e+03
8.418000000000000000e+03
6.514000000000000000e+03
7.909000000000000000e+03
5.283000000000000000e+03
4.854000000000000000e+03
9.576000000000000000e+03
4.389000000000000000e+03
1.795800000000000000e+04
3.677000000000000000e+03
4.962000000000000000e+03
9.688000000000000000e+03
3.853000000000000000e+03
3.550000000000000000e+03
3.894000000000000000e+03
1.081100000000000000e+04
6.283000000000000000e+03
2.956000000000000000e+03
4.598000000000000000e+03
4.137000000000000000e+03
2.301400000000000000e+04
7.783000000000000000e+03
8.662000000000000000e+03
3.148000000000000000e+03
7.838000000000000000e+03
7.440000000000000000e+03
4.875000000000000000e+03
2.647000000000000000e+03
1.205600000000000000e+04
4.063000000000000000e+03
4.166000000000000000e+03
6.950000000000000000e+03
4.856000000000000000e+03
2.868000000000000000e+03
2.982000000000000000e+03
6.941000000000000000e+03
1.239500000000000000e+04
5.437000000000000000e+03
3.311000000000000000e+03
9.951000000000000000e+03
3.381000000000000000e+03
5.169000000000000000e+03
1.205500000000000000e+04
2.524000000000000000e+03
6.532000000000000000e+03
3.750000000000000000e+03
1.478500000000000000e+04
8.075000000000000000e+03
9.900000000000000000e+03
7.975000000000000000e+03
6.759000000000000000e+03
4.610000000000000000e+03
7.489000000000000000e+03
5.485000000000000000e+03
4.993000000000000000e+03
3.029000000000000000e+03
4.058000000000000000e+03
8.043000000000000000e+03
3.286000000000000000e+03
9.715000000000000000e+03
9.334000000000000000e+03
3.994000000000000000e+03
1.093000000000000000e+03
7.212000000000000000e+03
3.443000000000000000e+03
7.083000000000000000e+03
9.292000000000000000e+03
3.308000000000000000e+03
8.661000000000000000e+03
9.762000000000000000e+03
1.477300000000000000e+04
1.301000000000000000e+03
2.967000000000000000e+03
8.017000000000000000e+03
5.321000000000000000e+03
2.691000000000000000e+03
4.751000000000000000e+03
3.554000000000000000e+03
2.243000000000000000e+03
3.258000000000000000e+03
3.161000000000000000e+03
5.488000000000000000e+03
1.593000000000000000e+03
1.950000000000000000e+03
3.200000000000000000e+03
5.689000000000000000e+03
2.821000000000000000e+03
4.064000000000000000e+03
1.051600000000000000e+04
4.385000000000000000e+03
8.068000000000000000e+03
2.111700000000000000e+04
7.349000000000000000e+03
1.566000000000000000e+03
1.756700000000000000e+04
2.701000000000000000e+03
3.634000000000000000e+03
4.441000000000000000e+03
4.302000000000000000e+03
6.112000000000000000e+03
8.292000000000000000e+03
9.768000000000000000e+03
1.828000000000000000e+03
1.065800000000000000e+04
1.230000000000000000e+03
8.360000000000000000e+03
8.375000000000000000e+03
4.512000000000000000e+03
9.458000000000000000e+03
4.383000000000000000e+03
1.246300000000000000e+04
6.423000000000000000e+03
4.039000000000000000e+03
5.508000000000000000e+03
1.084000000000000000e+04
4.633000000000000000e+03
2.567000000000000000e+03
6.931000000000000000e+03
5.909000000000000000e+03
7.726000000000000000e+03
1.595500000000000000e+04
2.538000000000000000e+03
3.371000000000000000e+03
9.352000000000000000e+03
6.438000000000000000e+03
8.011000000000000000e+03
2.568000000000000000e+03
9.887000000000000000e+03
5.141000000000000000e+03
5.772000000000000000e+03
1.544000000000000000e+03
2.890000000000000000e+03
3.283000000000000000e+03
3.711000000000000000e+03
4.960000000000000000e+03
1.323800000000000000e+04
9.856000000000000000e+03
3.766000000000000000e+03
3.112000000000000000e+03
7.071000000000000000e+03
3.308000000000000000e+03
6.161000000000000000e+03
4.083000000000000000e+03
6.523000000000000000e+03
5.953000000000000000e+03
1.160000000000000000e+04
9.445000000000000000e+03
3.393000000000000000e+03
2.951000000000000000e+03
3.093000000000000000e+03
9.464000000000000000e+03
5.167000000000000000e+03
2.450000000000000000e+03
8.263000000000000000e+03
2.890000000000000000e+03
2.620000000000000000e+03
3.421000000000000000e+03
5.498000000000000000e+03
9.354000000000000000e+03
1.429300000000000000e+04
1.172000000000000000e+04
4.832000000000000000e+03
5.373000000000000000e+03
6.111000000000000000e+03
6.779000000000000000e+03
5.185000000000000000e+03
2.115000000000000000e+03
7.923000000000000000e+03
6.905000000000000000e+03
1.042400000000000000e+04
4.709000000000000000e+03
3.475000000000000000e+03
1.539800000000000000e+04
4.480000000000000000e+03
6.032000000000000000e+03
1.780300000000000000e+04
1.699200000000000000e+04
5.552000000000000000e+03
4.183000000000000000e+03
4.384000000000000000e+03
4.334000000000000000e+03
9.877000000000000000e+03
1.158200000000000000e+04
6.097000000000000000e+03
4.469000000000000000e+03
3.711000000000000000e+03
7.378000000000000000e+03
1.497900000000000000e+04
1.486600000000000000e+04
8.994000000000000000e+03
4.945000000000000000e+03
3.218000000000000000e+03
1.885000000000000000e+03
4.916000000000000000e+03
5.208000000000000000e+03
1.229600000000000000e+04
3.789000000000000000e+03
2.034000000000000000e+03
2.033000000000000000e+03
1.378000000000000000e+03
1.881000000000000000e+03
4.653000000000000000e+03
5.525000000000000000e+03
2.253000000000000000e+03
2.498000000000000000e+03
6.995000000000000000e+03
9.219000000000000000e+03
2.733000000000000000e+03
4.422000000000000000e+03
9.532000000000000000e+03
5.092000000000000000e+03
5.759000000000000000e+03
4.681000000000000000e+03
4.582000000000000000e+03
7.278000000000000000e+03
6.331000000000000000e+03
6.731000000000000000e+03
2.261000000000000000e+03
4.344000000000000000e+03
3.132000000000000000e+03
1.886000000000000000e+03
3.249000000000000000e+03
3.506000000000000000e+03
8.763000000000000000e+03
6.748000000000000000e+03
8.736000000000000000e+03
1.788000000000000000e+03
3.716000000000000000e+03
1.161300000000000000e+04
9.672000000000000000e+03
1.497000000000000000e+03
7.278000000000000000e+03
6.051000000000000000e+03
4.255000000000000000e+03
2.227000000000000000e+03
8.575000000000000000e+03
2.048000000000000000e+03
5.740000000000000000e+03
2.280000000000000000e+03
2.878000000000000000e+03
3.868000000000000000e+03
7.034000000000000000e+03
4.139000000000000000e+03
4.736000000000000000e+03
9.324000000000000000e+03
6.234000000000000000e+03
7.323000000000000000e+03
3.445000000000000000e+03
9.709000000000000000e+03
2.567000000000000000e+03
1.357800000000000000e+04
7.646000000000000000e+03
7.964000000000000000e+03
4.523000000000000000e+03
5.913000000000000000e+03
8.375000000000000000e+03
3.596000000000000000e+03
1.067100000000000000e+04
8.774000000000000000e+03
8.025000000000000000e+03
1.661000000000000000e+03
3.628000000000000000e+03
1.515500000000000000e+04
2.688000000000000000e+03
5.378000000000000000e+03
2.792000000000000000e+03
1.052800000000000000e+04
5.934000000000000000e+03
4.738000000000000000e+03
3.627000000000000000e+03
1.773500000000000000e+04
3.914000000000000000e+03
2.302000000000000000e+03
3.208000000000000000e+03
2.895000000000000000e+03
1.195400000000000000e+04
1.235000000000000000e+03
3.690000000000000000e+03
4.287000000000000000e+03
5.581000000000000000e+03
2.838000000000000000e+03
4.565000000000000000e+03
3.574000000000000000e+03
1.817000000000000000e+03
5.972000000000000000e+03
3.953000000000000000e+03
6.132000000000000000e+03
3.920000000000000000e+03
4.507000000000000000e+03
2.992000000000000000e+03
5.735000000000000000e+03
3.589000000000000000e+03
2.679000000000000000e+03
3.807000000000000000e+03
4.212000000000000000e+03
4.133000000000000000e+03
8.648000000000000000e+03
1.603000000000000000e+03
4.844000000000000000e+03
1.920000000000000000e+03
1.182000000000000000e+04
3.903000000000000000e+03
7.947000000000000000e+03
3.698000000000000000e+03
6.448000000000000000e+03
3.654000000000000000e+03
4.315000000000000000e+03
7.098000000000000000e+03
5.658000000000000000e+03
1.280400000000000000e+04
1.234800000000000000e+04
6.292000000000000000e+03
2.381000000000000000e+03
2.214000000000000000e+03
3.498000000000000000e+03
4.046000000000000000e+03
4.075000000000000000e+03
1.944000000000000000e+03
5.205000000000000000e+03
2.274000000000000000e+03
5.480000000000000000e+03
1.274800000000000000e+04
4.389000000000000000e+03
8.397000000000000000e+03
1.871000000000000000e+03
7.747000000000000000e+03
3.539000000000000000e+03
3.460000000000000000e+03
1.167800000000000000e+04
4.364000000000000000e+03
5.940000000000000000e+03
4.950000000000000000e+03
4.571000000000000000e+03
7.059000000000000000e+03
3.760000000000000000e+03
3.692000000000000000e+03
2.423000000000000000e+03
6.313000000000000000e+03
3.679000000000000000e+03
1.697500000000000000e+04
7.656000000000000000e+03
3.837000000000000000e+03
1.185800000000000000e+04
6.947000000000000000e+03
1.742600000000000000e+04
4.211000000000000000e+03
3.474000000000000000e+03
3.410000000000000000e+03
9.598000000000000000e+03
6.980000000000000000e+03
5.015000000000000000e+03
7.026000000000000000e+03
1.138500000000000000e+04
1.861600000000000000e+04
6.179000000000000000e+03
6.282000000000000000e+03
2.303000000000000000e+03
6.807000000000000000e+03
6.411000000000000000e+03
6.659000000000000000e+03
3.882000000000000000e+03
3.315000000000000000e+03
9.584000000000000000e+03
3.868000000000000000e+03
3.130000000000000000e+03
4.506000000000000000e+03
2.348000000000000000e+03
8.633000000000000000e+03
7.087000000000000000e+03
6.347000000000000000e+03
4.579000000000000000e+03
1.446000000000000000e+03
6.955000000000000000e+03
1.002000000000000000e+04
1.193800000000000000e+04
1.374000000000000000e+03
7.681000000000000000e+03
8.732000000000000000e+03
7.496000000000000000e+03
3.570000000000000000e+03
4.249000000000000000e+03
1.317300000000000000e+04
3.944000000000000000e+03
2.362000000000000000e+03
6.395000000000000000e+03
7.876000000000000000e+03
1.005700000000000000e+04
2.807000000000000000e+03
8.075000000000000000e+03
6.616000000000000000e+03
6.572000000000000000e+03
1.464000000000000000e+03
3.996000000000000000e+03
5.388000000000000000e+03
3.189000000000000000e+03
7.422000000000000000e+03
5.493000000000000000e+03
5.560000000000000000e+03
9.098000000000000000e+03
4.682000000000000000e+03
1.888000000000000000e+03
1.314000000000000000e+03
4.220000000000000000e+03
4.098000000000000000e+03
2.665000000000000000e+03
5.884000000000000000e+03
3.731000000000000000e+03
2.723000000000000000e+03
1.440400000000000000e+04
9.859000000000000000e+03
5.323000000000000000e+03
5.259000000000000000e+03
4.081000000000000000e+03
6.401000000000000000e+03
3.493000000000000000e+03
5.728000000000000000e+03
4.463000000000000000e+03
2.006000000000000000e+03
1.348000000000000000e+03
3.563000000000000000e+03
1.764100000000000000e+04
2.903000000000000000e+03
4.439000000000000000e+03
2.637000000000000000e+03
8.402000000000000000e+03
1.178600000000000000e+04
5.413000000000000000e+03
2.603000000000000000e+03
3.308000000000000000e+03
5.382000000000000000e+03
8.475000000000000000e+03
2.277000000000000000e+03
3.158000000000000000e+03
6.248000000000000000e+03
2.217000000000000000e+03
7.610000000000000000e+03
2.778000000000000000e+03
7.629000000000000000e+03
2.156000000000000000e+03
7.557000000000000000e+03
4.860000000000000000e+03
6.404000000000000000e+03
3.041000000000000000e+03
5.027000000000000000e+03
7.624000000000000000e+03
8.692000000000000000e+03
2.368000000000000000e+03
7.680000000000000000e+03
9.408000000000000000e+03
6.015000000000000000e+03
6.565000000000000000e+03
5.493000000000000000e+03
5.376000000000000000e+03
5.017000000000000000e+03
2.846000000000000000e+03
3.006000000000000000e+03
4.509000000000000000e+03
6.514000000000000000e+03
9.019000000000000000e+03
7.351000000000000000e+03
3.219000000000000000e+03
4.289000000000000000e+03
4.499000000000000000e+03
3.760000000000000000e+03
2.975000000000000000e+03
5.353000000000000000e+03
1.895000000000000000e+03
1.612000000000000000e+03
1.263200000000000000e+04
2.940000000000000000e+03
6.291000000000000000e+03
2.683000000000000000e+03
6.782000000000000000e+03
9.944000000000000000e+03
2.257000000000000000e+03
7.175000000000000000e+03
2.294000000000000000e+03
5.536000000000000000e+03
2.958000000000000000e+03
5.284000000000000000e+03
6.626000000000000000e+03
1.987000000000000000e+03
4.566000000000000000e+03
4.033000000000000000e+03
5.235000000000000000e+03
3.823000000000000000e+03
5.668000000000000000e+03
7.176000000000000000e+03
3.700000000000000000e+03
5.463000000000000000e+03
1.446800000000000000e+04
3.648000000000000000e+03
5.037000000000000000e+03
3.502000000000000000e+03
6.996000000000000000e+03
3.071000000000000000e+03
3.794000000000000000e+03
8.283000000000000000e+03
3.912000000000000000e+03
5.687000000000000000e+03
4.657000000000000000e+03
4.232000000000000000e+03
2.888000000000000000e+03
1.028900000000000000e+04
1.005800000000000000e+04
4.063000000000000000e+03
5.936000000000000000e+03
1.013900000000000000e+04
7.925000000000000000e+03
4.774000000000000000e+03
7.592000000000000000e+03
4.449000000000000000e+03
3.323000000000000000e+03
2.736000000000000000e+03
1.882200000000000000e+04
3.020000000000000000e+03
4.676000000000000000e+03
3.127000000000000000e+03
2.217000000000000000e+03
1.743000000000000000e+03
3.247000000000000000e+03
4.643000000000000000e+03
8.359000000000000000e+03
1.338100000000000000e+04
7.483000000000000000e+03
6.709000000000000000e+03
1.063800000000000000e+04
8.530000000000000000e+03
2.796000000000000000e+03
1.608000000000000000e+03
6.454000000000000000e+03
3.175000000000000000e+03
1.269500000000000000e+04
4.437000000000000000e+03
4.013000000000000000e+03
2.621000000000000000e+03
1.456100000000000000e+04
1.026000000000000000e+04
6.546000000000000000e+03
4.288000000000000000e+03
9.785000000000000000e+03
9.066000000000000000e+03
4.473000000000000000e+03
4.672000000000000000e+03
4.119000000000000000e+03
9.897000000000000000e+03
4.788000000000000000e+03
3.374000000000000000e+03
7.181000000000000000e+03
5.682000000000000000e+03
3.332000000000000000e+03
6.469000000000000000e+03
2.258000000000000000e+03
6.029000000000000000e+03
9.072000000000000000e+03
1.446000000000000000e+03
1.177000000000000000e+03
3.427000000000000000e+03
9.318000000000000000e+03
6.629000000000000000e+03
6.009000000000000000e+03
1.322300000000000000e+04
1.687000000000000000e+03
4.101000000000000000e+03
4.698000000000000000e+03
3.538000000000000000e+03
7.116000000000000000e+03
2.250000000000000000e+03
2.971000000000000000e+03
4.192000000000000000e+03
3.244000000000000000e+03
8.566000000000000000e+03
2.311000000000000000e+03
5.021000000000000000e+03
4.641000000000000000e+03
2.658000000000000000e+03
9.350000000000000000e+03
4.270000000000000000e+03
4.507000000000000000e+03
1.266600000000000000e+04
7.039000000000000000e+03
5.337000000000000000e+03
5.947000000000000000e+03
1.100500000000000000e+04
1.111000000000000000e+03
7.933000000000000000e+03
4.591000000000000000e+03
3.952000000000000000e+03
1.191600000000000000e+04
4.549000000000000000e+03
5.266000000000000000e+03
1.096800000000000000e+04
7.874000000000000000e+03
1.299800000000000000e+04
3.923000000000000000e+03
1.923000000000000000e+03
2.251000000000000000e+03
2.507000000000000000e+03
3.549000000000000000e+03
2.928000000000000000e+03
7.805000000000000000e+03
2.735000000000000000e+03
9.024000000000000000e+03
6.664000000000000000e+03
4.159000000000000000e+03
1.042000000000000000e+03
7.084000000000000000e+03
1.327800000000000000e+04
2.992000000000000000e+03
2.433000000000000000e+03
1.821100000000000000e+04
1.339000000000000000e+03
3.914000000000000000e+03
3.700000000000000000e+03
1.937600000000000000e+04
6.951000000000000000e+03
7.400000000000000000e+03
3.585000000000000000e+03
5.161000000000000000e+03
7.071000000000000000e+03
1.183000000000000000e+04
5.288000000000000000e+03
2.730000000000000000e+03
7.929000000000000000e+03
5.335000000000000000e+03
3.310000000000000000e+03
1.753000000000000000e+03
2.413000000000000000e+03
2.379000000000000000e+03
1.105800000000000000e+04
4.011000000000000000e+03
9.568000000000000000e+03
6.501000000000000000e+03
7.411000000000000000e+03
6.045000000000000000e+03
3.674000000000000000e+03
5.612000000000000000e+03
6.513000000000000000e+03
5.075000000000000000e+03
6.397000000000000000e+03
5.976000000000000000e+03
3.685000000000000000e+03
5.211000000000000000e+03
9.156000000000000000e+03
2.639000000000000000e+03
6.486000000000000000e+03
6.166000000000000000e+03
2.028000000000000000e+03
4.446000000000000000e+03
1.030000000000000000e+04
6.315000000000000000e+03
4.377000000000000000e+03
4.819000000000000000e+03
9.408000000000000000e+03
1.118800000000000000e+04
2.615000000000000000e+03
8.047000000000000000e+03
1.077900000000000000e+04
2.141000000000000000e+03
5.849000000000000000e+03
8.340000000000000000e+03
2.592000000000000000e+03
2.742000000000000000e+03
8.237000000000000000e+03
2.478000000000000000e+03
7.601000000000000000e+03
3.826000000000000000e+03
5.861000000000000000e+03
4.140000000000000000e+03
4.957000000000000000e+03
6.728000000000000000e+03
1.658900000000000000e+04
2.145000000000000000e+03
5.753000000000000000e+03
1.278000000000000000e+03
3.394000000000000000e+03
5.737000000000000000e+03
1.197000000000000000e+03
4.004000000000000000e+03
7.974000000000000000e+03
2.080900000000000000e+04
5.023000000000000000e+03
5.312000000000000000e+03
1.052000000000000000e+03
1.553700000000000000e+04
4.669000000000000000e+03
3.319000000000000000e+03
2.097000000000000000e+03
1.048300000000000000e+04
3.647000000000000000e+03
4.026000000000000000e+03
1.852000000000000000e+04
4.769000000000000000e+03
4.762000000000000000e+03
6.898000000000000000e+03
5.233000000000000000e+03
8.879000000000000000e+03
6.247000000000000000e+03
2.965000000000000000e+03
1.051300000000000000e+04
7.725000000000000000e+03
7.578000000000000000e+03
1.033600000000000000e+04
4.989000000000000000e+03
3.577000000000000000e+03
7.545000000000000000e+03
9.598000000000000000e+03
4.339000000000000000e+03
5.149000000000000000e+03
6.877000000000000000e+03
8.513000000000000000e+03
8.567000000000000000e+03
5.058000000000000000e+03
6.758000000000000000e+03
1.428200000000000000e+04
7.320000000000000000e+03
2.227000000000000000e+03
3.780000000000000000e+03
4.624000000000000000e+03
4.809000000000000000e+03
4.491000000000000000e+03
8.096000000000000000e+03
5.195000000000000000e+03
3.008000000000000000e+03
4.752000000000000000e+03
3.662000000000000000e+03
1.372900000000000000e+04
4.761000000000000000e+03
6.746000000000000000e+03
1.142300000000000000e+04
7.009000000000000000e+03
6.241000000000000000e+03
2.249000000000000000e+03
3.090000000000000000e+03
3.187000000000000000e+03
3.253000000000000000e+03
3.363000000000000000e+03
2.173000000000000000e+03
2.723000000000000000e+03
6.284000000000000000e+03
1.464000000000000000e+03
2.978000000000000000e+03
3.906000000000000000e+03
6.763000000000000000e+03
5.897000000000000000e+03
4.518000000000000000e+03
1.314100000000000000e+04
1.913000000000000000e+03
8.620000000000000000e+03
2.813000000000000000e+03
3.328000000000000000e+03
4.094000000000000000e+03
7.530000000000000000e+03
1.452200000000000000e+04
1.236900000000000000e+04
1.288700000000000000e+04
6.737000000000000000e+03
3.266000000000000000e+03
8.566000000000000000e+03
7.653000000000000000e+03
4.046000000000000000e+03
2.669900000000000000e+04
4.522000000000000000e+03
1.092000000000000000e+04
3.946000000000000000e+03
1.043100000000000000e+04
1.647200000000000000e+04
2.964000000000000000e+03
7.236000000000000000e+03
2.333000000000000000e+03
8.251000000000000000e+03
6.559000000000000000e+03
8.054000000000000000e+03
4.485000000000000000e+03
2.210000000000000000e+03
3.591000000000000000e+03
2.754000000000000000e+03
3.225000000000000000e+03
2.361000000000000000e+03
7.899000000000000000e+03
3.264000000000000000e+03
4.033000000000000000e+03
3.056000000000000000e+03
1.414400000000000000e+04
3.215000000000000000e+03
4.374000000000000000e+03
2.422000000000000000e+04
2.777000000000000000e+03
2.177000000000000000e+03
1.322900000000000000e+04
1.103500000000000000e+04
1.075900000000000000e+04
4.618000000000000000e+03
2.491000000000000000e+03
3.257000000000000000e+03
1.073900000000000000e+04
4.873000000000000000e+03
1.187100000000000000e+04
3.813000000000000000e+03
3.442000000000000000e+03
2.509000000000000000e+03
4.153000000000000000e+03
6.904000000000000000e+03
2.659000000000000000e+03
1.105900000000000000e+04
5.343000000000000000e+03
5.308000000000000000e+03
5.716000000000000000e+03
1.457300000000000000e+04
1.042400000000000000e+04
2.506000000000000000e+03
1.307400000000000000e+04
1.059700000000000000e+04
1.196400000000000000e+04
4.314000000000000000e+03
7.218000000000000000e+03
5.220000000000000000e+03
4.037000000000000000e+03
7.053000000000000000e+03
2.111000000000000000e+03
5.378000000000000000e+03
4.025000000000000000e+03
1.044600000000000000e+04
5.617000000000000000e+03
3.868000000000000000e+03
8.145000000000000000e+03
8.342000000000000000e+03
1.081000000000000000e+04
7.339000000000000000e+03
2.767000000000000000e+03
1.428000000000000000e+03
3.364000000000000000e+03
7.347000000000000000e+03
4.907000000000000000e+03
2.643000000000000000e+03
1.136700000000000000e+04
8.395000000000000000e+03
2.136000000000000000e+03
9.566000000000000000e+03
1.271700000000000000e+04
1.053800000000000000e+04
7.747000000000000000e+03
1.058800000000000000e+04
1.288000000000000000e+03
3.615000000000000000e+03
6.476000000000000000e+03
4.394000000000000000e+03
7.821000000000000000e+03
7.376000000000000000e+03
4.859000000000000000e+03
5.998000000000000000e+03
8.242000000000000000e+03
3.123000000000000000e+03
4.705000000000000000e+03
2.120000000000000000e+03
2.396000000000000000e+03
1.155800000000000000e+04
7.654000000000000000e+03
5.249000000000000000e+03
5.324000000000000000e+03
2.977000000000000000e+03
3.435000000000000000e+03
9.973000000000000000e+03
4.675000000000000000e+03
3.724000000000000000e+03
1.483300000000000000e+04
4.774000000000000000e+03
5.194000000000000000e+03
6.904000000000000000e+03
9.553000000000000000e+03
2.024000000000000000e+03
1.072800000000000000e+04
4.411000000000000000e+03
8.437000000000000000e+03
6.364000000000000000e+03
3.350000000000000000e+03
8.182000000000000000e+03
7.417000000000000000e+03
5.543000000000000000e+03
4.922000000000000000e+03
4.263000000000000000e+03
5.523000000000000000e+03
9.400000000000000000e+02
5.162000000000000000e+03
1.348200000000000000e+04
1.798000000000000000e+03
5.800000000000000000e+03
2.917000000000000000e+03
5.642000000000000000e+03
3.663000000000000000e+03
9.419000000000000000e+03
1.692000000000000000e+03
2.627000000000000000e+03
1.407100000000000000e+04
6.965000000000000000e+03
5.691000000000000000e+03
2.285000000000000000e+03
3.903000000000000000e+03
4.505000000000000000e+03
1.071800000000000000e+04
3.953000000000000000e+03
5.852000000000000000e+03
8.055000000000000000e+03
4.246000000000000000e+03
1.431000000000000000e+03
7.232000000000000000e+03
3.678000000000000000e+03
3.706000000000000000e+03
5.488000000000000000e+03
5.813000000000000000e+03
4.487000000000000000e+03
1.250800000000000000e+04
3.735000000000000000e+03
9.660000000000000000e+02
5.298000000000000000e+03
3.946000000000000000e+03
2.848000000000000000e+03
3.914000000000000000e+03
