5.017000000000000000e+03
1.854200000000000000e+04
1.368000000000000000e+04
1.367300000000000000e+04
3.430200000000000000e+04
2.118800000000000000e+04
8.037000000000000000e+03
2.057600000000000000e+04
1.024100000000000000e+04
2.873300000000000000e+04
1.564700000000000000e+04
8.547000000000000000e+03
7.029000000000000000e+03
1.652600000000000000e+04
1.013700000000000000e+04
9.045000000000000000e+03
8.913000000000000000e+03
2.913000000000000000e+03
1.405000000000000000e+04
1.245000000000000000e+04
1.491600000000000000e+04
2.073000000000000000e+04
5.011000000000000000e+03
8.272000000000000000e+03
2.583700000000000000e+04
1.893500000000000000e+04
5.231000000000000000e+03
1.317700000000000000e+04
1.051100000000000000e+04
2.758300000000000000e+04
1.509600000000000000e+04
1.251800000000000000e+04
5.313000000000000000e+03
1.647700000000000000e+04
2.203300000000000000e+04
8.728000000000000000e+03
1.580200000000000000e+04
3.060000000000000000e+03
1.245300000000000000e+04
1.242600000000000000e+04
8.262000000000000000e+03
1.435600000000000000e+04
5.300000000000000000e+03
8.782000000000000000e+03
1.342400000000000000e+04
3.137500000000000000e+04
1.357900000000000000e+04
9.763000000000000000e+03
8.769000000000000000e+03
8.977000000000000000e+03
9.086000000000000000e+03
1.105000000000000000e+04
3.472500000000000000e+04
2.185400000000000000e+04
5.183000000000000000e+03
1.616200000000000000e+04
7.357000000000000000e+03
4.292000000000000000e+03
2.114800000000000000e+04
6.147000000000000000e+03
1.541000000000000000e+04
7.525000000000000000e+03
7.001000000000000000e+03
9.134000000000000000e+03
9.598000000000000000e+03
2.962000000000000000e+03
1.400300000000000000e+04
8.652000000000000000e+03
6.462000000000000000e+03
5.881500000000000000e+04
3.463000000000000000e+03
3.560000000000000000e+03
8.185000000000000000e+03
9.116000000000000000e+03
1.479300000000000000e+04
1.774900000000000000e+04
3.359000000000000000e+03
4.182000000000000000e+03
2.802300000000000000e+04
3.989300000000000000e+04
3.981000000000000000e+03
6.558000000000000000e+03
6.479000000000000000e+03
1.133400000000000000e+04
5.155000000000000000e+03
1.610600000000000000e+04
4.026200000000000000e+04
1.842600000000000000e+04
1.249100000000000000e+04
2.265000000000000000e+03
5.793000000000000000e+03
4.585200000000000000e+04
5.075000000000000000e+03
1.022500000000000000e+04
7.947000000000000000e+03
5.225000000000000000e+03
3.156000000000000000e+03
4.283200000000000000e+04
6.568000000000000000e+03
1.443100000000000000e+04
4.999000000000000000e+03
6.819000000000000000e+03
2.199100000000000000e+04
9.873000000000000000e+03
9.401000000000000000e+03
7.084000000000000000e+03
7.702000000000000000e+03
3.749800000000000000e+04
1.940800000000000000e+04
1.595300000000000000e+04
6.117000000000000000e+03
1.529300000000000000e+04
1.275300000000000000e+04
2.348100000000000000e+04
9.684000000000000000e+03
5.078000000000000000e+03
9.880000000000000000e+03
9.919000000000000000e+03
1.540200000000000000e+04
2.414000000000000000e+03
5.736000000000000000e+03
5.798000000000000000e+03
2.090100000000000000e+04
7.544000000000000000e+03
1.247300000000000000e+04
3.577000000000000000e+03
1.786700000000000000e+04
1.232900000000000000e+04
5.545000000000000000e+03
1.141000000000000000e+04
1.344000000000000000e+04
3.190800000000000000e+04
1.667500000000000000e+04
6.223000000000000000e+03
2.667000000000000000e+04
1.168500000000000000e+04
1.543700000000000000e+04
8.689000000000000000e+03
3.130200000000000000e+04
1.609000000000000000e+04
1.210200000000000000e+04
6.832000000000000000e+03
7.924000000000000000e+03
7.617000000000000000e+03
1.189700000000000000e+04
3.972000000000000000e+03
4.388000000000000000e+04
7.186000000000000000e+03
8.934000000000000000e+03
4.236200000000000000e+04
4.809000000000000000e+03
7.125000000000000000e+03
6.708000000000000000e+03
1.617000000000000000e+04
8.059000000000000000e+03
6.260000000000000000e+03
8.229000000000000000e+03
1.267200000000000000e+04
7.555000000000000000e+03
2.046400000000000000e+04
2.206500000000000000e+04
1.436300000000000000e+04
2.300400000000000000e+04
3.148000000000000000e+03
7.270000000000000000e+03
4.958000000000000000e+03
2.775600000000000000e+04
6.458000000000000000e+03
1.146700000000000000e+04
5.366000000000000000e+03
2.209600000000000000e+04
1.448600000000000000e+04
8.567000000000000000e+03
1.781300000000000000e+04
1.448900000000000000e+04
8.007000000000000000e+03
1.024200000000000000e+04
1.548500000000000000e+04
1.863200000000000000e+04
2.334800000000000000e+04
2.556800000000000000e+04
1.178200000000000000e+04
6.218000000000000000e+03
1.070200000000000000e+04
1.142500000000000000e+04
1.703900000000000000e+04
8.508000000000000000e+03
1.419300000000000000e+04
9.424000000000000000e+03
1.672500000000000000e+04
5.948000000000000000e+03
3.398500000000000000e+04
2.066000000000000000e+03
8.672000000000000000e+03
1.273100000000000000e+04
1.711900000000000000e+04
2.026900000000000000e+04
1.898800000000000000e+04
9.991000000000000000e+03
1.559400000000000000e+04
5.530000000000000000e+03
5.049000000000000000e+03
5.941000000000000000e+03
5.647000000000000000e+03
1.833200000000000000e+04
2.531800000000000000e+04
3.766600000000000000e+04
1.357100000000000000e+04
1.228700000000000000e+04
1.078300000000000000e+04
4.480000000000000000e+03
1.338600000000000000e+04
9.078000000000000000e+03
7.201000000000000000e+03
6.465000000000000000e+03
1.909700000000000000e+04
1.143300000000000000e+04
3.009900000000000000e+04
1.226500000000000000e+04
2.625800000000000000e+04
8.536000000000000000e+03
5.496000000000000000e+03
1.721200000000000000e+04
6.053000000000000000e+03
1.206600000000000000e+04
1.010800000000000000e+04
1.184900000000000000e+04
1.027000000000000000e+04
2.800100000000000000e+04
1.650600000000000000e+04
1.085100000000000000e+04
4.881000000000000000e+03
5.146000000000000000e+03
2.374100000000000000e+04
1.782600000000000000e+04
1.568900000000000000e+04
1.089700000000000000e+04
8.662000000000000000e+03
2.461800000000000000e+04
7.374000000000000000e+03
2.702200000000000000e+04
1.395500000000000000e+04
3.763400000000000000e+04
1.045400000000000000e+04
9.701000000000000000e+03
1.607200000000000000e+04
8.120000000000000000e+03
2.212500000000000000e+04
2.216400000000000000e+04
1.437700000000000000e+04
4.983000000000000000e+03
7.979000000000000000e+03
1.384800000000000000e+04
1.329000000000000000e+04
1.203300000000000000e+04
7.864000000000000000e+03
1.918300000000000000e+04
1.598900000000000000e+04
5.214000000000000000e+03
3.809900000000000000e+04
1.739400000000000000e+04
8.323000000000000000e+03
2.407000000000000000e+04
2.042200000000000000e+04
5.084000000000000000e+03
2.077300000000000000e+04
2.075100000000000000e+04
2.414100000000000000e+04
4.345000000000000000e+03
1.686400000000000000e+04
5.914000000000000000e+03
1.430200000000000000e+04
9.642000000000000000e+03
1.455200000000000000e+04
1.088600000000000000e+04
7.563000000000000000e+03
8.217000000000000000e+03
1.533200000000000000e+04
7.814000000000000000e+03
1.082500000000000000e+04
1.339300000000000000e+04
1.371900000000000000e+04
1.308000000000000000e+04
3.759100000000000000e+04
2.097100000000000000e+04
1.357900000000000000e+04
5.722000000000000000e+03
5.620000000000000000e+03
7.353000000000000000e+03
1.452800000000000000e+04
1.956800000000000000e+04
7.982000000000000000e+03
1.568200000000000000e+04
1.230800000000000000e+04
6.763000000000000000e+03
1.243300000000000000e+04
1.048000000000000000e+04
4.758000000000000000e+03
1.093400000000000000e+04
1.165000000000000000e+04
2.248000000000000000e+03
4.168000000000000000e+03
1.424300000000000000e+04
4.164000000000000000e+03
1.027200000000000000e+04
1.480600000000000000e+04
1.064600000000000000e+04
6.933000000000000000e+03
1.391700000000000000e+04
1.154000000000000000e+04
7.852000000000000000e+03
9.142000000000000000e+03
2.540700000000000000e+04
1.343200000000000000e+04
4.153000000000000000e+03
6.618000000000000000e+03
6.695000000000000000e+03
8.482000000000000000e+03
7.558000000000000000e+03
2.052300000000000000e+04
6.344000000000000000e+03
1.017800000000000000e+04
1.131500000000000000e+04
1.204000000000000000e+04
1.095400000000000000e+04
9.319000000000000000e+03
7.989000000000000000e+03
2.383600000000000000e+04
4.274000000000000000e+03
1.147600000000000000e+04
2.392200000000000000e+04
1.350800000000000000e+04
1.826300000000000000e+04
5.176000000000000000e+03
1.141700000000000000e+04
1.217200000000000000e+04
5.568000000000000000e+03
9.097000000000000000e+03
7.890000000000000000e+03
2.509200000000000000e+04
2.075800000000000000e+04
1.090800000000000000e+04
1.202600000000000000e+04
2.570800000000000000e+04
7.243000000000000000e+03
4.831000000000000000e+03
2.072400000000000000e+04
2.551700000000000000e+04
8.092000000000000000e+03
1.103200000000000000e+04
2.547100000000000000e+04
1.222400000000000000e+04
1.103400000000000000e+04
4.003200000000000000e+04
9.006000000000000000e+03
1.026700000000000000e+04
1.811500000000000000e+04
1.026900000000000000e+04
6.091000000000000000e+03
1.514600000000000000e+04
1.696600000000000000e+04
9.595000000000000000e+03
8.249000000000000000e+03
1.022400000000000000e+04
1.667500000000000000e+04
1.653700000000000000e+04
2.419000000000000000e+04
2.359600000000000000e+04
1.855500000000000000e+04
1.047900000000000000e+04
1.288200000000000000e+04
1.002900000000000000e+04
8.510000000000000000e+03
7.887000000000000000e+03
1.033100000000000000e+04
6.466000000000000000e+03
8.608000000000000000e+03
1.580100000000000000e+04
1.551400000000000000e+04
1.487300000000000000e+04
2.024900000000000000e+04
2.746800000000000000e+04
8.630000000000000000e+03
1.758400000000000000e+04
2.508300000000000000e+04
1.326800000000000000e+04
9.374000000000000000e+03
1.459800000000000000e+04
8.975000000000000000e+03
5.889000000000000000e+03
9.128000000000000000e+03
1.323000000000000000e+04
1.472800000000000000e+04
1.543600000000000000e+04
1.357900000000000000e+04
1.052100000000000000e+04
1.136500000000000000e+04
1.956500000000000000e+04
1.934600000000000000e+04
2.678700000000000000e+04
2.277000000000000000e+03
7.477000000000000000e+03
1.251000000000000000e+04
5.608000000000000000e+03
6.766000000000000000e+03
2.986000000000000000e+04
1.186900000000000000e+04
1.658500000000000000e+04
1.771800000000000000e+04
8.317000000000000000e+03
1.824300000000000000e+04
1.431400000000000000e+04
5.145100000000000000e+04
5.142000000000000000e+03
1.355900000000000000e+04
1.532900000000000000e+04
1.475800000000000000e+04
2.732600000000000000e+04
2.383500000000000000e+04
4.241000000000000000e+03
6.364000000000000000e+03
1.754300000000000000e+04
2.452700000000000000e+04
1.291700000000000000e+04
8.972000000000000000e+03
6.553000000000000000e+03
7.646000000000000000e+03
5.068000000000000000e+03
2.052000000000000000e+04
8.771000000000000000e+03
9.469000000000000000e+03
1.319200000000000000e+04
7.507000000000000000e+03
1.667300000000000000e+04
1.100500000000000000e+04
2.279000000000000000e+04
3.165000000000000000e+03
1.094700000000000000e+04
1.782200000000000000e+04
4.402000000000000000e+03
5.554000000000000000e+03
6.841000000000000000e+03
8.127000000000000000e+03
1.598200000000000000e+04
7.019000000000000000e+03
7.582000000000000000e+03
1.261200000000000000e+04
1.093600000000000000e+04
6.374000000000000000e+03
8.747000000000000000e+03
1.524500000000000000e+04
1.406900000000000000e+04
1.274800000000000000e+04
4.079300000000000000e+04
5.993000000000000000e+03
1.612300000000000000e+04
1.252900000000000000e+04
7.902000000000000000e+03
8.316000000000000000e+03
8.250000000000000000e+03
3.098800000000000000e+04
2.039300000000000000e+04
3.501000000000000000e+03
8.241000000000000000e+03
1.285400000000000000e+04
4.599000000000000000e+03
2.153700000000000000e+04
1.396500000000000000e+04
7.400000000000000000e+03
4.129800000000000000e+04
3.486000000000000000e+04
8.637000000000000000e+03
1.282300000000000000e+04
1.646700000000000000e+04
1.226200000000000000e+04
2.961300000000000000e+04
1.391400000000000000e+04
8.501000000000000000e+03
1.109900000000000000e+04
2.122500000000000000e+04
2.872000000000000000e+03
7.805000000000000000e+03
1.165700000000000000e+04
9.841000000000000000e+03
8.420000000000000000e+03
1.847800000000000000e+04
1.431900000000000000e+04
8.884000000000000000e+03
3.447700000000000000e+04
6.069000000000000000e+03
1.033800000000000000e+04
7.540000000000000000e+03
7.902000000000000000e+03
1.849700000000000000e+04
1.193000000000000000e+04
4.865000000000000000e+03
3.823800000000000000e+04
2.080900000000000000e+04
1.209000000000000000e+04
6.261000000000000000e+03
1.009400000000000000e+04
5.976000000000000000e+03
6.344000000000000000e+03
1.073900000000000000e+04
5.993000000000000000e+03
3.848000000000000000e+03
2.899000000000000000e+03
1.436600000000000000e+04
1.119800000000000000e+04
2.806800000000000000e+04
2.419800000000000000e+04
2.397900000000000000e+04
5.375000000000000000e+03
2.103500000000000000e+04
1.122600000000000000e+04
7.710000000000000000e+03
2.895800000000000000e+04
6.126000000000000000e+03
6.053000000000000000e+03
1.340500000000000000e+04
8.979000000000000000e+03
1.779100000000000000e+04
2.693600000000000000e+04
5.961000000000000000e+03
5.044000000000000000e+03
1.572500000000000000e+04
9.584000000000000000e+03
1.157600000000000000e+04
1.684200000000000000e+04
8.119000000000000000e+03
1.614400000000000000e+04
1.866200000000000000e+04
1.244100000000000000e+04
9.885000000000000000e+03
1.660100000000000000e+04
1.653400000000000000e+04
6.991000000000000000e+03
1.284100000000000000e+04
1.993000000000000000e+04
1.469300000000000000e+04
1.429700000000000000e+04
1.381800000000000000e+04
9.110000000000000000e+03
5.535000000000000000e+03
8.854000000000000000e+03
4.143000000000000000e+03
7.475000000000000000e+03
6.966000000000000000e+03
9.593000000000000000e+03
1.277500000000000000e+04
2.560000000000000000e+04
2.865000000000000000e+03
1.311000000000000000e+04
5.055000000000000000e+03
9.863000000000000000e+03
2.388400000000000000e+04
6.849000000000000000e+03
6.677000000000000000e+03
1.397200000000000000e+04
6.114000000000000000e+03
6.205000000000000000e+03
7.204000000000000000e+03
5.265000000000000000e+03
5.930000000000000000e+03
8.226000000000000000e+03
1.924900000000000000e+04
7.420000000000000000e+03
9.506000000000000000e+03
2.902600000000000000e+04
5.111000000000000000e+04
7.981000000000000000e+03
7.805000000000000000e+03
1.437100000000000000e+04
3.411000000000000000e+03
2.366100000000000000e+04
6.181000000000000000e+03
1.870600000000000000e+04
3.175000000000000000e+03
2.925000000000000000e+04
4.601000000000000000e+04
9.860000000000000000e+03
5.797000000000000000e+03
1.244900000000000000e+04
4.793000000000000000e+03
8.624000000000000000e+03
1.363000000000000000e+04
1.969000000000000000e+04
8.215000000000000000e+03
1.368500000000000000e+04
3.010200000000000000e+04
1.476900000000000000e+04
1.090400000000000000e+04
1.002400000000000000e+04
4.004000000000000000e+03
1.265100000000000000e+04
1.931000000000000000e+03
1.767600000000000000e+04
9.602000000000000000e+03
6.109000000000000000e+03
4.628000000000000000e+03
1.552500000000000000e+04
2.300700000000000000e+04
7.825000000000000000e+03
1.514100000000000000e+04
1.528200000000000000e+04
5.683000000000000000e+03
7.738000000000000000e+03
1.134400000000000000e+04
9.557000000000000000e+03
7.977000000000000000e+03
2.586600000000000000e+04
1.321200000000000000e+04
5.003000000000000000e+03
5.511000000000000000e+03
1.264500000000000000e+04
1.432900000000000000e+04
1.739700000000000000e+04
6.785000000000000000e+03
5.821000000000000000e+03
1.073700000000000000e+04
6.840000000000000000e+03
1.871000000000000000e+03
2.010600000000000000e+04
2.592200000000000000e+04
5.759000000000000000e+03
7.849000000000000000e+03
7.797000000000000000e+03
1.042900000000000000e+04
2.196000000000000000e+04
1.237000000000000000e+04
4.403000000000000000e+03
5.734000000000000000e+03
2.744500000000000000e+04
9.746000000000000000e+03
1.604200000000000000e+04
7.554000000000000000e+03
1.337600000000000000e+04
1.397300000000000000e+04
3.411800000000000000e+04
1.429600000000000000e+04
8.324000000000000000e+03
1.334200000000000000e+04
1.607500000000000000e+04
1.521100000000000000e+04
5.449000000000000000e+03
7.827000000000000000e+03
1.060100000000000000e+04
6.796000000000000000e+03
1.701100000000000000e+04
1.613900000000000000e+04
1.509900000000000000e+04
1.759000000000000000e+04
1.832400000000000000e+04
1.142000000000000000e+04
8.507000000000000000e+03
3.611400000000000000e+04
1.199100000000000000e+04
1.723000000000000000e+04
8.600000000000000000e+03
4.689000000000000000e+03
1.039500000000000000e+04
6.723000000000000000e+03
1.304700000000000000e+04
1.562500000000000000e+04
4.716000000000000000e+03
8.745000000000000000e+03
1.655600000000000000e+04
6.185000000000000000e+03
2.441900000000000000e+04
8.074000000000000000e+03
1.841600000000000000e+04
1.144800000000000000e+04
1.755400000000000000e+04
7.784000000000000000e+03
1.311100000000000000e+04
1.257900000000000000e+04
1.646200000000000000e+04
7.411000000000000000e+03
3.079300000000000000e+04
1.142700000000000000e+04
6.093000000000000000e+03
6.818000000000000000e+03
4.281400000000000000e+04
1.110300000000000000e+04
1.218600000000000000e+04
4.378500000000000000e+04
1.621300000000000000e+04
6.348000000000000000e+03
3.132800000000000000e+04
1.233700000000000000e+04
1.437900000000000000e+04
1.382400000000000000e+04
1.103900000000000000e+04
1.542000000000000000e+04
7.637000000000000000e+03
1.545100000000000000e+04
2.526200000000000000e+04
1.280900000000000000e+04
1.229900000000000000e+04
2.018900000000000000e+04
2.324100000000000000e+04
2.649200000000000000e+04
1.713400000000000000e+04
1.182900000000000000e+04
1.152400000000000000e+04
9.858000000000000000e+03
1.251700000000000000e+04
8.583000000000000000e+03
1.080100000000000000e+04
2.625800000000000000e+04
8.040000000000000000e+03
1.126100000000000000e+04
1.605800000000000000e+04
1.166100000000000000e+04
3.044700000000000000e+04
1.467700000000000000e+04
2.018400000000000000e+04
1.224900000000000000e+04
1.748400000000000000e+04
2.029000000000000000e+04
6.501000000000000000e+03
1.724800000000000000e+04
8.534000000000000000e+03
2.053500000000000000e+04
5.884000000000000000e+03
1.036700000000000000e+04
3.715000000000000000e+03
1.408100000000000000e+04
8.417000000000000000e+03
2.431900000000000000e+04
1.086400000000000000e+04
1.322100000000000000e+04
9.140000000000000000e+03
2.568900000000000000e+04
8.883000000000000000e+03
2.529100000000000000e+04
1.894700000000000000e+04
9.465000000000000000e+03
1.366300000000000000e+04
8.766000000000000000e+03
5.033000000000000000e+03
1.678700000000000000e+04
1.634700000000000000e+04
1.058100000000000000e+04
6.373000000000000000e+03
1.126300000000000000e+04
1.256400000000000000e+04
4.387200000000000000e+04
8.695000000000000000e+03
1.229900000000000000e+04
9.334000000000000000e+03
8.161000000000000000e+03
8.713000000000000000e+03
3.152300000000000000e+04
5.871000000000000000e+03
1.147400000000000000e+04
8.169000000000000000e+03
7.999000000000000000e+03
1.059400000000000000e+04
7.152000000000000000e+03
1.435900000000000000e+04
2.820600000000000000e+04
1.243600000000000000e+04
4.900000000000000000e+03
1.027100000000000000e+04
4.568000000000000000e+03
1.674100000000000000e+04
9.072000000000000000e+03
5.893000000000000000e+03
5.641000000000000000e+03
1.270300000000000000e+04
1.152400000000000000e+04
2.935000000000000000e+03
2.570100000000000000e+04
1.672800000000000000e+04
1.074900000000000000e+04
1.973200000000000000e+04
1.446600000000000000e+04
1.541600000000000000e+04
5.369000000000000000e+03
3.573000000000000000e+03
6.253000000000000000e+03
1.851500000000000000e+04
1.067200000000000000e+04
1.084200000000000000e+04
1.570900000000000000e+04
9.878000000000000000e+03
1.582400000000000000e+04
7.842000000000000000e+03
4.019000000000000000e+03
4.898000000000000000e+03
8.979000000000000000e+03
6.571000000000000000e+03
2.353100000000000000e+04
2.053600000000000000e+04
1.292300000000000000e+04
2.822900000000000000e+04
5.029900000000000000e+04
2.388800000000000000e+04
7.834000000000000000e+03
7.350000000000000000e+03
2.090900000000000000e+04
3.362600000000000000e+04
1.520400000000000000e+04
8.103000000000000000e+03
1.646100000000000000e+04
9.540000000000000000e+03
1.152200000000000000e+04
1.398200000000000000e+04
1.225100000000000000e+04
2.622900000000000000e+04
1.089300000000000000e+04
2.119900000000000000e+04
2.777600000000000000e+04
1.276100000000000000e+04
1.880000000000000000e+04
9.084000000000000000e+03
2.782800000000000000e+04
1.217300000000000000e+04
1.944400000000000000e+04
1.307200000000000000e+04
6.987000000000000000e+03
7.466000000000000000e+03
2.052600000000000000e+04
2.576500000000000000e+04
1.003800000000000000e+04
8.650000000000000000e+03
7.697000000000000000e+03
1.349300000000000000e+04
1.544100000000000000e+04
1.060000000000000000e+04
4.540600000000000000e+04
1.159100000000000000e+04
1.354700000000000000e+04
7.240000000000000000e+03
2.191200000000000000e+04
9.189000000000000000e+03
1.974800000000000000e+04
1.092200000000000000e+04
6.802000000000000000e+03
1.190400000000000000e+04
1.745800000000000000e+04
6.437000000000000000e+03
8.461000000000000000e+03
8.560000000000000000e+03
1.714500000000000000e+04
1.452900000000000000e+04
9.978000000000000000e+03
8.269000000000000000e+03
2.497900000000000000e+04
4.837300000000000000e+04
1.388200000000000000e+04
6.670000000000000000e+03
7.931000000000000000e+03
2.424800000000000000e+04
2.128800000000000000e+04
6.276000000000000000e+03
6.958000000000000000e+03
1.112400000000000000e+04
2.677200000000000000e+04
3.264800000000000000e+04
5.622000000000000000e+03
5.870000000000000000e+03
2.106100000000000000e+04
1.552500000000000000e+04
7.637000000000000000e+03
1.212600000000000000e+04
1.091000000000000000e+04
4.512000000000000000e+03
5.880000000000000000e+03
6.075000000000000000e+03
4.475000000000000000e+03
7.948000000000000000e+03
3.870000000000000000e+03
8.994000000000000000e+03
1.282100000000000000e+04
5.480000000000000000e+03
8.225000000000000000e+03
1.741700000000000000e+04
8.816000000000000000e+03
1.180900000000000000e+04
1.317300000000000000e+04
5.772000000000000000e+03
3.311300000000000000e+04
1.217200000000000000e+04
1.929300000000000000e+04
6.055000000000000000e+03
9.462000000000000000e+03
1.609500000000000000e+04
1.096000000000000000e+04
5.526000000000000000e+03
1.091600000000000000e+04
3.252000000000000000e+03
5.412000000000000000e+03
1.324700000000000000e+04
1.643000000000000000e+04
1.010100000000000000e+04
1.278400000000000000e+04
4.204000000000000000e+03
1.097300000000000000e+04
1.183700000000000000e+04
1.395500000000000000e+04
2.142500000000000000e+04
1.032400000000000000e+04
1.017400000000000000e+04
1.679500000000000000e+04
3.093300000000000000e+04
1.714100000000000000e+04
2.041200000000000000e+04
5.999000000000000000e+03
1.202900000000000000e+04
6.390000000000000000e+03
9.555000000000000000e+03
7.668000000000000000e+03
8.866000000000000000e+03
1.197100000000000000e+04
4.370000000000000000e+03
1.498100000000000000e+04
1.225700000000000000e+04
1.895700000000000000e+04
1.514800000000000000e+04
3.037300000000000000e+04
2.294700000000000000e+04
1.909000000000000000e+04
1.370500000000000000e+04
5.630000000000000000e+03
2.021900000000000000e+04
2.911000000000000000e+04
1.154600000000000000e+04
8.962000000000000000e+03
4.970000000000000000e+03
1.477100000000000000e+04
1.533100000000000000e+04
7.376000000000000000e+03
2.974000000000000000e+03
1.477500000000000000e+04
7.877000000000000000e+03
1.598800000000000000e+04
1.462900000000000000e+04
7.766000000000000000e+03
2.530400000000000000e+04
6.280000000000000000e+03
5.204000000000000000e+03
1.065600000000000000e+04
1.112500000000000000e+04
2.863700000000000000e+04
1.201400000000000000e+04
1.233800000000000000e+04
2.414800000000000000e+04
2.324800000000000000e+04
7.447000000000000000e+03
1.042500000000000000e+04
5.667000000000000000e+03
1.038300000000000000e+04
1.336300000000000000e+04
3.699700000000000000e+04
2.313600000000000000e+04
3.052000000000000000e+03
1.812700000000000000e+04
1.022000000000000000e+04
1.207900000000000000e+04
8.299000000000000000e+03
1.417000000000000000e+04
1.929300000000000000e+04
1.474200000000000000e+04
2.848300000000000000e+04
1.034900000000000000e+04
1.121700000000000000e+04
7.432000000000000000e+03
5.291000000000000000e+03
9.030000000000000000e+03
1.388700000000000000e+04
2.938200000000000000e+04
1.125800000000000000e+04
8.115000000000000000e+03
1.024700000000000000e+04
1.536500000000000000e+04
1.074200000000000000e+04
1.929300000000000000e+04
5.011000000000000000e+03
5.042000000000000000e+03
1.151700000000000000e+04
2.018700000000000000e+04
1.216700000000000000e+04
3.051100000000000000e+04
7.368000000000000000e+03
2.247000000000000000e+04
1.393600000000000000e+04
1.012100000000000000e+04
5.150000000000000000e+03
8.083000000000000000e+03
1.638000000000000000e+04
1.053300000000000000e+04
1.064700000000000000e+04
1.731400000000000000e+04
1.881200000000000000e+04
1.026400000000000000e+04
1.740200000000000000e+04
1.009900000000000000e+04
2.631800000000000000e+04
