5.604300000000000000e+04
3.356500000000000000e+04
3.458400000000000000e+04
1.313400000000000000e+04
3.516800000000000000e+04
1.044000000000000000e+04
6.668700000000000000e+04
7.365000000000000000e+03
2.707300000000000000e+04
1.480800000000000000e+04
9.731000000000000000e+03
3.136800000000000000e+04
2.758600000000000000e+04
8.431000000000000000e+03
1.154300000000000000e+04
3.483100000000000000e+04
1.455100000000000000e+04
2.125700000000000000e+04
1.505100000000000000e+04
1.328700000000000000e+04
2.231700000000000000e+04
3.873800000000000000e+04
1.198800000000000000e+04
2.669600000000000000e+04
2.919400000000000000e+04
3.944500000000000000e+04
1.247300000000000000e+04
1.812300000000000000e+04
1.824200000000000000e+04
1.339100000000000000e+04
6.653200000000000000e+04
8.266000000000000000e+03
1.439200000000000000e+04
2.105900000000000000e+04
1.589800000000000000e+04
3.176300000000000000e+04
2.047800000000000000e+04
1.339600000000000000e+04
1.501200000000000000e+04
1.568500000000000000e+04
1.862800000000000000e+04
1.542200000000000000e+04
1.637700000000000000e+04
2.589700000000000000e+04
5.071000000000000000e+03
2.712400000000000000e+04
1.451200000000000000e+04
2.526100000000000000e+04
1.290600000000000000e+04
1.336500000000000000e+04
3.660600000000000000e+04
1.057900000000000000e+04
1.290800000000000000e+04
6.740000000000000000e+03
1.080200000000000000e+04
5.275000000000000000e+03
1.638200000000000000e+04
4.211500000000000000e+04
1.726200000000000000e+04
1.171700000000000000e+04
9.994000000000000000e+03
6.742000000000000000e+03
2.423300000000000000e+04
1.771000000000000000e+04
5.345700000000000000e+04
2.599700000000000000e+04
1.672800000000000000e+04
1.182600000000000000e+04
2.039100000000000000e+04
1.202400000000000000e+04
1.270100000000000000e+04
1.126600000000000000e+04
1.823500000000000000e+04
4.282800000000000000e+04
1.175700000000000000e+04
2.147900000000000000e+04
8.598000000000000000e+03
1.959400000000000000e+04
1.135800000000000000e+04
1.872300000000000000e+04
1.317100000000000000e+04
1.918800000000000000e+04
6.515000000000000000e+03
1.523600000000000000e+04
1.240700000000000000e+04
2.753700000000000000e+04
2.526900000000000000e+04
1.742900000000000000e+04
4.147900000000000000e+04
2.170600000000000000e+04
3.767200000000000000e+04
4.127900000000000000e+04
2.095500000000000000e+04
4.277100000000000000e+04
1.154300000000000000e+04
2.619400000000000000e+04
1.685600000000000000e+04
8.988000000000000000e+03
1.366100000000000000e+04
2.872400000000000000e+04
2.669500000000000000e+04
8.489000000000000000e+03
4.576000000000000000e+04
2.442000000000000000e+04
1.503500000000000000e+04
8.474000000000000000e+03
1.424900000000000000e+04
1.394900000000000000e+04
1.302400000000000000e+04
1.325400000000000000e+04
1.004700000000000000e+04
6.920000000000000000e+03
2.348900000000000000e+04
1.912300000000000000e+04
1.000300000000000000e+04
1.037100000000000000e+04
1.331400000000000000e+04
1.541000000000000000e+04
1.672000000000000000e+04
1.552100000000000000e+04
7.920000000000000000e+04
1.640200000000000000e+04
7.227000000000000000e+03
1.106900000000000000e+04
5.472000000000000000e+03
6.276000000000000000e+03
1.084300000000000000e+04
8.529000000000000000e+03
2.254100000000000000e+04
1.245200000000000000e+04
9.878000000000000000e+03
4.907000000000000000e+03
3.040400000000000000e+04
1.881100000000000000e+04
1.863400000000000000e+04
1.750400000000000000e+04
1.138700000000000000e+04
3.514800000000000000e+04
1.037800000000000000e+04
1.157700000000000000e+04
9.485000000000000000e+03
1.466400000000000000e+04
9.398000000000000000e+03
3.605300000000000000e+04
3.754000000000000000e+04
2.342400000000000000e+04
3.707700000000000000e+04
2.621800000000000000e+04
9.925000000000000000e+03
1.202100000000000000e+04
1.229500000000000000e+04
3.365800000000000000e+04
5.467000000000000000e+03
7.998000000000000000e+03
1.199000000000000000e+04
2.408000000000000000e+04
5.326900000000000000e+04
1.515700000000000000e+04
3.511900000000000000e+04
6.396000000000000000e+03
6.510000000000000000e+03
2.025800000000000000e+04
2.005500000000000000e+04
4.873800000000000000e+04
2.231800000000000000e+04
6.659000000000000000e+03
1.721800000000000000e+04
2.244300000000000000e+04
4.894000000000000000e+03
2.011500000000000000e+04
2.731700000000000000e+04
3.828600000000000000e+04
2.232800000000000000e+04
6.527000000000000000e+03
1.062200000000000000e+04
2.636600000000000000e+04
1.459900000000000000e+04
5.531000000000000000e+03
2.163800000000000000e+04
2.052100000000000000e+04
8.652000000000000000e+03
1.683300000000000000e+04
1.281500000000000000e+04
1.528500000000000000e+04
3.368400000000000000e+04
1.185100000000000000e+04
2.045100000000000000e+04
1.098300000000000000e+04
1.324800000000000000e+04
1.442600000000000000e+04
1.413100000000000000e+04
9.227000000000000000e+03
1.968400000000000000e+04
2.993400000000000000e+04
1.956000000000000000e+04
2.394600000000000000e+04
2.939900000000000000e+04
1.017000000000000000e+04
3.120300000000000000e+04
5.946000000000000000e+03
8.784000000000000000e+03
1.520200000000000000e+04
1.492400000000000000e+04
1.953500000000000000e+04
8.585000000000000000e+03
7.677000000000000000e+03
1.935100000000000000e+04
1.499600000000000000e+04
1.198800000000000000e+04
7.715000000000000000e+03
6.618000000000000000e+03
1.106700000000000000e+04
1.407000000000000000e+04
1.890200000000000000e+04
2.931300000000000000e+04
1.232700000000000000e+04
1.727500000000000000e+04
1.254800000000000000e+04
5.806300000000000000e+04
1.568400000000000000e+04
1.337000000000000000e+04
2.255600000000000000e+04
1.229800000000000000e+04
1.787900000000000000e+04
1.732400000000000000e+04
1.554500000000000000e+04
2.913000000000000000e+04
4.123500000000000000e+04
9.202000000000000000e+03
3.479400000000000000e+04
1.096200000000000000e+04
2.361100000000000000e+04
1.016500000000000000e+04
2.254400000000000000e+04
2.411600000000000000e+04
2.838700000000000000e+04
2.659400000000000000e+04
1.460300000000000000e+04
1.241000000000000000e+04
2.750600000000000000e+04
3.371700000000000000e+04
3.765400000000000000e+04
2.681300000000000000e+04
1.620000000000000000e+04
9.713000000000000000e+03
1.953400000000000000e+04
8.577000000000000000e+03
1.123000000000000000e+04
8.825100000000000000e+04
1.406100000000000000e+04
4.345000000000000000e+03
6.182000000000000000e+03
1.375100000000000000e+04
7.068000000000000000e+03
1.051800000000000000e+04
2.798200000000000000e+04
1.222600000000000000e+04
1.730500000000000000e+04
4.093900000000000000e+04
1.270400000000000000e+04
1.314700000000000000e+04
1.477600000000000000e+04
2.570800000000000000e+04
1.542700000000000000e+04
1.022700000000000000e+04
2.274800000000000000e+04
1.738600000000000000e+04
3.022200000000000000e+04
2.645800000000000000e+04
2.515600000000000000e+04
1.762100000000000000e+04
9.004000000000000000e+03
1.176900000000000000e+04
6.694000000000000000e+03
9.377000000000000000e+03
1.404200000000000000e+04
1.751000000000000000e+04
2.944600000000000000e+04
2.264600000000000000e+04
7.174000000000000000e+03
3.439300000000000000e+04
1.243800000000000000e+04
5.431000000000000000e+03
1.123100000000000000e+04
1.301500000000000000e+04
4.870200000000000000e+04
1.365000000000000000e+04
2.648600000000000000e+04
7.106000000000000000e+03
1.508400000000000000e+04
3.248800000000000000e+04
2.122700000000000000e+04
1.592900000000000000e+04
2.459500000000000000e+04
1.889900000000000000e+04
1.500300000000000000e+04
1.188500000000000000e+04
6.981000000000000000e+03
2.128500000000000000e+04
1.333200000000000000e+04
1.047300000000000000e+04
9.132000000000000000e+03
6.899000000000000000e+03
5.882000000000000000e+03
3.452700000000000000e+04
2.938100000000000000e+04
9.197000000000000000e+03
1.174400000000000000e+04
6.383000000000000000e+03
1.247700000000000000e+04
8.160000000000000000e+03
1.638800000000000000e+04
3.212400000000000000e+04
1.343100000000000000e+04
1.550200000000000000e+04
3.903400000000000000e+04
8.407000000000000000e+03
2.317400000000000000e+04
2.343300000000000000e+04
1.148300000000000000e+04
6.859000000000000000e+03
1.486400000000000000e+04
8.708000000000000000e+03
2.455000000000000000e+04
2.115000000000000000e+04
9.397000000000000000e+03
2.091800000000000000e+04
1.466600000000000000e+04
1.127600000000000000e+04
3.520500000000000000e+04
5.271000000000000000e+03
2.945600000000000000e+04
1.353000000000000000e+04
1.933200000000000000e+04
3.494000000000000000e+04
2.952200000000000000e+04
1.296900000000000000e+04
3.610100000000000000e+04
3.222100000000000000e+04
1.525300000000000000e+04
2.767300000000000000e+04
8.594000000000000000e+03
7.549000000000000000e+03
1.240100000000000000e+04
1.720900000000000000e+04
1.471400000000000000e+04
2.341900000000000000e+04
2.895900000000000000e+04
1.410400000000000000e+04
6.844000000000000000e+03
9.238000000000000000e+03
1.188300000000000000e+04
2.795700000000000000e+04
2.253400000000000000e+04
1.750200000000000000e+04
7.233000000000000000e+03
1.511500000000000000e+04
1.111300000000000000e+04
2.042100000000000000e+04
2.622800000000000000e+04
3.009500000000000000e+04
3.341300000000000000e+04
8.946000000000000000e+03
2.029200000000000000e+04
2.835000000000000000e+04
2.315400000000000000e+04
1.281600000000000000e+04
3.754900000000000000e+04
2.290600000000000000e+04
9.684000000000000000e+03
1.840600000000000000e+04
5.996900000000000000e+04
1.538000000000000000e+04
7.265000000000000000e+03
1.940700000000000000e+04
1.752700000000000000e+04
2.709300000000000000e+04
2.270700000000000000e+04
5.670000000000000000e+03
1.293900000000000000e+04
1.369800000000000000e+04
1.265100000000000000e+04
2.195800000000000000e+04
1.159800000000000000e+04
2.231900000000000000e+04
8.727000000000000000e+03
4.224600000000000000e+04
8.172000000000000000e+03
9.977000000000000000e+03
1.889500000000000000e+04
3.652700000000000000e+04
2.292500000000000000e+04
8.182000000000000000e+03
1.322500000000000000e+04
9.706000000000000000e+03
2.304300000000000000e+04
1.112800000000000000e+04
2.502600000000000000e+04
1.446500000000000000e+04
9.803000000000000000e+03
1.024600000000000000e+04
1.664500000000000000e+04
2.126500000000000000e+04
2.687100000000000000e+04
1.300300000000000000e+04
3.537000000000000000e+04
2.524400000000000000e+04
1.841900000000000000e+04
1.962500000000000000e+04
8.956000000000000000e+03
8.161000000000000000e+03
1.451000000000000000e+04
1.524300000000000000e+04
1.078000000000000000e+04
2.860400000000000000e+04
4.985200000000000000e+04
1.547600000000000000e+04
1.229500000000000000e+04
7.110000000000000000e+03
1.619900000000000000e+04
1.147000000000000000e+04
6.463000000000000000e+03
9.299000000000000000e+03
1.049000000000000000e+04
1.798100000000000000e+04
9.691000000000000000e+03
1.400300000000000000e+04
1.758400000000000000e+04
1.685400000000000000e+04
1.610000000000000000e+04
1.087600000000000000e+04
1.494600000000000000e+04
5.464000000000000000e+03
1.586200000000000000e+04
1.237100000000000000e+04
1.316500000000000000e+04
1.044400000000000000e+04
2.343400000000000000e+04
1.375100000000000000e+04
1.160700000000000000e+04
3.335400000000000000e+04
4.660500000000000000e+04
2.020900000000000000e+04
1.466900000000000000e+04
3.370600000000000000e+04
1.125800000000000000e+04
1.089100000000000000e+04
1.507300000000000000e+04
2.221600000000000000e+04
1.334500000000000000e+04
1.011400000000000000e+04
2.737700000000000000e+04
1.463100000000000000e+04
1.946800000000000000e+04
2.593400000000000000e+04
1.421700000000000000e+04
9.246000000000000000e+03
1.448300000000000000e+04
1.808300000000000000e+04
2.770500000000000000e+04
1.293200000000000000e+04
1.735200000000000000e+04
1.272400000000000000e+04
1.192700000000000000e+04
3.938900000000000000e+04
3.456500000000000000e+04
2.228100000000000000e+04
1.916200000000000000e+04
2.640400000000000000e+04
1.068900000000000000e+04
2.837700000000000000e+04
1.389600000000000000e+04
6.792000000000000000e+03
2.413700000000000000e+04
3.186300000000000000e+04
1.831600000000000000e+04
1.788100000000000000e+04
1.280100000000000000e+04
3.426900000000000000e+04
1.556200000000000000e+04
1.571500000000000000e+04
2.085000000000000000e+04
1.239400000000000000e+04
1.143000000000000000e+04
6.973000000000000000e+03
4.825900000000000000e+04
3.981900000000000000e+04
1.010000000000000000e+04
1.688500000000000000e+04
9.379000000000000000e+03
2.040100000000000000e+04
1.576900000000000000e+04
9.641000000000000000e+03
9.654000000000000000e+03
2.730100000000000000e+04
8.758000000000000000e+03
1.075100000000000000e+04
1.204700000000000000e+04
8.054000000000000000e+03
1.046300000000000000e+04
1.451800000000000000e+04
6.379000000000000000e+03
1.741200000000000000e+04
1.329100000000000000e+04
1.969300000000000000e+04
6.977000000000000000e+03
3.726500000000000000e+04
2.831300000000000000e+04
1.191700000000000000e+04
2.791100000000000000e+04
1.501500000000000000e+04
1.671200000000000000e+04
3.045700000000000000e+04
1.340500000000000000e+04
1.192800000000000000e+04
2.417100000000000000e+04
1.174300000000000000e+04
1.505300000000000000e+04
4.800500000000000000e+04
1.398700000000000000e+04
1.373500000000000000e+04
8.075000000000000000e+03
8.554000000000000000e+03
5.430400000000000000e+04
1.466900000000000000e+04
1.510100000000000000e+04
1.034400000000000000e+04
6.652000000000000000e+03
1.733500000000000000e+04
2.012500000000000000e+04
3.915500000000000000e+04
1.690500000000000000e+04
5.202700000000000000e+04
1.986500000000000000e+04
2.296000000000000000e+04
1.799100000000000000e+04
1.266900000000000000e+04
1.088300000000000000e+04
1.564000000000000000e+04
2.970500000000000000e+04
6.594000000000000000e+03
2.095400000000000000e+04
7.370000000000000000e+03
9.278000000000000000e+03
2.316600000000000000e+04
9.270000000000000000e+03
2.825500000000000000e+04
1.980700000000000000e+04
3.388100000000000000e+04
1.042000000000000000e+04
8.548000000000000000e+03
1.826500000000000000e+04
1.129900000000000000e+04
3.190100000000000000e+04
1.265300000000000000e+04
2.205300000000000000e+04
1.407200000000000000e+04
1.299600000000000000e+04
2.768300000000000000e+04
4.428300000000000000e+04
1.283100000000000000e+04
7.620000000000000000e+03
6.275000000000000000e+03
3.273800000000000000e+04
2.205500000000000000e+04
6.734000000000000000e+03
1.282300000000000000e+04
6.073600000000000000e+04
2.028400000000000000e+04
2.588800000000000000e+04
1.687100000000000000e+04
8.692000000000000000e+03
7.867000000000000000e+03
3.621000000000000000e+04
5.862900000000000000e+04
1.590900000000000000e+04
1.756600000000000000e+04
1.389700000000000000e+04
2.071400000000000000e+04
1.908300000000000000e+04
1.394800000000000000e+04
2.808000000000000000e+04
1.556600000000000000e+04
1.248100000000000000e+04
7.689000000000000000e+03
7.567000000000000000e+03
1.667900000000000000e+04
1.319300000000000000e+04
2.416700000000000000e+04
7.938000000000000000e+03
4.906100000000000000e+04
9.163000000000000000e+03
1.039600000000000000e+04
3.662000000000000000e+04
1.029700000000000000e+04
1.103100000000000000e+04
1.528600000000000000e+04
1.425100000000000000e+04
8.395000000000000000e+03
8.212000000000000000e+03
6.225000000000000000e+03
2.111800000000000000e+04
1.301300000000000000e+04
1.725500000000000000e+04
1.544000000000000000e+04
2.135500000000000000e+04
3.851000000000000000e+04
3.562000000000000000e+04
2.031200000000000000e+04
1.527000000000000000e+04
3.775400000000000000e+04
2.902900000000000000e+04
4.385000000000000000e+03
3.106400000000000000e+04
1.429600000000000000e+04
1.772400000000000000e+04
3.109200000000000000e+04
1.266300000000000000e+04
5.745000000000000000e+03
2.143300000000000000e+04
8.904000000000000000e+03
1.147400000000000000e+04
6.697000000000000000e+03
2.738300000000000000e+04
3.629000000000000000e+04
3.049600000000000000e+04
2.168700000000000000e+04
9.536000000000000000e+03
1.263000000000000000e+04
3.269000000000000000e+04
1.612000000000000000e+04
1.921100000000000000e+04
3.063700000000000000e+04
5.059200000000000000e+04
6.960000000000000000e+03
2.988000000000000000e+04
9.143000000000000000e+03
2.658700000000000000e+04
1.768000000000000000e+04
1.132000000000000000e+04
2.400700000000000000e+04
2.514400000000000000e+04
1.179800000000000000e+04
9.210000000000000000e+03
3.016700000000000000e+04
1.770000000000000000e+04
1.195700000000000000e+04
6.203000000000000000e+03
1.032900000000000000e+04
3.285200000000000000e+04
1.691700000000000000e+04
1.231100000000000000e+04
1.307000000000000000e+04
1.898400000000000000e+04
6.462000000000000000e+03
2.754400000000000000e+04
1.052600000000000000e+04
1.515200000000000000e+04
7.369000000000000000e+03
1.166300000000000000e+04
6.716000000000000000e+03
9.013000000000000000e+03
8.981000000000000000e+03
2.644700000000000000e+04
4.942000000000000000e+03
1.622900000000000000e+04
2.633600000000000000e+04
1.366300000000000000e+04
1.725200000000000000e+04
1.739700000000000000e+04
1.770400000000000000e+04
6.317000000000000000e+03
2.297000000000000000e+04
1.868400000000000000e+04
2.400200000000000000e+04
1.676700000000000000e+04
8.866000000000000000e+03
1.859700000000000000e+04
1.524800000000000000e+04
1.598700000000000000e+04
1.058800000000000000e+04
4.900900000000000000e+04
8.060000000000000000e+03
1.136800000000000000e+04
2.313900000000000000e+04
1.696100000000000000e+04
1.907000000000000000e+04
5.646000000000000000e+03
4.044400000000000000e+04
1.603500000000000000e+04
3.451800000000000000e+04
2.045100000000000000e+04
3.436200000000000000e+04
5.084000000000000000e+03
6.213000000000000000e+03
8.583000000000000000e+03
3.206200000000000000e+04
6.790000000000000000e+03
4.015400000000000000e+04
1.711700000000000000e+04
1.088900000000000000e+04
1.327200000000000000e+04
1.087500000000000000e+04
1.006500000000000000e+04
1.272700000000000000e+04
3.107800000000000000e+04
3.570900000000000000e+04
2.189400000000000000e+04
2.222100000000000000e+04
1.229500000000000000e+04
2.516700000000000000e+04
1.147500000000000000e+04
5.031000000000000000e+03
1.175700000000000000e+04
5.953000000000000000e+03
1.475300000000000000e+04
1.053100000000000000e+04
1.122700000000000000e+04
1.289300000000000000e+04
3.510200000000000000e+04
4.886000000000000000e+03
2.677200000000000000e+04
2.520900000000000000e+04
1.224800000000000000e+04
1.914300000000000000e+04
1.121800000000000000e+04
2.318100000000000000e+04
1.699300000000000000e+04
2.621400000000000000e+04
1.682000000000000000e+04
1.587700000000000000e+04
1.918000000000000000e+04
2.943000000000000000e+04
1.738900000000000000e+04
8.819000000000000000e+03
1.054500000000000000e+04
3.525100000000000000e+04
1.577200000000000000e+04
1.306700000000000000e+04
1.826900000000000000e+04
7.587000000000000000e+03
1.956400000000000000e+04
1.933700000000000000e+04
1.641600000000000000e+04
1.195100000000000000e+04
8.207000000000000000e+03
3.335600000000000000e+04
8.151000000000000000e+03
6.996000000000000000e+03
1.701100000000000000e+04
1.127800000000000000e+04
1.055900000000000000e+04
1.729800000000000000e+04
9.383000000000000000e+03
2.618900000000000000e+04
1.486900000000000000e+04
7.766000000000000000e+03
2.100000000000000000e+04
1.995600000000000000e+04
1.007400000000000000e+04
5.962000000000000000e+03
1.381900000000000000e+04
2.191000000000000000e+04
7.848000000000000000e+03
4.597100000000000000e+04
3.891400000000000000e+04
2.607900000000000000e+04
2.800300000000000000e+04
1.108200000000000000e+04
1.208900000000000000e+04
3.099300000000000000e+04
8.740000000000000000e+03
2.020300000000000000e+04
2.167400000000000000e+04
3.481900000000000000e+04
1.699800000000000000e+04
1.880200000000000000e+04
1.307500000000000000e+04
1.774900000000000000e+04
9.663000000000000000e+03
5.155000000000000000e+03
8.504000000000000000e+03
8.094000000000000000e+03
4.641000000000000000e+04
1.352900000000000000e+04
1.370000000000000000e+04
1.233600000000000000e+04
3.468000000000000000e+03
3.166000000000000000e+04
2.157700000000000000e+04
1.931700000000000000e+04
2.501300000000000000e+04
4.447700000000000000e+04
1.124500000000000000e+04
1.184000000000000000e+04
2.189200000000000000e+04
6.741800000000000000e+04
1.153200000000000000e+04
3.640900000000000000e+04
2.269300000000000000e+04
1.326600000000000000e+04
8.003000000000000000e+03
9.698000000000000000e+03
1.136100000000000000e+04
7.429000000000000000e+03
3.637200000000000000e+04
1.745700000000000000e+04
7.684000000000000000e+03
8.776000000000000000e+03
1.986300000000000000e+04
3.008700000000000000e+04
5.000000000000000000e+03
1.150100000000000000e+04
3.725400000000000000e+04
1.098300000000000000e+04
1.352300000000000000e+04
1.581300000000000000e+04
4.340000000000000000e+04
3.634800000000000000e+04
1.000900000000000000e+04
1.936700000000000000e+04
2.061700000000000000e+04
2.697900000000000000e+04
2.329300000000000000e+04
1.437500000000000000e+04
1.027800000000000000e+04
3.679400000000000000e+04
1.489000000000000000e+04
1.982400000000000000e+04
1.935900000000000000e+04
5.192000000000000000e+03
2.310700000000000000e+04
2.228900000000000000e+04
3.071600000000000000e+04
1.589500000000000000e+04
1.572900000000000000e+04
1.633200000000000000e+04
1.456200000000000000e+04
8.418000000000000000e+03
1.411000000000000000e+04
1.672200000000000000e+04
1.227800000000000000e+04
3.853500000000000000e+04
2.175600000000000000e+04
3.191900000000000000e+04
1.429800000000000000e+04
1.676600000000000000e+04
2.245400000000000000e+04
1.361700000000000000e+04
1.405700000000000000e+04
2.547200000000000000e+04
3.612800000000000000e+04
1.591100000000000000e+04
1.504600000000000000e+04
2.255700000000000000e+04
1.890200000000000000e+04
5.154000000000000000e+03
1.010000000000000000e+04
3.736800000000000000e+04
3.124500000000000000e+04
1.447700000000000000e+04
7.218000000000000000e+03
9.768000000000000000e+03
4.987500000000000000e+04
1.660500000000000000e+04
6.546000000000000000e+03
2.234100000000000000e+04
2.873000000000000000e+04
1.410700000000000000e+04
1.512100000000000000e+04
7.412000000000000000e+03
1.392600000000000000e+04
1.536600000000000000e+04
2.191600000000000000e+04
8.105000000000000000e+03
7.258000000000000000e+03
1.650600000000000000e+04
1.834100000000000000e+04
2.048100000000000000e+04
7.600000000000000000e+03
9.050000000000000000e+03
2.788100000000000000e+04
1.037700000000000000e+04
3.508500000000000000e+04
1.651500000000000000e+04
8.218000000000000000e+03
4.460300000000000000e+04
1.773300000000000000e+04
6.173000000000000000e+03
1.905800000000000000e+04
3.474100000000000000e+04
9.850000000000000000e+03
3.954800000000000000e+04
1.204600000000000000e+04
3.085500000000000000e+04
1.824600000000000000e+04
7.307000000000000000e+03
1.247900000000000000e+04
3.550000000000000000e+04
9.071000000000000000e+03
1.394700000000000000e+04
1.524800000000000000e+04
4.150000000000000000e+04
1.100700000000000000e+04
2.983300000000000000e+04
1.666800000000000000e+04
2.235800000000000000e+04
1.851400000000000000e+04
1.443400000000000000e+04
7.856000000000000000e+03
1.798500000000000000e+04
1.312300000000000000e+04
6.372000000000000000e+03
1.161100000000000000e+04
1.611400000000000000e+04
1.650100000000000000e+04
2.429000000000000000e+04
1.639800000000000000e+04
1.714800000000000000e+04
8.989000000000000000e+03
2.291600000000000000e+04
1.993500000000000000e+04
1.364400000000000000e+04
1.095700000000000000e+04
1.611900000000000000e+04
1.165600000000000000e+04
1.236000000000000000e+04
7.010000000000000000e+03
1.846000000000000000e+04
1.240800000000000000e+04
1.433500000000000000e+04
2.695400000000000000e+04
1.517700000000000000e+04
1.431900000000000000e+04
1.238600000000000000e+04
2.533100000000000000e+04
3.927700000000000000e+04
1.289300000000000000e+04
9.590000000000000000e+03
5.896600000000000000e+04
3.010500000000000000e+04
5.959000000000000000e+03
9.514000000000000000e+03
2.976000000000000000e+03
2.117900000000000000e+04
1.249600000000000000e+04
1.600400000000000000e+04
5.438800000000000000e+04
2.446700000000000000e+04
1.857700000000000000e+04
1.614600000000000000e+04
1.550200000000000000e+04
1.463500000000000000e+04
1.875600000000000000e+04
2.456800000000000000e+04
1.070100000000000000e+04
1.499600000000000000e+04
1.290600000000000000e+04
2.475400000000000000e+04
1.049000000000000000e+04
2.982700000000000000e+04
1.211100000000000000e+04
1.054200000000000000e+04
4.918600000000000000e+04
1.659600000000000000e+04
1.430700000000000000e+04
1.627500000000000000e+04
1.312600000000000000e+04
1.680000000000000000e+04
1.011200000000000000e+04
3.441400000000000000e+04
1.813000000000000000e+04
1.289500000000000000e+04
1.184300000000000000e+04
2.255000000000000000e+04
1.977600000000000000e+04
2.413900000000000000e+04
6.879000000000000000e+03
7.072000000000000000e+03
1.323700000000000000e+04
3.365200000000000000e+04
1.592900000000000000e+04
1.091400000000000000e+04
1.321100000000000000e+04
2.784100000000000000e+04
2.238900000000000000e+04
1.140700000000000000e+04
9.558000000000000000e+03
4.263500000000000000e+04
9.443000000000000000e+03
5.963000000000000000e+03
1.074900000000000000e+04
1.903900000000000000e+04
1.777100000000000000e+04
1.022900000000000000e+04
2.887000000000000000e+04
3.253400000000000000e+04
1.716300000000000000e+04
1.276000000000000000e+04
9.026000000000000000e+03
