7.298000000000000000e+03
4.010000000000000000e+03
7.005000000000000000e+03
4.056000000000000000e+03
2.664000000000000000e+03
9.430000000000000000e+03
4.161000000000000000e+03
3.507000000000000000e+03
6.589000000000000000e+03
5.976000000000000000e+03
4.136000000000000000e+03
3.119000000000000000e+03
5.419000000000000000e+03
1.070900000000000000e+04
8.548000000000000000e+03
5.716000000000000000e+03
3.727000000000000000e+03
2.513000000000000000e+03
3.709000000000000000e+03
6.900000000000000000e+03
1.013200000000000000e+04
3.069000000000000000e+03
6.954000000000000000e+03
2.065000000000000000e+03
6.150000000000000000e+03
3.807000000000000000e+03
4.511000000000000000e+03
2.806000000000000000e+03
5.827000000000000000e+03
6.796000000000000000e+03
2.884000000000000000e+03
3.925000000000000000e+03
1.675000000000000000e+03
4.345000000000000000e+03
3.003000000000000000e+03
5.407000000000000000e+03
2.601000000000000000e+03
2.713000000000000000e+03
3.722000000000000000e+03
8.975000000000000000e+03
3.014000000000000000e+03
6.844000000000000000e+03
4.243000000000000000e+03
4.247000000000000000e+03
6.886000000000000000e+03
7.704000000000000000e+03
3.724000000000000000e+03
6.976000000000000000e+03
8.069000000000000000e+03
2.673000000000000000e+03
2.177000000000000000e+03
3.260000000000000000e+03
5.266000000000000000e+03
2.949000000000000000e+03
8.179000000000000000e+03
7.884000000000000000e+03
7.523000000000000000e+03
5.801000000000000000e+03
7.818000000000000000e+03
9.729000000000000000e+03
6.581000000000000000e+03
6.070000000000000000e+03
3.679000000000000000e+03
2.920000000000000000e+03
2.308000000000000000e+03
3.285000000000000000e+03
1.182100000000000000e+04
4.492000000000000000e+03
2.079000000000000000e+03
5.010000000000000000e+03
2.747000000000000000e+03
1.771000000000000000e+03
5.832000000000000000e+03
5.105000000000000000e+03
5.591000000000000000e+03
9.543000000000000000e+03
8.085000000000000000e+03
4.190000000000000000e+03
3.507000000000000000e+03
2.230000000000000000e+03
2.203000000000000000e+03
3.159000000000000000e+03
4.905000000000000000e+03
8.486000000000000000e+03
1.377300000000000000e+04
4.464000000000000000e+03
8.465000000000000000e+03
4.993000000000000000e+03
3.299000000000000000e+03
3.622000000000000000e+03
4.480000000000000000e+03
3.808000000000000000e+03
3.934000000000000000e+03
5.796000000000000000e+03
3.574000000000000000e+03
2.245000000000000000e+03
6.071000000000000000e+03
1.681200000000000000e+04
3.092000000000000000e+03
4.284000000000000000e+03
6.755000000000000000e+03
2.410000000000000000e+03
3.934000000000000000e+03
2.905000000000000000e+03
1.142000000000000000e+03
4.275000000000000000e+03
1.759000000000000000e+03
4.122000000000000000e+03
3.641000000000000000e+03
5.052000000000000000e+03
5.642000000000000000e+03
4.826000000000000000e+03
4.126000000000000000e+03
3.056000000000000000e+03
8.942000000000000000e+03
8.994000000000000000e+03
4.395000000000000000e+03
2.095000000000000000e+03
7.507000000000000000e+03
2.920000000000000000e+03
7.500000000000000000e+03
8.742000000000000000e+03
5.035000000000000000e+03
4.669000000000000000e+03
7.506000000000000000e+03
6.338000000000000000e+03
9.425000000000000000e+03
2.106000000000000000e+03
2.663000000000000000e+03
6.300000000000000000e+03
4.418000000000000000e+03
5.113000000000000000e+03
1.184200000000000000e+04
4.482000000000000000e+03
3.088000000000000000e+03
7.003000000000000000e+03
1.900000000000000000e+03
1.261800000000000000e+04
5.822000000000000000e+03
2.411000000000000000e+03
5.543000000000000000e+03
4.453000000000000000e+03
2.065000000000000000e+03
3.403000000000000000e+03
6.174000000000000000e+03
2.492000000000000000e+03
1.110700000000000000e+04
3.851000000000000000e+03
5.726000000000000000e+03
2.279000000000000000e+03
5.621000000000000000e+03
3.836000000000000000e+03
2.063000000000000000e+03
3.015000000000000000e+03
8.308000000000000000e+03
4.883000000000000000e+03
2.635000000000000000e+03
7.717000000000000000e+03
2.220000000000000000e+03
4.640000000000000000e+03
3.280000000000000000e+03
6.458000000000000000e+03
3.952000000000000000e+03
2.942000000000000000e+03
1.204800000000000000e+04
3.549000000000000000e+03
4.344000000000000000e+03
7.058000000000000000e+03
3.108000000000000000e+03
8.332000000000000000e+03
9.573000000000000000e+03
3.954000000000000000e+03
7.121000000000000000e+03
4.250000000000000000e+03
2.918000000000000000e+03
1.516800000000000000e+04
6.878000000000000000e+03
4.974000000000000000e+03
1.949800000000000000e+04
2.785000000000000000e+03
1.364600000000000000e+04
1.300500000000000000e+04
1.032700000000000000e+04
1.500300000000000000e+04
4.294000000000000000e+03
3.149000000000000000e+03
3.221000000000000000e+03
2.254100000000000000e+04
1.710300000000000000e+04
1.624000000000000000e+03
4.026000000000000000e+03
3.754000000000000000e+03
4.241000000000000000e+03
3.823000000000000000e+03
6.670000000000000000e+03
2.215000000000000000e+03
4.704000000000000000e+03
8.242000000000000000e+03
2.582000000000000000e+03
3.374000000000000000e+03
9.170000000000000000e+03
2.327000000000000000e+03
1.543000000000000000e+03
1.770000000000000000e+03
9.783000000000000000e+03
6.458000000000000000e+03
8.140000000000000000e+03
6.271000000000000000e+03
1.067000000000000000e+03
7.006000000000000000e+03
4.298000000000000000e+03
1.118000000000000000e+03
7.877000000000000000e+03
2.236000000000000000e+03
1.510900000000000000e+04
1.538000000000000000e+03
4.573000000000000000e+03
4.290000000000000000e+03
4.330000000000000000e+03
2.982000000000000000e+03
4.732000000000000000e+03
6.199000000000000000e+03
3.014000000000000000e+03
1.105000000000000000e+03
8.694000000000000000e+03
1.592400000000000000e+04
5.540000000000000000e+03
6.010000000000000000e+03
3.167000000000000000e+03
3.177000000000000000e+03
3.582000000000000000e+03
8.304000000000000000e+03
3.020000000000000000e+03
2.505000000000000000e+03
5.981000000000000000e+03
4.780000000000000000e+03
8.031000000000000000e+03
6.241000000000000000e+03
5.902000000000000000e+03
3.037000000000000000e+03
6.537000000000000000e+03
3.919000000000000000e+03
2.475000000000000000e+03
1.973000000000000000e+03
2.626000000000000000e+03
6.942000000000000000e+03
2.543000000000000000e+03
3.055000000000000000e+03
3.396000000000000000e+03
5.506000000000000000e+03
8.080000000000000000e+03
5.731000000000000000e+03
5.104000000000000000e+03
9.385000000000000000e+03
3.362000000000000000e+03
4.254000000000000000e+03
2.112000000000000000e+03
2.516000000000000000e+03
3.822000000000000000e+03
3.529000000000000000e+03
2.445000000000000000e+03
1.036000000000000000e+03
2.130000000000000000e+03
7.660000000000000000e+03
5.664000000000000000e+03
3.744000000000000000e+03
4.517000000000000000e+03
1.477100000000000000e+04
2.094000000000000000e+03
8.699000000000000000e+03
2.167000000000000000e+03
3.751000000000000000e+03
5.798000000000000000e+03
4.382000000000000000e+03
7.222000000000000000e+03
4.411000000000000000e+03
1.035000000000000000e+03
1.181000000000000000e+03
2.742000000000000000e+03
1.305400000000000000e+04
5.690000000000000000e+03
6.330000000000000000e+03
6.237000000000000000e+03
1.596000000000000000e+03
4.885000000000000000e+03
6.228000000000000000e+03
6.331000000000000000e+03
5.720000000000000000e+02
4.050000000000000000e+03
1.134900000000000000e+04
2.797000000000000000e+03
3.669000000000000000e+03
3.070000000000000000e+03
2.402000000000000000e+03
5.040000000000000000e+03
3.801000000000000000e+03
3.722000000000000000e+03
1.649000000000000000e+03
4.052000000000000000e+03
4.433000000000000000e+03
3.079000000000000000e+03
4.971000000000000000e+03
4.371000000000000000e+03
5.465000000000000000e+03
1.452000000000000000e+03
3.611000000000000000e+03
5.915000000000000000e+03
2.404000000000000000e+03
1.754600000000000000e+04
7.182000000000000000e+03
4.218000000000000000e+03
7.116000000000000000e+03
2.849000000000000000e+03
4.464000000000000000e+03
8.453000000000000000e+03
6.290000000000000000e+03
3.595000000000000000e+03
7.856000000000000000e+03
4.858000000000000000e+03
2.151000000000000000e+03
3.832000000000000000e+03
2.697000000000000000e+03
1.507700000000000000e+04
6.568000000000000000e+03
5.251000000000000000e+03
5.785000000000000000e+03
5.146000000000000000e+03
3.023000000000000000e+03
5.211000000000000000e+03
5.929000000000000000e+03
4.098000000000000000e+03
2.526000000000000000e+03
1.594000000000000000e+03
5.635000000000000000e+03
4.293000000000000000e+03
3.720000000000000000e+03
2.443000000000000000e+03
3.673000000000000000e+03
3.677000000000000000e+03
2.728000000000000000e+03
2.392100000000000000e+04
1.895000000000000000e+03
1.000900000000000000e+04
3.410000000000000000e+03
2.155700000000000000e+04
3.069000000000000000e+03
5.541000000000000000e+03
3.206000000000000000e+03
2.999000000000000000e+03
7.574000000000000000e+03
1.484000000000000000e+03
5.760000000000000000e+03
5.908000000000000000e+03
1.737200000000000000e+04
1.600500000000000000e+04
2.276000000000000000e+03
1.299800000000000000e+04
3.659000000000000000e+03
4.067000000000000000e+03
5.633000000000000000e+03
3.267000000000000000e+03
4.784000000000000000e+03
1.967000000000000000e+03
7.317000000000000000e+03
6.272000000000000000e+03
3.067000000000000000e+03
7.243000000000000000e+03
3.624000000000000000e+03
6.446000000000000000e+03
1.089400000000000000e+04
5.580000000000000000e+03
1.012800000000000000e+04
6.698000000000000000e+03
8.401000000000000000e+03
1.962000000000000000e+03
2.854000000000000000e+03
2.742000000000000000e+03
7.157000000000000000e+03
2.691000000000000000e+03
4.100000000000000000e+03
3.055000000000000000e+03
1.018600000000000000e+04
4.051000000000000000e+03
7.729000000000000000e+03
5.467000000000000000e+03
8.473000000000000000e+03
5.930000000000000000e+03
8.633000000000000000e+03
1.595000000000000000e+03
5.456000000000000000e+03
8.295000000000000000e+03
2.563000000000000000e+03
1.251000000000000000e+03
4.456000000000000000e+03
6.188000000000000000e+03
2.984000000000000000e+03
5.267000000000000000e+03
2.186000000000000000e+03
8.040000000000000000e+03
7.697000000000000000e+03
4.190000000000000000e+03
3.377000000000000000e+03
3.187000000000000000e+03
3.338000000000000000e+03
3.075000000000000000e+03
3.942000000000000000e+03
7.487000000000000000e+03
1.218400000000000000e+04
6.081000000000000000e+03
2.381000000000000000e+03
3.279000000000000000e+03
2.956000000000000000e+03
3.244000000000000000e+03
1.422900000000000000e+04
5.007000000000000000e+03
3.064000000000000000e+03
5.303000000000000000e+03
1.017700000000000000e+04
5.563000000000000000e+03
1.445000000000000000e+03
4.503000000000000000e+03
2.734000000000000000e+03
7.743000000000000000e+03
3.911000000000000000e+03
6.854000000000000000e+03
1.117100000000000000e+04
2.226000000000000000e+03
2.842000000000000000e+03
1.340700000000000000e+04
8.201000000000000000e+03
5.257000000000000000e+03
1.093500000000000000e+04
3.164000000000000000e+03
3.136000000000000000e+03
3.273000000000000000e+03
7.968000000000000000e+03
8.621000000000000000e+03
2.011000000000000000e+03
5.528000000000000000e+03
3.640000000000000000e+03
3.541000000000000000e+03
7.077000000000000000e+03
4.859000000000000000e+03
5.942000000000000000e+03
2.875100000000000000e+04
6.064000000000000000e+03
8.041000000000000000e+03
1.366100000000000000e+04
4.045000000000000000e+03
5.828000000000000000e+03
3.202000000000000000e+03
5.623000000000000000e+03
5.808000000000000000e+03
7.400000000000000000e+03
1.903000000000000000e+03
3.535000000000000000e+03
2.582000000000000000e+03
3.420000000000000000e+03
2.936000000000000000e+03
5.967000000000000000e+03
4.710000000000000000e+03
4.690000000000000000e+03
4.510000000000000000e+03
1.885500000000000000e+04
2.410000000000000000e+03
5.705000000000000000e+03
1.666000000000000000e+03
6.672000000000000000e+03
1.266500000000000000e+04
5.771000000000000000e+03
3.926000000000000000e+03
7.060000000000000000e+03
4.781000000000000000e+03
3.997000000000000000e+03
9.364000000000000000e+03
1.442000000000000000e+03
1.337000000000000000e+03
4.130000000000000000e+03
1.176000000000000000e+04
2.511000000000000000e+03
3.450000000000000000e+03
7.931000000000000000e+03
8.406000000000000000e+03
1.382100000000000000e+04
2.517000000000000000e+03
7.983000000000000000e+03
1.320000000000000000e+04
9.732000000000000000e+03
1.448700000000000000e+04
1.344600000000000000e+04
2.910000000000000000e+03
1.511000000000000000e+03
6.786000000000000000e+03
5.568000000000000000e+03
2.867000000000000000e+03
5.742000000000000000e+03
1.196600000000000000e+04
3.850000000000000000e+03
1.199800000000000000e+04
5.972000000000000000e+03
7.218000000000000000e+03
3.714000000000000000e+03
3.614000000000000000e+03
3.472000000000000000e+03
4.843000000000000000e+03
5.624000000000000000e+03
5.572000000000000000e+03
1.851000000000000000e+03
8.680000000000000000e+03
1.380000000000000000e+03
8.119000000000000000e+03
1.519000000000000000e+03
7.084000000000000000e+03
4.142000000000000000e+03
3.126000000000000000e+03
2.847000000000000000e+03
5.221000000000000000e+03
3.340000000000000000e+03
3.611000000000000000e+03
9.042000000000000000e+03
7.893000000000000000e+03
5.517000000000000000e+03
7.357000000000000000e+03
1.033700000000000000e+04
6.507000000000000000e+03
2.402000000000000000e+03
1.229600000000000000e+04
9.920000000000000000e+02
6.024000000000000000e+03
1.545000000000000000e+03
5.397000000000000000e+03
5.416000000000000000e+03
5.117000000000000000e+03
4.168000000000000000e+03
2.630000000000000000e+03
5.405000000000000000e+03
1.294600000000000000e+04
3.998000000000000000e+03
1.559000000000000000e+03
3.326000000000000000e+03
6.855000000000000000e+03
4.855000000000000000e+03
2.042000000000000000e+03
1.310000000000000000e+03
8.406000000000000000e+03
4.849000000000000000e+03
7.245000000000000000e+03
4.619000000000000000e+03
9.260000000000000000e+02
2.966000000000000000e+03
7.622000000000000000e+03
5.020000000000000000e+03
2.004000000000000000e+03
5.444000000000000000e+03
6.290000000000000000e+03
7.246000000000000000e+03
7.988000000000000000e+03
1.402300000000000000e+04
3.362000000000000000e+03
3.302000000000000000e+03
5.888000000000000000e+03
8.443000000000000000e+03
4.772000000000000000e+03
8.927000000000000000e+03
2.873000000000000000e+03
8.290000000000000000e+03
5.538000000000000000e+03
1.424000000000000000e+03
4.999000000000000000e+03
4.218000000000000000e+03
2.320000000000000000e+03
3.379000000000000000e+03
2.563000000000000000e+03
4.760000000000000000e+03
1.259100000000000000e+04
5.025000000000000000e+03
3.673000000000000000e+03
4.982000000000000000e+03
5.106000000000000000e+03
4.333000000000000000e+03
3.078000000000000000e+03
4.967000000000000000e+03
3.662000000000000000e+03
5.195000000000000000e+03
1.413100000000000000e+04
6.635000000000000000e+03
2.867000000000000000e+03
4.636000000000000000e+03
6.358000000000000000e+03
6.304000000000000000e+03
2.734000000000000000e+03
3.326000000000000000e+03
2.554000000000000000e+03
3.922000000000000000e+03
9.813000000000000000e+03
2.037000000000000000e+03
1.394200000000000000e+04
4.249000000000000000e+03
5.984000000000000000e+03
3.506000000000000000e+03
3.302000000000000000e+03
5.266000000000000000e+03
3.104000000000000000e+03
2.486000000000000000e+03
8.522000000000000000e+03
7.523000000000000000e+03
2.690000000000000000e+03
3.016000000000000000e+03
9.123000000000000000e+03
5.011000000000000000e+03
5.123000000000000000e+03
1.064600000000000000e+04
4.972000000000000000e+03
4.142000000000000000e+03
3.339000000000000000e+03
2.705000000000000000e+03
2.767000000000000000e+03
2.439000000000000000e+03
1.295500000000000000e+04
7.651000000000000000e+03
2.502000000000000000e+03
9.813000000000000000e+03
4.045000000000000000e+03
7.447000000000000000e+03
5.911000000000000000e+03
4.230000000000000000e+03
3.431000000000000000e+03
2.312000000000000000e+03
1.096700000000000000e+04
7.226000000000000000e+03
2.517000000000000000e+03
5.601000000000000000e+03
4.413000000000000000e+03
5.402000000000000000e+03
5.175000000000000000e+03
3.023000000000000000e+03
2.676000000000000000e+03
5.677000000000000000e+03
1.338000000000000000e+03
3.792000000000000000e+03
7.183000000000000000e+03
7.612000000000000000e+03
1.199800000000000000e+04
5.789000000000000000e+03
8.854000000000000000e+03
2.504000000000000000e+03
3.868000000000000000e+03
5.073000000000000000e+03
9.610000000000000000e+03
9.576000000000000000e+03
3.512000000000000000e+03
9.878000000000000000e+03
5.490000000000000000e+03
8.635000000000000000e+03
2.089100000000000000e+04
1.863000000000000000e+03
1.926000000000000000e+03
2.580000000000000000e+03
7.510000000000000000e+03
4.795000000000000000e+03
2.665000000000000000e+03
7.481000000000000000e+03
3.770000000000000000e+03
1.832000000000000000e+03
4.803000000000000000e+03
2.733000000000000000e+03
5.916000000000000000e+03
2.392000000000000000e+03
8.529000000000000000e+03
1.132500000000000000e+04
3.657000000000000000e+03
1.274200000000000000e+04
1.095300000000000000e+04
2.176000000000000000e+03
4.446000000000000000e+03
1.858000000000000000e+03
8.789000000000000000e+03
2.797000000000000000e+03
2.533000000000000000e+03
1.609600000000000000e+04
5.924000000000000000e+03
4.001000000000000000e+03
3.924000000000000000e+03
1.484400000000000000e+04
3.012000000000000000e+03
8.405000000000000000e+03
5.548000000000000000e+03
4.534000000000000000e+03
4.474000000000000000e+03
3.402000000000000000e+03
4.676000000000000000e+03
9.415000000000000000e+03
3.303000000000000000e+03
2.813000000000000000e+03
2.454000000000000000e+03
7.145000000000000000e+03
8.678000000000000000e+03
2.648000000000000000e+03
1.138700000000000000e+04
1.056300000000000000e+04
3.293000000000000000e+03
3.227000000000000000e+03
6.096000000000000000e+03
3.165000000000000000e+03
9.530000000000000000e+02
4.959000000000000000e+03
2.353000000000000000e+03
1.554400000000000000e+04
4.449000000000000000e+03
4.150000000000000000e+03
2.582000000000000000e+03
4.130000000000000000e+03
9.264000000000000000e+03
1.046500000000000000e+04
3.734000000000000000e+03
6.658000000000000000e+03
3.228000000000000000e+03
5.598000000000000000e+03
1.318000000000000000e+03
6.277000000000000000e+03
2.932000000000000000e+03
3.506000000000000000e+03
1.101100000000000000e+04
8.679000000000000000e+03
7.380000000000000000e+03
2.837000000000000000e+03
2.521000000000000000e+03
1.489700000000000000e+04
2.419000000000000000e+03
3.858000000000000000e+03
4.240000000000000000e+03
6.263000000000000000e+03
2.174000000000000000e+03
3.403000000000000000e+03
4.453000000000000000e+03
2.866000000000000000e+03
4.794000000000000000e+03
4.589000000000000000e+03
6.404000000000000000e+03
4.239000000000000000e+03
4.905000000000000000e+03
2.431000000000000000e+03
6.642000000000000000e+03
9.370000000000000000e+03
7.914000000000000000e+03
3.342000000000000000e+03
4.335000000000000000e+03
8.665000000000000000e+03
3.678000000000000000e+03
1.424500000000000000e+04
3.805000000000000000e+03
7.156000000000000000e+03
7.031000000000000000e+03
9.190000000000000000e+03
3.477000000000000000e+03
2.229000000000000000e+03
6.316000000000000000e+03
1.445000000000000000e+03
6.795000000000000000e+03
8.140000000000000000e+02
4.175000000000000000e+03
3.196000000000000000e+03
3.173000000000000000e+03
9.681000000000000000e+03
2.499000000000000000e+03
4.892000000000000000e+03
2.271000000000000000e+03
3.864000000000000000e+03
9.797000000000000000e+03
4.037000000000000000e+03
4.017000000000000000e+03
5.354000000000000000e+03
2.625000000000000000e+03
4.113000000000000000e+03
1.237600000000000000e+04
1.001500000000000000e+04
5.144000000000000000e+03
4.886000000000000000e+03
2.809000000000000000e+03
3.802000000000000000e+03
6.025000000000000000e+03
2.553000000000000000e+03
5.803000000000000000e+03
3.953000000000000000e+03
3.437000000000000000e+03
4.920000000000000000e+03
4.016000000000000000e+03
8.563000000000000000e+03
5.883000000000000000e+03
1.182000000000000000e+03
1.122900000000000000e+04
1.079000000000000000e+03
3.416000000000000000e+03
4.272000000000000000e+03
5.139000000000000000e+03
2.616000000000000000e+03
4.006000000000000000e+03
3.253000000000000000e+03
7.694000000000000000e+03
1.076000000000000000e+03
6.476000000000000000e+03
2.188300000000000000e+04
4.585000000000000000e+03
4.526000000000000000e+03
4.649000000000000000e+03
3.560000000000000000e+03
5.217000000000000000e+03
4.572000000000000000e+03
1.732200000000000000e+04
2.746000000000000000e+03
3.600000000000000000e+03
1.017000000000000000e+04
1.041600000000000000e+04
8.552000000000000000e+03
9.687000000000000000e+03
4.845000000000000000e+03
4.414000000000000000e+03
1.021500000000000000e+04
2.462000000000000000e+03
3.037000000000000000e+03
4.287000000000000000e+03
6.451000000000000000e+03
6.480000000000000000e+03
5.568000000000000000e+03
1.053300000000000000e+04
4.454000000000000000e+03
4.832000000000000000e+03
6.535000000000000000e+03
1.413000000000000000e+04
4.065000000000000000e+03
6.650000000000000000e+03
8.034000000000000000e+03
1.399000000000000000e+03
2.783000000000000000e+03
1.538700000000000000e+04
2.692000000000000000e+03
2.271000000000000000e+03
5.966000000000000000e+03
5.180000000000000000e+03
9.312000000000000000e+03
3.188000000000000000e+03
5.922000000000000000e+03
7.033000000000000000e+03
4.810000000000000000e+03
3.534000000000000000e+03
4.770000000000000000e+03
4.880000000000000000e+03
2.172000000000000000e+03
1.061900000000000000e+04
7.201000000000000000e+03
4.045000000000000000e+03
6.670000000000000000e+03
8.140000000000000000e+02
1.022300000000000000e+04
5.909000000000000000e+03
2.653000000000000000e+03
2.878000000000000000e+03
1.630000000000000000e+03
4.760000000000000000e+03
5.468000000000000000e+03
7.132000000000000000e+03
4.193000000000000000e+03
4.802000000000000000e+03
9.290000000000000000e+03
1.937000000000000000e+03
6.132000000000000000e+03
9.722000000000000000e+03
3.557000000000000000e+03
3.973000000000000000e+03
3.881000000000000000e+03
3.395000000000000000e+03
4.139000000000000000e+03
3.695000000000000000e+03
3.973000000000000000e+03
7.235000000000000000e+03
2.125000000000000000e+03
5.794000000000000000e+03
6.362000000000000000e+03
4.512000000000000000e+03
1.215000000000000000e+03
4.332000000000000000e+03
2.169600000000000000e+04
6.158000000000000000e+03
2.190000000000000000e+03
1.042600000000000000e+04
3.672000000000000000e+03
1.348500000000000000e+04
4.336000000000000000e+03
3.090000000000000000e+03
1.070900000000000000e+04
4.079000000000000000e+03
7.200000000000000000e+03
4.608000000000000000e+03
2.744000000000000000e+03
6.149000000000000000e+03
9.291000000000000000e+03
3.025000000000000000e+03
3.196000000000000000e+03
4.293000000000000000e+03
4.540000000000000000e+03
1.901000000000000000e+03
4.341000000000000000e+03
2.638000000000000000e+03
9.023000000000000000e+03
1.403200000000000000e+04
3.524000000000000000e+03
4.837000000000000000e+03
2.322000000000000000e+03
4.105000000000000000e+03
3.346000000000000000e+03
1.188100000000000000e+04
6.517000000000000000e+03
6.638000000000000000e+03
6.004000000000000000e+03
3.314000000000000000e+03
2.146000000000000000e+04
5.581000000000000000e+03
1.624000000000000000e+03
6.163000000000000000e+03
4.567000000000000000e+03
5.362000000000000000e+03
2.913000000000000000e+03
2.370000000000000000e+03
1.338000000000000000e+03
1.597100000000000000e+04
5.513000000000000000e+03
5.320000000000000000e+03
1.754000000000000000e+03
7.498000000000000000e+03
2.216000000000000000e+03
3.991000000000000000e+03
7.018000000000000000e+03
1.541000000000000000e+03
2.551000000000000000e+03
2.882000000000000000e+03
3.247000000000000000e+03
5.333000000000000000e+03
9.112000000000000000e+03
6.897000000000000000e+03
1.332800000000000000e+04
1.123700000000000000e+04
3.596000000000000000e+03
2.587000000000000000e+03
1.410500000000000000e+04
5.581000000000000000e+03
4.749000000000000000e+03
6.723000000000000000e+03
2.591000000000000000e+03
9.342000000000000000e+03
3.296000000000000000e+03
5.577000000000000000e+03
6.828000000000000000e+03
2.636000000000000000e+03
3.436000000000000000e+03
3.119000000000000000e+03
1.900000000000000000e+03
9.591000000000000000e+03
3.405000000000000000e+03
3.111000000000000000e+03
8.961000000000000000e+03
8.630000000000000000e+03
5.769000000000000000e+03
7.258000000000000000e+03
4.423000000000000000e+03
5.331000000000000000e+03
2.749000000000000000e+03
1.031000000000000000e+03
8.609000000000000000e+03
7.170000000000000000e+03
2.539000000000000000e+03
3.998000000000000000e+03
3.840000000000000000e+03
5.043000000000000000e+03
4.258000000000000000e+03
1.137000000000000000e+03
2.308000000000000000e+03
4.579000000000000000e+03
9.859000000000000000e+03
2.299000000000000000e+03
4.912000000000000000e+03
1.084700000000000000e+04
4.050000000000000000e+03
4.025000000000000000e+03
8.122000000000000000e+03
7.989000000000000000e+03
9.089000000000000000e+03
1.181700000000000000e+04
3.626000000000000000e+03
8.877000000000000000e+03
1.161000000000000000e+04
3.966000000000000000e+03
1.252000000000000000e+03
1.276000000000000000e+03
4.025000000000000000e+03
6.543000000000000000e+03
8.120000000000000000e+03
2.906000000000000000e+03
2.119000000000000000e+03
3.343000000000000000e+03
5.670000000000000000e+03
