2.307700000000000000e+04
1.204300000000000000e+04
5.357000000000000000e+03
8.523000000000000000e+03
1.159900000000000000e+04
1.727300000000000000e+04
3.308000000000000000e+03
9.118000000000000000e+03
7.721000000000000000e+03
4.135000000000000000e+03
9.684000000000000000e+03
4.835000000000000000e+03
1.751300000000000000e+04
7.969000000000000000e+03
4.088000000000000000e+03
1.590600000000000000e+04
8.035000000000000000e+03
4.565000000000000000e+03
9.206000000000000000e+03
1.005600000000000000e+04
9.826000000000000000e+03
9.479000000000000000e+03
8.444000000000000000e+03
7.221000000000000000e+03
1.736700000000000000e+04
6.517000000000000000e+03
2.659000000000000000e+03
9.434000000000000000e+03
5.572000000000000000e+03
3.109000000000000000e+03
6.806000000000000000e+03
2.504000000000000000e+03
6.015000000000000000e+03
8.465000000000000000e+03
6.805000000000000000e+03
7.700000000000000000e+03
1.384400000000000000e+04
8.256000000000000000e+03
5.855000000000000000e+03
4.774000000000000000e+03
8.511000000000000000e+03
2.796300000000000000e+04
1.061200000000000000e+04
6.665000000000000000e+03
7.219000000000000000e+03
1.497700000000000000e+04
8.487000000000000000e+03
3.895000000000000000e+03
7.085000000000000000e+03
5.563000000000000000e+03
1.864100000000000000e+04
1.109500000000000000e+04
1.713700000000000000e+04
1.011400000000000000e+04
8.579000000000000000e+03
4.986000000000000000e+03
3.405000000000000000e+03
3.486000000000000000e+03
8.300000000000000000e+03
3.949000000000000000e+03
3.326000000000000000e+03
1.056100000000000000e+04
4.332000000000000000e+03
9.146000000000000000e+03
9.868000000000000000e+03
3.380000000000000000e+03
4.868000000000000000e+03
6.065000000000000000e+03
9.258000000000000000e+03
1.164400000000000000e+04
5.942000000000000000e+03
5.434000000000000000e+03
2.839500000000000000e+04
5.427000000000000000e+03
1.179600000000000000e+04
5.152000000000000000e+03
9.300000000000000000e+03
5.104000000000000000e+03
5.682000000000000000e+03
1.411600000000000000e+04
4.711000000000000000e+03
1.405600000000000000e+04
3.216000000000000000e+03
8.042000000000000000e+03
1.014100000000000000e+04
8.203000000000000000e+03
8.285000000000000000e+03
5.234000000000000000e+03
1.231400000000000000e+04
2.299000000000000000e+03
1.332800000000000000e+04
9.195000000000000000e+03
1.188800000000000000e+04
8.784000000000000000e+03
6.760000000000000000e+03
1.348200000000000000e+04
4.050000000000000000e+03
3.035000000000000000e+03
3.654000000000000000e+03
5.769000000000000000e+03
5.146000000000000000e+03
4.725000000000000000e+03
7.843000000000000000e+03
3.789000000000000000e+03
6.330000000000000000e+03
9.489000000000000000e+03
4.499000000000000000e+03
9.735000000000000000e+03
1.154100000000000000e+04
1.054700000000000000e+04
1.064100000000000000e+04
9.755000000000000000e+03
6.624000000000000000e+03
4.807000000000000000e+03
6.152000000000000000e+03
4.038000000000000000e+03
9.006000000000000000e+03
1.878600000000000000e+04
3.800000000000000000e+03
1.585400000000000000e+04
1.003400000000000000e+04
1.420900000000000000e+04
6.747000000000000000e+03
7.756000000000000000e+03
4.247000000000000000e+03
3.933000000000000000e+03
1.121900000000000000e+04
1.649600000000000000e+04
7.870000000000000000e+03
5.479000000000000000e+03
5.004000000000000000e+03
3.416000000000000000e+03
5.593000000000000000e+03
6.443000000000000000e+03
4.349000000000000000e+03
7.664000000000000000e+03
8.893000000000000000e+03
1.289700000000000000e+04
6.511000000000000000e+03
4.289000000000000000e+03
2.965000000000000000e+03
3.909300000000000000e+04
9.520000000000000000e+03
6.418000000000000000e+03
1.100000000000000000e+04
4.319000000000000000e+03
4.227000000000000000e+03
5.429000000000000000e+03
1.541000000000000000e+04
4.584000000000000000e+03
9.308000000000000000e+03
7.887000000000000000e+03
7.736000000000000000e+03
3.888000000000000000e+03
7.752000000000000000e+03
1.204300000000000000e+04
6.962000000000000000e+03
7.701000000000000000e+03
4.284000000000000000e+03
6.166000000000000000e+03
8.785000000000000000e+03
5.970000000000000000e+03
3.142000000000000000e+03
1.514000000000000000e+03
9.396000000000000000e+03
3.917000000000000000e+03
1.441300000000000000e+04
1.024200000000000000e+04
1.716800000000000000e+04
7.157000000000000000e+03
1.103300000000000000e+04
1.094400000000000000e+04
9.419000000000000000e+03
9.270000000000000000e+03
7.923000000000000000e+03
1.015500000000000000e+04
1.803700000000000000e+04
8.369000000000000000e+03
7.994000000000000000e+03
3.240000000000000000e+03
6.224000000000000000e+03
8.041000000000000000e+03
4.934000000000000000e+03
5.070000000000000000e+03
2.822000000000000000e+03
5.743000000000000000e+03
6.347000000000000000e+03
1.202900000000000000e+04
2.951000000000000000e+03
7.111000000000000000e+03
8.770000000000000000e+03
3.813000000000000000e+03
6.703000000000000000e+03
1.015500000000000000e+04
1.164500000000000000e+04
8.332000000000000000e+03
5.761000000000000000e+03
1.035000000000000000e+04
4.262000000000000000e+03
4.176000000000000000e+03
8.883000000000000000e+03
5.047000000000000000e+03
1.209300000000000000e+04
5.687000000000000000e+03
4.594000000000000000e+03
1.257200000000000000e+04
5.252000000000000000e+03
7.858000000000000000e+03
5.234000000000000000e+03
4.585000000000000000e+03
1.489900000000000000e+04
5.803000000000000000e+03
3.230000000000000000e+03
7.268000000000000000e+03
2.960000000000000000e+03
1.957100000000000000e+04
1.528800000000000000e+04
1.194900000000000000e+04
2.447000000000000000e+03
3.036000000000000000e+03
5.445000000000000000e+03
1.065800000000000000e+04
3.639000000000000000e+03
5.075000000000000000e+03
7.133000000000000000e+03
7.267000000000000000e+03
2.098100000000000000e+04
1.091500000000000000e+04
6.648000000000000000e+03
4.978000000000000000e+03
1.368400000000000000e+04
1.003200000000000000e+04
1.873000000000000000e+04
6.516000000000000000e+03
8.530000000000000000e+03
9.776000000000000000e+03
1.019200000000000000e+04
6.525000000000000000e+03
6.200000000000000000e+03
5.356000000000000000e+03
3.820000000000000000e+03
2.936000000000000000e+03
1.481100000000000000e+04
5.531000000000000000e+03
1.824000000000000000e+03
9.059000000000000000e+03
3.658000000000000000e+03
1.850500000000000000e+04
1.840900000000000000e+04
5.693000000000000000e+03
1.005300000000000000e+04
4.798000000000000000e+03
8.072000000000000000e+03
6.372000000000000000e+03
4.032000000000000000e+03
1.309000000000000000e+03
3.442000000000000000e+03
1.428300000000000000e+04
4.258000000000000000e+03
1.076100000000000000e+04
9.419000000000000000e+03
1.057200000000000000e+04
7.315000000000000000e+03
6.104000000000000000e+03
2.668000000000000000e+03
1.621600000000000000e+04
7.994000000000000000e+03
6.314000000000000000e+03
9.736000000000000000e+03
6.199000000000000000e+03
4.255000000000000000e+03
8.034000000000000000e+03
5.973000000000000000e+03
7.609000000000000000e+03
1.164400000000000000e+04
1.347300000000000000e+04
4.820000000000000000e+03
1.408700000000000000e+04
1.015000000000000000e+04
6.006000000000000000e+03
4.165000000000000000e+03
1.237200000000000000e+04
1.726400000000000000e+04
6.125000000000000000e+03
5.022000000000000000e+03
6.514000000000000000e+03
2.197200000000000000e+04
1.855400000000000000e+04
3.689000000000000000e+03
5.923000000000000000e+03
1.078100000000000000e+04
1.405000000000000000e+04
8.733000000000000000e+03
8.415000000000000000e+03
4.564000000000000000e+03
7.870000000000000000e+03
3.684000000000000000e+03
9.636000000000000000e+03
7.201000000000000000e+03
1.592000000000000000e+04
6.270000000000000000e+03
1.034100000000000000e+04
1.487100000000000000e+04
1.050700000000000000e+04
5.231000000000000000e+03
5.663000000000000000e+03
1.191200000000000000e+04
6.122000000000000000e+03
6.597000000000000000e+03
2.535000000000000000e+03
9.288000000000000000e+03
2.977000000000000000e+03
2.448000000000000000e+03
7.717000000000000000e+03
6.147000000000000000e+03
1.909500000000000000e+04
5.757000000000000000e+03
9.962000000000000000e+03
5.239000000000000000e+03
2.495000000000000000e+03
1.370600000000000000e+04
1.779300000000000000e+04
4.842000000000000000e+03
7.843000000000000000e+03
4.162000000000000000e+03
8.381000000000000000e+03
4.092000000000000000e+03
5.329000000000000000e+03
1.117300000000000000e+04
5.947000000000000000e+03
4.080000000000000000e+03
4.993000000000000000e+03
1.062600000000000000e+04
1.367100000000000000e+04
2.422500000000000000e+04
2.297900000000000000e+04
1.025500000000000000e+04
2.154500000000000000e+04
8.352000000000000000e+03
4.516000000000000000e+03
2.434000000000000000e+04
7.167000000000000000e+03
4.395000000000000000e+03
5.155000000000000000e+03
9.046000000000000000e+03
6.959000000000000000e+03
9.869000000000000000e+03
5.843000000000000000e+03
2.184000000000000000e+03
1.641200000000000000e+04
8.950000000000000000e+03
6.539000000000000000e+03
4.102000000000000000e+03
2.884000000000000000e+03
5.911000000000000000e+03
6.932000000000000000e+03
6.108000000000000000e+03
2.989000000000000000e+03
1.229200000000000000e+04
7.299000000000000000e+03
8.157000000000000000e+03
8.125000000000000000e+03
1.284400000000000000e+04
4.067000000000000000e+03
1.007400000000000000e+04
4.129000000000000000e+03
9.435000000000000000e+03
9.953000000000000000e+03
7.954000000000000000e+03
5.026000000000000000e+03
5.202000000000000000e+03
1.101500000000000000e+04
9.442000000000000000e+03
6.145000000000000000e+03
1.095900000000000000e+04
7.606000000000000000e+03
8.969000000000000000e+03
7.384000000000000000e+03
1.432800000000000000e+04
4.610000000000000000e+03
4.231000000000000000e+03
8.747000000000000000e+03
4.383000000000000000e+03
5.008000000000000000e+03
1.005100000000000000e+04
5.234000000000000000e+03
6.522000000000000000e+03
5.214000000000000000e+03
9.024000000000000000e+03
9.008000000000000000e+03
3.035000000000000000e+03
6.859000000000000000e+03
7.595000000000000000e+03
1.208800000000000000e+04
5.443000000000000000e+03
2.698000000000000000e+03
1.506600000000000000e+04
1.007100000000000000e+04
6.003000000000000000e+03
8.229000000000000000e+03
8.307000000000000000e+03
9.420000000000000000e+03
1.168800000000000000e+04
1.768000000000000000e+03
2.727000000000000000e+03
1.016300000000000000e+04
4.980000000000000000e+03
3.483000000000000000e+03
6.511000000000000000e+03
4.215000000000000000e+03
6.039000000000000000e+03
7.576000000000000000e+03
6.993000000000000000e+03
1.020600000000000000e+04
4.611000000000000000e+03
2.235000000000000000e+03
2.107800000000000000e+04
3.032000000000000000e+03
1.098200000000000000e+04
6.016000000000000000e+03
3.426000000000000000e+03
1.304900000000000000e+04
6.409000000000000000e+03
1.084500000000000000e+04
4.573000000000000000e+03
1.200200000000000000e+04
9.031000000000000000e+03
1.441900000000000000e+04
1.023700000000000000e+04
6.864000000000000000e+03
7.661000000000000000e+03
1.239200000000000000e+04
9.165000000000000000e+03
3.824000000000000000e+03
2.711000000000000000e+03
9.888000000000000000e+03
4.364000000000000000e+03
2.675000000000000000e+03
3.004100000000000000e+04
7.273000000000000000e+03
3.244000000000000000e+03
8.742000000000000000e+03
2.187000000000000000e+03
9.437000000000000000e+03
1.997500000000000000e+04
7.002000000000000000e+03
1.327500000000000000e+04
6.756000000000000000e+03
4.925000000000000000e+03
4.072000000000000000e+03
6.422000000000000000e+03
1.668100000000000000e+04
1.703500000000000000e+04
1.012300000000000000e+04
7.410000000000000000e+03
9.922000000000000000e+03
4.594000000000000000e+03
1.144900000000000000e+04
5.585000000000000000e+03
3.470000000000000000e+03
9.142000000000000000e+03
1.160200000000000000e+04
2.582800000000000000e+04
3.103000000000000000e+03
6.355000000000000000e+03
4.387000000000000000e+03
2.422100000000000000e+04
2.578000000000000000e+03
9.309000000000000000e+03
6.747000000000000000e+03
4.958000000000000000e+03
5.617000000000000000e+03
9.281000000000000000e+03
1.342300000000000000e+04
3.462000000000000000e+03
1.384200000000000000e+04
4.080000000000000000e+03
5.442000000000000000e+03
1.008300000000000000e+04
1.239800000000000000e+04
1.662300000000000000e+04
1.840400000000000000e+04
5.054000000000000000e+03
4.629000000000000000e+03
2.488500000000000000e+04
1.251400000000000000e+04
4.442000000000000000e+03
2.807000000000000000e+03
2.796000000000000000e+03
1.019100000000000000e+04
5.241000000000000000e+03
8.728000000000000000e+03
1.286200000000000000e+04
1.481100000000000000e+04
5.380000000000000000e+03
6.762000000000000000e+03
9.787000000000000000e+03
5.608000000000000000e+03
1.426200000000000000e+04
9.426000000000000000e+03
9.110000000000000000e+03
2.090100000000000000e+04
6.817000000000000000e+03
7.213000000000000000e+03
1.211900000000000000e+04
1.251400000000000000e+04
2.101400000000000000e+04
1.400600000000000000e+04
6.109000000000000000e+03
7.316000000000000000e+03
6.082000000000000000e+03
1.075100000000000000e+04
3.173000000000000000e+03
1.352000000000000000e+04
1.005300000000000000e+04
1.089800000000000000e+04
6.414000000000000000e+03
4.556000000000000000e+03
5.778000000000000000e+03
5.420000000000000000e+03
3.884000000000000000e+03
1.398700000000000000e+04
4.610000000000000000e+03
5.409000000000000000e+03
4.338000000000000000e+03
8.035000000000000000e+03
7.596000000000000000e+03
4.415000000000000000e+03
5.085000000000000000e+03
7.980000000000000000e+03
1.043600000000000000e+04
1.937300000000000000e+04
8.539000000000000000e+03
6.184000000000000000e+03
9.346000000000000000e+03
6.471000000000000000e+03
9.480000000000000000e+03
7.978000000000000000e+03
3.207600000000000000e+04
2.982000000000000000e+03
3.636000000000000000e+03
7.413000000000000000e+03
1.271300000000000000e+04
5.713000000000000000e+03
4.291000000000000000e+03
7.446000000000000000e+03
1.023200000000000000e+04
1.881100000000000000e+04
5.024000000000000000e+03
7.293000000000000000e+03
1.492400000000000000e+04
1.093100000000000000e+04
9.382000000000000000e+03
9.925000000000000000e+03
7.203000000000000000e+03
8.300000000000000000e+03
6.309000000000000000e+03
1.066500000000000000e+04
1.456600000000000000e+04
7.248000000000000000e+03
5.879000000000000000e+03
6.686000000000000000e+03
1.170300000000000000e+04
6.915000000000000000e+03
5.270000000000000000e+03
8.309000000000000000e+03
1.114600000000000000e+04
8.277000000000000000e+03
5.317000000000000000e+03
6.960000000000000000e+03
2.758000000000000000e+03
5.289000000000000000e+03
9.704000000000000000e+03
5.164000000000000000e+03
5.316000000000000000e+03
1.117800000000000000e+04
8.895000000000000000e+03
1.133500000000000000e+04
7.842000000000000000e+03
8.606000000000000000e+03
4.862000000000000000e+03
1.176900000000000000e+04
1.349200000000000000e+04
1.079600000000000000e+04
1.746000000000000000e+03
4.609000000000000000e+03
2.817000000000000000e+03
1.748700000000000000e+04
8.049000000000000000e+03
1.385200000000000000e+04
2.653000000000000000e+03
3.304000000000000000e+03
1.378600000000000000e+04
8.244000000000000000e+03
3.290000000000000000e+03
4.474000000000000000e+03
5.336000000000000000e+03
5.282000000000000000e+03
8.822000000000000000e+03
1.501300000000000000e+04
3.081000000000000000e+03
4.048000000000000000e+03
8.950000000000000000e+03
1.215700000000000000e+04
8.028000000000000000e+03
1.334500000000000000e+04
4.031000000000000000e+03
6.008000000000000000e+03
7.877000000000000000e+03
7.161000000000000000e+03
2.435000000000000000e+03
7.116000000000000000e+03
1.018500000000000000e+04
6.025000000000000000e+03
8.641000000000000000e+03
8.629000000000000000e+03
5.833000000000000000e+03
5.409000000000000000e+03
2.917000000000000000e+03
1.123000000000000000e+04
1.841300000000000000e+04
5.169000000000000000e+03
7.905000000000000000e+03
1.843700000000000000e+04
7.824000000000000000e+03
4.969000000000000000e+03
7.241000000000000000e+03
5.702000000000000000e+03
3.934000000000000000e+03
5.650000000000000000e+03
6.344000000000000000e+03
4.682000000000000000e+03
1.233300000000000000e+04
2.259800000000000000e+04
2.618000000000000000e+03
6.646000000000000000e+03
3.648000000000000000e+03
5.201000000000000000e+03
3.521000000000000000e+03
9.101000000000000000e+03
6.702000000000000000e+03
5.545000000000000000e+03
9.217000000000000000e+03
8.644000000000000000e+03
8.040000000000000000e+03
1.224800000000000000e+04
8.880000000000000000e+03
1.015400000000000000e+04
1.568300000000000000e+04
1.741000000000000000e+03
6.571000000000000000e+03
1.891600000000000000e+04
2.964000000000000000e+03
7.004000000000000000e+03
7.164000000000000000e+03
8.055000000000000000e+03
6.329000000000000000e+03
8.677000000000000000e+03
8.134000000000000000e+03
7.143000000000000000e+03
4.664000000000000000e+03
5.357000000000000000e+03
3.031000000000000000e+03
7.512000000000000000e+03
4.306000000000000000e+03
2.297300000000000000e+04
4.529000000000000000e+03
3.041000000000000000e+03
7.426000000000000000e+03
1.371600000000000000e+04
9.444000000000000000e+03
2.621000000000000000e+03
2.248400000000000000e+04
8.963000000000000000e+03
9.108000000000000000e+03
4.420000000000000000e+03
3.599900000000000000e+04
3.648000000000000000e+03
1.148200000000000000e+04
1.047600000000000000e+04
1.507800000000000000e+04
1.133400000000000000e+04
6.562000000000000000e+03
6.155000000000000000e+03
1.065200000000000000e+04
8.003000000000000000e+03
1.379700000000000000e+04
2.209000000000000000e+03
2.434700000000000000e+04
5.880000000000000000e+03
1.157600000000000000e+04
1.056400000000000000e+04
9.878000000000000000e+03
6.823000000000000000e+03
3.842000000000000000e+03
8.029000000000000000e+03
1.338100000000000000e+04
1.552900000000000000e+04
1.163300000000000000e+04
1.126700000000000000e+04
6.868000000000000000e+03
9.454000000000000000e+03
7.125000000000000000e+03
2.184100000000000000e+04
1.977200000000000000e+04
1.013500000000000000e+04
6.023000000000000000e+03
9.696000000000000000e+03
1.401800000000000000e+04
3.107000000000000000e+03
7.730000000000000000e+03
4.388000000000000000e+03
1.012300000000000000e+04
4.178000000000000000e+03
9.589000000000000000e+03
2.329300000000000000e+04
2.010200000000000000e+04
1.665500000000000000e+04
9.917000000000000000e+03
3.730000000000000000e+03
7.129000000000000000e+03
3.091000000000000000e+03
5.088000000000000000e+03
5.265000000000000000e+03
4.389000000000000000e+03
4.718000000000000000e+03
4.811000000000000000e+03
1.517000000000000000e+04
1.162100000000000000e+04
1.259500000000000000e+04
1.232500000000000000e+04
1.429700000000000000e+04
8.362000000000000000e+03
6.306000000000000000e+03
6.131000000000000000e+03
3.265000000000000000e+03
1.119200000000000000e+04
4.332000000000000000e+03
2.858000000000000000e+03
6.820000000000000000e+03
1.190800000000000000e+04
1.546000000000000000e+03
5.545000000000000000e+03
8.213000000000000000e+03
4.767000000000000000e+03
4.790000000000000000e+03
1.471600000000000000e+04
7.476000000000000000e+03
8.038000000000000000e+03
9.397000000000000000e+03
4.992000000000000000e+03
9.258000000000000000e+03
2.674000000000000000e+04
7.459000000000000000e+03
1.109900000000000000e+04
3.328000000000000000e+03
6.879000000000000000e+03
1.169500000000000000e+04
1.051300000000000000e+04
1.998900000000000000e+04
4.378000000000000000e+03
3.794000000000000000e+03
1.629400000000000000e+04
5.388000000000000000e+03
6.827000000000000000e+03
7.509000000000000000e+03
6.937000000000000000e+03
5.903000000000000000e+03
2.571000000000000000e+03
5.401000000000000000e+03
7.187000000000000000e+03
7.771000000000000000e+03
1.846600000000000000e+04
6.234000000000000000e+03
1.701500000000000000e+04
6.101000000000000000e+03
1.660400000000000000e+04
5.139000000000000000e+03
7.495000000000000000e+03
8.791000000000000000e+03
4.721000000000000000e+03
4.217000000000000000e+03
9.081000000000000000e+03
8.399000000000000000e+03
3.853000000000000000e+03
5.862000000000000000e+03
3.102000000000000000e+03
3.660000000000000000e+03
7.390000000000000000e+03
1.160900000000000000e+04
1.018200000000000000e+04
8.684000000000000000e+03
8.658000000000000000e+03
1.030500000000000000e+04
1.206700000000000000e+04
6.650000000000000000e+03
5.003000000000000000e+03
1.319800000000000000e+04
3.493000000000000000e+03
1.482300000000000000e+04
1.166800000000000000e+04
5.460000000000000000e+03
8.013000000000000000e+03
9.967000000000000000e+03
1.014200000000000000e+04
1.090500000000000000e+04
8.235000000000000000e+03
6.966000000000000000e+03
7.282000000000000000e+03
8.541000000000000000e+03
5.457000000000000000e+03
4.717000000000000000e+03
3.100000000000000000e+03
7.161000000000000000e+03
8.373000000000000000e+03
9.386000000000000000e+03
1.257900000000000000e+04
6.342000000000000000e+03
5.055000000000000000e+03
9.929000000000000000e+03
3.604000000000000000e+03
8.052000000000000000e+03
3.130000000000000000e+03
3.283000000000000000e+03
4.043000000000000000e+03
1.235600000000000000e+04
4.035000000000000000e+03
2.398000000000000000e+03
6.928000000000000000e+03
7.109000000000000000e+03
1.376100000000000000e+04
3.819000000000000000e+03
6.428000000000000000e+03
3.422000000000000000e+03
1.313700000000000000e+04
1.210500000000000000e+04
6.678000000000000000e+03
5.047000000000000000e+03
4.138000000000000000e+03
6.638000000000000000e+03
1.934000000000000000e+03
1.284500000000000000e+04
3.012000000000000000e+03
1.014800000000000000e+04
1.072700000000000000e+04
3.956000000000000000e+03
6.167000000000000000e+03
1.523500000000000000e+04
7.817000000000000000e+03
3.579000000000000000e+03
8.182000000000000000e+03
1.090100000000000000e+04
1.379900000000000000e+04
7.056000000000000000e+03
7.513000000000000000e+03
8.343000000000000000e+03
6.739000000000000000e+03
2.829000000000000000e+03
1.139900000000000000e+04
4.256000000000000000e+03
1.122500000000000000e+04
5.132000000000000000e+03
2.827000000000000000e+03
1.392600000000000000e+04
6.839000000000000000e+03
2.069700000000000000e+04
5.263000000000000000e+03
5.004000000000000000e+03
9.350000000000000000e+03
4.956000000000000000e+03
6.634000000000000000e+03
7.495000000000000000e+03
1.345500000000000000e+04
4.960000000000000000e+03
3.406000000000000000e+03
9.504000000000000000e+03
2.268000000000000000e+03
3.434300000000000000e+04
6.099000000000000000e+03
1.055500000000000000e+04
4.804000000000000000e+03
5.355000000000000000e+03
3.624000000000000000e+03
3.016000000000000000e+03
7.746000000000000000e+03
1.605000000000000000e+04
1.124800000000000000e+04
6.493000000000000000e+03
1.148000000000000000e+04
4.730000000000000000e+03
9.924000000000000000e+03
5.865000000000000000e+03
2.360000000000000000e+03
1.093600000000000000e+04
7.629000000000000000e+03
1.446400000000000000e+04
4.962000000000000000e+03
3.084000000000000000e+03
4.593000000000000000e+03
8.718000000000000000e+03
5.567000000000000000e+03
8.578000000000000000e+03
7.845000000000000000e+03
7.796000000000000000e+03
3.618000000000000000e+03
4.654000000000000000e+03
5.036000000000000000e+03
8.310000000000000000e+03
9.233000000000000000e+03
7.249000000000000000e+03
1.171300000000000000e+04
4.510000000000000000e+03
6.076000000000000000e+03
6.295000000000000000e+03
2.806000000000000000e+03
6.334000000000000000e+03
9.958000000000000000e+03
6.357000000000000000e+03
8.426000000000000000e+03
6.885000000000000000e+03
1.108400000000000000e+04
4.317000000000000000e+03
3.318000000000000000e+03
4.459000000000000000e+03
1.905500000000000000e+04
5.037000000000000000e+03
5.996000000000000000e+03
5.688000000000000000e+03
5.781000000000000000e+03
8.767000000000000000e+03
8.661000000000000000e+03
1.208700000000000000e+04
9.160000000000000000e+03
3.365600000000000000e+04
7.139000000000000000e+03
5.815000000000000000e+03
1.028800000000000000e+04
2.580200000000000000e+04
6.092000000000000000e+03
6.732000000000000000e+03
4.920000000000000000e+03
1.397700000000000000e+04
7.777000000000000000e+03
1.075000000000000000e+04
7.970000000000000000e+03
2.985000000000000000e+03
4.357000000000000000e+03
1.498900000000000000e+04
1.353000000000000000e+04
5.628000000000000000e+03
2.205000000000000000e+03
5.687000000000000000e+03
1.940100000000000000e+04
5.553000000000000000e+03
1.337000000000000000e+04
8.348000000000000000e+03
3.293000000000000000e+03
2.316000000000000000e+03
2.715000000000000000e+03
4.165000000000000000e+03
2.595000000000000000e+03
9.024000000000000000e+03
2.044000000000000000e+03
2.432000000000000000e+04
8.893000000000000000e+03
9.473000000000000000e+03
3.786000000000000000e+03
8.789000000000000000e+03
4.428000000000000000e+03
6.789000000000000000e+03
7.244000000000000000e+03
6.173000000000000000e+03
2.245400000000000000e+04
7.140000000000000000e+03
8.075000000000000000e+03
1.750400000000000000e+04
7.010000000000000000e+03
4.997000000000000000e+03
3.183000000000000000e+03
6.422000000000000000e+03
6.882000000000000000e+03
5.658000000000000000e+03
7.376000000000000000e+03
5.620000000000000000e+03
1.009200000000000000e+04
2.184000000000000000e+04
2.977000000000000000e+03
1.457500000000000000e+04
1.022500000000000000e+04
6.757000000000000000e+03
6.709000000000000000e+03
3.021000000000000000e+03
4.770000000000000000e+03
2.209000000000000000e+03
6.917000000000000000e+03
3.950000000000000000e+03
8.255000000000000000e+03
5.024000000000000000e+03
6.770000000000000000e+03
1.151500000000000000e+04
