1.609300000000000000e+04
3.053000000000000000e+04
1.227900000000000000e+04
9.053000000000000000e+03
1.290400000000000000e+04
7.165900000000000000e+04
1.113400000000000000e+04
2.046200000000000000e+04
2.313000000000000000e+04
3.557700000000000000e+04
1.761800000000000000e+04
2.109600000000000000e+04
1.207700000000000000e+04
1.584200000000000000e+04
9.539000000000000000e+03
1.218700000000000000e+04
1.611400000000000000e+04
1.882400000000000000e+04
2.186100000000000000e+04
2.499000000000000000e+04
1.047200000000000000e+04
1.657500000000000000e+04
1.163700000000000000e+04
1.605800000000000000e+04
1.541900000000000000e+04
3.170300000000000000e+04
3.153700000000000000e+04
1.365500000000000000e+04
1.334200000000000000e+04
1.172900000000000000e+04
1.395500000000000000e+04
5.561000000000000000e+03
1.154300000000000000e+04
1.432600000000000000e+04
1.111500000000000000e+04
4.226900000000000000e+04
1.514200000000000000e+04
3.404800000000000000e+04
3.123000000000000000e+04
1.275400000000000000e+04
1.695000000000000000e+04
1.587300000000000000e+04
1.610500000000000000e+04
3.107800000000000000e+04
1.035200000000000000e+04
3.086800000000000000e+04
2.776600000000000000e+04
1.897700000000000000e+04
1.239800000000000000e+04
1.475600000000000000e+04
2.131000000000000000e+04
3.068000000000000000e+04
1.610000000000000000e+04
2.622100000000000000e+04
1.343500000000000000e+04
4.460000000000000000e+04
1.517300000000000000e+04
9.746000000000000000e+03
2.126400000000000000e+04
5.207000000000000000e+03
9.182000000000000000e+03
2.271000000000000000e+04
1.026700000000000000e+04
3.639300000000000000e+04
2.014100000000000000e+04
1.890100000000000000e+04
1.354800000000000000e+04
1.052400000000000000e+04
1.643100000000000000e+04
1.846300000000000000e+04
1.764700000000000000e+04
1.611900000000000000e+04
1.155200000000000000e+04
1.680700000000000000e+04
2.974100000000000000e+04
1.691800000000000000e+04
3.549600000000000000e+04
2.283400000000000000e+04
1.844300000000000000e+04
3.836600000000000000e+04
1.547200000000000000e+04
1.292200000000000000e+04
3.073700000000000000e+04
1.366800000000000000e+04
2.752900000000000000e+04
1.940800000000000000e+04
4.303000000000000000e+03
2.803300000000000000e+04
1.214000000000000000e+04
3.632000000000000000e+03
7.396000000000000000e+03
2.116000000000000000e+04
8.566000000000000000e+03
1.100000000000000000e+04
3.667000000000000000e+03
1.594000000000000000e+04
2.589200000000000000e+04
1.198200000000000000e+04
1.032200000000000000e+04
2.204300000000000000e+04
6.171400000000000000e+04
1.202200000000000000e+04
1.168100000000000000e+04
6.627000000000000000e+03
3.669400000000000000e+04
1.605500000000000000e+04
1.274800000000000000e+04
1.785100000000000000e+04
1.003100000000000000e+04
8.375000000000000000e+03
1.139000000000000000e+04
1.536500000000000000e+04
2.566900000000000000e+04
1.495100000000000000e+04
1.712600000000000000e+04
1.235300000000000000e+04
1.895800000000000000e+04
1.767800000000000000e+04
1.543700000000000000e+04
2.775500000000000000e+04
1.366800000000000000e+04
1.217300000000000000e+04
1.994600000000000000e+04
7.120000000000000000e+03
1.023100000000000000e+04
2.232800000000000000e+04
2.169700000000000000e+04
2.678900000000000000e+04
1.798200000000000000e+04
1.577800000000000000e+04
2.746000000000000000e+04
2.787800000000000000e+04
1.131500000000000000e+04
1.087700000000000000e+04
2.079900000000000000e+04
5.079600000000000000e+04
4.465500000000000000e+04
1.271400000000000000e+04
1.073000000000000000e+04
6.004000000000000000e+03
9.092000000000000000e+03
3.249800000000000000e+04
3.227200000000000000e+04
1.208400000000000000e+04
3.699800000000000000e+04
3.222700000000000000e+04
6.845000000000000000e+03
8.096000000000000000e+03
2.537700000000000000e+04
2.064100000000000000e+04
1.385400000000000000e+04
1.168000000000000000e+04
6.156000000000000000e+03
2.011000000000000000e+04
7.979000000000000000e+03
1.780400000000000000e+04
2.993000000000000000e+03
5.774800000000000000e+04
1.687600000000000000e+04
1.744600000000000000e+04
1.441200000000000000e+04
3.063000000000000000e+04
2.474600000000000000e+04
1.663600000000000000e+04
2.086400000000000000e+04
2.656100000000000000e+04
1.208600000000000000e+04
8.347000000000000000e+03
1.347000000000000000e+04
1.882300000000000000e+04
9.804000000000000000e+03
4.297000000000000000e+03
2.494700000000000000e+04
9.482000000000000000e+03
3.640700000000000000e+04
3.325100000000000000e+04
7.785000000000000000e+03
3.908600000000000000e+04
3.754600000000000000e+04
2.490500000000000000e+04
1.196500000000000000e+04
2.612100000000000000e+04
3.742700000000000000e+04
1.088000000000000000e+04
1.627400000000000000e+04
3.148500000000000000e+04
2.844600000000000000e+04
5.600000000000000000e+03
2.811500000000000000e+04
1.644600000000000000e+04
2.998900000000000000e+04
1.424600000000000000e+04
7.706000000000000000e+03
3.348400000000000000e+04
1.181200000000000000e+04
2.062500000000000000e+04
1.208800000000000000e+04
1.927600000000000000e+04
1.722300000000000000e+04
4.656000000000000000e+03
1.441700000000000000e+04
9.859000000000000000e+03
1.482800000000000000e+04
1.232000000000000000e+04
1.568200000000000000e+04
1.492500000000000000e+04
1.509300000000000000e+04
1.209700000000000000e+04
4.149000000000000000e+03
3.283100000000000000e+04
4.569000000000000000e+03
1.388800000000000000e+04
1.057600000000000000e+04
4.863200000000000000e+04
7.876000000000000000e+03
3.070100000000000000e+04
1.277300000000000000e+04
7.439000000000000000e+03
2.442300000000000000e+04
2.295300000000000000e+04
1.122700000000000000e+04
2.525000000000000000e+04
1.880200000000000000e+04
3.729300000000000000e+04
2.496000000000000000e+04
3.702900000000000000e+04
1.768000000000000000e+04
8.835000000000000000e+03
1.533600000000000000e+04
1.348000000000000000e+04
1.151300000000000000e+04
4.903000000000000000e+03
1.396400000000000000e+04
1.779900000000000000e+04
1.958400000000000000e+04
1.193800000000000000e+04
1.058300000000000000e+04
3.272700000000000000e+04
1.847400000000000000e+04
1.479100000000000000e+04
1.582700000000000000e+04
5.355000000000000000e+03
2.489700000000000000e+04
2.639600000000000000e+04
1.982000000000000000e+04
1.050700000000000000e+04
8.839000000000000000e+03
1.626100000000000000e+04
2.921200000000000000e+04
4.285500000000000000e+04
3.090100000000000000e+04
3.042100000000000000e+04
2.038900000000000000e+04
1.088900000000000000e+04
2.992200000000000000e+04
2.089300000000000000e+04
5.128000000000000000e+03
2.392200000000000000e+04
1.770800000000000000e+04
5.326000000000000000e+04
1.611300000000000000e+04
1.507000000000000000e+04
1.020300000000000000e+04
1.496500000000000000e+04
9.991000000000000000e+03
1.075200000000000000e+04
3.788400000000000000e+04
1.044700000000000000e+04
4.408300000000000000e+04
7.061000000000000000e+03
2.715700000000000000e+04
4.031600000000000000e+04
4.405400000000000000e+04
9.978000000000000000e+03
2.357700000000000000e+04
6.520000000000000000e+03
4.142900000000000000e+04
3.490700000000000000e+04
2.665700000000000000e+04
1.682200000000000000e+04
1.964800000000000000e+04
2.314200000000000000e+04
3.392900000000000000e+04
5.581000000000000000e+03
6.258000000000000000e+03
2.073700000000000000e+04
2.840200000000000000e+04
8.167000000000000000e+03
1.130500000000000000e+04
1.836700000000000000e+04
3.408700000000000000e+04
1.485500000000000000e+04
1.879400000000000000e+04
3.502100000000000000e+04
2.411000000000000000e+04
1.928200000000000000e+04
6.852000000000000000e+03
1.522200000000000000e+04
5.544000000000000000e+03
1.489900000000000000e+04
2.365500000000000000e+04
1.506000000000000000e+04
7.180000000000000000e+03
2.632500000000000000e+04
7.108000000000000000e+03
7.736000000000000000e+03
5.511000000000000000e+03
2.799000000000000000e+04
7.689000000000000000e+03
1.989100000000000000e+04
7.666000000000000000e+03
4.022800000000000000e+04
1.255700000000000000e+04
1.421600000000000000e+04
2.107400000000000000e+04
2.715900000000000000e+04
1.836600000000000000e+04
1.278700000000000000e+04
2.356200000000000000e+04
2.108600000000000000e+04
5.846000000000000000e+03
1.023100000000000000e+04
2.543400000000000000e+04
8.500000000000000000e+03
1.059700000000000000e+04
7.583000000000000000e+03
1.343800000000000000e+04
1.197600000000000000e+04
9.339000000000000000e+03
2.480000000000000000e+04
1.075400000000000000e+04
4.194500000000000000e+04
1.077500000000000000e+04
1.482800000000000000e+04
1.335100000000000000e+04
7.028000000000000000e+03
1.440800000000000000e+04
2.568300000000000000e+04
1.068300000000000000e+04
6.378000000000000000e+03
1.593600000000000000e+04
1.483900000000000000e+04
1.712700000000000000e+04
3.095100000000000000e+04
6.582000000000000000e+03
8.737000000000000000e+03
2.031700000000000000e+04
1.006600000000000000e+04
1.019900000000000000e+04
1.325700000000000000e+04
1.613500000000000000e+04
4.300800000000000000e+04
1.229100000000000000e+04
1.848000000000000000e+04
1.444400000000000000e+04
1.227700000000000000e+04
1.112200000000000000e+04
1.971600000000000000e+04
5.374000000000000000e+03
1.656500000000000000e+04
6.288000000000000000e+03
2.469800000000000000e+04
1.270800000000000000e+04
1.516800000000000000e+04
1.017300000000000000e+04
1.115400000000000000e+04
1.714900000000000000e+04
2.269700000000000000e+04
1.360000000000000000e+04
2.877000000000000000e+04
2.542600000000000000e+04
3.154900000000000000e+04
2.575400000000000000e+04
2.193100000000000000e+04
1.866600000000000000e+04
1.029800000000000000e+04
1.999100000000000000e+04
1.729900000000000000e+04
3.299900000000000000e+04
2.964800000000000000e+04
1.484400000000000000e+04
7.383000000000000000e+03
9.892000000000000000e+03
7.264000000000000000e+03
2.254400000000000000e+04
1.239900000000000000e+04
1.015900000000000000e+04
1.792900000000000000e+04
7.099000000000000000e+03
4.407300000000000000e+04
2.271200000000000000e+04
2.490200000000000000e+04
1.185200000000000000e+04
1.138400000000000000e+04
1.559100000000000000e+04
1.256800000000000000e+04
1.859500000000000000e+04
7.531000000000000000e+03
8.686000000000000000e+03
1.017600000000000000e+04
2.317500000000000000e+04
1.800700000000000000e+04
2.961800000000000000e+04
3.811400000000000000e+04
1.129800000000000000e+04
9.432000000000000000e+03
1.295100000000000000e+04
1.425100000000000000e+04
1.081600000000000000e+04
2.307000000000000000e+04
4.018000000000000000e+04
1.815800000000000000e+04
1.257700000000000000e+04
2.333900000000000000e+04
7.938000000000000000e+03
2.879800000000000000e+04
2.407700000000000000e+04
1.503200000000000000e+04
1.981100000000000000e+04
1.241700000000000000e+04
1.592300000000000000e+04
7.804000000000000000e+03
4.000400000000000000e+04
2.402300000000000000e+04
2.273000000000000000e+04
1.051400000000000000e+04
5.598000000000000000e+03
2.531100000000000000e+04
1.052100000000000000e+04
1.984500000000000000e+04
4.466800000000000000e+04
7.433000000000000000e+03
2.968300000000000000e+04
8.832000000000000000e+03
3.268800000000000000e+04
9.796000000000000000e+03
8.062000000000000000e+03
8.821000000000000000e+03
2.339000000000000000e+04
1.417300000000000000e+04
2.914700000000000000e+04
2.319300000000000000e+04
2.963900000000000000e+04
1.623900000000000000e+04
8.311000000000000000e+03
2.885200000000000000e+04
1.416200000000000000e+04
1.712200000000000000e+04
7.255500000000000000e+04
7.544000000000000000e+03
7.455000000000000000e+03
9.014000000000000000e+03
1.512800000000000000e+04
2.948700000000000000e+04
1.375100000000000000e+04
6.981000000000000000e+03
8.547000000000000000e+03
2.474900000000000000e+04
2.124000000000000000e+04
1.158200000000000000e+04
1.154400000000000000e+04
1.137500000000000000e+04
3.020200000000000000e+04
1.242600000000000000e+04
2.133200000000000000e+04
2.293100000000000000e+04
2.001000000000000000e+04
9.383000000000000000e+03
1.838700000000000000e+04
2.635700000000000000e+04
1.471200000000000000e+04
1.052800000000000000e+04
2.742500000000000000e+04
2.810100000000000000e+04
2.456500000000000000e+04
1.048400000000000000e+04
5.173000000000000000e+03
9.190000000000000000e+03
1.054600000000000000e+04
1.418800000000000000e+04
2.369600000000000000e+04
1.296500000000000000e+04
6.687000000000000000e+03
4.734200000000000000e+04
9.280000000000000000e+03
2.839400000000000000e+04
1.792000000000000000e+04
9.461000000000000000e+03
1.127500000000000000e+04
8.217000000000000000e+03
7.692000000000000000e+03
2.748800000000000000e+04
2.612500000000000000e+04
1.288300000000000000e+04
7.321400000000000000e+04
2.915000000000000000e+04
1.508000000000000000e+04
2.064000000000000000e+04
1.948000000000000000e+04
2.782100000000000000e+04
1.346200000000000000e+04
9.106000000000000000e+03
8.493000000000000000e+03
3.739800000000000000e+04
1.235200000000000000e+04
3.001800000000000000e+04
4.809300000000000000e+04
7.987000000000000000e+03
1.541500000000000000e+04
3.828000000000000000e+04
1.504900000000000000e+04
9.254000000000000000e+03
1.623900000000000000e+04
2.233800000000000000e+04
3.702900000000000000e+04
1.298100000000000000e+04
1.202300000000000000e+04
1.760300000000000000e+04
2.286100000000000000e+04
1.084600000000000000e+04
7.976000000000000000e+03
1.461500000000000000e+04
5.758000000000000000e+04
3.338500000000000000e+04
1.999300000000000000e+04
3.288100000000000000e+04
4.084400000000000000e+04
3.505900000000000000e+04
9.192000000000000000e+03
5.487000000000000000e+03
9.418000000000000000e+03
8.463000000000000000e+03
3.973900000000000000e+04
2.734100000000000000e+04
4.781900000000000000e+04
9.626000000000000000e+03
7.369000000000000000e+03
1.072200000000000000e+04
1.969000000000000000e+04
3.122800000000000000e+04
1.814500000000000000e+04
1.498700000000000000e+04
9.450000000000000000e+03
1.833000000000000000e+04
1.025600000000000000e+04
9.912000000000000000e+03
2.045400000000000000e+04
1.479000000000000000e+04
8.331000000000000000e+03
1.039500000000000000e+04
1.127300000000000000e+04
8.065000000000000000e+03
1.731600000000000000e+04
2.302600000000000000e+04
7.604000000000000000e+03
2.249400000000000000e+04
7.854000000000000000e+03
1.977600000000000000e+04
4.580200000000000000e+04
2.901400000000000000e+04
9.054000000000000000e+03
2.207400000000000000e+04
5.839000000000000000e+03
2.874700000000000000e+04
1.938600000000000000e+04
1.076100000000000000e+04
3.007400000000000000e+04
4.079000000000000000e+03
2.872700000000000000e+04
1.222200000000000000e+04
2.047800000000000000e+04
3.065600000000000000e+04
9.306000000000000000e+03
1.249100000000000000e+04
1.051900000000000000e+04
2.309300000000000000e+04
1.617700000000000000e+04
1.032300000000000000e+04
1.610100000000000000e+04
8.457000000000000000e+03
9.950000000000000000e+03
1.547200000000000000e+04
2.550600000000000000e+04
1.910300000000000000e+04
2.725700000000000000e+04
1.132600000000000000e+04
1.781100000000000000e+04
2.936000000000000000e+04
8.066000000000000000e+03
1.418800000000000000e+04
1.001300000000000000e+04
1.397500000000000000e+04
4.053400000000000000e+04
1.030000000000000000e+04
1.277600000000000000e+04
1.205800000000000000e+04
2.316600000000000000e+04
2.573200000000000000e+04
1.687400000000000000e+04
3.163100000000000000e+04
3.272100000000000000e+04
3.193500000000000000e+04
1.683800000000000000e+04
1.042500000000000000e+04
2.755300000000000000e+04
1.199800000000000000e+04
2.651500000000000000e+04
7.341000000000000000e+03
1.739900000000000000e+04
1.302400000000000000e+04
2.120800000000000000e+04
2.643200000000000000e+04
2.141600000000000000e+04
5.235000000000000000e+03
2.673000000000000000e+04
1.780900000000000000e+04
5.121100000000000000e+04
2.407400000000000000e+04
9.296000000000000000e+03
2.624600000000000000e+04
8.636000000000000000e+03
2.025700000000000000e+04
1.371900000000000000e+04
2.214200000000000000e+04
1.241900000000000000e+04
9.111000000000000000e+03
2.879600000000000000e+04
1.295500000000000000e+04
1.906700000000000000e+04
3.410700000000000000e+04
1.800700000000000000e+04
2.296900000000000000e+04
1.851600000000000000e+04
1.438200000000000000e+04
3.416200000000000000e+04
3.986000000000000000e+04
1.130700000000000000e+04
7.245000000000000000e+03
2.937600000000000000e+04
2.612700000000000000e+04
2.046700000000000000e+04
1.335600000000000000e+04
1.381100000000000000e+04
1.112100000000000000e+04
5.051000000000000000e+03
8.937000000000000000e+03
1.397400000000000000e+04
7.342000000000000000e+03
2.465800000000000000e+04
7.793000000000000000e+03
3.116700000000000000e+04
2.684500000000000000e+04
1.483300000000000000e+04
2.315500000000000000e+04
3.051000000000000000e+04
1.963700000000000000e+04
2.703600000000000000e+04
1.259600000000000000e+04
9.245000000000000000e+03
9.085000000000000000e+03
5.841900000000000000e+04
2.457700000000000000e+04
2.198400000000000000e+04
3.022900000000000000e+04
1.420900000000000000e+04
2.373400000000000000e+04
7.373000000000000000e+03
3.329000000000000000e+03
1.592100000000000000e+04
1.328800000000000000e+04
1.133500000000000000e+04
1.299800000000000000e+04
9.359000000000000000e+03
2.416200000000000000e+04
9.803000000000000000e+03
3.131500000000000000e+04
9.939000000000000000e+03
4.448600000000000000e+04
1.514600000000000000e+04
1.701000000000000000e+04
2.266000000000000000e+04
5.010300000000000000e+04
1.521700000000000000e+04
8.934000000000000000e+03
2.088100000000000000e+04
2.144100000000000000e+04
2.317700000000000000e+04
4.338300000000000000e+04
1.789500000000000000e+04
9.554000000000000000e+03
1.657100000000000000e+04
2.085700000000000000e+04
1.539600000000000000e+04
2.278800000000000000e+04
1.623000000000000000e+04
4.195200000000000000e+04
4.370700000000000000e+04
3.223700000000000000e+04
3.497900000000000000e+04
1.248100000000000000e+04
2.459400000000000000e+04
2.149000000000000000e+04
2.469400000000000000e+04
2.320400000000000000e+04
3.113400000000000000e+04
5.324600000000000000e+04
1.913500000000000000e+04
3.235900000000000000e+04
2.070600000000000000e+04
3.704400000000000000e+04
1.283100000000000000e+04
1.126400000000000000e+04
1.361700000000000000e+04
2.127200000000000000e+04
1.269100000000000000e+04
2.109100000000000000e+04
1.075400000000000000e+04
2.774800000000000000e+04
2.713000000000000000e+04
1.909300000000000000e+04
3.702700000000000000e+04
1.812900000000000000e+04
1.127200000000000000e+04
1.338500000000000000e+04
2.117200000000000000e+04
2.192000000000000000e+04
2.069300000000000000e+04
2.747100000000000000e+04
6.456000000000000000e+03
2.814500000000000000e+04
3.412600000000000000e+04
2.344600000000000000e+04
1.854100000000000000e+04
1.818500000000000000e+04
1.483800000000000000e+04
1.073300000000000000e+04
1.898500000000000000e+04
8.403000000000000000e+03
1.297500000000000000e+04
8.525000000000000000e+03
9.670000000000000000e+03
1.743900000000000000e+04
1.614100000000000000e+04
1.565200000000000000e+04
1.062900000000000000e+04
1.461600000000000000e+04
9.250000000000000000e+03
1.749000000000000000e+04
3.773000000000000000e+04
9.624000000000000000e+03
1.047300000000000000e+04
2.816500000000000000e+04
1.948100000000000000e+04
8.863000000000000000e+03
4.004600000000000000e+04
3.797400000000000000e+04
1.043800000000000000e+04
2.226300000000000000e+04
1.021000000000000000e+04
1.795000000000000000e+04
1.192400000000000000e+04
6.741000000000000000e+03
3.746800000000000000e+04
3.189600000000000000e+04
1.486400000000000000e+04
1.067900000000000000e+04
1.132500000000000000e+04
1.104600000000000000e+04
1.628800000000000000e+04
1.683000000000000000e+04
2.260900000000000000e+04
2.184700000000000000e+04
8.037000000000000000e+03
1.853500000000000000e+04
8.780000000000000000e+03
2.008600000000000000e+04
6.509000000000000000e+03
2.108000000000000000e+04
3.473800000000000000e+04
4.710000000000000000e+03
6.507000000000000000e+03
1.837300000000000000e+04
2.569100000000000000e+04
3.379000000000000000e+03
1.253400000000000000e+04
5.367700000000000000e+04
2.104100000000000000e+04
8.916000000000000000e+03
1.467300000000000000e+04
7.823000000000000000e+03
1.966900000000000000e+04
1.194600000000000000e+04
8.516000000000000000e+03
3.038300000000000000e+04
1.561400000000000000e+04
3.127500000000000000e+04
7.951000000000000000e+03
1.161100000000000000e+04
8.671000000000000000e+03
5.630500000000000000e+04
2.585000000000000000e+03
3.497000000000000000e+04
3.634300000000000000e+04
3.125000000000000000e+04
1.592300000000000000e+04
8.052000000000000000e+03
1.160500000000000000e+04
1.226600000000000000e+04
1.616700000000000000e+04
2.349400000000000000e+04
1.713900000000000000e+04
3.681900000000000000e+04
1.967900000000000000e+04
9.822000000000000000e+03
1.382400000000000000e+04
1.197500000000000000e+04
1.732200000000000000e+04
2.262300000000000000e+04
7.892000000000000000e+03
2.488800000000000000e+04
1.759600000000000000e+04
1.558600000000000000e+04
1.001200000000000000e+04
5.126900000000000000e+04
1.847500000000000000e+04
2.276700000000000000e+04
9.442000000000000000e+03
8.786000000000000000e+03
1.219000000000000000e+04
9.808000000000000000e+03
2.997000000000000000e+04
7.893000000000000000e+03
2.104100000000000000e+04
1.359200000000000000e+04
1.960700000000000000e+04
1.999000000000000000e+04
1.624900000000000000e+04
1.310800000000000000e+04
2.213400000000000000e+04
1.380000000000000000e+04
1.280900000000000000e+04
2.101000000000000000e+04
1.943300000000000000e+04
9.685000000000000000e+03
1.419400000000000000e+04
6.601000000000000000e+03
2.545000000000000000e+04
1.698400000000000000e+04
2.852900000000000000e+04
3.193200000000000000e+04
8.883000000000000000e+03
2.356900000000000000e+04
1.505600000000000000e+04
4.914000000000000000e+03
9.389000000000000000e+03
1.523100000000000000e+04
2.469000000000000000e+04
3.026200000000000000e+04
2.132500000000000000e+04
2.961700000000000000e+04
2.749900000000000000e+04
7.879000000000000000e+03
3.420100000000000000e+04
1.276500000000000000e+04
1.983900000000000000e+04
7.350000000000000000e+03
1.777000000000000000e+04
3.114500000000000000e+04
1.242100000000000000e+04
1.347100000000000000e+04
5.606000000000000000e+03
1.434000000000000000e+04
5.260000000000000000e+03
1.407100000000000000e+04
9.215000000000000000e+03
1.561900000000000000e+04
1.786200000000000000e+04
7.039000000000000000e+03
2.171500000000000000e+04
3.027000000000000000e+03
1.820200000000000000e+04
1.308800000000000000e+04
1.475000000000000000e+04
1.221600000000000000e+04
1.997700000000000000e+04
7.048100000000000000e+04
1.538900000000000000e+04
7.192000000000000000e+03
1.040900000000000000e+04
6.795000000000000000e+03
1.047400000000000000e+04
2.353300000000000000e+04
1.306500000000000000e+04
2.297500000000000000e+04
3.554300000000000000e+04
2.187400000000000000e+04
1.446900000000000000e+04
1.295100000000000000e+04
8.622000000000000000e+03
3.988200000000000000e+04
9.672000000000000000e+03
1.147000000000000000e+04
7.621000000000000000e+03
1.904600000000000000e+04
1.556500000000000000e+04
1.057200000000000000e+04
2.117900000000000000e+04
4.510700000000000000e+04
2.593000000000000000e+04
1.260800000000000000e+04
1.023800000000000000e+04
6.526000000000000000e+03
1.143200000000000000e+04
1.401800000000000000e+04
2.837400000000000000e+04
1.680000000000000000e+04
3.356800000000000000e+04
1.530900000000000000e+04
1.322800000000000000e+04
5.076800000000000000e+04
2.723300000000000000e+04
1.316000000000000000e+04
8.829000000000000000e+03
1.987400000000000000e+04
5.519000000000000000e+04
6.084000000000000000e+03
1.575700000000000000e+04
2.849000000000000000e+04
1.227200000000000000e+04
1.493000000000000000e+04
8.638000000000000000e+03
1.478500000000000000e+04
2.064800000000000000e+04
2.629700000000000000e+04
1.078300000000000000e+04
2.734100000000000000e+04
3.708500000000000000e+04
6.772000000000000000e+03
1.430600000000000000e+04
4.005000000000000000e+04
9.749000000000000000e+03
1.636600000000000000e+04
5.714000000000000000e+03
2.666700000000000000e+04
4.002300000000000000e+04
6.895000000000000000e+03
3.036200000000000000e+04
8.674000000000000000e+03
1.501800000000000000e+04
2.659200000000000000e+04
1.039600000000000000e+04
6.464000000000000000e+03
2.745900000000000000e+04
2.830100000000000000e+04
2.658400000000000000e+04
2.537600000000000000e+04
1.592100000000000000e+04
1.650300000000000000e+04
1.888900000000000000e+04
2.405100000000000000e+04
1.028900000000000000e+04
3.260700000000000000e+04
2.180500000000000000e+04
2.414500000000000000e+04
5.442400000000000000e+04
1.162500000000000000e+04
1.319600000000000000e+04
4.008800000000000000e+04
3.494900000000000000e+04
2.204700000000000000e+04
1.499200000000000000e+04
1.276900000000000000e+04
6.896000000000000000e+03
2.556300000000000000e+04
1.305500000000000000e+04
1.134700000000000000e+04
1.854700000000000000e+04
2.755700000000000000e+04
1.475500000000000000e+04
3.180600000000000000e+04
1.620200000000000000e+04
2.144000000000000000e+04
3.310400000000000000e+04
2.269700000000000000e+04
1.406200000000000000e+04
1.291900000000000000e+04
1.545000000000000000e+04
5.474500000000000000e+04
1.230900000000000000e+04
2.961400000000000000e+04
1.175800000000000000e+04
5.669000000000000000e+04
1.409900000000000000e+04
1.433800000000000000e+04
8.665000000000000000e+03
2.639700000000000000e+04
1.384600000000000000e+04
2.118800000000000000e+04
1.620500000000000000e+04
1.909000000000000000e+04
