1.495000000000000000e+03
2.333000000000000000e+03
1.252000000000000000e+03
7.790000000000000000e+02
2.991000000000000000e+03
2.826000000000000000e+03
1.155000000000000000e+03
1.752000000000000000e+03
2.318000000000000000e+03
2.463000000000000000e+03
3.154000000000000000e+03
2.208000000000000000e+03
3.089000000000000000e+03
2.975000000000000000e+03
2.497000000000000000e+03
1.444000000000000000e+03
1.848000000000000000e+03
3.229000000000000000e+03
9.970000000000000000e+02
1.368000000000000000e+03
2.319000000000000000e+03
1.867000000000000000e+03
2.393000000000000000e+03
1.850000000000000000e+03
1.631000000000000000e+03
9.400000000000000000e+02
1.124000000000000000e+03
1.244000000000000000e+03
1.285000000000000000e+03
1.451000000000000000e+03
1.873000000000000000e+03
1.757000000000000000e+03
2.274000000000000000e+03
1.599000000000000000e+03
1.918000000000000000e+03
1.461000000000000000e+03
1.935000000000000000e+03
1.296000000000000000e+03
2.183000000000000000e+03
2.708000000000000000e+03
3.456000000000000000e+03
2.380000000000000000e+03
1.192000000000000000e+03
5.470000000000000000e+02
2.886000000000000000e+03
2.954000000000000000e+03
1.506000000000000000e+03
3.230000000000000000e+03
8.960000000000000000e+02
2.428000000000000000e+03
1.916000000000000000e+03
5.260000000000000000e+02
1.090000000000000000e+03
1.586000000000000000e+03
1.255000000000000000e+03
1.405000000000000000e+03
5.874000000000000000e+03
5.510000000000000000e+02
1.939000000000000000e+03
5.640000000000000000e+02
1.304000000000000000e+03
1.722000000000000000e+03
2.323000000000000000e+03
1.318000000000000000e+03
2.275000000000000000e+03
9.260000000000000000e+02
4.740000000000000000e+02
9.760000000000000000e+02
5.330000000000000000e+02
3.955000000000000000e+03
2.604000000000000000e+03
9.640000000000000000e+02
4.560000000000000000e+03
9.670000000000000000e+02
3.402000000000000000e+03
1.676000000000000000e+03
2.061000000000000000e+03
1.678000000000000000e+03
1.267000000000000000e+03
8.540000000000000000e+02
3.300000000000000000e+03
2.428000000000000000e+03
1.665000000000000000e+03
2.213000000000000000e+03
9.300000000000000000e+02
8.390000000000000000e+02
1.355000000000000000e+03
1.363000000000000000e+03
1.147000000000000000e+03
1.615000000000000000e+03
9.600000000000000000e+02
2.567000000000000000e+03
3.803000000000000000e+03
6.250000000000000000e+02
1.351000000000000000e+03
2.710000000000000000e+03
5.950000000000000000e+02
1.622000000000000000e+03
1.476000000000000000e+03
5.940000000000000000e+02
2.523000000000000000e+03
3.051000000000000000e+03
1.400000000000000000e+03
3.950000000000000000e+02
1.840000000000000000e+03
1.720000000000000000e+03
1.908000000000000000e+03
2.247000000000000000e+03
1.193000000000000000e+03
3.667000000000000000e+03
2.583000000000000000e+03
9.660000000000000000e+02
3.615000000000000000e+03
8.870000000000000000e+02
2.728000000000000000e+03
2.324000000000000000e+03
1.183000000000000000e+03
5.360000000000000000e+02
2.873000000000000000e+03
2.052000000000000000e+03
2.064000000000000000e+03
6.190000000000000000e+02
1.179000000000000000e+03
4.006000000000000000e+03
1.577000000000000000e+03
2.454000000000000000e+03
3.777000000000000000e+03
5.600000000000000000e+02
1.058000000000000000e+03
2.030000000000000000e+03
2.258000000000000000e+03
6.780000000000000000e+02
1.184000000000000000e+03
7.850000000000000000e+02
8.550000000000000000e+02
1.157000000000000000e+03
2.831000000000000000e+03
3.377000000000000000e+03
1.040000000000000000e+03
2.095000000000000000e+03
1.151000000000000000e+03
2.851000000000000000e+03
1.545000000000000000e+03
3.151000000000000000e+03
1.204000000000000000e+03
3.691000000000000000e+03
1.530000000000000000e+03
3.986000000000000000e+03
1.738000000000000000e+03
2.039000000000000000e+03
1.103000000000000000e+03
4.435000000000000000e+03
2.970000000000000000e+03
4.150000000000000000e+02
2.894000000000000000e+03
2.744000000000000000e+03
1.133000000000000000e+03
9.700000000000000000e+02
6.252000000000000000e+03
3.122000000000000000e+03
2.350000000000000000e+03
3.410000000000000000e+03
3.550000000000000000e+03
3.579000000000000000e+03
2.473000000000000000e+03
9.000000000000000000e+02
2.152000000000000000e+03
2.370000000000000000e+03
8.980000000000000000e+02
6.420000000000000000e+02
3.054000000000000000e+03
2.872000000000000000e+03
1.183000000000000000e+03
7.660000000000000000e+02
1.730000000000000000e+03
2.766000000000000000e+03
1.230000000000000000e+03
2.003000000000000000e+03
1.850000000000000000e+03
1.544000000000000000e+03
2.582000000000000000e+03
3.838000000000000000e+03
9.050000000000000000e+02
1.296000000000000000e+03
5.717000000000000000e+03
1.579000000000000000e+03
8.030000000000000000e+02
1.728000000000000000e+03
3.692000000000000000e+03
2.820000000000000000e+03
1.143000000000000000e+03
3.083000000000000000e+03
1.981000000000000000e+03
1.191000000000000000e+03
2.773000000000000000e+03
6.410000000000000000e+02
1.695000000000000000e+03
1.276000000000000000e+03
2.147000000000000000e+03
4.490000000000000000e+03
2.102000000000000000e+03
1.009000000000000000e+03
1.918000000000000000e+03
1.788000000000000000e+03
2.043000000000000000e+03
2.965000000000000000e+03
1.675000000000000000e+03
1.312000000000000000e+03
1.232000000000000000e+03
4.506000000000000000e+03
1.223000000000000000e+03
1.347000000000000000e+03
2.923000000000000000e+03
2.241000000000000000e+03
9.340000000000000000e+02
1.934000000000000000e+03
3.586000000000000000e+03
4.376000000000000000e+03
4.892000000000000000e+03
1.871000000000000000e+03
1.326000000000000000e+03
3.352000000000000000e+03
1.207000000000000000e+03
6.950000000000000000e+02
2.426000000000000000e+03
1.691000000000000000e+03
9.580000000000000000e+02
2.317000000000000000e+03
1.565000000000000000e+03
2.053000000000000000e+03
1.829000000000000000e+03
2.173000000000000000e+03
2.250000000000000000e+03
1.451000000000000000e+03
3.366000000000000000e+03
1.100000000000000000e+03
1.983000000000000000e+03
3.027000000000000000e+03
1.634000000000000000e+03
4.440000000000000000e+02
1.119000000000000000e+03
2.733000000000000000e+03
8.840000000000000000e+02
8.390000000000000000e+02
3.621000000000000000e+03
3.963000000000000000e+03
1.300000000000000000e+03
1.293000000000000000e+03
1.567000000000000000e+03
1.433000000000000000e+03
4.779000000000000000e+03
1.749000000000000000e+03
1.946000000000000000e+03
2.599000000000000000e+03
1.263000000000000000e+03
1.380000000000000000e+03
2.455000000000000000e+03
2.121000000000000000e+03
1.457000000000000000e+03
3.006000000000000000e+03
1.619000000000000000e+03
1.843000000000000000e+03
3.772000000000000000e+03
1.403000000000000000e+03
9.810000000000000000e+02
1.694000000000000000e+03
2.246000000000000000e+03
1.402000000000000000e+03
8.650000000000000000e+02
1.941000000000000000e+03
3.059000000000000000e+03
1.696000000000000000e+03
9.440000000000000000e+02
2.740000000000000000e+03
1.366000000000000000e+03
3.719000000000000000e+03
2.365000000000000000e+03
2.701000000000000000e+03
3.274000000000000000e+03
1.209000000000000000e+03
9.390000000000000000e+02
1.030000000000000000e+03
2.658000000000000000e+03
5.530000000000000000e+02
1.141000000000000000e+03
5.120000000000000000e+02
1.073000000000000000e+03
3.403000000000000000e+03
1.414000000000000000e+03
9.040000000000000000e+02
2.684000000000000000e+03
2.267000000000000000e+03
1.358000000000000000e+03
1.489000000000000000e+03
1.644000000000000000e+03
4.659000000000000000e+03
1.076000000000000000e+03
2.555000000000000000e+03
1.766000000000000000e+03
3.303000000000000000e+03
1.134000000000000000e+03
1.946000000000000000e+03
7.400000000000000000e+02
1.345000000000000000e+03
4.627000000000000000e+03
9.430000000000000000e+02
5.270000000000000000e+02
2.706000000000000000e+03
2.869000000000000000e+03
3.597000000000000000e+03
2.116000000000000000e+03
1.078000000000000000e+03
1.094000000000000000e+03
4.014000000000000000e+03
1.824000000000000000e+03
8.790000000000000000e+02
9.530000000000000000e+02
1.707000000000000000e+03
1.014000000000000000e+03
1.618000000000000000e+03
1.014000000000000000e+03
8.000000000000000000e+02
1.540000000000000000e+03
1.469000000000000000e+03
4.829000000000000000e+03
1.338000000000000000e+03
1.301000000000000000e+03
1.976000000000000000e+03
1.293000000000000000e+03
5.940000000000000000e+02
1.734000000000000000e+03
1.248000000000000000e+03
2.803000000000000000e+03
2.736000000000000000e+03
1.916000000000000000e+03
3.200000000000000000e+03
1.350000000000000000e+03
1.892000000000000000e+03
4.030000000000000000e+03
3.218000000000000000e+03
1.514000000000000000e+03
2.526000000000000000e+03
1.811000000000000000e+03
1.932000000000000000e+03
1.602000000000000000e+03
2.440000000000000000e+03
2.563000000000000000e+03
2.945000000000000000e+03
2.708000000000000000e+03
1.330000000000000000e+03
4.950000000000000000e+02
1.483000000000000000e+03
4.269000000000000000e+03
2.080000000000000000e+03
1.747000000000000000e+03
3.109000000000000000e+03
1.984000000000000000e+03
1.924000000000000000e+03
3.603000000000000000e+03
1.214000000000000000e+03
1.130000000000000000e+03
2.503000000000000000e+03
2.703000000000000000e+03
1.974000000000000000e+03
8.110000000000000000e+02
1.444000000000000000e+03
1.318000000000000000e+03
4.622000000000000000e+03
1.004000000000000000e+03
2.865000000000000000e+03
1.543000000000000000e+03
1.316000000000000000e+03
3.943000000000000000e+03
1.228000000000000000e+03
1.243000000000000000e+03
1.297000000000000000e+03
1.424000000000000000e+03
1.170000000000000000e+03
1.047000000000000000e+03
2.601000000000000000e+03
3.275000000000000000e+03
4.226000000000000000e+03
3.188000000000000000e+03
2.876000000000000000e+03
1.218000000000000000e+03
1.121000000000000000e+03
1.827000000000000000e+03
9.060000000000000000e+02
4.093000000000000000e+03
2.156000000000000000e+03
1.940000000000000000e+03
1.225000000000000000e+03
2.583000000000000000e+03
5.170000000000000000e+02
1.058000000000000000e+03
9.250000000000000000e+02
2.726000000000000000e+03
7.264000000000000000e+03
7.160000000000000000e+02
1.266000000000000000e+03
9.250000000000000000e+02
2.600000000000000000e+03
3.051000000000000000e+03
1.098000000000000000e+03
3.586000000000000000e+03
1.001000000000000000e+03
8.660000000000000000e+02
2.938000000000000000e+03
1.121000000000000000e+03
3.873000000000000000e+03
1.403000000000000000e+03
9.760000000000000000e+02
3.752000000000000000e+03
2.812000000000000000e+03
1.584000000000000000e+03
1.202000000000000000e+03
4.944000000000000000e+03
8.350000000000000000e+02
4.970000000000000000e+02
7.210000000000000000e+02
6.290000000000000000e+02
1.479000000000000000e+03
1.697000000000000000e+03
1.039000000000000000e+03
7.210000000000000000e+02
3.040000000000000000e+03
1.358000000000000000e+03
1.166000000000000000e+03
1.471000000000000000e+03
6.230000000000000000e+02
1.771000000000000000e+03
2.849000000000000000e+03
3.049000000000000000e+03
5.620000000000000000e+02
2.360000000000000000e+03
3.662000000000000000e+03
9.550000000000000000e+02
3.253000000000000000e+03
2.126000000000000000e+03
2.204000000000000000e+03
1.533000000000000000e+03
1.471000000000000000e+03
1.619000000000000000e+03
3.556000000000000000e+03
6.030000000000000000e+02
4.904000000000000000e+03
4.965000000000000000e+03
2.545000000000000000e+03
2.086000000000000000e+03
2.060000000000000000e+03
1.408000000000000000e+03
1.827000000000000000e+03
2.382000000000000000e+03
1.298000000000000000e+03
1.654000000000000000e+03
1.663000000000000000e+03
8.500000000000000000e+02
2.383000000000000000e+03
2.303000000000000000e+03
7.320000000000000000e+02
5.560000000000000000e+02
3.170000000000000000e+03
4.136000000000000000e+03
3.940000000000000000e+03
1.376000000000000000e+03
1.905000000000000000e+03
2.044000000000000000e+03
2.517000000000000000e+03
4.202000000000000000e+03
2.195000000000000000e+03
6.464000000000000000e+03
2.202000000000000000e+03
8.690000000000000000e+02
1.257000000000000000e+03
5.346000000000000000e+03
1.339000000000000000e+03
1.333000000000000000e+03
2.645000000000000000e+03
7.530000000000000000e+02
1.438000000000000000e+03
8.150000000000000000e+02
4.049000000000000000e+03
1.378000000000000000e+03
1.585000000000000000e+03
3.960000000000000000e+03
3.640000000000000000e+03
1.121000000000000000e+03
3.050000000000000000e+03
1.255000000000000000e+03
9.020000000000000000e+02
2.665000000000000000e+03
1.655000000000000000e+03
1.973000000000000000e+03
1.157000000000000000e+03
9.700000000000000000e+02
1.202000000000000000e+03
3.987000000000000000e+03
3.842000000000000000e+03
3.000000000000000000e+03
1.443000000000000000e+03
1.650000000000000000e+03
1.498000000000000000e+03
5.640000000000000000e+02
4.006000000000000000e+03
1.917000000000000000e+03
2.225000000000000000e+03
4.316000000000000000e+03
2.288000000000000000e+03
1.137000000000000000e+03
3.812000000000000000e+03
1.235000000000000000e+03
1.367000000000000000e+03
2.903000000000000000e+03
7.850000000000000000e+02
1.043000000000000000e+03
1.535000000000000000e+03
4.860000000000000000e+02
7.190000000000000000e+02
8.200000000000000000e+02
1.689000000000000000e+03
2.755000000000000000e+03
3.324000000000000000e+03
1.212000000000000000e+03
1.549000000000000000e+03
4.463000000000000000e+03
6.139000000000000000e+03
5.054000000000000000e+03
3.655000000000000000e+03
2.039000000000000000e+03
4.900000000000000000e+02
2.112000000000000000e+03
2.657000000000000000e+03
3.427000000000000000e+03
3.116000000000000000e+03
2.876000000000000000e+03
2.977000000000000000e+03
1.197000000000000000e+03
7.900000000000000000e+02
1.734000000000000000e+03
5.979000000000000000e+03
2.584000000000000000e+03
9.030000000000000000e+02
3.137000000000000000e+03
4.215000000000000000e+03
2.189000000000000000e+03
1.083000000000000000e+03
3.062000000000000000e+03
1.079000000000000000e+03
1.620000000000000000e+03
1.585000000000000000e+03
1.351000000000000000e+03
1.669000000000000000e+03
1.862000000000000000e+03
1.965000000000000000e+03
9.860000000000000000e+02
1.425000000000000000e+03
9.340000000000000000e+02
3.140000000000000000e+03
4.084000000000000000e+03
6.340000000000000000e+02
1.113000000000000000e+03
2.708000000000000000e+03
7.380000000000000000e+02
1.022000000000000000e+03
1.553000000000000000e+03
9.040000000000000000e+02
3.105000000000000000e+03
4.336000000000000000e+03
2.590000000000000000e+03
2.165000000000000000e+03
1.021000000000000000e+03
5.862000000000000000e+03
2.683000000000000000e+03
1.782000000000000000e+03
1.846000000000000000e+03
1.097000000000000000e+03
3.086000000000000000e+03
1.052000000000000000e+03
1.229000000000000000e+03
1.343000000000000000e+03
8.040000000000000000e+02
9.330000000000000000e+02
6.560000000000000000e+02
2.299000000000000000e+03
1.152000000000000000e+03
1.296000000000000000e+03
9.750000000000000000e+02
1.171000000000000000e+03
3.290000000000000000e+03
9.120000000000000000e+02
1.500000000000000000e+03
8.220000000000000000e+02
1.982000000000000000e+03
1.179000000000000000e+03
1.171000000000000000e+03
7.230000000000000000e+02
1.167000000000000000e+03
1.179000000000000000e+03
8.580000000000000000e+02
1.212000000000000000e+03
4.682000000000000000e+03
2.007000000000000000e+03
1.263000000000000000e+03
2.048000000000000000e+03
1.606000000000000000e+03
1.195000000000000000e+03
1.659000000000000000e+03
1.631000000000000000e+03
1.848000000000000000e+03
7.910000000000000000e+02
9.060000000000000000e+02
1.407000000000000000e+03
4.478000000000000000e+03
2.304000000000000000e+03
5.665000000000000000e+03
2.404000000000000000e+03
5.809000000000000000e+03
2.596000000000000000e+03
1.383000000000000000e+03
1.252000000000000000e+03
7.160000000000000000e+02
2.529000000000000000e+03
9.030000000000000000e+02
1.565000000000000000e+03
9.830000000000000000e+02
1.622000000000000000e+03
1.918000000000000000e+03
7.940000000000000000e+02
1.244000000000000000e+03
6.190000000000000000e+02
3.823000000000000000e+03
2.319000000000000000e+03
1.565000000000000000e+03
1.454000000000000000e+03
3.094000000000000000e+03
6.220000000000000000e+02
2.839000000000000000e+03
7.050000000000000000e+02
1.278000000000000000e+03
1.770000000000000000e+03
4.199000000000000000e+03
9.170000000000000000e+02
2.214000000000000000e+03
1.234000000000000000e+03
1.112000000000000000e+03
2.725000000000000000e+03
1.627000000000000000e+03
4.174000000000000000e+03
1.056000000000000000e+03
2.259000000000000000e+03
1.671000000000000000e+03
2.043000000000000000e+03
7.680000000000000000e+02
9.340000000000000000e+02
3.366000000000000000e+03
1.227000000000000000e+03
1.581000000000000000e+03
3.772000000000000000e+03
1.365000000000000000e+03
2.135000000000000000e+03
4.913000000000000000e+03
2.656000000000000000e+03
1.164000000000000000e+03
1.206000000000000000e+03
2.922000000000000000e+03
9.910000000000000000e+02
2.312000000000000000e+03
1.199000000000000000e+03
9.880000000000000000e+02
4.227000000000000000e+03
1.509000000000000000e+03
9.420000000000000000e+02
3.278000000000000000e+03
2.905000000000000000e+03
2.796000000000000000e+03
3.805000000000000000e+03
6.779000000000000000e+03
1.121000000000000000e+03
1.934000000000000000e+03
6.450000000000000000e+02
2.690000000000000000e+03
2.536000000000000000e+03
1.558000000000000000e+03
2.390000000000000000e+03
2.597000000000000000e+03
2.341000000000000000e+03
1.180000000000000000e+03
1.824000000000000000e+03
3.843000000000000000e+03
1.246000000000000000e+03
1.359000000000000000e+03
1.647000000000000000e+03
2.489000000000000000e+03
2.593000000000000000e+03
1.518000000000000000e+03
1.079000000000000000e+03
1.916000000000000000e+03
6.253000000000000000e+03
4.780000000000000000e+02
1.317000000000000000e+03
1.597000000000000000e+03
4.350000000000000000e+02
2.142000000000000000e+03
4.490000000000000000e+03
1.481000000000000000e+03
8.040000000000000000e+02
1.924000000000000000e+03
1.070000000000000000e+03
1.551000000000000000e+03
2.599000000000000000e+03
2.226000000000000000e+03
1.551000000000000000e+03
1.231000000000000000e+03
2.505000000000000000e+03
1.598000000000000000e+03
9.520000000000000000e+02
1.200000000000000000e+03
2.723000000000000000e+03
2.624000000000000000e+03
1.540000000000000000e+03
1.664000000000000000e+03
1.512000000000000000e+03
1.401000000000000000e+03
2.237000000000000000e+03
3.142000000000000000e+03
1.194000000000000000e+03
7.459000000000000000e+03
1.426000000000000000e+03
2.292000000000000000e+03
1.651000000000000000e+03
1.189000000000000000e+03
2.646000000000000000e+03
2.358000000000000000e+03
2.921000000000000000e+03
1.907000000000000000e+03
2.298000000000000000e+03
2.188000000000000000e+03
1.803000000000000000e+03
4.810000000000000000e+02
1.158000000000000000e+03
1.693000000000000000e+03
2.822000000000000000e+03
1.286000000000000000e+03
1.270000000000000000e+03
1.554000000000000000e+03
2.070000000000000000e+03
1.311000000000000000e+03
1.609000000000000000e+03
1.177000000000000000e+03
2.356000000000000000e+03
1.375000000000000000e+03
2.215000000000000000e+03
2.646000000000000000e+03
4.470000000000000000e+02
1.012000000000000000e+03
1.240000000000000000e+03
2.048000000000000000e+03
1.090000000000000000e+03
6.080000000000000000e+02
1.487000000000000000e+03
6.770000000000000000e+02
1.170000000000000000e+03
2.889000000000000000e+03
1.800000000000000000e+03
2.752000000000000000e+03
9.860000000000000000e+02
3.580000000000000000e+03
1.004000000000000000e+03
2.179000000000000000e+03
1.378000000000000000e+03
3.361000000000000000e+03
2.280000000000000000e+03
8.950000000000000000e+02
2.714000000000000000e+03
2.529000000000000000e+03
6.160000000000000000e+02
2.388000000000000000e+03
1.774000000000000000e+03
1.139000000000000000e+03
1.814000000000000000e+03
1.455000000000000000e+03
2.504000000000000000e+03
1.427000000000000000e+03
4.076000000000000000e+03
2.976000000000000000e+03
1.578000000000000000e+03
1.601000000000000000e+03
1.150000000000000000e+03
3.428000000000000000e+03
2.397000000000000000e+03
6.860000000000000000e+02
1.487000000000000000e+03
5.204000000000000000e+03
2.998000000000000000e+03
1.004000000000000000e+03
6.100000000000000000e+02
1.178000000000000000e+03
1.082000000000000000e+03
1.922000000000000000e+03
1.122000000000000000e+03
2.254000000000000000e+03
1.233000000000000000e+03
1.032000000000000000e+03
8.320000000000000000e+02
2.601000000000000000e+03
1.305000000000000000e+03
1.268000000000000000e+03
1.636000000000000000e+03
7.670000000000000000e+02
2.528000000000000000e+03
1.897000000000000000e+03
1.214000000000000000e+03
1.038000000000000000e+03
1.203000000000000000e+03
5.535000000000000000e+03
1.344000000000000000e+03
7.060000000000000000e+02
1.510000000000000000e+03
1.822000000000000000e+03
1.648000000000000000e+03
1.039000000000000000e+03
1.775000000000000000e+03
1.955000000000000000e+03
3.305000000000000000e+03
4.177000000000000000e+03
1.050000000000000000e+03
2.469000000000000000e+03
6.920000000000000000e+02
4.808000000000000000e+03
4.399000000000000000e+03
1.775000000000000000e+03
1.273000000000000000e+03
1.043000000000000000e+03
1.351000000000000000e+03
1.081000000000000000e+03
5.520000000000000000e+02
2.019000000000000000e+03
8.480000000000000000e+02
1.543000000000000000e+03
3.810000000000000000e+03
1.746000000000000000e+03
1.916000000000000000e+03
1.777000000000000000e+03
9.770000000000000000e+02
4.697000000000000000e+03
1.206000000000000000e+03
7.560000000000000000e+02
1.143000000000000000e+03
1.202000000000000000e+03
1.371000000000000000e+03
1.049000000000000000e+03
1.895000000000000000e+03
1.743000000000000000e+03
1.947000000000000000e+03
3.533000000000000000e+03
3.500000000000000000e+02
2.278000000000000000e+03
9.270000000000000000e+02
1.334000000000000000e+03
2.132000000000000000e+03
8.460000000000000000e+02
1.757000000000000000e+03
1.917000000000000000e+03
4.700000000000000000e+03
4.439000000000000000e+03
3.176000000000000000e+03
1.425000000000000000e+03
8.880000000000000000e+02
1.886000000000000000e+03
2.600000000000000000e+03
8.550000000000000000e+02
2.204000000000000000e+03
1.943000000000000000e+03
1.026000000000000000e+03
1.939000000000000000e+03
1.500000000000000000e+03
8.140000000000000000e+02
2.572000000000000000e+03
1.963000000000000000e+03
6.530000000000000000e+02
1.081000000000000000e+03
6.300000000000000000e+02
1.835000000000000000e+03
1.277000000000000000e+03
2.864000000000000000e+03
3.160000000000000000e+03
5.800000000000000000e+02
1.181000000000000000e+03
1.160000000000000000e+03
2.009000000000000000e+03
9.050000000000000000e+02
3.140000000000000000e+02
1.449000000000000000e+03
2.217000000000000000e+03
2.305000000000000000e+03
2.128000000000000000e+03
9.870000000000000000e+02
1.290000000000000000e+03
4.496000000000000000e+03
9.470000000000000000e+02
1.808000000000000000e+03
2.173000000000000000e+03
9.060000000000000000e+02
1.433000000000000000e+03
8.357000000000000000e+03
1.073000000000000000e+03
1.174000000000000000e+03
1.743000000000000000e+03
1.046000000000000000e+03
2.127000000000000000e+03
4.401000000000000000e+03
7.620000000000000000e+02
1.761000000000000000e+03
6.250000000000000000e+02
1.660000000000000000e+03
2.728000000000000000e+03
1.303000000000000000e+03
1.423000000000000000e+03
1.051000000000000000e+03
2.005000000000000000e+03
6.447000000000000000e+03
3.615000000000000000e+03
3.161000000000000000e+03
1.533000000000000000e+03
4.168000000000000000e+03
4.874000000000000000e+03
9.120000000000000000e+02
2.016000000000000000e+03
9.030000000000000000e+02
2.452000000000000000e+03
5.400000000000000000e+02
2.668000000000000000e+03
1.262000000000000000e+03
1.260000000000000000e+03
1.300000000000000000e+03
6.862000000000000000e+03
1.380000000000000000e+03
2.506000000000000000e+03
7.780000000000000000e+02
3.807000000000000000e+03
2.699000000000000000e+03
1.854000000000000000e+03
2.646000000000000000e+03
3.312000000000000000e+03
4.061000000000000000e+03
1.460000000000000000e+03
2.113000000000000000e+03
2.292000000000000000e+03
1.371000000000000000e+03
1.643000000000000000e+03
1.727000000000000000e+03
1.809000000000000000e+03
2.112000000000000000e+03
8.360000000000000000e+02
2.518000000000000000e+03
1.435000000000000000e+03
5.603000000000000000e+03
3.340000000000000000e+03
3.618000000000000000e+03
1.956000000000000000e+03
1.013000000000000000e+03
7.480000000000000000e+02
1.313000000000000000e+03
1.007000000000000000e+03
2.928000000000000000e+03
1.632000000000000000e+03
1.201000000000000000e+03
1.912000000000000000e+03
1.005000000000000000e+03
2.225000000000000000e+03
2.815000000000000000e+03
5.480000000000000000e+02
2.549000000000000000e+03
6.940000000000000000e+02
1.469000000000000000e+03
1.794000000000000000e+03
1.367000000000000000e+03
5.690000000000000000e+02
3.950000000000000000e+02
8.250000000000000000e+02
2.432000000000000000e+03
2.356000000000000000e+03
3.038000000000000000e+03
1.280000000000000000e+03
1.146000000000000000e+03
3.005000000000000000e+03
1.029000000000000000e+03
8.880000000000000000e+02
1.745000000000000000e+03
1.726000000000000000e+03
2.101000000000000000e+03
2.625000000000000000e+03
1.038000000000000000e+03
1.388000000000000000e+03
1.847000000000000000e+03
6.820000000000000000e+03
7.780000000000000000e+02
1.307000000000000000e+03
1.332000000000000000e+03
5.006000000000000000e+03
