1.193000000000000000e+03
4.790000000000000000e+02
6.390000000000000000e+02
2.074000000000000000e+03
1.878000000000000000e+03
1.891000000000000000e+03
7.870000000000000000e+02
1.106000000000000000e+03
9.770000000000000000e+02
2.421000000000000000e+03
9.320000000000000000e+02
4.670000000000000000e+03
1.044000000000000000e+03
5.970000000000000000e+02
1.598000000000000000e+03
2.152000000000000000e+03
1.862000000000000000e+03
1.654000000000000000e+03
3.520000000000000000e+02
8.740000000000000000e+02
1.845000000000000000e+03
1.658000000000000000e+03
1.135000000000000000e+03
3.140000000000000000e+02
3.956000000000000000e+03
1.991000000000000000e+03
1.231000000000000000e+03
2.168000000000000000e+03
2.706000000000000000e+03
5.110000000000000000e+02
6.660000000000000000e+02
1.045000000000000000e+03
3.202000000000000000e+03
9.990000000000000000e+02
1.585000000000000000e+03
2.969000000000000000e+03
6.266000000000000000e+03
1.408000000000000000e+03
1.521000000000000000e+03
3.344000000000000000e+03
1.217000000000000000e+03
8.380000000000000000e+02
7.020000000000000000e+02
1.735000000000000000e+03
4.223000000000000000e+03
1.477000000000000000e+03
2.116000000000000000e+03
8.980000000000000000e+02
5.386000000000000000e+03
9.620000000000000000e+02
7.630000000000000000e+02
1.599000000000000000e+03
2.249000000000000000e+03
1.263000000000000000e+03
9.940000000000000000e+02
1.456000000000000000e+03
1.388000000000000000e+03
7.430000000000000000e+02
4.186000000000000000e+03
3.050000000000000000e+03
1.894000000000000000e+03
2.650000000000000000e+03
5.440000000000000000e+02
2.167000000000000000e+03
2.062000000000000000e+03
1.571000000000000000e+03
2.058000000000000000e+03
5.670000000000000000e+02
9.710000000000000000e+02
3.001000000000000000e+03
1.041000000000000000e+03
2.362000000000000000e+03
5.160000000000000000e+02
2.424000000000000000e+03
6.860000000000000000e+02
1.846000000000000000e+03
1.552000000000000000e+03
2.152000000000000000e+03
3.284000000000000000e+03
1.175000000000000000e+03
1.898000000000000000e+03
5.700000000000000000e+02
1.249000000000000000e+03
1.009000000000000000e+03
8.060000000000000000e+02
8.160000000000000000e+02
9.900000000000000000e+02
1.631000000000000000e+03
1.566000000000000000e+03
2.369000000000000000e+03
1.342000000000000000e+03
1.590000000000000000e+03
2.200000000000000000e+03
1.206000000000000000e+03
5.390000000000000000e+02
8.890000000000000000e+02
1.932000000000000000e+03
4.097000000000000000e+03
8.770000000000000000e+02
1.314000000000000000e+03
7.600000000000000000e+02
6.503000000000000000e+03
1.166000000000000000e+03
8.290000000000000000e+02
1.666000000000000000e+03
6.740000000000000000e+02
1.949000000000000000e+03
1.194000000000000000e+03
8.180000000000000000e+02
1.158000000000000000e+03
1.140000000000000000e+03
2.103000000000000000e+03
3.155000000000000000e+03
2.821000000000000000e+03
1.926000000000000000e+03
3.293000000000000000e+03
6.370000000000000000e+02
1.278000000000000000e+03
1.997000000000000000e+03
3.408000000000000000e+03
8.530000000000000000e+02
2.189000000000000000e+03
1.526000000000000000e+03
1.794000000000000000e+03
1.513000000000000000e+03
2.212000000000000000e+03
1.149000000000000000e+03
1.075000000000000000e+03
9.420000000000000000e+02
2.030000000000000000e+03
7.130000000000000000e+02
1.292000000000000000e+03
5.520000000000000000e+02
8.930000000000000000e+02
1.045000000000000000e+03
4.099000000000000000e+03
4.101000000000000000e+03
9.250000000000000000e+02
1.938000000000000000e+03
1.495000000000000000e+03
1.444000000000000000e+03
4.218000000000000000e+03
1.357000000000000000e+03
2.725000000000000000e+03
3.080000000000000000e+03
3.680000000000000000e+03
2.087000000000000000e+03
1.304000000000000000e+03
8.360000000000000000e+02
2.582000000000000000e+03
1.374000000000000000e+03
1.866000000000000000e+03
3.076000000000000000e+03
7.360000000000000000e+02
8.260000000000000000e+02
3.653000000000000000e+03
2.197000000000000000e+03
1.502000000000000000e+03
1.914000000000000000e+03
2.513000000000000000e+03
2.650000000000000000e+03
9.750000000000000000e+02
2.820000000000000000e+03
1.580000000000000000e+03
7.480000000000000000e+02
1.011000000000000000e+03
2.322000000000000000e+03
5.310000000000000000e+02
9.240000000000000000e+02
7.480000000000000000e+02
1.188000000000000000e+03
7.000000000000000000e+02
1.749000000000000000e+03
9.770000000000000000e+02
1.960000000000000000e+03
1.603000000000000000e+03
5.930000000000000000e+02
8.940000000000000000e+02
1.114000000000000000e+03
1.471000000000000000e+03
1.063000000000000000e+03
3.530000000000000000e+02
1.602000000000000000e+03
1.392000000000000000e+03
1.205000000000000000e+03
2.008000000000000000e+03
9.180000000000000000e+02
5.840000000000000000e+02
1.631000000000000000e+03
1.320000000000000000e+03
6.290000000000000000e+02
9.940000000000000000e+02
3.043000000000000000e+03
2.440000000000000000e+03
2.305000000000000000e+03
2.036000000000000000e+03
5.550000000000000000e+03
1.635000000000000000e+03
1.629000000000000000e+03
1.545000000000000000e+03
1.195000000000000000e+03
4.038000000000000000e+03
1.263000000000000000e+03
5.580000000000000000e+02
7.460000000000000000e+02
1.170000000000000000e+03
6.430000000000000000e+02
4.464000000000000000e+03
1.215000000000000000e+03
2.745000000000000000e+03
1.883000000000000000e+03
1.244000000000000000e+03
1.493000000000000000e+03
1.366000000000000000e+03
1.295000000000000000e+03
1.029000000000000000e+03
2.560000000000000000e+03
1.937000000000000000e+03
7.930000000000000000e+02
4.399000000000000000e+03
6.260000000000000000e+02
6.250000000000000000e+02
6.960000000000000000e+02
9.910000000000000000e+02
1.431000000000000000e+03
3.850000000000000000e+02
8.220000000000000000e+02
2.728000000000000000e+03
4.642000000000000000e+03
1.675000000000000000e+03
2.805000000000000000e+03
2.836000000000000000e+03
2.430000000000000000e+03
1.691000000000000000e+03
1.478000000000000000e+03
4.372000000000000000e+03
1.806000000000000000e+03
7.280000000000000000e+02
9.690000000000000000e+02
3.680000000000000000e+03
7.970000000000000000e+02
2.201000000000000000e+03
6.770000000000000000e+02
1.357000000000000000e+03
1.108000000000000000e+03
7.870000000000000000e+02
8.180000000000000000e+02
9.130000000000000000e+02
8.310000000000000000e+02
2.713000000000000000e+03
1.325000000000000000e+03
1.265000000000000000e+03
1.076000000000000000e+03
1.980000000000000000e+03
1.628000000000000000e+03
1.811000000000000000e+03
2.886000000000000000e+03
1.579000000000000000e+03
2.870000000000000000e+03
1.573000000000000000e+03
1.791000000000000000e+03
4.179000000000000000e+03
5.237000000000000000e+03
3.770000000000000000e+02
1.695000000000000000e+03
2.044000000000000000e+03
2.248000000000000000e+03
1.617000000000000000e+03
1.203000000000000000e+03
2.927000000000000000e+03
7.560000000000000000e+02
9.890000000000000000e+02
9.160000000000000000e+02
3.740000000000000000e+03
2.301000000000000000e+03
1.405000000000000000e+03
1.956000000000000000e+03
1.346000000000000000e+03
1.090000000000000000e+03
1.281000000000000000e+03
2.551000000000000000e+03
9.290000000000000000e+02
6.140000000000000000e+02
8.800000000000000000e+02
7.370000000000000000e+02
4.264000000000000000e+03
1.010000000000000000e+03
9.530000000000000000e+02
2.989000000000000000e+03
4.719000000000000000e+03
1.613000000000000000e+03
1.383000000000000000e+03
2.190000000000000000e+03
6.673000000000000000e+03
3.065000000000000000e+03
9.050000000000000000e+02
6.600000000000000000e+02
7.890000000000000000e+02
3.690000000000000000e+03
7.030000000000000000e+02
2.952000000000000000e+03
1.389000000000000000e+03
1.549000000000000000e+03
3.516000000000000000e+03
3.838000000000000000e+03
1.109000000000000000e+03
1.466000000000000000e+03
1.365000000000000000e+03
1.617000000000000000e+03
3.224000000000000000e+03
1.717000000000000000e+03
1.300000000000000000e+03
9.580000000000000000e+02
1.367000000000000000e+03
3.942000000000000000e+03
1.819000000000000000e+03
1.746000000000000000e+03
3.499000000000000000e+03
2.042000000000000000e+03
9.470000000000000000e+02
1.622000000000000000e+03
1.498000000000000000e+03
7.260000000000000000e+02
1.439000000000000000e+03
7.010000000000000000e+02
1.725000000000000000e+03
1.168000000000000000e+03
1.901000000000000000e+03
2.056000000000000000e+03
2.078000000000000000e+03
1.424000000000000000e+03
1.787000000000000000e+03
1.074000000000000000e+03
1.861000000000000000e+03
5.780000000000000000e+02
2.683000000000000000e+03
1.222000000000000000e+03
2.073000000000000000e+03
1.287000000000000000e+03
7.130000000000000000e+02
1.772000000000000000e+03
3.587000000000000000e+03
1.608000000000000000e+03
1.621000000000000000e+03
3.897000000000000000e+03
2.200000000000000000e+03
1.714000000000000000e+03
1.116000000000000000e+03
2.569000000000000000e+03
7.330000000000000000e+02
1.351000000000000000e+03
1.057000000000000000e+03
3.201000000000000000e+03
1.788000000000000000e+03
1.161000000000000000e+03
1.432000000000000000e+03
1.107000000000000000e+03
2.035000000000000000e+03
2.149000000000000000e+03
2.582000000000000000e+03
2.501000000000000000e+03
1.478000000000000000e+03
2.066000000000000000e+03
2.143000000000000000e+03
2.640000000000000000e+03
1.167000000000000000e+03
4.003000000000000000e+03
1.056000000000000000e+03
1.424000000000000000e+03
2.260000000000000000e+03
4.770000000000000000e+02
2.568000000000000000e+03
2.058000000000000000e+03
1.805000000000000000e+03
1.340000000000000000e+03
6.200000000000000000e+02
1.296000000000000000e+03
9.460000000000000000e+02
6.180000000000000000e+02
6.860000000000000000e+02
3.402000000000000000e+03
1.191000000000000000e+03
2.441000000000000000e+03
2.451000000000000000e+03
1.937000000000000000e+03
1.494000000000000000e+03
1.492000000000000000e+03
1.124000000000000000e+03
2.564000000000000000e+03
2.617000000000000000e+03
2.284000000000000000e+03
1.308000000000000000e+03
1.434000000000000000e+03
2.513000000000000000e+03
1.426000000000000000e+03
9.820000000000000000e+02
1.599000000000000000e+03
2.936000000000000000e+03
8.027000000000000000e+03
1.390000000000000000e+03
1.586000000000000000e+03
3.018000000000000000e+03
2.048000000000000000e+03
3.273000000000000000e+03
4.970000000000000000e+02
1.126000000000000000e+03
2.196000000000000000e+03
5.465000000000000000e+03
1.216000000000000000e+03
9.180000000000000000e+02
1.829000000000000000e+03
1.321000000000000000e+03
1.694000000000000000e+03
4.330000000000000000e+02
1.910000000000000000e+03
1.279000000000000000e+03
1.254000000000000000e+03
1.214000000000000000e+03
3.367000000000000000e+03
4.330000000000000000e+02
1.444000000000000000e+03
1.127000000000000000e+03
4.670000000000000000e+02
3.145000000000000000e+03
2.086000000000000000e+03
2.500000000000000000e+03
8.940000000000000000e+02
5.390000000000000000e+02
6.250000000000000000e+02
1.451000000000000000e+03
1.645000000000000000e+03
2.902000000000000000e+03
2.827000000000000000e+03
2.299000000000000000e+03
1.229000000000000000e+03
8.630000000000000000e+02
3.318000000000000000e+03
1.626000000000000000e+03
1.404000000000000000e+03
5.500000000000000000e+02
4.690000000000000000e+03
6.044000000000000000e+03
8.580000000000000000e+02
1.249000000000000000e+03
1.341000000000000000e+03
1.695000000000000000e+03
9.740000000000000000e+02
2.771000000000000000e+03
1.754000000000000000e+03
6.330000000000000000e+02
1.368000000000000000e+03
5.235000000000000000e+03
1.228000000000000000e+03
9.390000000000000000e+02
1.883000000000000000e+03
8.780000000000000000e+02
1.027000000000000000e+03
6.426000000000000000e+03
1.739000000000000000e+03
1.584000000000000000e+03
6.440000000000000000e+02
1.020000000000000000e+03
1.675000000000000000e+03
1.022000000000000000e+03
1.403000000000000000e+03
2.419000000000000000e+03
1.122000000000000000e+03
1.040000000000000000e+03
2.083000000000000000e+03
8.160000000000000000e+02
1.047000000000000000e+03
7.450000000000000000e+02
1.510000000000000000e+03
5.106000000000000000e+03
3.347000000000000000e+03
2.012000000000000000e+03
1.193000000000000000e+03
4.004000000000000000e+03
1.032000000000000000e+03
2.521000000000000000e+03
1.644000000000000000e+03
4.008000000000000000e+03
1.545000000000000000e+03
1.160000000000000000e+03
1.347000000000000000e+03
1.435000000000000000e+03
2.932000000000000000e+03
3.173000000000000000e+03
8.700000000000000000e+02
8.610000000000000000e+02
9.930000000000000000e+02
7.410000000000000000e+02
3.810000000000000000e+03
9.020000000000000000e+02
2.058000000000000000e+03
3.376000000000000000e+03
2.652000000000000000e+03
7.830000000000000000e+02
2.779000000000000000e+03
4.970000000000000000e+02
1.149000000000000000e+03
1.774000000000000000e+03
1.269000000000000000e+03
2.501000000000000000e+03
1.128000000000000000e+03
3.870000000000000000e+03
1.265000000000000000e+03
8.710000000000000000e+02
1.200000000000000000e+03
1.111000000000000000e+03
3.406000000000000000e+03
2.668000000000000000e+03
4.960000000000000000e+02
1.298000000000000000e+03
2.423000000000000000e+03
2.477000000000000000e+03
1.545000000000000000e+03
8.230000000000000000e+02
1.053000000000000000e+03
8.800000000000000000e+02
1.157000000000000000e+03
1.466000000000000000e+03
1.573000000000000000e+03
2.041000000000000000e+03
1.499000000000000000e+03
1.336000000000000000e+03
5.237000000000000000e+03
3.429000000000000000e+03
1.137000000000000000e+03
1.044000000000000000e+03
1.176000000000000000e+03
3.036000000000000000e+03
1.061000000000000000e+03
5.910000000000000000e+02
9.290000000000000000e+02
6.203000000000000000e+03
5.230000000000000000e+02
2.299000000000000000e+03
9.460000000000000000e+02
8.200000000000000000e+02
2.053000000000000000e+03
9.610000000000000000e+02
9.870000000000000000e+02
2.985000000000000000e+03
2.661000000000000000e+03
6.295000000000000000e+03
1.180000000000000000e+03
1.563000000000000000e+03
1.191000000000000000e+03
7.970000000000000000e+02
2.582000000000000000e+03
1.915000000000000000e+03
1.488000000000000000e+03
9.580000000000000000e+02
1.554000000000000000e+03
2.758000000000000000e+03
1.063000000000000000e+03
1.843000000000000000e+03
1.151000000000000000e+03
3.159000000000000000e+03
3.837000000000000000e+03
4.660000000000000000e+03
2.240000000000000000e+03
3.110000000000000000e+03
4.600000000000000000e+02
1.848000000000000000e+03
6.570000000000000000e+02
1.244000000000000000e+03
3.851000000000000000e+03
1.599000000000000000e+03
2.129000000000000000e+03
8.380000000000000000e+02
1.761000000000000000e+03
7.610000000000000000e+02
1.245000000000000000e+03
4.275000000000000000e+03
7.150000000000000000e+02
2.187000000000000000e+03
2.290000000000000000e+03
1.691000000000000000e+03
2.520000000000000000e+03
1.178000000000000000e+03
1.533000000000000000e+03
8.120000000000000000e+02
1.165000000000000000e+03
7.480000000000000000e+02
1.165000000000000000e+03
1.233000000000000000e+03
1.123000000000000000e+03
1.128000000000000000e+03
5.370000000000000000e+02
2.716000000000000000e+03
4.070000000000000000e+03
1.531000000000000000e+03
1.232000000000000000e+03
1.523000000000000000e+03
3.770000000000000000e+03
1.756000000000000000e+03
6.720000000000000000e+02
1.520000000000000000e+03
1.682000000000000000e+03
1.161000000000000000e+03
9.610000000000000000e+02
1.026000000000000000e+03
2.018000000000000000e+03
3.781000000000000000e+03
1.293000000000000000e+03
4.214000000000000000e+03
9.130000000000000000e+02
1.729000000000000000e+03
9.020000000000000000e+02
1.639000000000000000e+03
1.272000000000000000e+03
9.930000000000000000e+02
3.044000000000000000e+03
1.786000000000000000e+03
3.016000000000000000e+03
1.651000000000000000e+03
4.326000000000000000e+03
4.139000000000000000e+03
2.713000000000000000e+03
2.018000000000000000e+03
1.399000000000000000e+03
2.224000000000000000e+03
6.050000000000000000e+02
7.450000000000000000e+02
6.820000000000000000e+02
1.000000000000000000e+03
2.266000000000000000e+03
1.175000000000000000e+03
1.161000000000000000e+03
5.090000000000000000e+02
8.780000000000000000e+02
4.362000000000000000e+03
8.410000000000000000e+02
6.150000000000000000e+02
1.562000000000000000e+03
1.482000000000000000e+03
6.260000000000000000e+02
1.431000000000000000e+03
1.808000000000000000e+03
6.010000000000000000e+02
1.274000000000000000e+03
6.600000000000000000e+02
1.049000000000000000e+03
5.360000000000000000e+02
1.258000000000000000e+03
2.070000000000000000e+03
4.464000000000000000e+03
1.942000000000000000e+03
1.890000000000000000e+03
1.862000000000000000e+03
1.004000000000000000e+03
1.704000000000000000e+03
1.044000000000000000e+03
1.783000000000000000e+03
8.050000000000000000e+02
2.313000000000000000e+03
2.657000000000000000e+03
2.631000000000000000e+03
3.028000000000000000e+03
6.620000000000000000e+02
1.470000000000000000e+03
2.129000000000000000e+03
1.223000000000000000e+03
1.583000000000000000e+03
2.948000000000000000e+03
1.660000000000000000e+03
1.635000000000000000e+03
7.480000000000000000e+02
1.515000000000000000e+03
1.426000000000000000e+03
7.380000000000000000e+02
3.153000000000000000e+03
1.201000000000000000e+03
1.262000000000000000e+03
9.830000000000000000e+02
1.703000000000000000e+03
1.224000000000000000e+03
1.214000000000000000e+03
1.261000000000000000e+03
1.599000000000000000e+03
8.070000000000000000e+02
9.300000000000000000e+02
8.080000000000000000e+02
1.398000000000000000e+03
5.610000000000000000e+02
5.410000000000000000e+02
5.675000000000000000e+03
1.495000000000000000e+03
1.895000000000000000e+03
8.310000000000000000e+02
1.223000000000000000e+03
2.401000000000000000e+03
2.171000000000000000e+03
2.689000000000000000e+03
1.160000000000000000e+03
2.135000000000000000e+03
1.018000000000000000e+03
7.250000000000000000e+02
1.734000000000000000e+03
2.724000000000000000e+03
1.705000000000000000e+03
1.053000000000000000e+03
5.130000000000000000e+02
7.920000000000000000e+02
2.297000000000000000e+03
1.514000000000000000e+03
6.110000000000000000e+02
1.772000000000000000e+03
5.115000000000000000e+03
1.313000000000000000e+03
3.041000000000000000e+03
2.630000000000000000e+03
1.275000000000000000e+03
1.302000000000000000e+03
8.090000000000000000e+02
3.508000000000000000e+03
2.747000000000000000e+03
1.141000000000000000e+03
8.710000000000000000e+02
1.731000000000000000e+03
2.141000000000000000e+03
7.490000000000000000e+02
1.001000000000000000e+03
1.199000000000000000e+03
8.880000000000000000e+02
2.642000000000000000e+03
1.742000000000000000e+03
1.167000000000000000e+03
9.260000000000000000e+02
2.570000000000000000e+03
2.530000000000000000e+03
1.079000000000000000e+03
2.238000000000000000e+03
1.404000000000000000e+03
1.133000000000000000e+03
1.732000000000000000e+03
1.255000000000000000e+03
1.487000000000000000e+03
3.158000000000000000e+03
1.162000000000000000e+03
8.490000000000000000e+02
1.062000000000000000e+03
4.679000000000000000e+03
1.121000000000000000e+03
8.780000000000000000e+02
2.825000000000000000e+03
7.410000000000000000e+02
8.160000000000000000e+02
2.131000000000000000e+03
9.390000000000000000e+02
1.893000000000000000e+03
9.190000000000000000e+02
7.580000000000000000e+02
8.790000000000000000e+02
1.572000000000000000e+03
5.520000000000000000e+02
1.157000000000000000e+03
1.268000000000000000e+03
4.405000000000000000e+03
3.419000000000000000e+03
1.813000000000000000e+03
2.229000000000000000e+03
1.725000000000000000e+03
8.670000000000000000e+02
2.642000000000000000e+03
1.534000000000000000e+03
1.120000000000000000e+03
2.753000000000000000e+03
1.274000000000000000e+03
1.482000000000000000e+03
2.665000000000000000e+03
1.829000000000000000e+03
1.587000000000000000e+03
5.090000000000000000e+02
1.837000000000000000e+03
1.983000000000000000e+03
4.366000000000000000e+03
1.009000000000000000e+03
6.320000000000000000e+02
2.027000000000000000e+03
7.330000000000000000e+02
9.940000000000000000e+02
4.400000000000000000e+02
1.498000000000000000e+03
7.380000000000000000e+02
8.890000000000000000e+02
5.950000000000000000e+02
1.864000000000000000e+03
2.475000000000000000e+03
3.363000000000000000e+03
4.643000000000000000e+03
1.135000000000000000e+03
8.100000000000000000e+02
2.058000000000000000e+03
1.258000000000000000e+03
1.755000000000000000e+03
8.100000000000000000e+02
2.993000000000000000e+03
2.002000000000000000e+03
1.099000000000000000e+03
2.146000000000000000e+03
9.020000000000000000e+02
2.982000000000000000e+03
2.320000000000000000e+03
7.230000000000000000e+02
7.220000000000000000e+02
4.264000000000000000e+03
8.140000000000000000e+02
9.160000000000000000e+02
1.321000000000000000e+03
1.227000000000000000e+03
8.760000000000000000e+02
1.334000000000000000e+03
1.044700000000000000e+04
1.176000000000000000e+03
7.630000000000000000e+02
1.763000000000000000e+03
1.939000000000000000e+03
1.221000000000000000e+03
9.380000000000000000e+02
1.097000000000000000e+03
1.814000000000000000e+03
4.287000000000000000e+03
2.055000000000000000e+03
3.210000000000000000e+03
8.730000000000000000e+02
1.532000000000000000e+03
8.790000000000000000e+02
1.382000000000000000e+03
1.454000000000000000e+03
1.832000000000000000e+03
7.680000000000000000e+02
2.412000000000000000e+03
2.050000000000000000e+03
1.657000000000000000e+03
2.699000000000000000e+03
1.202000000000000000e+03
1.274000000000000000e+03
2.029000000000000000e+03
1.135000000000000000e+03
2.055000000000000000e+03
1.262000000000000000e+03
5.400000000000000000e+02
1.925000000000000000e+03
7.620000000000000000e+02
7.270000000000000000e+02
4.440000000000000000e+02
8.080000000000000000e+02
4.305000000000000000e+03
2.289000000000000000e+03
1.226000000000000000e+03
7.410000000000000000e+02
1.069000000000000000e+03
2.166000000000000000e+03
1.686000000000000000e+03
8.140000000000000000e+02
6.100000000000000000e+02
1.031000000000000000e+03
1.425000000000000000e+03
9.620000000000000000e+02
2.605000000000000000e+03
9.440000000000000000e+02
3.637000000000000000e+03
8.610000000000000000e+02
2.966000000000000000e+03
2.335000000000000000e+03
2.441000000000000000e+03
1.123000000000000000e+03
1.840000000000000000e+03
1.182000000000000000e+03
1.056000000000000000e+03
1.085000000000000000e+03
1.385000000000000000e+03
1.878000000000000000e+03
2.626000000000000000e+03
3.796000000000000000e+03
4.244000000000000000e+03
7.680000000000000000e+02
1.326000000000000000e+03
1.988000000000000000e+03
1.936000000000000000e+03
1.021000000000000000e+03
1.567000000000000000e+03
1.083000000000000000e+03
1.471000000000000000e+03
1.128000000000000000e+03
2.639000000000000000e+03
1.090000000000000000e+03
1.807000000000000000e+03
1.106000000000000000e+03
5.200000000000000000e+02
2.464000000000000000e+03
2.194000000000000000e+03
8.110000000000000000e+02
4.880000000000000000e+03
8.290000000000000000e+02
1.683000000000000000e+03
4.179000000000000000e+03
2.086000000000000000e+03
1.551000000000000000e+03
2.104000000000000000e+03
1.667000000000000000e+03
1.047000000000000000e+03
4.890000000000000000e+02
1.895000000000000000e+03
2.350000000000000000e+03
2.141000000000000000e+03
1.143000000000000000e+03
1.332000000000000000e+03
6.340000000000000000e+02
2.023000000000000000e+03
1.384000000000000000e+03
1.741000000000000000e+03
1.344000000000000000e+03
2.025000000000000000e+03
1.560000000000000000e+03
1.034000000000000000e+03
1.177000000000000000e+03
1.217000000000000000e+03
1.373000000000000000e+03
1.364000000000000000e+03
1.354000000000000000e+03
1.282000000000000000e+03
1.594000000000000000e+03
5.766000000000000000e+03
8.100000000000000000e+02
1.022000000000000000e+03
8.180000000000000000e+02
5.690000000000000000e+02
2.999000000000000000e+03
3.423000000000000000e+03
1.211000000000000000e+03
1.077000000000000000e+03
5.230000000000000000e+02
1.600000000000000000e+03
1.967000000000000000e+03
1.903000000000000000e+03
1.277000000000000000e+03
1.463000000000000000e+03
1.084000000000000000e+03
1.419000000000000000e+03
7.840000000000000000e+02
1.667000000000000000e+03
7.870000000000000000e+02
4.073000000000000000e+03
4.579000000000000000e+03
4.103000000000000000e+03
1.284000000000000000e+03
1.181000000000000000e+03
2.151000000000000000e+03
2.208000000000000000e+03
1.737000000000000000e+03
4.865000000000000000e+03
1.781000000000000000e+03
6.980000000000000000e+02
1.536000000000000000e+03
8.980000000000000000e+02
1.488000000000000000e+03
4.710000000000000000e+02
1.841000000000000000e+03
3.363000000000000000e+03
3.149000000000000000e+03
1.898000000000000000e+03
1.371000000000000000e+03
8.750000000000000000e+02
3.170000000000000000e+03
8.310000000000000000e+02
5.400000000000000000e+02
9.130000000000000000e+02
1.806000000000000000e+03
2.160000000000000000e+03
1.520000000000000000e+03
2.397000000000000000e+03
1.048000000000000000e+03
1.862000000000000000e+03
4.740000000000000000e+02
1.127000000000000000e+03
1.719000000000000000e+03
1.039000000000000000e+03
3.479000000000000000e+03
1.758000000000000000e+03
2.011000000000000000e+03
8.080000000000000000e+02
1.009000000000000000e+03
1.129000000000000000e+03
3.970000000000000000e+02
1.800000000000000000e+03
1.454000000000000000e+03
1.705000000000000000e+03
1.302000000000000000e+03
7.720000000000000000e+02
1.398000000000000000e+03
1.257000000000000000e+03
1.806000000000000000e+03
1.821000000000000000e+03
9.660000000000000000e+02
1.110000000000000000e+03
1.291000000000000000e+03
