8.774000000000000000e+03
9.840000000000000000e+03
1.140100000000000000e+04
3.010800000000000000e+04
1.387200000000000000e+04
2.207700000000000000e+04
1.166100000000000000e+04
1.828000000000000000e+04
1.780000000000000000e+04
1.450800000000000000e+04
6.036000000000000000e+03
1.926700000000000000e+04
1.945100000000000000e+04
1.766500000000000000e+04
1.945100000000000000e+04
1.229300000000000000e+04
1.339100000000000000e+04
1.726400000000000000e+04
9.426000000000000000e+03
4.021000000000000000e+04
2.708300000000000000e+04
1.107700000000000000e+04
1.154900000000000000e+04
2.336100000000000000e+04
1.433800000000000000e+04
2.830800000000000000e+04
7.580000000000000000e+03
6.009000000000000000e+03
1.567800000000000000e+04
2.418700000000000000e+04
1.034100000000000000e+04
1.206500000000000000e+04
1.098400000000000000e+04
2.636800000000000000e+04
1.067500000000000000e+04
1.868500000000000000e+04
2.837500000000000000e+04
1.676200000000000000e+04
9.103000000000000000e+03
5.365000000000000000e+03
2.330500000000000000e+04
1.034000000000000000e+04
2.261000000000000000e+04
1.619300000000000000e+04
1.389300000000000000e+04
8.885000000000000000e+03
8.487000000000000000e+03
3.725300000000000000e+04
9.119000000000000000e+03
6.344000000000000000e+03
3.836000000000000000e+04
2.413600000000000000e+04
1.909700000000000000e+04
2.325200000000000000e+04
1.761900000000000000e+04
4.080000000000000000e+03
1.240000000000000000e+04
2.099800000000000000e+04
8.416000000000000000e+03
9.248000000000000000e+03
1.688800000000000000e+04
1.602600000000000000e+04
2.419500000000000000e+04
3.758000000000000000e+03
2.075000000000000000e+04
8.285000000000000000e+03
8.085000000000000000e+03
1.517200000000000000e+04
1.204200000000000000e+04
1.759000000000000000e+04
5.912000000000000000e+03
1.156700000000000000e+04
1.496900000000000000e+04
4.923000000000000000e+03
1.029900000000000000e+04
2.270400000000000000e+04
9.605000000000000000e+03
9.384000000000000000e+03
1.453500000000000000e+04
3.316500000000000000e+04
1.423300000000000000e+04
1.305600000000000000e+04
1.522800000000000000e+04
9.122000000000000000e+03
4.859300000000000000e+04
3.029900000000000000e+04
7.076000000000000000e+03
1.571700000000000000e+04
4.899700000000000000e+04
3.804900000000000000e+04
2.869000000000000000e+04
1.384900000000000000e+04
5.385000000000000000e+03
3.649300000000000000e+04
1.917700000000000000e+04
6.705000000000000000e+03
1.443600000000000000e+04
1.428300000000000000e+04
1.255400000000000000e+04
9.849000000000000000e+03
1.442700000000000000e+04
2.310000000000000000e+04
9.729000000000000000e+03
1.387400000000000000e+04
2.804000000000000000e+04
1.714200000000000000e+04
2.576000000000000000e+04
1.053500000000000000e+04
2.603900000000000000e+04
6.931000000000000000e+03
5.291500000000000000e+04
9.843000000000000000e+03
3.430100000000000000e+04
2.227000000000000000e+04
2.800800000000000000e+04
4.973000000000000000e+03
4.680600000000000000e+04
4.703500000000000000e+04
4.476000000000000000e+04
1.332300000000000000e+04
1.122900000000000000e+04
3.397500000000000000e+04
1.423600000000000000e+04
2.182400000000000000e+04
1.576300000000000000e+04
2.921800000000000000e+04
3.029800000000000000e+04
1.858500000000000000e+04
1.131200000000000000e+04
1.883900000000000000e+04
2.215600000000000000e+04
6.361000000000000000e+03
1.282900000000000000e+04
1.721200000000000000e+04
6.237800000000000000e+04
1.258900000000000000e+04
6.760600000000000000e+04
2.185700000000000000e+04
7.137000000000000000e+03
2.423500000000000000e+04
1.990100000000000000e+04
1.452400000000000000e+04
1.237200000000000000e+04
7.598000000000000000e+03
1.258100000000000000e+04
1.047500000000000000e+04
1.214000000000000000e+04
1.427100000000000000e+04
3.194100000000000000e+04
2.860100000000000000e+04
1.071400000000000000e+04
1.571000000000000000e+04
1.749500000000000000e+04
2.308700000000000000e+04
4.023200000000000000e+04
1.089700000000000000e+04
1.672100000000000000e+04
1.703700000000000000e+04
3.241200000000000000e+04
8.976000000000000000e+03
5.498000000000000000e+03
3.748200000000000000e+04
7.499000000000000000e+03
2.149300000000000000e+04
2.937200000000000000e+04
2.952900000000000000e+04
9.826000000000000000e+03
4.054900000000000000e+04
1.644900000000000000e+04
1.338100000000000000e+04
1.092000000000000000e+04
8.613000000000000000e+03
9.219000000000000000e+03
1.400800000000000000e+04
1.143200000000000000e+04
7.458000000000000000e+03
4.878000000000000000e+03
2.180100000000000000e+04
1.968800000000000000e+04
7.528000000000000000e+03
1.121200000000000000e+04
4.968000000000000000e+03
1.123400000000000000e+04
1.060900000000000000e+04
1.986600000000000000e+04
2.609100000000000000e+04
1.297200000000000000e+04
1.765000000000000000e+04
6.074000000000000000e+03
1.542800000000000000e+04
1.611700000000000000e+04
1.424300000000000000e+04
1.438500000000000000e+04
9.246000000000000000e+03
1.020300000000000000e+04
2.508600000000000000e+04
1.796100000000000000e+04
1.691700000000000000e+04
1.182400000000000000e+04
1.709000000000000000e+04
1.119100000000000000e+04
2.741200000000000000e+04
2.481700000000000000e+04
4.532200000000000000e+04
7.968000000000000000e+03
5.828000000000000000e+03
1.015700000000000000e+04
1.124000000000000000e+04
9.875000000000000000e+03
3.651300000000000000e+04
8.107000000000000000e+03
2.174000000000000000e+04
1.048400000000000000e+04
6.519000000000000000e+03
1.216100000000000000e+04
5.968000000000000000e+03
1.458600000000000000e+04
1.268600000000000000e+04
8.671000000000000000e+03
7.274000000000000000e+03
1.567600000000000000e+04
6.144000000000000000e+03
6.761300000000000000e+04
1.116600000000000000e+04
1.633200000000000000e+04
8.391000000000000000e+03
1.738500000000000000e+04
2.404800000000000000e+04
6.721000000000000000e+03
1.447800000000000000e+04
3.718100000000000000e+04
1.107000000000000000e+04
2.635700000000000000e+04
2.562400000000000000e+04
7.476000000000000000e+03
1.744600000000000000e+04
1.772200000000000000e+04
1.110800000000000000e+04
4.107800000000000000e+04
2.925900000000000000e+04
2.734400000000000000e+04
2.126900000000000000e+04
5.207800000000000000e+04
1.090400000000000000e+04
3.458200000000000000e+04
1.244600000000000000e+04
1.434800000000000000e+04
1.263500000000000000e+04
1.178900000000000000e+04
4.275000000000000000e+03
2.454100000000000000e+04
1.379900000000000000e+04
1.519600000000000000e+04
1.784900000000000000e+04
7.123000000000000000e+03
1.338600000000000000e+04
2.611900000000000000e+04
1.106100000000000000e+04
1.166200000000000000e+04
1.539000000000000000e+04
1.570400000000000000e+04
3.160900000000000000e+04
6.287000000000000000e+03
1.582500000000000000e+04
1.565100000000000000e+04
1.043300000000000000e+04
2.273700000000000000e+04
9.308000000000000000e+03
8.311000000000000000e+03
1.803200000000000000e+04
3.060400000000000000e+04
6.592000000000000000e+03
1.571900000000000000e+04
4.231200000000000000e+04
2.868000000000000000e+04
1.929400000000000000e+04
1.238900000000000000e+04
7.576000000000000000e+03
2.472400000000000000e+04
9.674000000000000000e+03
1.029200000000000000e+04
6.051000000000000000e+03
7.014000000000000000e+03
2.595500000000000000e+04
2.240800000000000000e+04
9.123000000000000000e+03
3.649800000000000000e+04
1.689600000000000000e+04
2.323700000000000000e+04
1.887700000000000000e+04
1.376700000000000000e+04
9.327000000000000000e+03
1.360600000000000000e+04
4.732000000000000000e+03
9.436000000000000000e+03
2.176900000000000000e+04
1.279300000000000000e+04
4.396900000000000000e+04
7.913000000000000000e+03
1.082800000000000000e+04
1.903900000000000000e+04
2.584600000000000000e+04
2.135300000000000000e+04
9.583000000000000000e+03
1.338300000000000000e+04
3.051600000000000000e+04
1.398900000000000000e+04
1.107800000000000000e+04
2.941500000000000000e+04
4.705200000000000000e+04
4.106000000000000000e+04
2.376400000000000000e+04
1.675900000000000000e+04
1.608300000000000000e+04
2.073200000000000000e+04
2.928400000000000000e+04
3.085200000000000000e+04
8.594000000000000000e+03
7.803000000000000000e+03
2.202000000000000000e+04
1.315300000000000000e+04
1.012800000000000000e+04
3.789700000000000000e+04
1.410000000000000000e+04
1.731700000000000000e+04
1.061700000000000000e+04
1.100700000000000000e+04
2.741300000000000000e+04
1.523700000000000000e+04
9.302000000000000000e+03
1.556500000000000000e+04
1.612900000000000000e+04
4.552500000000000000e+04
1.675800000000000000e+04
3.438800000000000000e+04
6.343000000000000000e+03
1.985900000000000000e+04
2.976900000000000000e+04
2.449000000000000000e+04
1.358600000000000000e+04
1.165300000000000000e+04
2.498600000000000000e+04
1.719300000000000000e+04
7.378000000000000000e+03
2.022600000000000000e+04
1.577000000000000000e+04
1.137200000000000000e+04
1.126300000000000000e+04
3.131100000000000000e+04
2.204300000000000000e+04
3.382700000000000000e+04
7.514000000000000000e+03
9.793000000000000000e+03
6.194000000000000000e+03
6.092000000000000000e+03
2.369400000000000000e+04
4.385200000000000000e+04
5.959800000000000000e+04
4.808000000000000000e+03
2.383500000000000000e+04
1.632900000000000000e+04
8.908000000000000000e+03
1.747700000000000000e+04
1.178900000000000000e+04
1.384000000000000000e+04
1.207200000000000000e+04
7.645000000000000000e+03
1.052400000000000000e+04
1.358400000000000000e+04
1.122300000000000000e+04
1.155000000000000000e+04
2.193800000000000000e+04
4.466000000000000000e+04
4.208000000000000000e+03
1.614300000000000000e+04
9.325000000000000000e+03
2.818000000000000000e+04
5.748000000000000000e+03
7.470000000000000000e+03
1.310300000000000000e+04
7.177000000000000000e+03
7.518000000000000000e+03
5.898400000000000000e+04
1.422100000000000000e+04
3.539600000000000000e+04
1.957000000000000000e+04
1.866000000000000000e+04
3.223200000000000000e+04
2.310500000000000000e+04
3.614600000000000000e+04
6.730000000000000000e+03
1.132000000000000000e+04
1.161000000000000000e+04
4.937800000000000000e+04
1.638700000000000000e+04
9.330000000000000000e+03
6.476000000000000000e+03
5.011100000000000000e+04
1.135700000000000000e+04
1.826900000000000000e+04
1.196600000000000000e+04
1.221300000000000000e+04
1.547400000000000000e+04
1.800100000000000000e+04
9.570000000000000000e+03
2.106700000000000000e+04
1.064900000000000000e+04
1.786900000000000000e+04
9.284000000000000000e+03
1.681500000000000000e+04
1.175600000000000000e+04
1.742000000000000000e+04
1.712800000000000000e+04
1.510700000000000000e+04
1.295400000000000000e+04
1.923400000000000000e+04
1.309700000000000000e+04
1.449100000000000000e+04
1.508200000000000000e+04
5.230000000000000000e+03
7.724000000000000000e+03
9.428000000000000000e+03
3.885900000000000000e+04
8.560000000000000000e+03
5.845500000000000000e+04
2.283700000000000000e+04
2.325600000000000000e+04
2.865000000000000000e+04
1.358900000000000000e+04
1.307700000000000000e+04
8.079000000000000000e+03
1.338600000000000000e+04
7.553000000000000000e+03
2.744200000000000000e+04
2.670400000000000000e+04
9.278000000000000000e+03
1.900300000000000000e+04
3.051100000000000000e+04
3.136600000000000000e+04
2.030500000000000000e+04
1.586500000000000000e+04
8.971000000000000000e+03
6.927000000000000000e+03
1.340000000000000000e+04
6.811000000000000000e+03
1.027900000000000000e+04
2.393600000000000000e+04
2.805000000000000000e+04
5.343000000000000000e+03
1.165900000000000000e+04
9.076000000000000000e+03
7.179000000000000000e+03
2.551400000000000000e+04
7.143000000000000000e+03
1.044400000000000000e+04
4.005800000000000000e+04
2.463500000000000000e+04
2.903500000000000000e+04
1.731500000000000000e+04
1.416900000000000000e+04
7.587000000000000000e+03
9.455000000000000000e+03
1.553000000000000000e+04
3.380600000000000000e+04
1.676700000000000000e+04
1.365600000000000000e+04
1.611900000000000000e+04
1.513400000000000000e+04
7.556000000000000000e+03
1.232500000000000000e+04
1.575100000000000000e+04
1.201400000000000000e+04
1.016400000000000000e+04
5.201000000000000000e+03
2.797400000000000000e+04
8.228000000000000000e+03
1.233100000000000000e+04
2.566700000000000000e+04
4.534000000000000000e+03
9.575000000000000000e+03
1.143000000000000000e+04
1.981600000000000000e+04
1.180600000000000000e+04
1.104500000000000000e+04
1.274200000000000000e+04
4.350000000000000000e+03
1.206800000000000000e+04
1.389500000000000000e+04
1.632700000000000000e+04
1.383400000000000000e+04
3.535500000000000000e+04
1.775400000000000000e+04
2.738800000000000000e+04
1.003600000000000000e+04
1.173700000000000000e+04
1.512300000000000000e+04
3.528300000000000000e+04
1.966300000000000000e+04
1.972500000000000000e+04
1.277600000000000000e+04
2.465900000000000000e+04
1.187100000000000000e+04
2.258500000000000000e+04
4.612600000000000000e+04
2.343000000000000000e+03
1.133400000000000000e+04
2.222600000000000000e+04
1.278400000000000000e+04
6.165000000000000000e+03
9.902000000000000000e+03
9.564000000000000000e+03
1.397500000000000000e+04
7.801000000000000000e+03
2.213900000000000000e+04
3.174900000000000000e+04
3.033100000000000000e+04
1.414500000000000000e+04
3.921900000000000000e+04
5.307000000000000000e+03
2.595200000000000000e+04
1.089000000000000000e+04
2.284500000000000000e+04
8.187000000000000000e+03
2.020100000000000000e+04
2.277700000000000000e+04
2.408600000000000000e+04
1.169200000000000000e+04
1.588500000000000000e+04
1.653800000000000000e+04
6.935000000000000000e+03
7.393000000000000000e+03
1.670600000000000000e+04
1.030100000000000000e+04
6.903000000000000000e+03
3.244800000000000000e+04
1.717100000000000000e+04
9.084000000000000000e+03
3.494300000000000000e+04
1.327600000000000000e+04
2.488000000000000000e+04
1.130100000000000000e+04
2.898600000000000000e+04
1.490500000000000000e+04
1.046200000000000000e+04
1.178400000000000000e+04
2.683300000000000000e+04
1.040700000000000000e+04
8.046000000000000000e+03
2.481700000000000000e+04
2.044300000000000000e+04
1.825200000000000000e+04
5.428000000000000000e+03
1.978700000000000000e+04
2.540900000000000000e+04
6.214000000000000000e+03
2.646300000000000000e+04
2.651400000000000000e+04
4.093300000000000000e+04
1.657500000000000000e+04
6.118000000000000000e+03
1.578800000000000000e+04
1.432500000000000000e+04
2.359800000000000000e+04
4.571900000000000000e+04
3.269600000000000000e+04
3.554600000000000000e+04
8.951000000000000000e+03
7.967000000000000000e+03
1.572700000000000000e+04
1.455500000000000000e+04
7.371000000000000000e+03
9.790000000000000000e+03
1.348200000000000000e+04
1.621700000000000000e+04
1.120200000000000000e+04
2.055900000000000000e+04
9.125000000000000000e+03
8.937000000000000000e+03
2.662400000000000000e+04
2.334200000000000000e+04
1.151800000000000000e+04
4.391000000000000000e+03
1.650900000000000000e+04
1.392700000000000000e+04
3.021300000000000000e+04
2.255800000000000000e+04
2.276500000000000000e+04
1.717100000000000000e+04
1.914100000000000000e+04
1.228600000000000000e+04
3.122900000000000000e+04
3.559200000000000000e+04
1.369000000000000000e+04
8.810000000000000000e+03
1.884300000000000000e+04
2.281800000000000000e+04
2.342100000000000000e+04
8.565000000000000000e+03
1.383200000000000000e+04
1.201500000000000000e+04
1.362400000000000000e+04
8.391000000000000000e+03
4.323500000000000000e+04
1.874700000000000000e+04
2.693100000000000000e+04
2.965100000000000000e+04
1.446400000000000000e+04
1.210300000000000000e+04
6.798000000000000000e+03
6.414000000000000000e+03
2.110500000000000000e+04
3.043800000000000000e+04
1.112000000000000000e+04
2.173900000000000000e+04
1.875600000000000000e+04
3.845100000000000000e+04
1.327100000000000000e+04
1.939600000000000000e+04
1.862400000000000000e+04
6.395000000000000000e+03
1.059300000000000000e+04
1.003100000000000000e+04
1.052000000000000000e+04
2.110000000000000000e+04
1.438900000000000000e+04
3.300400000000000000e+04
1.991000000000000000e+04
9.167000000000000000e+03
9.664000000000000000e+03
1.225400000000000000e+04
1.422100000000000000e+04
3.004500000000000000e+04
1.304400000000000000e+04
1.382300000000000000e+04
2.137500000000000000e+04
1.052900000000000000e+04
2.035600000000000000e+04
2.470200000000000000e+04
2.398200000000000000e+04
1.923400000000000000e+04
1.554000000000000000e+04
6.213000000000000000e+03
1.215100000000000000e+04
9.212000000000000000e+03
1.540300000000000000e+04
2.031100000000000000e+04
1.688700000000000000e+04
9.494000000000000000e+03
1.291800000000000000e+04
1.033600000000000000e+04
1.456300000000000000e+04
1.854900000000000000e+04
1.929500000000000000e+04
2.340600000000000000e+04
1.490600000000000000e+04
1.235700000000000000e+04
7.998000000000000000e+03
1.647700000000000000e+04
2.333800000000000000e+04
4.437000000000000000e+03
5.459400000000000000e+04
1.191600000000000000e+04
1.956500000000000000e+04
1.316000000000000000e+04
9.863000000000000000e+03
2.782300000000000000e+04
2.781700000000000000e+04
2.276300000000000000e+04
1.219400000000000000e+04
1.365000000000000000e+04
1.593900000000000000e+04
5.929000000000000000e+03
2.055600000000000000e+04
2.167300000000000000e+04
1.028200000000000000e+04
9.612000000000000000e+03
1.012100000000000000e+04
1.262000000000000000e+04
6.250000000000000000e+03
1.867500000000000000e+04
2.164100000000000000e+04
2.864300000000000000e+04
5.118900000000000000e+04
3.481100000000000000e+04
2.208400000000000000e+04
7.691000000000000000e+03
1.997300000000000000e+04
8.273000000000000000e+03
1.943400000000000000e+04
2.094000000000000000e+04
7.485000000000000000e+03
4.897700000000000000e+04
2.442200000000000000e+04
2.374600000000000000e+04
3.597700000000000000e+04
7.607000000000000000e+03
3.324500000000000000e+04
7.501000000000000000e+03
2.672000000000000000e+04
1.419300000000000000e+04
1.804300000000000000e+04
8.211000000000000000e+03
7.282000000000000000e+03
2.993700000000000000e+04
9.815000000000000000e+03
1.597900000000000000e+04
1.118700000000000000e+04
1.803300000000000000e+04
1.878600000000000000e+04
4.980200000000000000e+04
1.993400000000000000e+04
2.939800000000000000e+04
5.914800000000000000e+04
4.095000000000000000e+03
1.206100000000000000e+04
9.914000000000000000e+03
8.835000000000000000e+03
6.648000000000000000e+03
1.123200000000000000e+04
2.422800000000000000e+04
2.559700000000000000e+04
2.499600000000000000e+04
1.066300000000000000e+04
7.913000000000000000e+03
1.539100000000000000e+04
1.287000000000000000e+04
2.099400000000000000e+04
1.925400000000000000e+04
8.112000000000000000e+03
3.391800000000000000e+04
1.751100000000000000e+04
1.567300000000000000e+04
2.852000000000000000e+04
1.876500000000000000e+04
1.285100000000000000e+04
8.854000000000000000e+03
1.007300000000000000e+04
1.875600000000000000e+04
3.254100000000000000e+04
2.402700000000000000e+04
3.002800000000000000e+04
1.131100000000000000e+04
2.865700000000000000e+04
1.761800000000000000e+04
1.671000000000000000e+04
9.781000000000000000e+03
7.816000000000000000e+03
1.438700000000000000e+04
4.415000000000000000e+03
1.674900000000000000e+04
1.195800000000000000e+04
2.897200000000000000e+04
1.237100000000000000e+04
7.472000000000000000e+03
7.517000000000000000e+03
3.846700000000000000e+04
2.470300000000000000e+04
3.378100000000000000e+04
9.942000000000000000e+03
1.719300000000000000e+04
1.162000000000000000e+04
8.890000000000000000e+03
3.134500000000000000e+04
2.702400000000000000e+04
4.486000000000000000e+03
2.668800000000000000e+04
1.187800000000000000e+04
9.927000000000000000e+03
4.942900000000000000e+04
1.425900000000000000e+04
1.120700000000000000e+04
1.924000000000000000e+04
2.380900000000000000e+04
1.381600000000000000e+04
8.833000000000000000e+03
1.343500000000000000e+04
2.454200000000000000e+04
4.450300000000000000e+04
8.753000000000000000e+03
1.989300000000000000e+04
3.384200000000000000e+04
2.309300000000000000e+04
1.430500000000000000e+04
9.017000000000000000e+03
1.678200000000000000e+04
2.540300000000000000e+04
6.692000000000000000e+03
2.578600000000000000e+04
1.973600000000000000e+04
2.817600000000000000e+04
1.091800000000000000e+04
1.859500000000000000e+04
2.668600000000000000e+04
9.375000000000000000e+03
2.950600000000000000e+04
1.977400000000000000e+04
1.786000000000000000e+04
1.259800000000000000e+04
2.428200000000000000e+04
2.320100000000000000e+04
1.357200000000000000e+04
3.779500000000000000e+04
4.161000000000000000e+03
1.174500000000000000e+04
8.309000000000000000e+03
1.390900000000000000e+04
1.455300000000000000e+04
1.862800000000000000e+04
2.382700000000000000e+04
1.205300000000000000e+04
7.484000000000000000e+03
1.343500000000000000e+04
6.381000000000000000e+03
1.434000000000000000e+04
1.839600000000000000e+04
2.071800000000000000e+04
1.340600000000000000e+04
7.278000000000000000e+03
4.111000000000000000e+03
4.546700000000000000e+04
7.020000000000000000e+03
1.468700000000000000e+04
1.583400000000000000e+04
1.781600000000000000e+04
1.735700000000000000e+04
1.427900000000000000e+04
2.654600000000000000e+04
2.403800000000000000e+04
2.523400000000000000e+04
1.418100000000000000e+04
1.460700000000000000e+04
2.003900000000000000e+04
5.100000000000000000e+03
2.358600000000000000e+04
2.810200000000000000e+04
4.023600000000000000e+04
1.478900000000000000e+04
3.064300000000000000e+04
1.890400000000000000e+04
1.258700000000000000e+04
1.402400000000000000e+04
1.018200000000000000e+04
1.703900000000000000e+04
2.389900000000000000e+04
7.293000000000000000e+03
2.054700000000000000e+04
1.695300000000000000e+04
1.321300000000000000e+04
9.453000000000000000e+03
1.085900000000000000e+04
1.061400000000000000e+04
4.371000000000000000e+04
1.624300000000000000e+04
1.251400000000000000e+04
1.339600000000000000e+04
1.277500000000000000e+04
2.149500000000000000e+04
2.969900000000000000e+04
1.825400000000000000e+04
2.659500000000000000e+04
2.824100000000000000e+04
4.698100000000000000e+04
7.785000000000000000e+03
1.114200000000000000e+04
5.775000000000000000e+03
2.485700000000000000e+04
1.743400000000000000e+04
1.124900000000000000e+04
2.165700000000000000e+04
6.858000000000000000e+03
3.266500000000000000e+04
1.499600000000000000e+04
1.124300000000000000e+04
7.658000000000000000e+03
1.679700000000000000e+04
2.832800000000000000e+04
2.540300000000000000e+04
1.381700000000000000e+04
2.126300000000000000e+04
4.856000000000000000e+03
1.056300000000000000e+04
2.556300000000000000e+04
6.675000000000000000e+03
7.689000000000000000e+03
3.644300000000000000e+04
8.964000000000000000e+03
8.014000000000000000e+03
9.053000000000000000e+03
1.113300000000000000e+04
3.060800000000000000e+04
3.432100000000000000e+04
8.526000000000000000e+03
1.505200000000000000e+04
6.241000000000000000e+03
9.204000000000000000e+03
9.666000000000000000e+03
2.098300000000000000e+04
5.371000000000000000e+03
1.696000000000000000e+04
1.071100000000000000e+04
1.472100000000000000e+04
1.683200000000000000e+04
2.081200000000000000e+04
1.541000000000000000e+04
4.893000000000000000e+03
5.521100000000000000e+04
2.533600000000000000e+04
1.418200000000000000e+04
9.016000000000000000e+03
8.435000000000000000e+03
7.082000000000000000e+03
2.871900000000000000e+04
1.653700000000000000e+04
6.649700000000000000e+04
3.473000000000000000e+04
8.622000000000000000e+03
1.046500000000000000e+04
4.322400000000000000e+04
5.719000000000000000e+03
7.261000000000000000e+03
5.749000000000000000e+03
2.451900000000000000e+04
1.826600000000000000e+04
2.768400000000000000e+04
7.617000000000000000e+03
1.383500000000000000e+04
4.151000000000000000e+03
1.078700000000000000e+04
1.565300000000000000e+04
2.325200000000000000e+04
1.548000000000000000e+04
2.269800000000000000e+04
2.102000000000000000e+04
2.212100000000000000e+04
1.514300000000000000e+04
1.708200000000000000e+04
1.675300000000000000e+04
1.900600000000000000e+04
1.116500000000000000e+04
3.228900000000000000e+04
8.250000000000000000e+03
2.784400000000000000e+04
8.555000000000000000e+03
1.985800000000000000e+04
1.085700000000000000e+04
1.014400000000000000e+04
8.010000000000000000e+03
1.090100000000000000e+04
2.590200000000000000e+04
2.419300000000000000e+04
1.933000000000000000e+04
9.778000000000000000e+03
1.076300000000000000e+04
1.942500000000000000e+04
4.697000000000000000e+03
2.782000000000000000e+03
2.768400000000000000e+04
1.262700000000000000e+04
2.721800000000000000e+04
1.541000000000000000e+04
1.460100000000000000e+04
1.199300000000000000e+04
1.384400000000000000e+04
1.186100000000000000e+04
2.257000000000000000e+04
1.180000000000000000e+04
2.483900000000000000e+04
2.044600000000000000e+04
1.181300000000000000e+04
7.197000000000000000e+03
3.477500000000000000e+04
1.099500000000000000e+04
8.300000000000000000e+03
1.875100000000000000e+04
2.544800000000000000e+04
1.135900000000000000e+04
1.891000000000000000e+04
2.521800000000000000e+04
6.289000000000000000e+03
1.454400000000000000e+04
1.043300000000000000e+04
1.963400000000000000e+04
5.385300000000000000e+04
1.357700000000000000e+04
4.028000000000000000e+03
1.661100000000000000e+04
1.406700000000000000e+04
9.596000000000000000e+03
1.610900000000000000e+04
1.005700000000000000e+04
1.752200000000000000e+04
9.273000000000000000e+03
9.215000000000000000e+03
5.233000000000000000e+03
2.932300000000000000e+04
1.224900000000000000e+04
7.620000000000000000e+03
1.038000000000000000e+04
1.209500000000000000e+04
1.060100000000000000e+04
