2.058000000000000000e+03
1.538000000000000000e+03
1.083000000000000000e+03
1.583000000000000000e+03
1.856000000000000000e+03
2.611000000000000000e+03
1.681000000000000000e+03
1.354000000000000000e+03
9.550000000000000000e+02
9.110000000000000000e+02
1.441000000000000000e+03
7.250000000000000000e+02
9.060000000000000000e+02
1.411000000000000000e+03
1.237000000000000000e+03
1.144000000000000000e+03
8.240000000000000000e+02
1.776000000000000000e+03
7.570000000000000000e+02
1.640000000000000000e+03
1.534000000000000000e+03
2.600000000000000000e+03
6.610000000000000000e+02
1.831000000000000000e+03
1.621000000000000000e+03
1.301000000000000000e+03
5.080000000000000000e+02
1.420000000000000000e+03
1.001000000000000000e+03
2.298000000000000000e+03
6.550000000000000000e+02
6.910000000000000000e+02
6.630000000000000000e+02
1.362000000000000000e+03
3.790000000000000000e+02
1.288000000000000000e+03
6.780000000000000000e+02
1.509000000000000000e+03
8.200000000000000000e+02
5.830000000000000000e+02
7.870000000000000000e+02
2.563000000000000000e+03
1.287000000000000000e+03
9.290000000000000000e+02
2.283000000000000000e+03
1.404000000000000000e+03
5.960000000000000000e+02
1.399000000000000000e+03
5.070000000000000000e+02
7.240000000000000000e+02
4.560000000000000000e+02
1.291000000000000000e+03
8.960000000000000000e+02
1.157000000000000000e+03
2.037000000000000000e+03
1.998000000000000000e+03
8.120000000000000000e+02
1.647000000000000000e+03
1.447000000000000000e+03
1.450000000000000000e+03
1.040000000000000000e+03
1.314000000000000000e+03
1.214000000000000000e+03
1.482000000000000000e+03
1.220000000000000000e+03
2.416000000000000000e+03
1.232000000000000000e+03
7.460000000000000000e+02
1.011000000000000000e+03
2.166000000000000000e+03
1.255000000000000000e+03
4.210000000000000000e+02
1.054000000000000000e+03
5.800000000000000000e+02
1.438000000000000000e+03
1.069000000000000000e+03
1.675000000000000000e+03
8.630000000000000000e+02
1.843000000000000000e+03
2.764000000000000000e+03
2.746000000000000000e+03
6.970000000000000000e+02
1.943000000000000000e+03
5.370000000000000000e+02
2.016000000000000000e+03
2.894000000000000000e+03
9.930000000000000000e+02
1.205000000000000000e+03
1.082000000000000000e+03
2.055000000000000000e+03
1.301000000000000000e+03
5.270000000000000000e+02
7.670000000000000000e+02
1.048000000000000000e+03
7.240000000000000000e+02
2.364000000000000000e+03
4.890000000000000000e+02
6.450000000000000000e+02
6.850000000000000000e+02
1.153000000000000000e+03
2.955000000000000000e+03
7.760000000000000000e+02
8.280000000000000000e+02
6.670000000000000000e+02
9.620000000000000000e+02
2.093000000000000000e+03
8.290000000000000000e+02
1.818000000000000000e+03
1.424000000000000000e+03
7.080000000000000000e+02
1.640000000000000000e+03
6.480000000000000000e+02
4.450000000000000000e+02
2.061000000000000000e+03
1.411000000000000000e+03
5.830000000000000000e+02
1.220000000000000000e+03
6.480000000000000000e+02
9.500000000000000000e+02
2.320000000000000000e+03
1.390000000000000000e+03
1.832000000000000000e+03
1.071000000000000000e+03
8.260000000000000000e+02
1.466000000000000000e+03
1.652000000000000000e+03
1.261000000000000000e+03
8.930000000000000000e+02
1.064000000000000000e+03
9.890000000000000000e+02
2.236000000000000000e+03
1.234000000000000000e+03
9.530000000000000000e+02
1.416000000000000000e+03
1.011000000000000000e+03
3.027000000000000000e+03
9.170000000000000000e+02
1.671000000000000000e+03
3.344000000000000000e+03
1.662000000000000000e+03
2.228000000000000000e+03
8.400000000000000000e+02
1.095000000000000000e+03
2.009000000000000000e+03
1.377000000000000000e+03
1.084000000000000000e+03
1.960000000000000000e+03
4.490000000000000000e+02
8.550000000000000000e+02
1.734000000000000000e+03
1.570000000000000000e+03
1.627000000000000000e+03
1.239000000000000000e+03
2.383000000000000000e+03
2.978000000000000000e+03
3.168000000000000000e+03
1.593000000000000000e+03
1.397000000000000000e+03
3.190000000000000000e+02
3.322000000000000000e+03
3.910000000000000000e+02
9.730000000000000000e+02
7.480000000000000000e+02
5.290000000000000000e+02
3.180000000000000000e+03
6.550000000000000000e+02
8.720000000000000000e+02
6.060000000000000000e+02
3.292000000000000000e+03
1.074000000000000000e+03
2.317000000000000000e+03
6.870000000000000000e+02
1.383000000000000000e+03
4.670000000000000000e+02
6.650000000000000000e+02
7.390000000000000000e+02
6.900000000000000000e+02
1.338000000000000000e+03
8.710000000000000000e+02
1.199000000000000000e+03
6.810000000000000000e+02
2.316000000000000000e+03
1.817000000000000000e+03
2.196000000000000000e+03
2.173000000000000000e+03
8.350000000000000000e+02
2.373000000000000000e+03
3.460000000000000000e+03
7.370000000000000000e+02
1.756000000000000000e+03
1.041000000000000000e+03
5.540000000000000000e+02
2.493000000000000000e+03
8.820000000000000000e+02
9.220000000000000000e+02
5.710000000000000000e+02
1.250000000000000000e+03
3.698000000000000000e+03
7.090000000000000000e+02
1.363000000000000000e+03
6.480000000000000000e+02
7.630000000000000000e+02
3.049000000000000000e+03
1.898000000000000000e+03
3.173000000000000000e+03
1.161000000000000000e+03
1.311000000000000000e+03
2.319000000000000000e+03
1.660000000000000000e+03
3.395000000000000000e+03
1.555000000000000000e+03
9.320000000000000000e+02
2.407000000000000000e+03
4.248000000000000000e+03
7.870000000000000000e+02
6.700000000000000000e+02
1.364000000000000000e+03
7.760000000000000000e+02
2.313000000000000000e+03
1.655000000000000000e+03
6.730000000000000000e+02
9.070000000000000000e+02
4.485000000000000000e+03
1.910000000000000000e+03
1.904000000000000000e+03
1.048000000000000000e+03
2.932000000000000000e+03
1.272000000000000000e+03
3.422000000000000000e+03
2.460000000000000000e+03
1.039000000000000000e+03
1.058000000000000000e+03
4.260000000000000000e+02
1.651000000000000000e+03
5.260000000000000000e+02
2.513000000000000000e+03
1.789000000000000000e+03
1.029000000000000000e+03
7.600000000000000000e+02
1.484000000000000000e+03
1.262000000000000000e+03
1.693000000000000000e+03
1.651000000000000000e+03
3.133000000000000000e+03
1.170000000000000000e+03
9.600000000000000000e+02
1.960000000000000000e+03
3.072000000000000000e+03
1.089000000000000000e+03
1.324000000000000000e+03
3.959000000000000000e+03
1.032000000000000000e+03
1.339000000000000000e+03
1.249000000000000000e+03
1.699000000000000000e+03
2.320000000000000000e+03
1.253000000000000000e+03
4.820000000000000000e+02
1.847000000000000000e+03
9.530000000000000000e+02
1.004000000000000000e+03
6.520000000000000000e+02
2.480000000000000000e+03
5.250000000000000000e+02
6.530000000000000000e+02
1.238000000000000000e+03
2.930000000000000000e+03
3.421000000000000000e+03
4.850000000000000000e+02
9.870000000000000000e+02
9.240000000000000000e+02
8.180000000000000000e+02
7.510000000000000000e+02
1.478000000000000000e+03
4.430000000000000000e+02
9.100000000000000000e+02
1.438000000000000000e+03
6.300000000000000000e+02
1.435000000000000000e+03
1.561000000000000000e+03
1.535000000000000000e+03
1.515000000000000000e+03
5.830000000000000000e+02
1.351000000000000000e+03
1.162000000000000000e+03
1.169000000000000000e+03
1.163000000000000000e+03
1.033000000000000000e+03
4.860000000000000000e+02
1.260000000000000000e+03
8.900000000000000000e+02
8.780000000000000000e+02
7.410000000000000000e+02
6.490000000000000000e+02
8.640000000000000000e+02
1.994000000000000000e+03
7.340000000000000000e+02
7.770000000000000000e+02
1.190000000000000000e+03
4.024000000000000000e+03
5.720000000000000000e+02
3.211000000000000000e+03
2.371000000000000000e+03
1.153000000000000000e+03
4.200000000000000000e+02
1.243000000000000000e+03
1.624000000000000000e+03
1.249000000000000000e+03
1.150000000000000000e+03
2.821000000000000000e+03
1.050000000000000000e+03
2.054000000000000000e+03
4.120000000000000000e+02
2.803000000000000000e+03
9.640000000000000000e+02
2.301000000000000000e+03
1.727000000000000000e+03
1.282000000000000000e+03
4.250000000000000000e+02
1.940000000000000000e+03
1.285000000000000000e+03
1.808000000000000000e+03
2.117000000000000000e+03
5.250000000000000000e+02
2.297000000000000000e+03
3.750000000000000000e+02
4.610000000000000000e+02
1.083000000000000000e+03
7.760000000000000000e+02
6.350000000000000000e+02
1.348000000000000000e+03
6.810000000000000000e+02
1.116000000000000000e+03
7.490000000000000000e+02
9.550000000000000000e+02
6.990000000000000000e+02
1.130000000000000000e+03
1.744000000000000000e+03
3.028000000000000000e+03
1.476000000000000000e+03
2.074000000000000000e+03
1.151000000000000000e+03
2.107000000000000000e+03
9.180000000000000000e+02
1.970000000000000000e+03
1.164000000000000000e+03
3.189000000000000000e+03
4.910000000000000000e+02
3.606000000000000000e+03
1.708000000000000000e+03
1.667000000000000000e+03
1.449000000000000000e+03
1.520000000000000000e+03
5.120000000000000000e+02
1.310000000000000000e+03
3.990000000000000000e+02
1.183000000000000000e+03
2.976000000000000000e+03
8.430000000000000000e+02
1.333000000000000000e+03
1.978000000000000000e+03
7.230000000000000000e+02
1.672000000000000000e+03
1.914000000000000000e+03
1.721000000000000000e+03
1.784000000000000000e+03
6.700000000000000000e+02
1.944000000000000000e+03
1.086000000000000000e+03
2.338000000000000000e+03
1.220000000000000000e+03
4.209000000000000000e+03
7.960000000000000000e+02
1.482000000000000000e+03
9.330000000000000000e+02
6.460000000000000000e+02
5.570000000000000000e+02
1.549000000000000000e+03
1.161000000000000000e+03
3.533000000000000000e+03
4.334000000000000000e+03
4.330000000000000000e+02
1.509000000000000000e+03
2.091000000000000000e+03
1.979000000000000000e+03
1.179000000000000000e+03
1.828000000000000000e+03
8.630000000000000000e+02
1.837000000000000000e+03
1.111000000000000000e+03
2.547000000000000000e+03
6.150000000000000000e+02
4.008000000000000000e+03
1.392000000000000000e+03
2.484000000000000000e+03
5.810000000000000000e+02
7.480000000000000000e+02
8.080000000000000000e+02
2.373000000000000000e+03
4.050000000000000000e+03
8.890000000000000000e+02
1.552000000000000000e+03
3.011000000000000000e+03
1.024000000000000000e+03
4.980000000000000000e+02
1.085000000000000000e+03
2.349000000000000000e+03
5.860000000000000000e+02
1.997000000000000000e+03
2.255000000000000000e+03
1.884000000000000000e+03
3.656000000000000000e+03
1.006000000000000000e+03
9.230000000000000000e+02
1.295000000000000000e+03
1.118000000000000000e+03
8.760000000000000000e+02
3.710000000000000000e+02
2.619000000000000000e+03
9.390000000000000000e+02
2.968000000000000000e+03
2.051000000000000000e+03
1.846000000000000000e+03
4.010000000000000000e+02
1.761000000000000000e+03
1.316000000000000000e+03
4.268000000000000000e+03
7.650000000000000000e+02
1.064000000000000000e+03
4.600000000000000000e+02
9.030000000000000000e+02
1.553000000000000000e+03
1.414000000000000000e+03
2.567000000000000000e+03
5.640000000000000000e+02
1.758000000000000000e+03
4.071000000000000000e+03
1.029000000000000000e+03
3.661000000000000000e+03
6.360000000000000000e+02
1.253000000000000000e+03
1.193000000000000000e+03
1.925000000000000000e+03
1.031000000000000000e+03
1.250000000000000000e+03
2.837000000000000000e+03
2.102000000000000000e+03
1.952000000000000000e+03
1.262000000000000000e+03
1.789000000000000000e+03
5.680000000000000000e+02
6.250000000000000000e+02
2.102000000000000000e+03
7.100000000000000000e+02
1.150000000000000000e+03
8.540000000000000000e+02
2.226000000000000000e+03
5.630000000000000000e+02
1.803000000000000000e+03
5.280000000000000000e+02
1.043000000000000000e+03
6.830000000000000000e+02
1.271000000000000000e+03
1.342000000000000000e+03
6.680000000000000000e+02
5.060000000000000000e+02
9.510000000000000000e+02
2.733000000000000000e+03
1.179000000000000000e+03
1.533000000000000000e+03
1.696000000000000000e+03
6.810000000000000000e+02
1.353000000000000000e+03
1.320000000000000000e+03
1.009000000000000000e+03
7.710000000000000000e+02
1.630000000000000000e+03
2.147000000000000000e+03
5.140000000000000000e+02
5.360000000000000000e+02
1.434000000000000000e+03
1.251000000000000000e+03
5.590000000000000000e+02
6.900000000000000000e+02
3.960000000000000000e+02
2.565000000000000000e+03
4.893000000000000000e+03
5.480000000000000000e+02
3.408000000000000000e+03
8.460000000000000000e+02
1.019000000000000000e+03
7.410000000000000000e+02
9.980000000000000000e+02
1.912000000000000000e+03
4.068000000000000000e+03
1.644000000000000000e+03
2.091000000000000000e+03
7.160000000000000000e+02
1.142000000000000000e+03
2.416000000000000000e+03
1.509000000000000000e+03
6.150000000000000000e+02
1.010000000000000000e+03
1.577000000000000000e+03
8.650000000000000000e+02
1.136000000000000000e+03
1.222000000000000000e+03
6.700000000000000000e+02
1.287000000000000000e+03
1.442000000000000000e+03
1.212000000000000000e+03
3.223000000000000000e+03
6.280000000000000000e+02
6.400000000000000000e+02
7.860000000000000000e+02
1.388000000000000000e+03
1.934000000000000000e+03
1.089000000000000000e+03
1.159000000000000000e+03
4.520000000000000000e+02
2.421000000000000000e+03
1.633000000000000000e+03
2.840000000000000000e+03
1.475000000000000000e+03
1.164000000000000000e+03
1.222000000000000000e+03
4.337000000000000000e+03
1.776000000000000000e+03
1.892000000000000000e+03
2.135000000000000000e+03
1.247000000000000000e+03
1.129000000000000000e+03
2.136000000000000000e+03
1.240000000000000000e+03
4.790000000000000000e+02
8.630000000000000000e+02
1.166000000000000000e+03
8.170000000000000000e+02
9.620000000000000000e+02
1.541000000000000000e+03
5.520000000000000000e+02
4.480000000000000000e+02
2.295000000000000000e+03
1.277000000000000000e+03
1.600000000000000000e+03
1.549000000000000000e+03
1.925000000000000000e+03
4.950000000000000000e+02
1.878000000000000000e+03
2.699000000000000000e+03
1.082000000000000000e+03
1.472000000000000000e+03
2.924000000000000000e+03
3.170000000000000000e+03
1.658000000000000000e+03
9.960000000000000000e+02
4.221000000000000000e+03
3.274000000000000000e+03
1.078000000000000000e+03
6.370000000000000000e+02
7.880000000000000000e+02
1.022000000000000000e+03
1.099000000000000000e+03
3.095000000000000000e+03
5.410000000000000000e+02
6.610000000000000000e+02
7.850000000000000000e+02
1.468000000000000000e+03
2.084000000000000000e+03
2.640000000000000000e+03
5.900000000000000000e+02
1.502000000000000000e+03
1.237000000000000000e+03
1.946000000000000000e+03
3.510000000000000000e+02
4.230000000000000000e+02
9.790000000000000000e+02
7.300000000000000000e+02
5.510000000000000000e+02
1.658000000000000000e+03
1.952000000000000000e+03
2.552000000000000000e+03
1.254000000000000000e+03
1.262000000000000000e+03
1.624000000000000000e+03
8.030000000000000000e+02
7.040000000000000000e+02
2.640000000000000000e+03
9.890000000000000000e+02
6.880000000000000000e+02
1.140000000000000000e+03
2.864000000000000000e+03
7.630000000000000000e+02
5.300000000000000000e+02
8.040000000000000000e+02
1.913000000000000000e+03
1.567000000000000000e+03
1.161000000000000000e+03
8.710000000000000000e+02
1.094000000000000000e+03
1.127000000000000000e+03
1.262000000000000000e+03
3.011000000000000000e+03
6.480000000000000000e+02
5.060000000000000000e+02
8.020000000000000000e+02
1.422000000000000000e+03
6.700000000000000000e+02
1.616000000000000000e+03
1.243000000000000000e+03
1.091000000000000000e+03
7.020000000000000000e+02
1.322000000000000000e+03
1.912000000000000000e+03
1.610000000000000000e+03
1.336000000000000000e+03
5.550000000000000000e+02
1.024000000000000000e+03
5.830000000000000000e+02
8.540000000000000000e+02
1.276000000000000000e+03
1.217000000000000000e+03
1.813000000000000000e+03
5.250000000000000000e+02
1.801000000000000000e+03
6.530000000000000000e+02
7.120000000000000000e+02
6.950000000000000000e+02
9.870000000000000000e+02
2.285000000000000000e+03
5.960000000000000000e+02
2.764000000000000000e+03
2.770000000000000000e+02
1.608000000000000000e+03
1.584000000000000000e+03
1.207000000000000000e+03
1.257000000000000000e+03
6.480000000000000000e+02
1.392000000000000000e+03
2.217000000000000000e+03
6.840000000000000000e+02
1.269000000000000000e+03
3.410000000000000000e+02
1.252000000000000000e+03
9.720000000000000000e+02
4.000000000000000000e+03
1.505000000000000000e+03
1.856000000000000000e+03
3.034000000000000000e+03
1.589000000000000000e+03
2.645000000000000000e+03
9.320000000000000000e+02
2.197000000000000000e+03
3.432000000000000000e+03
1.247000000000000000e+03
1.631000000000000000e+03
6.790000000000000000e+02
1.761000000000000000e+03
2.218000000000000000e+03
1.394000000000000000e+03
1.638000000000000000e+03
3.211000000000000000e+03
1.402000000000000000e+03
2.975000000000000000e+03
1.522000000000000000e+03
4.710000000000000000e+02
8.540000000000000000e+02
1.104000000000000000e+03
7.320000000000000000e+02
4.880000000000000000e+02
1.934000000000000000e+03
4.824000000000000000e+03
1.119000000000000000e+03
2.960000000000000000e+02
1.997000000000000000e+03
1.136000000000000000e+03
1.895000000000000000e+03
1.570000000000000000e+03
1.531000000000000000e+03
1.875000000000000000e+03
1.479000000000000000e+03
5.300000000000000000e+02
8.930000000000000000e+02
1.030000000000000000e+03
6.850000000000000000e+02
1.258000000000000000e+03
2.505000000000000000e+03
2.844000000000000000e+03
7.410000000000000000e+02
1.227000000000000000e+03
1.485000000000000000e+03
1.773000000000000000e+03
1.651000000000000000e+03
1.159000000000000000e+03
1.322000000000000000e+03
3.598000000000000000e+03
2.421000000000000000e+03
1.193000000000000000e+03
4.340000000000000000e+02
1.228000000000000000e+03
1.093000000000000000e+03
7.350000000000000000e+02
1.494000000000000000e+03
7.090000000000000000e+02
1.156000000000000000e+03
3.710000000000000000e+03
2.017000000000000000e+03
1.317000000000000000e+03
8.620000000000000000e+02
2.856000000000000000e+03
6.000000000000000000e+02
6.600000000000000000e+02
3.800000000000000000e+02
2.770000000000000000e+03
1.495000000000000000e+03
1.108000000000000000e+03
7.410000000000000000e+02
5.240000000000000000e+02
1.545000000000000000e+03
2.007000000000000000e+03
1.458000000000000000e+03
1.894000000000000000e+03
1.277000000000000000e+03
1.841000000000000000e+03
1.193000000000000000e+03
9.610000000000000000e+02
1.956000000000000000e+03
7.790000000000000000e+02
8.530000000000000000e+02
7.690000000000000000e+02
9.570000000000000000e+02
4.530000000000000000e+02
1.768000000000000000e+03
2.736000000000000000e+03
6.500000000000000000e+02
7.230000000000000000e+02
6.280000000000000000e+02
9.090000000000000000e+02
6.260000000000000000e+02
3.020000000000000000e+03
2.178000000000000000e+03
1.246000000000000000e+03
2.156000000000000000e+03
2.820000000000000000e+02
3.400000000000000000e+02
7.640000000000000000e+02
1.186000000000000000e+03
7.820000000000000000e+02
7.380000000000000000e+02
1.593000000000000000e+03
7.300000000000000000e+02
1.482000000000000000e+03
3.751000000000000000e+03
1.213000000000000000e+03
2.129000000000000000e+03
1.692000000000000000e+03
6.240000000000000000e+02
8.740000000000000000e+02
5.610000000000000000e+02
7.050000000000000000e+02
9.140000000000000000e+02
1.614000000000000000e+03
8.290000000000000000e+02
4.339000000000000000e+03
1.474000000000000000e+03
6.240000000000000000e+02
1.932000000000000000e+03
3.770000000000000000e+02
6.700000000000000000e+02
1.989000000000000000e+03
1.342000000000000000e+03
2.605000000000000000e+03
3.550000000000000000e+03
6.710000000000000000e+02
2.882000000000000000e+03
1.377000000000000000e+03
1.600000000000000000e+03
2.339000000000000000e+03
3.950000000000000000e+02
4.760000000000000000e+02
1.877000000000000000e+03
1.711000000000000000e+03
1.731000000000000000e+03
1.262000000000000000e+03
1.801000000000000000e+03
8.820000000000000000e+02
1.142000000000000000e+03
9.600000000000000000e+02
3.650000000000000000e+02
8.920000000000000000e+02
5.210000000000000000e+02
4.240000000000000000e+02
6.580000000000000000e+02
7.640000000000000000e+02
7.680000000000000000e+02
8.460000000000000000e+02
2.301000000000000000e+03
6.380000000000000000e+02
1.466000000000000000e+03
7.700000000000000000e+02
5.710000000000000000e+02
1.654000000000000000e+03
1.736000000000000000e+03
3.570000000000000000e+03
2.861000000000000000e+03
4.570000000000000000e+02
1.459000000000000000e+03
2.749000000000000000e+03
1.523000000000000000e+03
6.620000000000000000e+02
8.470000000000000000e+02
1.643000000000000000e+03
8.430000000000000000e+02
1.885000000000000000e+03
4.760000000000000000e+02
1.690000000000000000e+03
9.260000000000000000e+02
5.570000000000000000e+02
9.960000000000000000e+02
1.848000000000000000e+03
1.580000000000000000e+03
2.499000000000000000e+03
1.401000000000000000e+03
1.209000000000000000e+03
1.208000000000000000e+03
1.318000000000000000e+03
8.110000000000000000e+02
1.288000000000000000e+03
7.380000000000000000e+02
9.190000000000000000e+02
3.778000000000000000e+03
2.170000000000000000e+03
6.830000000000000000e+02
1.040000000000000000e+03
1.658000000000000000e+03
1.349000000000000000e+03
1.342000000000000000e+03
1.388000000000000000e+03
1.339000000000000000e+03
1.891000000000000000e+03
2.166000000000000000e+03
2.223000000000000000e+03
6.709000000000000000e+03
2.330000000000000000e+03
1.383000000000000000e+03
9.810000000000000000e+02
1.791000000000000000e+03
2.145000000000000000e+03
4.670000000000000000e+02
1.169000000000000000e+03
5.560000000000000000e+02
8.820000000000000000e+02
2.692000000000000000e+03
1.022000000000000000e+03
1.261000000000000000e+03
1.030000000000000000e+03
7.520000000000000000e+02
1.567000000000000000e+03
8.050000000000000000e+02
1.250000000000000000e+03
9.600000000000000000e+02
1.947000000000000000e+03
1.323000000000000000e+03
1.273000000000000000e+03
1.362000000000000000e+03
1.588000000000000000e+03
7.410000000000000000e+02
1.683000000000000000e+03
6.940000000000000000e+02
1.286000000000000000e+03
7.730000000000000000e+02
1.981000000000000000e+03
4.720000000000000000e+02
2.087000000000000000e+03
1.007000000000000000e+03
3.508000000000000000e+03
5.690000000000000000e+02
1.428000000000000000e+03
9.640000000000000000e+02
1.829000000000000000e+03
3.493000000000000000e+03
3.625000000000000000e+03
5.070000000000000000e+02
1.321000000000000000e+03
9.060000000000000000e+02
1.912000000000000000e+03
8.250000000000000000e+02
1.594000000000000000e+03
4.970000000000000000e+02
3.589000000000000000e+03
6.640000000000000000e+02
1.782000000000000000e+03
1.134000000000000000e+03
1.424000000000000000e+03
1.780000000000000000e+03
2.710000000000000000e+03
8.060000000000000000e+02
2.179000000000000000e+03
8.320000000000000000e+02
1.183000000000000000e+03
1.025000000000000000e+03
1.096000000000000000e+03
8.500000000000000000e+02
1.605000000000000000e+03
2.511000000000000000e+03
2.149000000000000000e+03
1.268000000000000000e+03
2.734000000000000000e+03
6.630000000000000000e+02
1.542000000000000000e+03
7.870000000000000000e+02
3.020000000000000000e+03
1.468000000000000000e+03
5.810000000000000000e+02
4.860000000000000000e+02
9.580000000000000000e+02
8.550000000000000000e+02
3.743000000000000000e+03
7.170000000000000000e+02
3.755000000000000000e+03
5.570000000000000000e+02
1.044000000000000000e+03
1.733000000000000000e+03
6.350000000000000000e+02
1.920000000000000000e+03
3.618000000000000000e+03
4.498000000000000000e+03
1.630000000000000000e+03
7.530000000000000000e+02
4.810000000000000000e+02
9.570000000000000000e+02
1.573000000000000000e+03
1.365000000000000000e+03
7.790000000000000000e+02
3.412000000000000000e+03
5.440000000000000000e+02
2.355000000000000000e+03
8.670000000000000000e+02
1.732000000000000000e+03
1.078000000000000000e+03
8.120000000000000000e+02
3.448000000000000000e+03
8.890000000000000000e+02
5.110000000000000000e+02
8.280000000000000000e+02
9.360000000000000000e+02
4.500000000000000000e+02
9.340000000000000000e+02
1.918000000000000000e+03
4.340000000000000000e+02
3.205000000000000000e+03
2.452000000000000000e+03
6.450000000000000000e+02
1.310000000000000000e+03
2.455000000000000000e+03
1.994000000000000000e+03
1.689000000000000000e+03
1.112000000000000000e+03
1.368000000000000000e+03
1.044000000000000000e+03
1.040000000000000000e+03
1.277000000000000000e+03
3.005000000000000000e+03
7.450000000000000000e+02
1.063000000000000000e+03
1.415000000000000000e+03
1.162000000000000000e+03
4.670000000000000000e+02
2.354000000000000000e+03
9.020000000000000000e+02
1.659000000000000000e+03
1.227000000000000000e+03
1.462000000000000000e+03
9.500000000000000000e+02
8.360000000000000000e+02
6.540000000000000000e+02
1.252000000000000000e+03
2.481000000000000000e+03
1.016000000000000000e+03
1.593000000000000000e+03
4.055000000000000000e+03
7.920000000000000000e+02
9.580000000000000000e+02
1.923000000000000000e+03
8.200000000000000000e+02
1.502000000000000000e+03
2.963000000000000000e+03
1.171000000000000000e+03
2.035000000000000000e+03
1.280000000000000000e+03
1.714000000000000000e+03
2.138000000000000000e+03
2.403000000000000000e+03
2.422000000000000000e+03
6.360000000000000000e+02
1.999000000000000000e+03
1.085000000000000000e+03
1.689000000000000000e+03
8.240000000000000000e+02
9.840000000000000000e+02
