6.910000000000000000e+02
2.439000000000000000e+03
1.282000000000000000e+03
8.960000000000000000e+02
2.336000000000000000e+03
1.422000000000000000e+03
1.306000000000000000e+03
2.676000000000000000e+03
1.712000000000000000e+03
1.404000000000000000e+03
1.203000000000000000e+03
2.562000000000000000e+03
1.885000000000000000e+03
3.930000000000000000e+03
7.090000000000000000e+02
2.052000000000000000e+03
1.228000000000000000e+03
1.108000000000000000e+03
3.123000000000000000e+03
9.670000000000000000e+02
1.656000000000000000e+03
5.120000000000000000e+03
1.920000000000000000e+03
1.072000000000000000e+03
5.600000000000000000e+02
1.815000000000000000e+03
3.547000000000000000e+03
5.110000000000000000e+02
1.647000000000000000e+03
1.710000000000000000e+03
8.386000000000000000e+03
5.830000000000000000e+02
2.206000000000000000e+03
9.640000000000000000e+02
1.834000000000000000e+03
5.140000000000000000e+02
2.719000000000000000e+03
1.224000000000000000e+03
9.190000000000000000e+02
4.990000000000000000e+02
1.359000000000000000e+03
9.480000000000000000e+02
8.310000000000000000e+02
4.990000000000000000e+02
1.705000000000000000e+03
1.775000000000000000e+03
8.570000000000000000e+02
1.782000000000000000e+03
1.067000000000000000e+03
1.053000000000000000e+03
1.922000000000000000e+03
1.597000000000000000e+03
1.214000000000000000e+03
2.848000000000000000e+03
2.318000000000000000e+03
8.930000000000000000e+02
1.412000000000000000e+03
1.217000000000000000e+03
1.795000000000000000e+03
2.148000000000000000e+03
5.940000000000000000e+02
1.720000000000000000e+03
1.563000000000000000e+03
7.770000000000000000e+02
1.983000000000000000e+03
1.841000000000000000e+03
2.990000000000000000e+03
2.019000000000000000e+03
2.149000000000000000e+03
2.461000000000000000e+03
2.678000000000000000e+03
1.039000000000000000e+03
1.208000000000000000e+03
5.180000000000000000e+02
2.975000000000000000e+03
2.463000000000000000e+03
2.518000000000000000e+03
1.948000000000000000e+03
1.133000000000000000e+03
1.288000000000000000e+03
1.064000000000000000e+03
3.767000000000000000e+03
1.496000000000000000e+03
2.237000000000000000e+03
1.483000000000000000e+03
1.409000000000000000e+03
2.130000000000000000e+02
1.283000000000000000e+03
4.724000000000000000e+03
1.490000000000000000e+03
6.770000000000000000e+02
1.681000000000000000e+03
1.088000000000000000e+03
3.031000000000000000e+03
2.224000000000000000e+03
8.680000000000000000e+02
3.552000000000000000e+03
4.528000000000000000e+03
6.510000000000000000e+02
1.920000000000000000e+03
1.708000000000000000e+03
1.104000000000000000e+03
3.067000000000000000e+03
1.196000000000000000e+03
2.131000000000000000e+03
1.607000000000000000e+03
1.875000000000000000e+03
1.260000000000000000e+03
1.736000000000000000e+03
5.700000000000000000e+02
1.497000000000000000e+03
1.101000000000000000e+03
1.154000000000000000e+03
1.486000000000000000e+03
1.468000000000000000e+03
1.319000000000000000e+03
5.750000000000000000e+02
1.076000000000000000e+03
2.359000000000000000e+03
1.463000000000000000e+03
8.730000000000000000e+02
8.770000000000000000e+02
1.716000000000000000e+03
1.073000000000000000e+03
2.735000000000000000e+03
9.230000000000000000e+02
1.833000000000000000e+03
2.015000000000000000e+03
1.709000000000000000e+03
1.025000000000000000e+03
6.610000000000000000e+02
2.198000000000000000e+03
1.178000000000000000e+03
2.173000000000000000e+03
2.788000000000000000e+03
2.122000000000000000e+03
7.830000000000000000e+02
1.844000000000000000e+03
9.140000000000000000e+02
2.997000000000000000e+03
5.900000000000000000e+02
2.151000000000000000e+03
1.365000000000000000e+03
7.820000000000000000e+02
2.385000000000000000e+03
1.075000000000000000e+03
2.506000000000000000e+03
1.791000000000000000e+03
2.476000000000000000e+03
9.400000000000000000e+02
3.328000000000000000e+03
2.246000000000000000e+03
2.888000000000000000e+03
8.430000000000000000e+02
1.160000000000000000e+03
2.194000000000000000e+03
2.129000000000000000e+03
1.547000000000000000e+03
1.133000000000000000e+03
4.088000000000000000e+03
1.133000000000000000e+03
3.721000000000000000e+03
4.055000000000000000e+03
1.103000000000000000e+03
1.573000000000000000e+03
1.472000000000000000e+03
1.909000000000000000e+03
2.489000000000000000e+03
1.955000000000000000e+03
2.277000000000000000e+03
6.129000000000000000e+03
3.205000000000000000e+03
6.150000000000000000e+02
2.279000000000000000e+03
2.120000000000000000e+03
2.936000000000000000e+03
2.595000000000000000e+03
1.856000000000000000e+03
2.201000000000000000e+03
3.404000000000000000e+03
4.384000000000000000e+03
5.373000000000000000e+03
1.750000000000000000e+03
1.714000000000000000e+03
2.700000000000000000e+03
8.110000000000000000e+02
1.057000000000000000e+03
9.170000000000000000e+02
1.780000000000000000e+03
2.286000000000000000e+03
1.401000000000000000e+03
2.022000000000000000e+03
1.348000000000000000e+03
2.903000000000000000e+03
4.130000000000000000e+02
4.364000000000000000e+03
1.939000000000000000e+03
5.050000000000000000e+03
1.098000000000000000e+03
1.484000000000000000e+03
6.230000000000000000e+03
1.579000000000000000e+03
2.963000000000000000e+03
9.740000000000000000e+02
3.443000000000000000e+03
6.690000000000000000e+02
2.241000000000000000e+03
2.871000000000000000e+03
9.770000000000000000e+02
5.200000000000000000e+02
2.504000000000000000e+03
1.374000000000000000e+03
1.003000000000000000e+03
3.853000000000000000e+03
2.251000000000000000e+03
2.815000000000000000e+03
1.343000000000000000e+03
2.577000000000000000e+03
2.124000000000000000e+03
2.177000000000000000e+03
9.360000000000000000e+02
1.133000000000000000e+03
2.677000000000000000e+03
4.143000000000000000e+03
2.326000000000000000e+03
1.488000000000000000e+03
1.334000000000000000e+03
1.952000000000000000e+03
1.111000000000000000e+03
3.430000000000000000e+02
1.983000000000000000e+03
3.449000000000000000e+03
1.486000000000000000e+03
1.501000000000000000e+03
2.015000000000000000e+03
9.060000000000000000e+02
1.267000000000000000e+03
7.580000000000000000e+02
1.990000000000000000e+03
1.949000000000000000e+03
2.386000000000000000e+03
1.197000000000000000e+03
8.840000000000000000e+02
3.451000000000000000e+03
1.863000000000000000e+03
2.541000000000000000e+03
2.567000000000000000e+03
1.641000000000000000e+03
3.512000000000000000e+03
2.443000000000000000e+03
1.873000000000000000e+03
4.804000000000000000e+03
9.520000000000000000e+02
7.870000000000000000e+02
1.213000000000000000e+03
1.505000000000000000e+03
1.042000000000000000e+03
1.846000000000000000e+03
1.260000000000000000e+03
1.478000000000000000e+03
1.236000000000000000e+03
1.637000000000000000e+03
3.254000000000000000e+03
1.637000000000000000e+03
2.714000000000000000e+03
1.050000000000000000e+03
9.640000000000000000e+02
1.698000000000000000e+03
1.737000000000000000e+03
2.584000000000000000e+03
1.799000000000000000e+03
2.020000000000000000e+03
3.076000000000000000e+03
7.550000000000000000e+02
1.285000000000000000e+03
1.704000000000000000e+03
1.509000000000000000e+03
1.512000000000000000e+03
1.086000000000000000e+03
2.439000000000000000e+03
1.834000000000000000e+03
3.296000000000000000e+03
6.620000000000000000e+02
1.279000000000000000e+03
1.165000000000000000e+03
1.623000000000000000e+03
1.548000000000000000e+03
4.371000000000000000e+03
7.750000000000000000e+02
1.846000000000000000e+03
5.550000000000000000e+02
2.210000000000000000e+03
1.120000000000000000e+03
9.630000000000000000e+02
4.064000000000000000e+03
1.453000000000000000e+03
1.374000000000000000e+03
1.033000000000000000e+03
6.480000000000000000e+02
2.360000000000000000e+03
2.654000000000000000e+03
1.360000000000000000e+03
9.400000000000000000e+02
1.483000000000000000e+03
1.998000000000000000e+03
1.917000000000000000e+03
1.117000000000000000e+03
1.836000000000000000e+03
1.516000000000000000e+03
3.547000000000000000e+03
9.930000000000000000e+02
1.889000000000000000e+03
1.449000000000000000e+03
2.837000000000000000e+03
9.040000000000000000e+02
1.986000000000000000e+03
2.018000000000000000e+03
4.800000000000000000e+02
4.555000000000000000e+03
1.983000000000000000e+03
1.269000000000000000e+03
1.330000000000000000e+03
8.400000000000000000e+02
2.084000000000000000e+03
9.260000000000000000e+02
5.660000000000000000e+02
9.130000000000000000e+02
3.612000000000000000e+03
4.510000000000000000e+02
2.455000000000000000e+03
2.878000000000000000e+03
2.252000000000000000e+03
1.633000000000000000e+03
1.498000000000000000e+03
1.120000000000000000e+03
7.880000000000000000e+02
2.048000000000000000e+03
3.321000000000000000e+03
1.182000000000000000e+03
1.396000000000000000e+03
1.579000000000000000e+03
6.420000000000000000e+02
1.101000000000000000e+03
8.290000000000000000e+02
2.904000000000000000e+03
2.938000000000000000e+03
2.106000000000000000e+03
2.980000000000000000e+03
1.717000000000000000e+03
1.542000000000000000e+03
2.006000000000000000e+03
2.580000000000000000e+03
3.137000000000000000e+03
1.623000000000000000e+03
1.112000000000000000e+03
3.057000000000000000e+03
4.401000000000000000e+03
1.137000000000000000e+03
1.076000000000000000e+03
1.448000000000000000e+03
8.460000000000000000e+02
3.131000000000000000e+03
1.568000000000000000e+03
7.389000000000000000e+03
2.916000000000000000e+03
4.811000000000000000e+03
2.806000000000000000e+03
9.630000000000000000e+02
1.479000000000000000e+03
3.985000000000000000e+03
4.555000000000000000e+03
2.598000000000000000e+03
7.690000000000000000e+02
2.596000000000000000e+03
1.423000000000000000e+03
1.018000000000000000e+03
1.569000000000000000e+03
3.973000000000000000e+03
1.730000000000000000e+03
8.080000000000000000e+02
2.014000000000000000e+03
3.061000000000000000e+03
1.288000000000000000e+03
1.074000000000000000e+03
2.899000000000000000e+03
7.590000000000000000e+02
1.048000000000000000e+03
1.343000000000000000e+03
5.269000000000000000e+03
1.123000000000000000e+03
1.353000000000000000e+03
1.434000000000000000e+03
9.270000000000000000e+02
8.750000000000000000e+02
1.488000000000000000e+03
1.240000000000000000e+03
1.355000000000000000e+03
3.201000000000000000e+03
9.530000000000000000e+02
2.953000000000000000e+03
5.201000000000000000e+03
8.660000000000000000e+02
1.391000000000000000e+03
5.920000000000000000e+02
5.252000000000000000e+03
1.780000000000000000e+03
6.000000000000000000e+02
1.277000000000000000e+03
1.713000000000000000e+03
9.270000000000000000e+02
4.124000000000000000e+03
1.333000000000000000e+03
2.480000000000000000e+03
1.797000000000000000e+03
1.292000000000000000e+03
1.242000000000000000e+03
2.084000000000000000e+03
1.483000000000000000e+03
1.443000000000000000e+03
2.641000000000000000e+03
7.330000000000000000e+02
2.572000000000000000e+03
1.032000000000000000e+03
2.886000000000000000e+03
1.682000000000000000e+03
6.120000000000000000e+02
2.244000000000000000e+03
9.730000000000000000e+02
1.819000000000000000e+03
1.886000000000000000e+03
1.426000000000000000e+03
3.365000000000000000e+03
2.455000000000000000e+03
2.131000000000000000e+03
1.568000000000000000e+03
5.050000000000000000e+03
1.226000000000000000e+03
1.380000000000000000e+03
9.730000000000000000e+02
1.376000000000000000e+03
2.147000000000000000e+03
3.279000000000000000e+03
6.513000000000000000e+03
1.553000000000000000e+03
2.349000000000000000e+03
2.692000000000000000e+03
3.712000000000000000e+03
3.794000000000000000e+03
4.019000000000000000e+03
1.661000000000000000e+03
1.148000000000000000e+03
2.130000000000000000e+03
1.929000000000000000e+03
2.723000000000000000e+03
8.750000000000000000e+02
4.991000000000000000e+03
6.227000000000000000e+03
8.660000000000000000e+02
8.740000000000000000e+02
1.046000000000000000e+03
1.714000000000000000e+03
3.425000000000000000e+03
3.236000000000000000e+03
1.897000000000000000e+03
4.791000000000000000e+03
6.990000000000000000e+02
1.556000000000000000e+03
8.580000000000000000e+02
2.836000000000000000e+03
7.000000000000000000e+02
1.262000000000000000e+03
2.333000000000000000e+03
7.030000000000000000e+02
1.229000000000000000e+03
1.442000000000000000e+03
1.223000000000000000e+03
1.540000000000000000e+03
2.282000000000000000e+03
3.195000000000000000e+03
8.810000000000000000e+02
3.367000000000000000e+03
7.910000000000000000e+02
2.446000000000000000e+03
2.933000000000000000e+03
1.360000000000000000e+03
2.672000000000000000e+03
1.933000000000000000e+03
1.353000000000000000e+03
3.378000000000000000e+03
1.252000000000000000e+03
1.395000000000000000e+03
1.241000000000000000e+03
2.489000000000000000e+03
6.041000000000000000e+03
7.350000000000000000e+02
1.081000000000000000e+03
1.811000000000000000e+03
7.920000000000000000e+02
2.316000000000000000e+03
1.227000000000000000e+03
2.294000000000000000e+03
8.160000000000000000e+02
8.360000000000000000e+02
1.717000000000000000e+03
1.718000000000000000e+03
1.267000000000000000e+03
6.088000000000000000e+03
6.089000000000000000e+03
3.000000000000000000e+02
2.361000000000000000e+03
5.840000000000000000e+02
1.110000000000000000e+03
1.318000000000000000e+03
2.815000000000000000e+03
1.595000000000000000e+03
1.844000000000000000e+03
8.630000000000000000e+02
8.330000000000000000e+02
2.039000000000000000e+03
4.636000000000000000e+03
5.818000000000000000e+03
1.614000000000000000e+03
2.722000000000000000e+03
5.880000000000000000e+02
6.461000000000000000e+03
1.380000000000000000e+03
6.660000000000000000e+02
1.579000000000000000e+03
3.954000000000000000e+03
1.264000000000000000e+03
2.908000000000000000e+03
3.146000000000000000e+03
1.127000000000000000e+03
1.304000000000000000e+03
1.456000000000000000e+03
1.899000000000000000e+03
4.135000000000000000e+03
5.600000000000000000e+03
1.553000000000000000e+03
9.660000000000000000e+02
2.349000000000000000e+03
9.430000000000000000e+02
2.219000000000000000e+03
1.218000000000000000e+03
3.578000000000000000e+03
9.330000000000000000e+02
1.180000000000000000e+03
3.247000000000000000e+03
3.326000000000000000e+03
2.998000000000000000e+03
1.337000000000000000e+03
7.260000000000000000e+02
6.039000000000000000e+03
6.410000000000000000e+02
1.283000000000000000e+03
1.443000000000000000e+03
1.929000000000000000e+03
1.806000000000000000e+03
3.087000000000000000e+03
2.722000000000000000e+03
6.740000000000000000e+02
1.457000000000000000e+03
1.651000000000000000e+03
3.626000000000000000e+03
9.510000000000000000e+02
2.712000000000000000e+03
7.790000000000000000e+02
3.785000000000000000e+03
1.579000000000000000e+03
2.498000000000000000e+03
1.616000000000000000e+03
2.036000000000000000e+03
1.135000000000000000e+03
3.220000000000000000e+03
2.179000000000000000e+03
2.207000000000000000e+03
1.152000000000000000e+03
3.226000000000000000e+03
1.452000000000000000e+03
1.786000000000000000e+03
7.270000000000000000e+02
1.220000000000000000e+03
2.270000000000000000e+03
2.585000000000000000e+03
2.204000000000000000e+03
2.252000000000000000e+03
9.160000000000000000e+02
8.920000000000000000e+02
4.291000000000000000e+03
1.761000000000000000e+03
1.297000000000000000e+03
5.570000000000000000e+02
2.362000000000000000e+03
9.067000000000000000e+03
1.725000000000000000e+03
8.420000000000000000e+02
1.079000000000000000e+03
6.372000000000000000e+03
1.648000000000000000e+03
9.260000000000000000e+02
2.884000000000000000e+03
2.415000000000000000e+03
1.038000000000000000e+03
2.791000000000000000e+03
1.724000000000000000e+03
7.280000000000000000e+02
1.018000000000000000e+03
1.122000000000000000e+03
8.100000000000000000e+02
1.325000000000000000e+03
2.045000000000000000e+03
2.644000000000000000e+03
7.820000000000000000e+02
1.036000000000000000e+03
2.678000000000000000e+03
2.715000000000000000e+03
1.152000000000000000e+03
9.410000000000000000e+02
1.033000000000000000e+03
2.509000000000000000e+03
1.357000000000000000e+03
2.809000000000000000e+03
1.790000000000000000e+03
8.650000000000000000e+02
3.140000000000000000e+03
4.270000000000000000e+03
1.373000000000000000e+03
1.373000000000000000e+03
4.740000000000000000e+02
1.724000000000000000e+03
1.056000000000000000e+03
2.582000000000000000e+03
5.476000000000000000e+03
9.940000000000000000e+02
1.001000000000000000e+03
2.485000000000000000e+03
1.062000000000000000e+03
1.544000000000000000e+03
1.368000000000000000e+03
2.028000000000000000e+03
1.886000000000000000e+03
1.712000000000000000e+03
1.383000000000000000e+03
1.705000000000000000e+03
1.105000000000000000e+03
2.489000000000000000e+03
1.098000000000000000e+03
1.573000000000000000e+03
8.900000000000000000e+02
1.463000000000000000e+03
1.687000000000000000e+03
1.752000000000000000e+03
7.440000000000000000e+02
2.224000000000000000e+03
1.465000000000000000e+03
1.942000000000000000e+03
3.191000000000000000e+03
2.206000000000000000e+03
2.919000000000000000e+03
2.055000000000000000e+03
2.899000000000000000e+03
7.990000000000000000e+02
1.022000000000000000e+03
1.968000000000000000e+03
2.653000000000000000e+03
1.726000000000000000e+03
1.205000000000000000e+03
5.621000000000000000e+03
2.874000000000000000e+03
1.302000000000000000e+03
1.466000000000000000e+03
1.259000000000000000e+03
1.004000000000000000e+03
1.225000000000000000e+03
2.790000000000000000e+03
3.061000000000000000e+03
8.310000000000000000e+02
3.984000000000000000e+03
2.617000000000000000e+03
1.526000000000000000e+03
9.040000000000000000e+02
5.990000000000000000e+02
3.698000000000000000e+03
3.534000000000000000e+03
1.149000000000000000e+03
1.451000000000000000e+03
2.636000000000000000e+03
1.266000000000000000e+03
2.380000000000000000e+03
1.850000000000000000e+03
2.979000000000000000e+03
1.487000000000000000e+03
2.032000000000000000e+03
2.041000000000000000e+03
2.069000000000000000e+03
3.500000000000000000e+03
3.570000000000000000e+03
2.644000000000000000e+03
9.380000000000000000e+02
5.301000000000000000e+03
1.279000000000000000e+03
2.155000000000000000e+03
1.357000000000000000e+03
2.006000000000000000e+03
1.379000000000000000e+03
2.326000000000000000e+03
3.624000000000000000e+03
1.904000000000000000e+03
1.331000000000000000e+03
2.085000000000000000e+03
1.130000000000000000e+03
1.280000000000000000e+03
2.132000000000000000e+03
6.832000000000000000e+03
2.173000000000000000e+03
1.055000000000000000e+03
2.811000000000000000e+03
1.570000000000000000e+03
2.575000000000000000e+03
1.753000000000000000e+03
1.370000000000000000e+03
4.881000000000000000e+03
2.367000000000000000e+03
1.574000000000000000e+03
1.869000000000000000e+03
1.679000000000000000e+03
2.055000000000000000e+03
3.886000000000000000e+03
5.955000000000000000e+03
7.860000000000000000e+02
2.075000000000000000e+03
1.751000000000000000e+03
8.830000000000000000e+02
2.803000000000000000e+03
2.348000000000000000e+03
1.389000000000000000e+03
7.550000000000000000e+02
1.572000000000000000e+03
1.774000000000000000e+03
2.200000000000000000e+03
1.055000000000000000e+03
1.548000000000000000e+03
6.240000000000000000e+02
2.576000000000000000e+03
4.224000000000000000e+03
2.126000000000000000e+03
1.988000000000000000e+03
2.557000000000000000e+03
1.988000000000000000e+03
1.668000000000000000e+03
1.767000000000000000e+03
2.432000000000000000e+03
3.467000000000000000e+03
1.066100000000000000e+04
3.371000000000000000e+03
1.997000000000000000e+03
2.795000000000000000e+03
2.570000000000000000e+03
2.896000000000000000e+03
2.180000000000000000e+03
1.134000000000000000e+03
2.086000000000000000e+03
3.910000000000000000e+03
6.950000000000000000e+02
1.988000000000000000e+03
5.710000000000000000e+02
1.021000000000000000e+04
1.218000000000000000e+03
7.380000000000000000e+02
7.700000000000000000e+02
1.635000000000000000e+03
2.371000000000000000e+03
1.242000000000000000e+03
1.554000000000000000e+03
1.207000000000000000e+03
1.250000000000000000e+03
1.380000000000000000e+03
8.630000000000000000e+02
1.592000000000000000e+03
3.310000000000000000e+03
2.330000000000000000e+03
1.631000000000000000e+03
2.917000000000000000e+03
1.011000000000000000e+03
1.507000000000000000e+03
2.389000000000000000e+03
3.020000000000000000e+02
2.750000000000000000e+03
1.987000000000000000e+03
3.738000000000000000e+03
1.555000000000000000e+03
9.940000000000000000e+02
2.706000000000000000e+03
1.132000000000000000e+03
2.264000000000000000e+03
1.348000000000000000e+03
9.510000000000000000e+02
1.070000000000000000e+03
1.297000000000000000e+03
7.950000000000000000e+02
1.367000000000000000e+03
1.232000000000000000e+03
7.830000000000000000e+02
1.639000000000000000e+03
1.325000000000000000e+03
2.260000000000000000e+03
1.820000000000000000e+03
3.096000000000000000e+03
2.622000000000000000e+03
1.991000000000000000e+03
3.960000000000000000e+03
6.250000000000000000e+02
3.291000000000000000e+03
1.019000000000000000e+03
2.509000000000000000e+03
6.520000000000000000e+02
2.492000000000000000e+03
4.099000000000000000e+03
2.293000000000000000e+03
2.305000000000000000e+03
2.397000000000000000e+03
9.620000000000000000e+02
3.002000000000000000e+03
1.522000000000000000e+03
1.225000000000000000e+03
1.360000000000000000e+03
2.209000000000000000e+03
1.305000000000000000e+03
1.104000000000000000e+03
2.134000000000000000e+03
1.054000000000000000e+03
3.826000000000000000e+03
1.463000000000000000e+03
1.139000000000000000e+03
1.046000000000000000e+03
6.560000000000000000e+02
8.660000000000000000e+02
4.629000000000000000e+03
2.169000000000000000e+03
1.421000000000000000e+03
1.169000000000000000e+03
3.670000000000000000e+02
1.785000000000000000e+03
2.997000000000000000e+03
3.779000000000000000e+03
3.640000000000000000e+03
2.411000000000000000e+03
2.750000000000000000e+03
2.451000000000000000e+03
1.158000000000000000e+03
7.960000000000000000e+02
1.522000000000000000e+03
1.027000000000000000e+03
2.710000000000000000e+03
1.091000000000000000e+03
2.536000000000000000e+03
2.093000000000000000e+03
1.060000000000000000e+03
1.612000000000000000e+03
1.826000000000000000e+03
1.619000000000000000e+03
9.803000000000000000e+03
9.170000000000000000e+02
7.850000000000000000e+02
1.792000000000000000e+03
2.182000000000000000e+03
1.701000000000000000e+03
3.303000000000000000e+03
2.668000000000000000e+03
1.631000000000000000e+03
2.172000000000000000e+03
1.505000000000000000e+03
2.101000000000000000e+03
2.262000000000000000e+03
2.548000000000000000e+03
1.442000000000000000e+03
2.586000000000000000e+03
1.770000000000000000e+03
8.760000000000000000e+02
1.898000000000000000e+03
1.327000000000000000e+03
3.665000000000000000e+03
1.406000000000000000e+03
1.056000000000000000e+03
2.049000000000000000e+03
2.622000000000000000e+03
1.512000000000000000e+03
2.826000000000000000e+03
1.164000000000000000e+03
1.692000000000000000e+03
3.234000000000000000e+03
1.206000000000000000e+03
1.533000000000000000e+03
1.671000000000000000e+03
1.622000000000000000e+03
1.236000000000000000e+03
2.022000000000000000e+03
1.311000000000000000e+03
2.864000000000000000e+03
3.467000000000000000e+03
1.515000000000000000e+03
5.780000000000000000e+02
1.432000000000000000e+03
2.011000000000000000e+03
3.917000000000000000e+03
1.221000000000000000e+03
1.860000000000000000e+03
1.276000000000000000e+03
1.810000000000000000e+03
1.439000000000000000e+03
1.037000000000000000e+03
1.162000000000000000e+03
1.605000000000000000e+03
2.636000000000000000e+03
2.529000000000000000e+03
7.650000000000000000e+02
2.695000000000000000e+03
4.080000000000000000e+02
2.211000000000000000e+03
4.538000000000000000e+03
2.201000000000000000e+03
9.020000000000000000e+02
3.021000000000000000e+03
1.363000000000000000e+03
3.905000000000000000e+03
3.104000000000000000e+03
1.637000000000000000e+03
2.046000000000000000e+03
4.332000000000000000e+03
2.456000000000000000e+03
7.930000000000000000e+02
1.841000000000000000e+03
4.440000000000000000e+02
5.030000000000000000e+02
2.258000000000000000e+03
9.230000000000000000e+02
1.657000000000000000e+03
6.230000000000000000e+02
5.570000000000000000e+02
1.013000000000000000e+03
2.477000000000000000e+03
1.790000000000000000e+03
1.384000000000000000e+03
2.305000000000000000e+03
1.585000000000000000e+03
2.341000000000000000e+03
6.520000000000000000e+02
1.055000000000000000e+03
9.080000000000000000e+02
7.730000000000000000e+02
2.116000000000000000e+03
1.694000000000000000e+03
7.550000000000000000e+02
2.480000000000000000e+03
1.983000000000000000e+03
1.919000000000000000e+03
3.203000000000000000e+03
3.150000000000000000e+02
2.943000000000000000e+03
1.581000000000000000e+03
1.901000000000000000e+03
1.661000000000000000e+03
3.370000000000000000e+03
1.846000000000000000e+03
1.181000000000000000e+03
2.065000000000000000e+03
4.676000000000000000e+03
4.751000000000000000e+03
6.630000000000000000e+02
6.291000000000000000e+03
1.138000000000000000e+03
1.419000000000000000e+03
2.236000000000000000e+03
1.074000000000000000e+03
1.878000000000000000e+03
1.837000000000000000e+03
9.610000000000000000e+02
1.962000000000000000e+03
1.288000000000000000e+03
1.104000000000000000e+03
1.621000000000000000e+03
3.107000000000000000e+03
5.810000000000000000e+02
2.517000000000000000e+03
2.140000000000000000e+03
6.440000000000000000e+03
1.733000000000000000e+03
3.337000000000000000e+03
1.482000000000000000e+03
3.021000000000000000e+03
4.220000000000000000e+02
7.420000000000000000e+02
2.022000000000000000e+03
1.637000000000000000e+03
1.475000000000000000e+03
1.782000000000000000e+03
8.810000000000000000e+02
1.058000000000000000e+03
1.205000000000000000e+03
3.093000000000000000e+03
