1.105600000000000000e+04
3.123000000000000000e+03
2.830900000000000000e+04
9.194000000000000000e+03
8.538000000000000000e+03
4.789000000000000000e+03
4.872000000000000000e+03
7.680000000000000000e+03
7.510000000000000000e+03
4.792000000000000000e+03
6.178000000000000000e+03
6.801000000000000000e+03
6.137000000000000000e+03
1.054800000000000000e+04
1.682200000000000000e+04
3.897000000000000000e+03
6.205000000000000000e+03
6.783000000000000000e+03
1.208900000000000000e+04
8.916000000000000000e+03
3.439000000000000000e+03
3.853000000000000000e+03
3.183000000000000000e+03
2.227000000000000000e+03
9.372000000000000000e+03
5.785000000000000000e+03
3.637000000000000000e+03
7.427000000000000000e+03
2.708000000000000000e+03
8.478000000000000000e+03
7.953000000000000000e+03
3.474000000000000000e+03
9.957000000000000000e+03
6.277000000000000000e+03
1.312100000000000000e+04
1.389300000000000000e+04
3.425000000000000000e+03
4.289000000000000000e+03
6.057000000000000000e+03
1.914200000000000000e+04
9.045000000000000000e+03
1.087800000000000000e+04
5.026000000000000000e+03
6.079000000000000000e+03
8.104000000000000000e+03
5.138000000000000000e+03
1.503300000000000000e+04
4.327000000000000000e+03
5.819000000000000000e+03
7.530000000000000000e+03
4.976000000000000000e+03
1.172400000000000000e+04
3.019200000000000000e+04
6.518000000000000000e+03
6.839000000000000000e+03
9.477000000000000000e+03
4.855000000000000000e+03
8.029000000000000000e+03
7.189000000000000000e+03
1.012300000000000000e+04
5.392000000000000000e+03
2.865000000000000000e+03
7.651000000000000000e+03
5.945000000000000000e+03
6.069000000000000000e+03
1.670600000000000000e+04
2.033000000000000000e+03
6.571000000000000000e+03
5.965000000000000000e+03
1.426700000000000000e+04
6.373000000000000000e+03
3.652000000000000000e+03
1.730800000000000000e+04
9.052000000000000000e+03
2.451100000000000000e+04
2.873000000000000000e+03
6.135000000000000000e+03
8.929000000000000000e+03
7.041000000000000000e+03
1.536600000000000000e+04
5.616000000000000000e+03
9.484000000000000000e+03
4.321000000000000000e+03
1.054700000000000000e+04
6.084000000000000000e+03
5.090000000000000000e+03
5.149000000000000000e+03
8.012000000000000000e+03
1.595900000000000000e+04
4.413000000000000000e+03
2.847000000000000000e+04
3.755700000000000000e+04
1.603100000000000000e+04
6.929000000000000000e+03
1.358300000000000000e+04
5.461000000000000000e+03
1.593900000000000000e+04
7.010000000000000000e+03
9.544000000000000000e+03
3.582000000000000000e+03
6.298000000000000000e+03
4.833000000000000000e+03
4.952000000000000000e+03
8.668000000000000000e+03
3.510000000000000000e+03
7.472000000000000000e+03
4.898000000000000000e+03
4.679000000000000000e+03
1.058400000000000000e+04
4.152000000000000000e+03
7.665000000000000000e+03
3.359000000000000000e+03
2.009200000000000000e+04
4.699000000000000000e+03
5.308000000000000000e+03
2.651000000000000000e+03
6.522000000000000000e+03
1.543900000000000000e+04
4.297000000000000000e+03
5.224000000000000000e+03
3.202000000000000000e+03
7.099000000000000000e+03
1.787900000000000000e+04
4.541000000000000000e+03
1.135000000000000000e+04
4.135000000000000000e+03
8.723000000000000000e+03
8.607000000000000000e+03
6.248000000000000000e+03
4.763000000000000000e+03
7.584000000000000000e+03
5.029000000000000000e+03
5.524000000000000000e+03
5.162000000000000000e+03
3.719000000000000000e+03
1.238400000000000000e+04
4.141000000000000000e+03
7.330000000000000000e+03
3.238000000000000000e+03
7.992000000000000000e+03
8.818000000000000000e+03
5.899000000000000000e+03
1.220300000000000000e+04
6.011000000000000000e+03
4.585000000000000000e+03
4.833000000000000000e+03
1.327800000000000000e+04
7.799000000000000000e+03
2.682900000000000000e+04
7.310000000000000000e+03
1.082100000000000000e+04
7.931000000000000000e+03
7.913000000000000000e+03
5.284000000000000000e+03
4.754000000000000000e+03
4.458000000000000000e+03
6.163000000000000000e+03
3.385000000000000000e+03
5.961000000000000000e+03
1.987000000000000000e+03
4.296000000000000000e+03
3.174000000000000000e+03
1.867300000000000000e+04
6.409000000000000000e+03
8.145000000000000000e+03
8.447000000000000000e+03
2.202000000000000000e+03
7.117000000000000000e+03
3.958000000000000000e+03
5.997000000000000000e+03
1.006000000000000000e+04
6.622000000000000000e+03
1.150600000000000000e+04
1.812100000000000000e+04
1.517300000000000000e+04
9.701000000000000000e+03
7.815000000000000000e+03
1.322300000000000000e+04
1.076000000000000000e+04
6.269000000000000000e+03
6.984000000000000000e+03
7.751000000000000000e+03
6.036000000000000000e+03
1.275200000000000000e+04
3.493000000000000000e+04
1.879100000000000000e+04
8.700000000000000000e+03
3.904000000000000000e+03
7.520000000000000000e+03
6.817000000000000000e+03
1.219900000000000000e+04
9.641000000000000000e+03
3.314000000000000000e+03
4.932000000000000000e+03
7.854000000000000000e+03
1.991000000000000000e+03
4.162000000000000000e+03
1.274200000000000000e+04
1.930000000000000000e+04
1.239800000000000000e+04
1.801900000000000000e+04
8.888000000000000000e+03
2.815000000000000000e+03
7.863000000000000000e+03
1.029100000000000000e+04
5.356000000000000000e+03
1.243600000000000000e+04
1.123200000000000000e+04
5.813000000000000000e+03
9.095000000000000000e+03
1.021000000000000000e+04
9.307000000000000000e+03
6.963000000000000000e+03
7.724000000000000000e+03
2.455000000000000000e+03
6.631000000000000000e+03
5.951000000000000000e+03
1.712600000000000000e+04
1.000700000000000000e+04
7.245000000000000000e+03
5.212000000000000000e+03
3.659000000000000000e+03
5.444000000000000000e+03
1.295300000000000000e+04
1.292300000000000000e+04
1.571100000000000000e+04
1.394200000000000000e+04
1.481200000000000000e+04
3.261000000000000000e+03
8.081000000000000000e+03
7.738000000000000000e+03
7.608000000000000000e+03
1.254300000000000000e+04
2.415400000000000000e+04
6.790000000000000000e+03
1.542900000000000000e+04
5.211000000000000000e+03
5.575000000000000000e+03
9.516000000000000000e+03
4.998000000000000000e+03
3.797000000000000000e+03
1.891300000000000000e+04
1.265200000000000000e+04
6.316000000000000000e+03
5.636000000000000000e+03
1.135700000000000000e+04
1.126500000000000000e+04
1.070100000000000000e+04
2.122400000000000000e+04
8.560000000000000000e+03
3.887000000000000000e+03
8.061000000000000000e+03
4.071000000000000000e+03
3.101000000000000000e+03
4.990000000000000000e+03
1.869000000000000000e+03
3.128000000000000000e+03
1.067200000000000000e+04
7.366000000000000000e+03
5.503000000000000000e+03
7.168000000000000000e+03
5.468000000000000000e+03
6.036000000000000000e+03
1.554400000000000000e+04
7.487000000000000000e+03
9.091000000000000000e+03
2.239000000000000000e+03
7.067000000000000000e+03
5.566000000000000000e+03
4.433000000000000000e+03
2.100800000000000000e+04
2.054800000000000000e+04
8.897000000000000000e+03
4.587000000000000000e+03
2.320000000000000000e+04
1.229200000000000000e+04
1.058500000000000000e+04
5.385000000000000000e+03
1.888000000000000000e+03
7.105000000000000000e+03
4.905000000000000000e+03
5.606000000000000000e+03
1.281000000000000000e+04
5.936000000000000000e+03
3.763000000000000000e+03
1.495100000000000000e+04
4.974000000000000000e+03
7.782000000000000000e+03
1.084700000000000000e+04
5.551000000000000000e+03
8.340000000000000000e+03
3.816000000000000000e+03
7.943000000000000000e+03
1.161400000000000000e+04
1.226400000000000000e+04
4.694000000000000000e+03
3.735000000000000000e+03
1.431100000000000000e+04
7.257000000000000000e+03
5.964000000000000000e+03
1.981100000000000000e+04
5.249000000000000000e+03
9.903000000000000000e+03
7.103000000000000000e+03
4.438000000000000000e+03
1.111200000000000000e+04
6.370000000000000000e+03
9.378000000000000000e+03
4.495000000000000000e+03
1.805400000000000000e+04
7.011000000000000000e+03
4.742000000000000000e+03
1.631800000000000000e+04
8.201000000000000000e+03
7.136000000000000000e+03
6.363000000000000000e+03
1.190300000000000000e+04
2.274800000000000000e+04
1.389200000000000000e+04
2.560600000000000000e+04
4.837000000000000000e+03
6.874000000000000000e+03
6.556000000000000000e+03
1.215600000000000000e+04
8.727000000000000000e+03
1.119500000000000000e+04
3.309000000000000000e+03
1.075000000000000000e+04
1.589300000000000000e+04
1.452300000000000000e+04
4.749000000000000000e+03
4.790000000000000000e+03
8.060000000000000000e+03
7.875000000000000000e+03
6.092000000000000000e+03
1.556100000000000000e+04
8.983000000000000000e+03
2.926000000000000000e+03
8.368000000000000000e+03
1.241600000000000000e+04
1.376900000000000000e+04
3.885000000000000000e+03
7.125000000000000000e+03
1.230300000000000000e+04
5.345000000000000000e+03
1.076400000000000000e+04
7.804000000000000000e+03
8.294000000000000000e+03
5.058000000000000000e+03
7.333000000000000000e+03
5.572000000000000000e+03
1.159300000000000000e+04
4.274000000000000000e+03
1.007000000000000000e+04
6.639000000000000000e+03
7.708000000000000000e+03
8.327000000000000000e+03
4.492000000000000000e+03
1.233200000000000000e+04
1.259400000000000000e+04
5.994000000000000000e+03
3.497500000000000000e+04
1.034800000000000000e+04
1.733000000000000000e+03
8.031000000000000000e+03
6.777000000000000000e+03
4.490000000000000000e+03
5.845000000000000000e+03
6.965000000000000000e+03
2.406000000000000000e+03
1.490700000000000000e+04
1.078600000000000000e+04
1.820300000000000000e+04
4.273000000000000000e+03
6.783000000000000000e+03
1.166300000000000000e+04
1.159100000000000000e+04
5.157000000000000000e+03
1.342900000000000000e+04
1.137000000000000000e+04
3.592000000000000000e+03
6.869000000000000000e+03
8.109000000000000000e+03
8.322000000000000000e+03
3.292000000000000000e+03
9.142000000000000000e+03
7.712000000000000000e+03
2.714400000000000000e+04
6.051000000000000000e+03
3.444000000000000000e+03
5.639000000000000000e+03
9.065000000000000000e+03
7.069000000000000000e+03
5.319000000000000000e+03
8.817000000000000000e+03
2.520400000000000000e+04
8.782000000000000000e+03
2.753000000000000000e+04
1.044600000000000000e+04
5.389000000000000000e+03
6.482000000000000000e+03
5.539000000000000000e+03
1.294000000000000000e+04
2.253000000000000000e+03
5.364000000000000000e+03
1.271800000000000000e+04
3.973000000000000000e+03
9.945000000000000000e+03
5.639000000000000000e+03
5.657000000000000000e+03
1.399200000000000000e+04
8.206000000000000000e+03
7.522000000000000000e+03
3.848000000000000000e+03
3.254000000000000000e+03
1.123300000000000000e+04
2.911000000000000000e+03
5.813000000000000000e+03
1.503800000000000000e+04
1.214000000000000000e+04
7.236000000000000000e+03
9.984000000000000000e+03
8.329000000000000000e+03
1.208600000000000000e+04
1.318300000000000000e+04
2.977000000000000000e+03
1.574700000000000000e+04
9.894000000000000000e+03
3.254000000000000000e+03
8.942000000000000000e+03
1.529300000000000000e+04
2.282400000000000000e+04
8.290000000000000000e+03
6.174000000000000000e+03
1.228100000000000000e+04
3.383000000000000000e+03
5.807000000000000000e+03
8.411000000000000000e+03
9.650000000000000000e+03
7.652000000000000000e+03
2.420600000000000000e+04
7.195000000000000000e+03
6.795000000000000000e+03
9.316000000000000000e+03
5.179000000000000000e+03
7.282000000000000000e+03
3.282000000000000000e+03
3.353000000000000000e+03
1.313600000000000000e+04
9.575000000000000000e+03
2.691000000000000000e+03
7.774000000000000000e+03
6.250000000000000000e+03
3.402000000000000000e+03
1.082400000000000000e+04
2.228000000000000000e+04
7.409000000000000000e+03
7.966000000000000000e+03
7.539000000000000000e+03
1.217200000000000000e+04
1.131900000000000000e+04
6.680000000000000000e+03
3.877000000000000000e+03
1.779100000000000000e+04
8.688000000000000000e+03
7.538000000000000000e+03
2.064700000000000000e+04
1.500800000000000000e+04
4.516000000000000000e+03
1.348800000000000000e+04
5.584000000000000000e+03
1.403500000000000000e+04
6.215000000000000000e+03
7.333000000000000000e+03
3.439000000000000000e+03
8.097000000000000000e+03
2.799000000000000000e+03
5.843000000000000000e+03
1.330200000000000000e+04
5.028000000000000000e+03
3.067000000000000000e+03
2.084000000000000000e+03
9.749000000000000000e+03
5.290000000000000000e+03
6.136000000000000000e+03
9.357000000000000000e+03
4.945000000000000000e+03
1.173300000000000000e+04
6.938000000000000000e+03
4.037000000000000000e+03
6.303000000000000000e+03
2.957000000000000000e+03
9.967000000000000000e+03
9.274000000000000000e+03
1.170800000000000000e+04
5.141000000000000000e+03
3.804000000000000000e+03
1.113800000000000000e+04
2.880000000000000000e+03
2.393000000000000000e+03
6.843000000000000000e+03
4.362000000000000000e+03
4.547000000000000000e+03
1.264900000000000000e+04
1.273800000000000000e+04
4.553000000000000000e+03
8.078000000000000000e+03
6.267000000000000000e+03
1.185300000000000000e+04
7.879000000000000000e+03
6.145000000000000000e+03
9.809000000000000000e+03
4.652000000000000000e+03
4.947000000000000000e+03
1.068100000000000000e+04
6.344000000000000000e+03
1.195700000000000000e+04
3.258000000000000000e+03
7.104000000000000000e+03
3.017000000000000000e+03
4.711000000000000000e+03
6.144000000000000000e+03
9.939000000000000000e+03
1.608600000000000000e+04
3.251000000000000000e+03
1.354500000000000000e+04
1.562100000000000000e+04
1.315700000000000000e+04
7.267000000000000000e+03
7.091000000000000000e+03
3.897000000000000000e+03
1.091000000000000000e+04
1.079000000000000000e+04
1.868100000000000000e+04
6.991000000000000000e+03
1.320400000000000000e+04
5.366000000000000000e+03
2.924000000000000000e+03
2.936000000000000000e+03
7.676000000000000000e+03
6.490000000000000000e+03
6.043000000000000000e+03
4.292000000000000000e+03
8.765000000000000000e+03
4.832000000000000000e+03
9.159000000000000000e+03
9.297000000000000000e+03
7.906000000000000000e+03
1.413800000000000000e+04
2.301000000000000000e+04
8.285000000000000000e+03
5.581000000000000000e+03
7.473000000000000000e+03
2.789000000000000000e+03
6.772000000000000000e+03
5.675000000000000000e+03
4.561000000000000000e+03
8.372000000000000000e+03
1.007900000000000000e+04
8.735000000000000000e+03
1.127700000000000000e+04
1.459800000000000000e+04
2.177100000000000000e+04
4.463000000000000000e+03
4.157000000000000000e+03
1.309900000000000000e+04
4.745000000000000000e+03
1.269700000000000000e+04
1.433200000000000000e+04
2.762000000000000000e+03
5.285000000000000000e+03
1.123500000000000000e+04
5.620000000000000000e+03
3.387000000000000000e+03
1.018100000000000000e+04
9.812000000000000000e+03
9.157000000000000000e+03
7.549000000000000000e+03
4.898000000000000000e+03
4.368000000000000000e+03
2.697000000000000000e+03
1.328100000000000000e+04
1.009600000000000000e+04
6.774000000000000000e+03
7.099000000000000000e+03
4.920000000000000000e+03
7.477000000000000000e+03
6.808000000000000000e+03
1.278100000000000000e+04
8.075000000000000000e+03
9.128000000000000000e+03
7.518000000000000000e+03
8.889000000000000000e+03
1.333500000000000000e+04
1.580700000000000000e+04
6.691000000000000000e+03
1.236800000000000000e+04
9.352000000000000000e+03
8.496000000000000000e+03
1.191500000000000000e+04
8.425000000000000000e+03
1.495800000000000000e+04
4.665000000000000000e+03
2.217000000000000000e+03
1.945200000000000000e+04
4.692000000000000000e+03
4.748000000000000000e+03
1.171300000000000000e+04
4.331000000000000000e+03
1.078500000000000000e+04
1.068400000000000000e+04
1.603100000000000000e+04
9.326000000000000000e+03
8.112000000000000000e+03
4.113000000000000000e+03
5.538000000000000000e+03
6.687000000000000000e+03
1.374400000000000000e+04
6.291000000000000000e+03
1.073600000000000000e+04
2.100400000000000000e+04
3.203000000000000000e+03
5.881000000000000000e+03
2.346000000000000000e+03
7.472000000000000000e+03
3.120200000000000000e+04
6.038000000000000000e+03
1.467100000000000000e+04
3.613000000000000000e+03
2.844000000000000000e+03
2.264300000000000000e+04
2.935000000000000000e+03
4.047000000000000000e+03
4.709000000000000000e+03
8.391000000000000000e+03
2.217400000000000000e+04
1.219500000000000000e+04
1.053800000000000000e+04
1.618300000000000000e+04
1.377000000000000000e+04
1.080200000000000000e+04
8.619000000000000000e+03
5.876000000000000000e+03
1.165400000000000000e+04
4.115000000000000000e+03
9.737000000000000000e+03
2.166000000000000000e+03
7.627000000000000000e+03
2.233900000000000000e+04
1.018400000000000000e+04
1.383600000000000000e+04
1.253700000000000000e+04
2.875000000000000000e+03
6.976000000000000000e+03
2.824000000000000000e+03
6.148000000000000000e+03
6.871000000000000000e+03
3.200000000000000000e+03
6.086000000000000000e+03
2.161300000000000000e+04
8.402000000000000000e+03
1.251100000000000000e+04
1.363800000000000000e+04
7.276000000000000000e+03
3.601000000000000000e+03
7.624000000000000000e+03
1.812500000000000000e+04
5.759000000000000000e+03
2.091000000000000000e+04
1.377300000000000000e+04
3.725000000000000000e+03
6.855000000000000000e+03
4.394000000000000000e+03
6.645000000000000000e+03
4.317000000000000000e+03
2.217400000000000000e+04
4.363000000000000000e+03
1.687200000000000000e+04
1.018900000000000000e+04
6.017000000000000000e+03
1.780300000000000000e+04
2.134700000000000000e+04
1.399900000000000000e+04
6.735000000000000000e+03
6.635000000000000000e+03
3.164000000000000000e+03
7.765000000000000000e+03
8.592000000000000000e+03
1.539600000000000000e+04
5.488000000000000000e+03
4.222000000000000000e+03
1.260500000000000000e+04
6.805000000000000000e+03
1.173100000000000000e+04
8.621000000000000000e+03
1.488900000000000000e+04
5.588000000000000000e+03
1.488500000000000000e+04
5.609000000000000000e+03
7.930000000000000000e+03
2.464000000000000000e+03
7.247000000000000000e+03
1.059400000000000000e+04
7.203000000000000000e+03
7.476000000000000000e+03
6.607000000000000000e+03
4.379000000000000000e+03
6.290000000000000000e+03
1.352100000000000000e+04
9.037000000000000000e+03
4.048000000000000000e+03
3.197000000000000000e+03
2.381000000000000000e+03
3.629000000000000000e+03
4.681000000000000000e+03
5.057000000000000000e+03
1.044900000000000000e+04
5.103000000000000000e+03
5.459000000000000000e+03
8.067000000000000000e+03
1.063200000000000000e+04
1.510600000000000000e+04
6.396000000000000000e+03
7.828000000000000000e+03
1.696100000000000000e+04
2.800800000000000000e+04
1.510000000000000000e+03
5.354000000000000000e+03
2.930000000000000000e+03
7.748000000000000000e+03
5.405000000000000000e+03
8.967000000000000000e+03
5.210000000000000000e+03
4.912000000000000000e+03
1.271400000000000000e+04
3.924000000000000000e+03
2.650000000000000000e+03
8.943000000000000000e+03
8.757000000000000000e+03
3.655500000000000000e+04
1.435300000000000000e+04
4.104000000000000000e+03
1.026300000000000000e+04
1.044600000000000000e+04
6.548000000000000000e+03
8.010000000000000000e+03
3.728000000000000000e+03
1.913500000000000000e+04
6.699000000000000000e+03
1.665100000000000000e+04
4.255200000000000000e+04
8.032000000000000000e+03
4.448200000000000000e+04
1.381600000000000000e+04
1.055200000000000000e+04
1.047800000000000000e+04
2.111600000000000000e+04
4.708000000000000000e+03
1.158700000000000000e+04
5.279000000000000000e+03
4.110000000000000000e+03
4.873000000000000000e+03
2.258500000000000000e+04
8.498000000000000000e+03
1.073800000000000000e+04
5.459000000000000000e+03
3.745000000000000000e+03
5.259000000000000000e+03
6.762000000000000000e+03
9.135000000000000000e+03
1.542400000000000000e+04
5.387000000000000000e+03
8.627000000000000000e+03
5.696000000000000000e+03
1.525800000000000000e+04
3.891000000000000000e+03
3.871000000000000000e+03
8.505000000000000000e+03
6.273000000000000000e+03
5.324000000000000000e+03
6.854000000000000000e+03
8.457000000000000000e+03
4.051000000000000000e+03
1.207700000000000000e+04
5.455000000000000000e+03
6.563000000000000000e+03
3.702000000000000000e+03
3.562000000000000000e+03
2.595000000000000000e+03
1.468700000000000000e+04
1.089700000000000000e+04
8.352000000000000000e+03
3.275000000000000000e+03
2.264400000000000000e+04
4.183000000000000000e+03
6.906000000000000000e+03
8.253000000000000000e+03
5.735000000000000000e+03
6.634000000000000000e+03
1.177600000000000000e+04
6.767000000000000000e+03
5.542000000000000000e+03
7.232000000000000000e+03
6.992000000000000000e+03
4.831000000000000000e+03
6.164000000000000000e+03
3.238000000000000000e+03
4.304000000000000000e+03
4.015000000000000000e+03
4.942000000000000000e+03
7.048000000000000000e+03
9.004000000000000000e+03
1.933800000000000000e+04
7.813000000000000000e+03
6.906000000000000000e+03
6.384000000000000000e+03
6.072000000000000000e+03
8.784000000000000000e+03
7.663000000000000000e+03
5.157000000000000000e+03
8.362000000000000000e+03
8.402000000000000000e+03
9.448000000000000000e+03
2.588000000000000000e+03
1.273300000000000000e+04
4.716000000000000000e+03
8.749000000000000000e+03
7.179000000000000000e+03
1.963200000000000000e+04
7.478000000000000000e+03
3.608000000000000000e+03
1.135600000000000000e+04
1.116100000000000000e+04
4.367000000000000000e+03
6.989000000000000000e+03
2.689000000000000000e+03
7.540000000000000000e+03
1.466200000000000000e+04
2.109000000000000000e+03
5.465000000000000000e+03
5.991000000000000000e+03
6.900000000000000000e+03
6.063000000000000000e+03
1.565000000000000000e+04
4.878000000000000000e+03
4.590000000000000000e+03
8.088000000000000000e+03
4.879000000000000000e+03
4.005000000000000000e+03
2.284000000000000000e+03
3.870000000000000000e+03
9.058000000000000000e+03
5.150000000000000000e+03
1.465000000000000000e+04
1.402000000000000000e+04
4.940000000000000000e+03
2.970800000000000000e+04
1.213500000000000000e+04
1.082400000000000000e+04
6.811000000000000000e+03
7.637000000000000000e+03
1.073700000000000000e+04
1.534200000000000000e+04
6.225000000000000000e+03
7.065000000000000000e+03
1.142400000000000000e+04
1.027300000000000000e+04
3.026000000000000000e+03
8.706000000000000000e+03
9.449000000000000000e+03
5.625000000000000000e+03
2.200900000000000000e+04
7.305000000000000000e+03
5.446000000000000000e+03
1.445400000000000000e+04
2.487000000000000000e+03
1.353100000000000000e+04
1.672700000000000000e+04
2.362300000000000000e+04
3.496000000000000000e+03
1.472900000000000000e+04
1.202800000000000000e+04
3.032000000000000000e+03
6.566000000000000000e+03
3.520000000000000000e+03
6.504000000000000000e+03
3.853000000000000000e+03
1.198700000000000000e+04
8.634000000000000000e+03
7.198000000000000000e+03
3.299000000000000000e+03
7.433000000000000000e+03
1.238600000000000000e+04
2.828000000000000000e+03
7.346000000000000000e+03
3.376000000000000000e+03
7.643000000000000000e+03
3.908000000000000000e+03
1.352200000000000000e+04
9.467000000000000000e+03
1.080200000000000000e+04
1.775100000000000000e+04
2.546000000000000000e+03
5.976000000000000000e+03
1.132900000000000000e+04
1.323300000000000000e+04
1.449700000000000000e+04
2.442000000000000000e+03
3.124000000000000000e+03
8.448000000000000000e+03
2.157000000000000000e+03
1.747100000000000000e+04
9.374000000000000000e+03
9.544000000000000000e+03
1.408100000000000000e+04
2.197900000000000000e+04
2.435700000000000000e+04
1.408800000000000000e+04
5.854000000000000000e+03
9.387000000000000000e+03
1.173900000000000000e+04
9.244000000000000000e+03
4.211000000000000000e+03
1.617400000000000000e+04
6.076000000000000000e+03
3.817000000000000000e+03
5.025000000000000000e+03
2.484600000000000000e+04
5.105000000000000000e+03
2.887000000000000000e+03
2.017000000000000000e+03
3.609000000000000000e+03
5.407000000000000000e+03
1.696300000000000000e+04
1.449800000000000000e+04
3.719000000000000000e+03
8.714000000000000000e+03
8.138000000000000000e+03
6.096000000000000000e+03
1.201800000000000000e+04
9.612000000000000000e+03
1.174600000000000000e+04
4.504000000000000000e+03
7.186000000000000000e+03
4.480000000000000000e+03
8.972000000000000000e+03
7.414000000000000000e+03
1.188500000000000000e+04
4.339000000000000000e+03
1.485600000000000000e+04
1.037600000000000000e+04
4.757000000000000000e+03
5.836000000000000000e+03
2.384300000000000000e+04
6.189000000000000000e+03
6.406000000000000000e+03
4.514000000000000000e+03
4.510000000000000000e+03
4.663000000000000000e+03
6.976000000000000000e+03
5.241000000000000000e+03
9.606000000000000000e+03
1.511500000000000000e+04
6.559000000000000000e+03
1.480700000000000000e+04
4.998000000000000000e+03
6.427000000000000000e+03
8.031000000000000000e+03
8.386000000000000000e+03
9.378000000000000000e+03
1.314600000000000000e+04
5.831000000000000000e+03
1.348800000000000000e+04
7.780000000000000000e+03
1.366800000000000000e+04
6.734000000000000000e+03
5.295000000000000000e+03
4.138000000000000000e+03
1.544500000000000000e+04
1.979600000000000000e+04
4.048000000000000000e+03
1.509200000000000000e+04
9.866000000000000000e+03
6.344000000000000000e+03
3.652000000000000000e+03
2.488000000000000000e+03
6.931000000000000000e+03
7.358000000000000000e+03
9.864000000000000000e+03
5.193000000000000000e+03
3.942000000000000000e+03
3.519000000000000000e+03
1.614600000000000000e+04
7.177000000000000000e+03
6.464000000000000000e+03
7.126000000000000000e+03
1.386800000000000000e+04
7.986000000000000000e+03
2.677000000000000000e+03
3.887000000000000000e+03
