6.431000000000000000e+03
4.212000000000000000e+03
7.401000000000000000e+03
6.774000000000000000e+03
4.632000000000000000e+03
1.297700000000000000e+04
1.154500000000000000e+04
3.475000000000000000e+03
6.687000000000000000e+03
9.853000000000000000e+03
8.250000000000000000e+03
1.394700000000000000e+04
1.200900000000000000e+04
1.427100000000000000e+04
1.100100000000000000e+04
2.546000000000000000e+03
4.231000000000000000e+03
7.554000000000000000e+03
2.854000000000000000e+03
6.346000000000000000e+03
4.403000000000000000e+03
6.595000000000000000e+03
1.860000000000000000e+03
9.642000000000000000e+03
1.944000000000000000e+03
7.519000000000000000e+03
3.717000000000000000e+03
2.991000000000000000e+03
6.763000000000000000e+03
1.411900000000000000e+04
5.867000000000000000e+03
2.736000000000000000e+03
3.790000000000000000e+03
2.351000000000000000e+03
8.955000000000000000e+03
3.584000000000000000e+03
6.102000000000000000e+03
2.129000000000000000e+03
1.090300000000000000e+04
7.427000000000000000e+03
7.551000000000000000e+03
6.109000000000000000e+03
4.516000000000000000e+03
3.321000000000000000e+03
5.047000000000000000e+03
4.326000000000000000e+03
4.719000000000000000e+03
9.142000000000000000e+03
7.262000000000000000e+03
1.568200000000000000e+04
4.458000000000000000e+03
5.299000000000000000e+03
9.668000000000000000e+03
5.700000000000000000e+03
1.685500000000000000e+04
5.505000000000000000e+03
7.037000000000000000e+03
8.908000000000000000e+03
6.142000000000000000e+03
5.317000000000000000e+03
2.537000000000000000e+03
3.372000000000000000e+03
7.444000000000000000e+03
5.640000000000000000e+03
1.208600000000000000e+04
2.255000000000000000e+03
1.561100000000000000e+04
6.311000000000000000e+03
6.532000000000000000e+03
9.544000000000000000e+03
1.435400000000000000e+04
8.194000000000000000e+03
9.319000000000000000e+03
9.735000000000000000e+03
7.599000000000000000e+03
3.695000000000000000e+03
6.186000000000000000e+03
4.890000000000000000e+03
8.917000000000000000e+03
4.082000000000000000e+03
9.537000000000000000e+03
8.690000000000000000e+03
3.835000000000000000e+03
1.281600000000000000e+04
8.992000000000000000e+03
2.537000000000000000e+03
1.755000000000000000e+03
5.381000000000000000e+03
5.250000000000000000e+03
9.202000000000000000e+03
6.905000000000000000e+03
9.880000000000000000e+03
1.196700000000000000e+04
6.021000000000000000e+03
1.202400000000000000e+04
9.191000000000000000e+03
5.086000000000000000e+03
4.788000000000000000e+03
1.439900000000000000e+04
5.782000000000000000e+03
6.162000000000000000e+03
2.608000000000000000e+03
1.112800000000000000e+04
2.067000000000000000e+03
3.788000000000000000e+03
8.144000000000000000e+03
1.127500000000000000e+04
4.195000000000000000e+03
4.737000000000000000e+03
1.000300000000000000e+04
4.602000000000000000e+03
7.596000000000000000e+03
9.665000000000000000e+03
5.012000000000000000e+03
6.072000000000000000e+03
6.103000000000000000e+03
8.705000000000000000e+03
4.388000000000000000e+03
5.423000000000000000e+03
5.274000000000000000e+03
1.382900000000000000e+04
4.720000000000000000e+03
5.019000000000000000e+03
1.861300000000000000e+04
4.928000000000000000e+03
6.015000000000000000e+03
1.088000000000000000e+04
5.381000000000000000e+03
5.165000000000000000e+03
5.165000000000000000e+03
5.071000000000000000e+03
3.815000000000000000e+03
8.535000000000000000e+03
8.508000000000000000e+03
1.061700000000000000e+04
6.057000000000000000e+03
1.088100000000000000e+04
6.389000000000000000e+03
6.573000000000000000e+03
5.705000000000000000e+03
5.039000000000000000e+03
4.189000000000000000e+03
1.409100000000000000e+04
3.989000000000000000e+03
6.660000000000000000e+03
2.417000000000000000e+03
2.728900000000000000e+04
4.399000000000000000e+03
2.000300000000000000e+04
2.140800000000000000e+04
1.090200000000000000e+04
5.968000000000000000e+03
5.926000000000000000e+03
3.460000000000000000e+03
4.372000000000000000e+03
4.673000000000000000e+03
1.205300000000000000e+04
4.413000000000000000e+03
1.043700000000000000e+04
2.336000000000000000e+03
3.149000000000000000e+03
5.973000000000000000e+03
1.190300000000000000e+04
3.186000000000000000e+03
6.456000000000000000e+03
5.239000000000000000e+03
3.580000000000000000e+03
1.214400000000000000e+04
7.857000000000000000e+03
3.842000000000000000e+03
5.870000000000000000e+03
6.882000000000000000e+03
5.618000000000000000e+03
7.499000000000000000e+03
9.295000000000000000e+03
2.432000000000000000e+03
1.052300000000000000e+04
2.366000000000000000e+03
3.942000000000000000e+03
5.259000000000000000e+03
2.397000000000000000e+03
8.529000000000000000e+03
5.324000000000000000e+03
1.544200000000000000e+04
1.354300000000000000e+04
3.602000000000000000e+03
6.996000000000000000e+03
1.196300000000000000e+04
5.141000000000000000e+03
5.172000000000000000e+03
1.642900000000000000e+04
1.211800000000000000e+04
1.115800000000000000e+04
3.797000000000000000e+03
1.067100000000000000e+04
8.849000000000000000e+03
4.944000000000000000e+03
7.189000000000000000e+03
7.779000000000000000e+03
5.917000000000000000e+03
6.927000000000000000e+03
1.712700000000000000e+04
4.009000000000000000e+03
1.014000000000000000e+04
1.274300000000000000e+04
6.780000000000000000e+03
2.255200000000000000e+04
8.953000000000000000e+03
1.982900000000000000e+04
8.747000000000000000e+03
5.140000000000000000e+03
4.951000000000000000e+03
9.469000000000000000e+03
1.281400000000000000e+04
1.458800000000000000e+04
1.004900000000000000e+04
3.000000000000000000e+03
8.321000000000000000e+03
4.208000000000000000e+03
3.738000000000000000e+03
1.941900000000000000e+04
8.684000000000000000e+03
1.450700000000000000e+04
3.575000000000000000e+03
5.153000000000000000e+03
1.842400000000000000e+04
4.972000000000000000e+03
5.949000000000000000e+03
7.168000000000000000e+03
4.244000000000000000e+03
5.231000000000000000e+03
2.807000000000000000e+03
6.905000000000000000e+03
2.005500000000000000e+04
9.843000000000000000e+03
1.484000000000000000e+04
2.970000000000000000e+03
5.275000000000000000e+03
5.544000000000000000e+03
4.029000000000000000e+03
6.010000000000000000e+03
8.032000000000000000e+03
1.150900000000000000e+04
7.708000000000000000e+03
1.066800000000000000e+04
1.378900000000000000e+04
1.287600000000000000e+04
1.110800000000000000e+04
1.566400000000000000e+04
7.359000000000000000e+03
3.327000000000000000e+03
3.780000000000000000e+03
1.054900000000000000e+04
5.736000000000000000e+03
6.097000000000000000e+03
5.192000000000000000e+03
3.621000000000000000e+03
3.724000000000000000e+03
6.983000000000000000e+03
5.487000000000000000e+03
7.294000000000000000e+03
1.768200000000000000e+04
4.705000000000000000e+03
7.158000000000000000e+03
3.808000000000000000e+03
8.310000000000000000e+03
2.978000000000000000e+03
2.433000000000000000e+03
1.786000000000000000e+03
1.135900000000000000e+04
3.777000000000000000e+03
1.059000000000000000e+04
2.513000000000000000e+03
8.850000000000000000e+03
1.915700000000000000e+04
1.068400000000000000e+04
4.808000000000000000e+03
2.395000000000000000e+03
1.593300000000000000e+04
9.085000000000000000e+03
8.577000000000000000e+03
5.414000000000000000e+03
1.108100000000000000e+04
2.198700000000000000e+04
1.121600000000000000e+04
7.958000000000000000e+03
1.084400000000000000e+04
7.666000000000000000e+03
6.230000000000000000e+03
1.346100000000000000e+04
5.748000000000000000e+03
4.448000000000000000e+03
4.950000000000000000e+03
5.031000000000000000e+03
9.779000000000000000e+03
1.862900000000000000e+04
4.351000000000000000e+03
3.787000000000000000e+03
6.141000000000000000e+03
2.091700000000000000e+04
4.804000000000000000e+03
3.116000000000000000e+03
6.604000000000000000e+03
3.416000000000000000e+03
5.645000000000000000e+03
1.034000000000000000e+04
4.330000000000000000e+03
2.982000000000000000e+03
7.208000000000000000e+03
6.131000000000000000e+03
7.215000000000000000e+03
1.592100000000000000e+04
8.493000000000000000e+03
4.980000000000000000e+03
1.840000000000000000e+03
1.318100000000000000e+04
6.060000000000000000e+03
6.152000000000000000e+03
3.727000000000000000e+03
9.525000000000000000e+03
2.066000000000000000e+03
1.826200000000000000e+04
5.810000000000000000e+03
1.135700000000000000e+04
1.363700000000000000e+04
7.703000000000000000e+03
6.550000000000000000e+03
2.320000000000000000e+03
8.667000000000000000e+03
1.334200000000000000e+04
1.050100000000000000e+04
6.956000000000000000e+03
4.999000000000000000e+03
6.972000000000000000e+03
3.783000000000000000e+03
5.545000000000000000e+03
5.662000000000000000e+03
4.063000000000000000e+03
2.496900000000000000e+04
4.131000000000000000e+03
1.489700000000000000e+04
7.785000000000000000e+03
8.965000000000000000e+03
2.867200000000000000e+04
6.394000000000000000e+03
3.739000000000000000e+03
6.483000000000000000e+03
1.538500000000000000e+04
1.203700000000000000e+04
7.173000000000000000e+03
6.591000000000000000e+03
7.556000000000000000e+03
1.370200000000000000e+04
6.236000000000000000e+03
8.789000000000000000e+03
1.453600000000000000e+04
1.273000000000000000e+03
3.412000000000000000e+03
7.256000000000000000e+03
7.024000000000000000e+03
7.041000000000000000e+03
1.239500000000000000e+04
5.089000000000000000e+03
5.695000000000000000e+03
6.679000000000000000e+03
1.425300000000000000e+04
1.105200000000000000e+04
5.294000000000000000e+03
1.496100000000000000e+04
6.701000000000000000e+03
6.769000000000000000e+03
6.001000000000000000e+03
7.355000000000000000e+03
4.180000000000000000e+03
3.202000000000000000e+03
9.420000000000000000e+03
4.620000000000000000e+03
3.459000000000000000e+03
1.703900000000000000e+04
4.769000000000000000e+03
3.984000000000000000e+03
4.730000000000000000e+03
1.792300000000000000e+04
8.212000000000000000e+03
6.949000000000000000e+03
6.856000000000000000e+03
2.906000000000000000e+03
7.966000000000000000e+03
4.798000000000000000e+03
5.171000000000000000e+03
5.593000000000000000e+03
7.071000000000000000e+03
1.137500000000000000e+04
1.270000000000000000e+04
7.679000000000000000e+03
5.541000000000000000e+03
9.524000000000000000e+03
8.937000000000000000e+03
5.440000000000000000e+03
9.791000000000000000e+03
9.403000000000000000e+03
6.530000000000000000e+03
4.667000000000000000e+03
9.054000000000000000e+03
4.237000000000000000e+03
5.322000000000000000e+03
6.555000000000000000e+03
3.013000000000000000e+03
5.444000000000000000e+03
7.523000000000000000e+03
4.097000000000000000e+03
8.490000000000000000e+03
3.752000000000000000e+03
3.516000000000000000e+03
4.269000000000000000e+03
2.097000000000000000e+03
6.540000000000000000e+03
6.847000000000000000e+03
3.097000000000000000e+03
6.872000000000000000e+03
8.018000000000000000e+03
6.194000000000000000e+03
1.185800000000000000e+04
4.010000000000000000e+03
1.145600000000000000e+04
4.416000000000000000e+03
2.913000000000000000e+03
7.679000000000000000e+03
2.616000000000000000e+04
6.666000000000000000e+03
3.959000000000000000e+03
1.066200000000000000e+04
1.055300000000000000e+04
4.753000000000000000e+03
1.478000000000000000e+04
6.050000000000000000e+03
5.869000000000000000e+03
9.411000000000000000e+03
7.274000000000000000e+03
1.100200000000000000e+04
2.368000000000000000e+03
6.350000000000000000e+03
9.857000000000000000e+03
4.114000000000000000e+03
4.763000000000000000e+03
1.295400000000000000e+04
5.164000000000000000e+03
4.912000000000000000e+03
2.234000000000000000e+04
2.333000000000000000e+03
3.849000000000000000e+03
1.084400000000000000e+04
4.239000000000000000e+03
5.590000000000000000e+03
4.246000000000000000e+03
2.799000000000000000e+03
2.080000000000000000e+03
1.026700000000000000e+04
3.744000000000000000e+03
7.175000000000000000e+03
1.505000000000000000e+04
4.173000000000000000e+03
5.670000000000000000e+03
4.284000000000000000e+03
3.509000000000000000e+03
4.093000000000000000e+03
5.761000000000000000e+03
1.008200000000000000e+04
8.396000000000000000e+03
8.144000000000000000e+03
5.174000000000000000e+03
8.113000000000000000e+03
1.079100000000000000e+04
1.446100000000000000e+04
1.035500000000000000e+04
1.518000000000000000e+03
1.025600000000000000e+04
5.671000000000000000e+03
1.049400000000000000e+04
3.210000000000000000e+03
7.267000000000000000e+03
7.942000000000000000e+03
7.073000000000000000e+03
1.073100000000000000e+04
6.105000000000000000e+03
7.233000000000000000e+03
8.137000000000000000e+03
4.899000000000000000e+03
1.774000000000000000e+04
3.590000000000000000e+03
4.954000000000000000e+03
5.937000000000000000e+03
9.490000000000000000e+03
1.626700000000000000e+04
8.466000000000000000e+03
5.235000000000000000e+03
9.644000000000000000e+03
1.249200000000000000e+04
6.256000000000000000e+03
1.248700000000000000e+04
1.047000000000000000e+03
4.191000000000000000e+03
1.321600000000000000e+04
2.424000000000000000e+03
6.795000000000000000e+03
5.953000000000000000e+03
1.774400000000000000e+04
3.263000000000000000e+03
2.220000000000000000e+03
3.432000000000000000e+03
1.160800000000000000e+04
4.052000000000000000e+03
4.868000000000000000e+04
5.743000000000000000e+03
6.335000000000000000e+03
4.457000000000000000e+03
4.077000000000000000e+03
2.696000000000000000e+03
9.659000000000000000e+03
8.811000000000000000e+03
1.012300000000000000e+04
5.445000000000000000e+03
3.468000000000000000e+03
7.303000000000000000e+03
4.725000000000000000e+03
8.795000000000000000e+03
1.427400000000000000e+04
9.892000000000000000e+03
8.849000000000000000e+03
8.339000000000000000e+03
7.585000000000000000e+03
7.359000000000000000e+03
9.587000000000000000e+03
9.201000000000000000e+03
6.613000000000000000e+03
8.937000000000000000e+03
2.109400000000000000e+04
1.159000000000000000e+04
1.881100000000000000e+04
3.872000000000000000e+03
6.513000000000000000e+03
5.017000000000000000e+03
1.438700000000000000e+04
1.237000000000000000e+04
1.097700000000000000e+04
1.551100000000000000e+04
3.601000000000000000e+03
1.791700000000000000e+04
1.433600000000000000e+04
1.250500000000000000e+04
8.510000000000000000e+03
1.023600000000000000e+04
1.101400000000000000e+04
4.632000000000000000e+03
9.292000000000000000e+03
7.156000000000000000e+03
7.113000000000000000e+03
1.264400000000000000e+04
2.458000000000000000e+03
7.747000000000000000e+03
3.395300000000000000e+04
4.251000000000000000e+03
5.351000000000000000e+03
5.336000000000000000e+03
4.162000000000000000e+03
1.548400000000000000e+04
1.071100000000000000e+04
5.570000000000000000e+03
1.555800000000000000e+04
9.794000000000000000e+03
2.930000000000000000e+04
9.919000000000000000e+03
2.963000000000000000e+03
4.699000000000000000e+03
1.143800000000000000e+04
2.967000000000000000e+03
5.522000000000000000e+03
7.759000000000000000e+03
8.104000000000000000e+03
3.049000000000000000e+03
8.443000000000000000e+03
4.302000000000000000e+03
2.881000000000000000e+03
3.269000000000000000e+03
8.803000000000000000e+03
3.755000000000000000e+03
6.227000000000000000e+03
8.685000000000000000e+03
1.129600000000000000e+04
3.921000000000000000e+03
9.000000000000000000e+03
3.944000000000000000e+03
8.702000000000000000e+03
6.424000000000000000e+03
7.427000000000000000e+03
5.177000000000000000e+03
4.833000000000000000e+03
4.710000000000000000e+03
5.034000000000000000e+03
2.639000000000000000e+03
2.444000000000000000e+03
2.394000000000000000e+03
9.960000000000000000e+03
2.175600000000000000e+04
2.464900000000000000e+04
6.252000000000000000e+03
2.713200000000000000e+04
4.378000000000000000e+03
1.253000000000000000e+04
4.593000000000000000e+03
2.913000000000000000e+03
3.895000000000000000e+03
4.678000000000000000e+03
5.437000000000000000e+03
3.962000000000000000e+03
5.000000000000000000e+03
4.611000000000000000e+03
1.625400000000000000e+04
6.576000000000000000e+03
4.933000000000000000e+03
7.232000000000000000e+03
5.140000000000000000e+03
2.646000000000000000e+03
1.526800000000000000e+04
1.027200000000000000e+04
6.908000000000000000e+03
4.977000000000000000e+03
8.153000000000000000e+03
2.795000000000000000e+03
5.604000000000000000e+03
2.804000000000000000e+03
7.889000000000000000e+03
4.600000000000000000e+03
7.749000000000000000e+03
7.108000000000000000e+03
1.041700000000000000e+04
1.238900000000000000e+04
4.600000000000000000e+03
1.081000000000000000e+04
5.067000000000000000e+03
4.659000000000000000e+03
1.943000000000000000e+03
2.546000000000000000e+03
1.080300000000000000e+04
3.113000000000000000e+03
1.052200000000000000e+04
2.593300000000000000e+04
7.057000000000000000e+03
6.815000000000000000e+03
1.408300000000000000e+04
3.034500000000000000e+04
1.003500000000000000e+04
7.464000000000000000e+03
1.279400000000000000e+04
1.866000000000000000e+03
8.078000000000000000e+03
7.139000000000000000e+03
5.076000000000000000e+03
4.256000000000000000e+03
1.076000000000000000e+04
1.393000000000000000e+04
4.638000000000000000e+03
1.224300000000000000e+04
3.065000000000000000e+03
4.722000000000000000e+03
3.245000000000000000e+03
2.109800000000000000e+04
1.248900000000000000e+04
1.448900000000000000e+04
5.424000000000000000e+03
1.301000000000000000e+03
3.732000000000000000e+03
8.253000000000000000e+03
1.176200000000000000e+04
4.987000000000000000e+03
1.041000000000000000e+04
1.041300000000000000e+04
3.986000000000000000e+03
1.003800000000000000e+04
5.075000000000000000e+03
3.111000000000000000e+03
1.381700000000000000e+04
9.538000000000000000e+03
7.336000000000000000e+03
2.571000000000000000e+03
1.628000000000000000e+03
7.203000000000000000e+03
1.925000000000000000e+03
6.961000000000000000e+03
1.244500000000000000e+04
5.495000000000000000e+03
3.051000000000000000e+03
4.909000000000000000e+03
3.494000000000000000e+03
7.036000000000000000e+03
3.422000000000000000e+03
6.914000000000000000e+03
8.075000000000000000e+03
4.082000000000000000e+03
1.314600000000000000e+04
3.828000000000000000e+03
1.111200000000000000e+04
5.519000000000000000e+03
1.185000000000000000e+04
4.822000000000000000e+03
7.729000000000000000e+03
3.670000000000000000e+03
3.864000000000000000e+03
1.064200000000000000e+04
6.080000000000000000e+03
4.731000000000000000e+03
4.531000000000000000e+03
5.049000000000000000e+03
9.393000000000000000e+03
4.978000000000000000e+03
5.944000000000000000e+03
4.899000000000000000e+03
3.821000000000000000e+03
1.086800000000000000e+04
2.582000000000000000e+03
4.610000000000000000e+03
8.718000000000000000e+03
4.211000000000000000e+03
8.412000000000000000e+03
3.853000000000000000e+03
5.811000000000000000e+03
8.527000000000000000e+03
9.746000000000000000e+03
2.582000000000000000e+03
7.845000000000000000e+03
5.969000000000000000e+03
9.116000000000000000e+03
1.229700000000000000e+04
1.159400000000000000e+04
9.058000000000000000e+03
5.858000000000000000e+03
2.548000000000000000e+03
4.508000000000000000e+03
2.802000000000000000e+03
1.240100000000000000e+04
8.707000000000000000e+03
6.525000000000000000e+03
1.579900000000000000e+04
2.137200000000000000e+04
8.989000000000000000e+03
2.109000000000000000e+03
7.199000000000000000e+03
7.365000000000000000e+03
6.404000000000000000e+03
1.104000000000000000e+04
5.128000000000000000e+03
3.708000000000000000e+03
2.976000000000000000e+03
1.083300000000000000e+04
4.429000000000000000e+03
1.212700000000000000e+04
8.269000000000000000e+03
5.876000000000000000e+03
7.462000000000000000e+03
3.384000000000000000e+03
6.206000000000000000e+03
1.261400000000000000e+04
6.788000000000000000e+03
4.455000000000000000e+03
5.674000000000000000e+03
8.673000000000000000e+03
6.018000000000000000e+03
1.312700000000000000e+04
1.225200000000000000e+04
7.825000000000000000e+03
1.189700000000000000e+04
1.858700000000000000e+04
6.643000000000000000e+03
5.460000000000000000e+03
3.697000000000000000e+03
4.553000000000000000e+03
2.794200000000000000e+04
1.233200000000000000e+04
7.440000000000000000e+03
1.734700000000000000e+04
7.228000000000000000e+03
5.443000000000000000e+03
1.238700000000000000e+04
5.295000000000000000e+03
9.960000000000000000e+03
8.041000000000000000e+03
4.033000000000000000e+03
3.933000000000000000e+03
5.279000000000000000e+03
5.614000000000000000e+03
6.769000000000000000e+03
3.963000000000000000e+03
2.077000000000000000e+03
5.896000000000000000e+03
5.083000000000000000e+03
2.932000000000000000e+03
1.448800000000000000e+04
8.340000000000000000e+03
2.545000000000000000e+03
5.756000000000000000e+03
1.328000000000000000e+04
1.975600000000000000e+04
7.591000000000000000e+03
1.061000000000000000e+04
1.186600000000000000e+04
4.738000000000000000e+03
1.844300000000000000e+04
3.459000000000000000e+03
1.402900000000000000e+04
8.049000000000000000e+03
6.289000000000000000e+03
4.458000000000000000e+03
4.137000000000000000e+03
8.158000000000000000e+03
4.326000000000000000e+03
7.148000000000000000e+03
3.449800000000000000e+04
4.289000000000000000e+03
5.860000000000000000e+03
6.326000000000000000e+03
9.156000000000000000e+03
9.778000000000000000e+03
1.501800000000000000e+04
1.747400000000000000e+04
1.078900000000000000e+04
7.663000000000000000e+03
1.019900000000000000e+04
8.501000000000000000e+03
5.318000000000000000e+03
6.359000000000000000e+03
9.450000000000000000e+03
4.326000000000000000e+03
8.536000000000000000e+03
6.732000000000000000e+03
6.737000000000000000e+03
1.547300000000000000e+04
6.503000000000000000e+03
2.336000000000000000e+03
6.409000000000000000e+03
6.428000000000000000e+03
4.687000000000000000e+03
6.099000000000000000e+03
1.218400000000000000e+04
8.060000000000000000e+03
5.235000000000000000e+03
6.344000000000000000e+03
4.490000000000000000e+03
4.981000000000000000e+03
9.019000000000000000e+03
5.898000000000000000e+03
1.038200000000000000e+04
4.865000000000000000e+03
6.231000000000000000e+03
6.378000000000000000e+03
1.314800000000000000e+04
9.256000000000000000e+03
2.083700000000000000e+04
1.011700000000000000e+04
3.983000000000000000e+03
3.828000000000000000e+03
2.125500000000000000e+04
5.405000000000000000e+03
8.076000000000000000e+03
5.770000000000000000e+03
5.764000000000000000e+03
4.216000000000000000e+03
6.422000000000000000e+03
9.888000000000000000e+03
1.115000000000000000e+04
3.984000000000000000e+03
6.618000000000000000e+03
4.274000000000000000e+03
4.690000000000000000e+03
5.121000000000000000e+03
7.778000000000000000e+03
2.125800000000000000e+04
1.080400000000000000e+04
3.279000000000000000e+03
8.008000000000000000e+03
1.281300000000000000e+04
3.817000000000000000e+03
3.300000000000000000e+03
2.918000000000000000e+03
4.579000000000000000e+03
3.322000000000000000e+03
4.004000000000000000e+03
1.246100000000000000e+04
1.105100000000000000e+04
3.476000000000000000e+03
3.538000000000000000e+03
6.406000000000000000e+03
7.076000000000000000e+03
5.316000000000000000e+03
1.122000000000000000e+04
1.221600000000000000e+04
1.134000000000000000e+04
9.347000000000000000e+03
5.899000000000000000e+03
5.128000000000000000e+03
3.220000000000000000e+03
1.077300000000000000e+04
5.019000000000000000e+03
9.274000000000000000e+03
5.451000000000000000e+03
4.811000000000000000e+03
1.884600000000000000e+04
2.541000000000000000e+03
1.119400000000000000e+04
7.272000000000000000e+03
9.898000000000000000e+03
6.555000000000000000e+03
5.416000000000000000e+03
4.470000000000000000e+03
3.286000000000000000e+03
4.649000000000000000e+03
6.171000000000000000e+03
4.861000000000000000e+03
5.719000000000000000e+03
1.088200000000000000e+04
9.178000000000000000e+03
1.097400000000000000e+04
8.543000000000000000e+03
5.689000000000000000e+03
1.554500000000000000e+04
1.114200000000000000e+04
4.566000000000000000e+03
1.290800000000000000e+04
3.191000000000000000e+03
2.017900000000000000e+04
3.412000000000000000e+03
1.521000000000000000e+04
7.295000000000000000e+03
6.594000000000000000e+03
5.594000000000000000e+03
6.197000000000000000e+03
2.788000000000000000e+03
8.921000000000000000e+03
1.714000000000000000e+03
6.684000000000000000e+03
1.028900000000000000e+04
1.430500000000000000e+04
2.160000000000000000e+03
4.864000000000000000e+03
4.799000000000000000e+03
4.039000000000000000e+03
6.759000000000000000e+03
5.367000000000000000e+03
3.868000000000000000e+03
7.152000000000000000e+03
3.730000000000000000e+03
9.872000000000000000e+03
6.255000000000000000e+03
1.678100000000000000e+04
3.595000000000000000e+03
2.755000000000000000e+03
1.283200000000000000e+04
3.425000000000000000e+03
5.920000000000000000e+03
5.360000000000000000e+03
6.936000000000000000e+03
4.007000000000000000e+03
1.210300000000000000e+04
3.941000000000000000e+03
3.522000000000000000e+03
6.994000000000000000e+03
3.652000000000000000e+03
2.303000000000000000e+03
9.239000000000000000e+03
8.197000000000000000e+03
1.485100000000000000e+04
4.578000000000000000e+03
8.195000000000000000e+03
1.281800000000000000e+04
3.704000000000000000e+03
4.700000000000000000e+03
5.023000000000000000e+03
6.216000000000000000e+03
9.326000000000000000e+03
9.303000000000000000e+03
3.907000000000000000e+03
1.307600000000000000e+04
1.691800000000000000e+04
1.219800000000000000e+04
1.643400000000000000e+04
6.108000000000000000e+03
8.760000000000000000e+03
1.293400000000000000e+04
4.877000000000000000e+03
4.420000000000000000e+03
7.978000000000000000e+03
2.231000000000000000e+03
3.141000000000000000e+03
1.121800000000000000e+04
1.686600000000000000e+04
3.267000000000000000e+03
5.548000000000000000e+03
3.532000000000000000e+03
1.082900000000000000e+04
3.397000000000000000e+03
2.317000000000000000e+03
