3.054000000000000000e+03
1.365000000000000000e+03
1.373000000000000000e+03
2.946000000000000000e+03
1.257000000000000000e+03
1.750000000000000000e+03
2.631000000000000000e+03
2.404000000000000000e+03
1.643000000000000000e+03
2.803000000000000000e+03
8.380000000000000000e+02
3.719000000000000000e+03
2.103000000000000000e+03
1.616000000000000000e+03
5.602000000000000000e+03
6.990000000000000000e+02
5.150000000000000000e+02
1.081000000000000000e+03
6.070000000000000000e+02
2.732000000000000000e+03
5.510000000000000000e+03
1.825000000000000000e+03
2.389000000000000000e+03
1.309000000000000000e+03
7.920000000000000000e+02
2.049000000000000000e+03
2.447000000000000000e+03
1.445000000000000000e+03
7.450000000000000000e+02
2.464000000000000000e+03
1.593000000000000000e+03
2.980000000000000000e+03
3.391000000000000000e+03
1.297000000000000000e+03
1.052000000000000000e+03
6.496000000000000000e+03
8.880000000000000000e+02
1.994000000000000000e+03
2.488000000000000000e+03
1.437000000000000000e+03
3.521000000000000000e+03
1.133000000000000000e+03
2.546000000000000000e+03
2.627000000000000000e+03
5.623000000000000000e+03
2.150000000000000000e+03
7.570000000000000000e+02
8.050000000000000000e+02
1.760000000000000000e+03
1.730000000000000000e+03
8.360000000000000000e+02
2.298000000000000000e+03
1.109000000000000000e+03
1.225000000000000000e+03
9.070000000000000000e+02
5.323000000000000000e+03
2.352000000000000000e+03
4.037000000000000000e+03
6.510000000000000000e+02
1.012000000000000000e+03
1.653000000000000000e+03
2.013000000000000000e+03
1.665000000000000000e+03
4.700000000000000000e+02
9.570000000000000000e+02
2.586000000000000000e+03
1.462000000000000000e+03
1.880000000000000000e+03
2.580000000000000000e+03
6.690000000000000000e+02
1.511000000000000000e+03
8.640000000000000000e+02
9.640000000000000000e+02
9.980000000000000000e+02
4.700000000000000000e+02
1.634000000000000000e+03
2.377000000000000000e+03
2.662000000000000000e+03
1.085000000000000000e+03
5.630000000000000000e+02
8.280000000000000000e+02
2.704000000000000000e+03
1.426000000000000000e+03
2.380000000000000000e+03
3.065000000000000000e+03
1.889000000000000000e+03
1.604000000000000000e+03
1.571000000000000000e+03
1.009000000000000000e+03
4.779000000000000000e+03
1.160000000000000000e+03
1.356000000000000000e+03
2.181000000000000000e+03
2.980000000000000000e+03
3.483000000000000000e+03
5.401000000000000000e+03
7.600000000000000000e+02
1.688000000000000000e+03
1.704000000000000000e+03
2.618000000000000000e+03
7.940000000000000000e+02
1.923000000000000000e+03
1.681000000000000000e+03
3.900000000000000000e+03
1.623000000000000000e+03
2.558000000000000000e+03
2.224000000000000000e+03
1.846000000000000000e+03
8.740000000000000000e+02
1.147000000000000000e+03
1.825000000000000000e+03
3.391000000000000000e+03
8.570000000000000000e+02
2.105000000000000000e+03
1.457000000000000000e+03
1.092000000000000000e+03
8.560000000000000000e+02
4.029000000000000000e+03
1.306000000000000000e+03
2.150000000000000000e+03
1.305000000000000000e+03
1.303000000000000000e+03
2.845000000000000000e+03
6.100000000000000000e+02
2.667000000000000000e+03
3.360000000000000000e+03
2.730000000000000000e+03
3.223000000000000000e+03
1.774000000000000000e+03
1.616000000000000000e+03
1.432000000000000000e+03
8.610000000000000000e+02
1.357000000000000000e+03
1.297000000000000000e+03
1.427000000000000000e+03
1.380000000000000000e+03
2.116000000000000000e+03
6.290000000000000000e+02
4.755000000000000000e+03
1.763000000000000000e+03
1.923000000000000000e+03
3.369000000000000000e+03
1.526000000000000000e+03
1.544000000000000000e+03
1.091000000000000000e+03
5.660000000000000000e+02
9.010000000000000000e+02
1.576000000000000000e+03
2.217000000000000000e+03
1.059000000000000000e+03
3.142000000000000000e+03
7.830000000000000000e+02
1.129000000000000000e+03
7.030000000000000000e+02
7.030000000000000000e+02
2.403000000000000000e+03
1.606000000000000000e+03
1.142000000000000000e+03
1.323000000000000000e+03
3.277000000000000000e+03
1.179000000000000000e+03
3.298000000000000000e+03
4.161000000000000000e+03
9.300000000000000000e+02
5.640000000000000000e+02
2.805000000000000000e+03
3.785000000000000000e+03
1.282000000000000000e+03
1.905000000000000000e+03
1.605000000000000000e+03
1.930000000000000000e+03
2.007000000000000000e+03
2.518000000000000000e+03
4.454000000000000000e+03
1.450000000000000000e+03
1.229000000000000000e+03
1.543000000000000000e+03
1.917000000000000000e+03
1.436000000000000000e+03
6.150000000000000000e+02
4.653000000000000000e+03
9.820000000000000000e+02
4.751000000000000000e+03
1.163000000000000000e+03
6.470000000000000000e+02
1.519000000000000000e+03
1.068000000000000000e+03
3.803000000000000000e+03
2.550000000000000000e+03
1.991000000000000000e+03
9.450000000000000000e+02
1.029000000000000000e+03
1.079000000000000000e+03
2.569000000000000000e+03
2.808000000000000000e+03
1.476000000000000000e+03
1.589000000000000000e+03
8.348000000000000000e+03
2.071000000000000000e+03
3.071000000000000000e+03
9.600000000000000000e+02
3.219000000000000000e+03
1.904000000000000000e+03
1.236000000000000000e+03
3.586000000000000000e+03
4.830000000000000000e+03
2.684000000000000000e+03
2.062000000000000000e+03
3.112000000000000000e+03
6.040000000000000000e+02
1.577000000000000000e+03
3.253000000000000000e+03
5.840000000000000000e+02
3.989000000000000000e+03
7.370000000000000000e+02
1.443000000000000000e+03
7.710000000000000000e+02
2.892000000000000000e+03
1.015000000000000000e+03
1.327000000000000000e+03
2.742000000000000000e+03
1.157000000000000000e+03
1.200000000000000000e+03
2.223000000000000000e+03
1.239000000000000000e+03
8.670000000000000000e+02
7.240000000000000000e+02
1.860000000000000000e+03
3.325000000000000000e+03
2.578000000000000000e+03
9.820000000000000000e+02
2.272000000000000000e+03
3.117000000000000000e+03
4.427000000000000000e+03
2.726000000000000000e+03
2.932000000000000000e+03
3.980000000000000000e+03
2.572000000000000000e+03
4.303000000000000000e+03
1.984000000000000000e+03
2.150000000000000000e+03
1.961000000000000000e+03
4.045000000000000000e+03
2.757000000000000000e+03
2.402000000000000000e+03
1.345000000000000000e+03
1.323000000000000000e+03
1.043000000000000000e+03
4.257000000000000000e+03
1.722000000000000000e+03
1.071000000000000000e+03
4.868000000000000000e+03
4.998000000000000000e+03
1.170000000000000000e+03
1.526000000000000000e+03
5.048000000000000000e+03
2.716000000000000000e+03
1.773000000000000000e+03
1.800000000000000000e+03
1.702000000000000000e+03
1.483000000000000000e+03
2.426000000000000000e+03
2.078000000000000000e+03
2.701000000000000000e+03
2.586000000000000000e+03
1.217000000000000000e+03
7.950000000000000000e+02
1.966000000000000000e+03
1.065000000000000000e+03
1.929000000000000000e+03
1.896000000000000000e+03
1.407000000000000000e+03
3.423000000000000000e+03
6.990000000000000000e+02
4.000000000000000000e+03
1.506000000000000000e+03
2.987000000000000000e+03
1.642000000000000000e+03
1.321000000000000000e+03
1.381000000000000000e+03
3.966000000000000000e+03
4.031000000000000000e+03
2.955000000000000000e+03
7.871000000000000000e+03
1.692000000000000000e+03
1.535000000000000000e+03
2.954000000000000000e+03
2.463000000000000000e+03
3.028000000000000000e+03
4.056000000000000000e+03
1.406000000000000000e+03
4.943000000000000000e+03
4.514000000000000000e+03
2.218000000000000000e+03
2.185000000000000000e+03
2.757000000000000000e+03
1.794000000000000000e+03
1.718000000000000000e+03
2.529000000000000000e+03
3.340000000000000000e+03
1.531000000000000000e+03
1.853000000000000000e+03
4.067000000000000000e+03
2.007000000000000000e+03
1.249000000000000000e+03
3.941000000000000000e+03
2.559000000000000000e+03
5.191000000000000000e+03
3.739000000000000000e+03
1.648000000000000000e+03
1.943000000000000000e+03
3.489000000000000000e+03
1.941000000000000000e+03
2.417000000000000000e+03
8.400000000000000000e+02
1.127000000000000000e+03
1.949000000000000000e+03
2.228000000000000000e+03
4.160000000000000000e+03
1.012000000000000000e+03
1.386000000000000000e+03
4.670000000000000000e+03
2.958000000000000000e+03
1.410000000000000000e+03
1.821000000000000000e+03
1.703000000000000000e+03
2.463000000000000000e+03
2.924000000000000000e+03
4.914000000000000000e+03
1.829000000000000000e+03
1.673000000000000000e+03
3.479000000000000000e+03
1.696000000000000000e+03
1.163000000000000000e+03
1.100000000000000000e+03
2.112000000000000000e+03
4.004000000000000000e+03
6.850000000000000000e+02
2.319000000000000000e+03
7.670000000000000000e+02
1.853000000000000000e+03
1.741000000000000000e+03
2.038000000000000000e+03
1.562000000000000000e+03
2.895000000000000000e+03
7.930000000000000000e+02
5.675000000000000000e+03
1.000000000000000000e+03
1.169000000000000000e+03
1.563000000000000000e+03
9.890000000000000000e+02
3.899000000000000000e+03
2.318000000000000000e+03
7.240000000000000000e+02
2.246000000000000000e+03
4.944000000000000000e+03
2.021000000000000000e+03
9.230000000000000000e+02
2.341000000000000000e+03
2.607000000000000000e+03
3.689000000000000000e+03
7.850000000000000000e+02
1.500000000000000000e+03
1.556000000000000000e+03
1.104000000000000000e+03
1.624000000000000000e+03
4.351000000000000000e+03
9.810000000000000000e+02
1.553000000000000000e+03
1.206000000000000000e+03
1.734000000000000000e+03
1.252000000000000000e+03
3.193000000000000000e+03
4.159000000000000000e+03
3.833000000000000000e+03
1.714000000000000000e+03
9.390000000000000000e+02
2.254000000000000000e+03
3.431000000000000000e+03
2.092000000000000000e+03
2.283000000000000000e+03
4.254000000000000000e+03
2.274000000000000000e+03
1.151000000000000000e+03
3.407000000000000000e+03
1.016000000000000000e+03
7.380000000000000000e+02
2.292000000000000000e+03
2.438000000000000000e+03
8.750000000000000000e+02
1.538000000000000000e+03
1.255000000000000000e+03
3.391000000000000000e+03
1.523000000000000000e+03
1.991000000000000000e+03
2.066000000000000000e+03
3.158000000000000000e+03
3.243000000000000000e+03
4.423000000000000000e+03
3.373000000000000000e+03
1.629000000000000000e+03
1.255000000000000000e+03
2.239000000000000000e+03
1.900000000000000000e+03
7.685000000000000000e+03
1.557000000000000000e+03
1.386000000000000000e+03
7.930000000000000000e+02
7.450000000000000000e+02
2.199000000000000000e+03
9.130000000000000000e+02
2.503000000000000000e+03
2.063000000000000000e+03
1.053000000000000000e+03
1.884000000000000000e+03
2.288000000000000000e+03
3.775000000000000000e+03
1.868000000000000000e+03
9.640000000000000000e+02
2.651000000000000000e+03
2.854000000000000000e+03
9.660000000000000000e+02
8.200000000000000000e+02
1.738000000000000000e+03
1.833000000000000000e+03
2.467000000000000000e+03
2.233000000000000000e+03
1.888000000000000000e+03
2.098000000000000000e+03
4.644000000000000000e+03
6.100000000000000000e+02
8.150000000000000000e+02
1.897000000000000000e+03
7.920000000000000000e+02
1.513000000000000000e+03
1.906000000000000000e+03
2.757000000000000000e+03
4.650000000000000000e+02
1.292000000000000000e+03
1.144000000000000000e+03
1.613000000000000000e+03
1.738000000000000000e+03
2.284000000000000000e+03
1.200000000000000000e+03
2.274000000000000000e+03
8.020000000000000000e+02
3.725000000000000000e+03
2.595000000000000000e+03
1.936000000000000000e+03
1.416000000000000000e+03
3.220000000000000000e+03
1.329000000000000000e+03
1.469000000000000000e+03
1.829000000000000000e+03
2.080000000000000000e+03
1.004000000000000000e+03
2.635000000000000000e+03
9.390000000000000000e+02
3.443000000000000000e+03
1.106000000000000000e+03
2.141000000000000000e+03
2.198000000000000000e+03
3.750000000000000000e+02
2.149000000000000000e+03
3.676000000000000000e+03
7.790000000000000000e+02
1.242000000000000000e+03
2.580000000000000000e+03
3.787000000000000000e+03
2.399000000000000000e+03
1.607000000000000000e+03
1.052000000000000000e+03
7.180000000000000000e+02
1.474000000000000000e+03
1.955000000000000000e+03
1.680000000000000000e+03
1.784000000000000000e+03
1.799000000000000000e+03
3.380000000000000000e+03
1.123000000000000000e+03
4.722000000000000000e+03
1.983000000000000000e+03
2.464000000000000000e+03
1.214000000000000000e+03
3.082000000000000000e+03
1.586000000000000000e+03
4.388000000000000000e+03
1.343000000000000000e+03
2.244000000000000000e+03
3.387000000000000000e+03
8.670000000000000000e+02
1.763000000000000000e+03
2.347000000000000000e+03
1.562000000000000000e+03
2.422000000000000000e+03
3.754000000000000000e+03
1.183000000000000000e+03
6.890000000000000000e+02
1.036000000000000000e+03
6.150000000000000000e+02
2.329000000000000000e+03
3.172000000000000000e+03
7.810000000000000000e+02
3.540000000000000000e+03
1.498000000000000000e+03
1.548000000000000000e+03
3.599000000000000000e+03
8.290000000000000000e+02
1.409000000000000000e+03
4.851000000000000000e+03
2.337000000000000000e+03
2.080000000000000000e+03
2.156000000000000000e+03
2.542000000000000000e+03
2.781000000000000000e+03
8.530000000000000000e+02
2.023000000000000000e+03
4.350000000000000000e+02
1.779000000000000000e+03
8.680000000000000000e+02
4.736000000000000000e+03
1.670000000000000000e+03
2.223000000000000000e+03
1.685000000000000000e+03
8.070000000000000000e+02
1.290000000000000000e+03
2.063000000000000000e+03
2.935000000000000000e+03
2.126000000000000000e+03
2.296000000000000000e+03
1.936000000000000000e+03
3.043000000000000000e+03
1.079000000000000000e+03
5.131000000000000000e+03
1.414000000000000000e+03
1.269000000000000000e+03
1.854000000000000000e+03
2.274000000000000000e+03
1.625000000000000000e+03
2.561000000000000000e+03
1.112000000000000000e+03
1.117000000000000000e+03
1.613000000000000000e+03
5.950000000000000000e+02
6.680000000000000000e+02
4.024000000000000000e+03
2.048000000000000000e+03
4.056000000000000000e+03
9.870000000000000000e+02
6.450000000000000000e+02
7.242000000000000000e+03
8.990000000000000000e+02
2.072000000000000000e+03
1.318000000000000000e+03
9.570000000000000000e+02
4.391000000000000000e+03
8.310000000000000000e+02
1.255000000000000000e+03
1.384000000000000000e+03
1.435000000000000000e+03
1.553000000000000000e+03
2.327000000000000000e+03
8.970000000000000000e+02
2.892000000000000000e+03
5.572000000000000000e+03
1.699000000000000000e+03
2.449000000000000000e+03
2.284000000000000000e+03
1.732000000000000000e+03
1.572000000000000000e+03
8.280000000000000000e+02
9.180000000000000000e+02
3.148000000000000000e+03
2.176000000000000000e+03
5.006000000000000000e+03
2.586000000000000000e+03
2.046000000000000000e+03
1.126000000000000000e+03
1.360000000000000000e+03
2.637000000000000000e+03
5.220000000000000000e+03
4.907000000000000000e+03
1.031000000000000000e+03
1.947000000000000000e+03
1.913000000000000000e+03
1.163000000000000000e+03
2.292000000000000000e+03
1.012000000000000000e+03
2.273000000000000000e+03
1.336000000000000000e+03
1.734000000000000000e+03
2.687000000000000000e+03
3.118000000000000000e+03
1.980000000000000000e+03
9.660000000000000000e+02
2.221000000000000000e+03
1.871000000000000000e+03
1.067000000000000000e+03
2.393000000000000000e+03
2.612000000000000000e+03
1.579000000000000000e+03
2.836000000000000000e+03
8.540000000000000000e+02
1.578000000000000000e+03
1.436000000000000000e+03
1.269000000000000000e+03
3.654000000000000000e+03
2.318000000000000000e+03
3.209000000000000000e+03
9.300000000000000000e+02
2.197000000000000000e+03
1.056000000000000000e+03
5.265000000000000000e+03
1.545000000000000000e+03
3.237000000000000000e+03
2.127000000000000000e+03
2.382000000000000000e+03
2.173000000000000000e+03
3.560000000000000000e+02
2.811000000000000000e+03
7.500000000000000000e+02
2.061000000000000000e+03
1.890000000000000000e+03
1.484000000000000000e+03
4.370000000000000000e+02
1.784000000000000000e+03
4.288000000000000000e+03
3.762000000000000000e+03
1.467000000000000000e+03
1.310000000000000000e+03
4.212000000000000000e+03
1.811000000000000000e+03
2.791000000000000000e+03
8.600000000000000000e+02
2.168000000000000000e+03
1.308000000000000000e+03
4.446000000000000000e+03
1.052000000000000000e+03
2.944000000000000000e+03
1.047000000000000000e+03
2.441000000000000000e+03
7.390000000000000000e+02
3.647000000000000000e+03
2.905000000000000000e+03
2.414000000000000000e+03
3.637000000000000000e+03
7.500000000000000000e+02
1.367000000000000000e+03
4.310000000000000000e+03
1.313000000000000000e+03
1.259000000000000000e+03
6.479000000000000000e+03
2.964000000000000000e+03
1.726000000000000000e+03
1.697000000000000000e+03
2.869000000000000000e+03
1.581000000000000000e+03
1.972000000000000000e+03
1.937000000000000000e+03
2.829000000000000000e+03
1.861000000000000000e+03
1.332000000000000000e+03
1.835000000000000000e+03
1.700000000000000000e+03
2.494000000000000000e+03
3.369000000000000000e+03
1.005000000000000000e+03
1.294000000000000000e+03
3.165000000000000000e+03
1.905000000000000000e+03
2.901000000000000000e+03
1.840000000000000000e+03
4.405000000000000000e+03
7.270000000000000000e+02
3.508000000000000000e+03
2.236000000000000000e+03
1.663000000000000000e+03
3.115000000000000000e+03
5.129000000000000000e+03
2.626000000000000000e+03
1.340000000000000000e+03
1.526000000000000000e+03
9.370000000000000000e+02
7.080000000000000000e+02
2.597000000000000000e+03
2.972000000000000000e+03
1.078000000000000000e+03
1.298000000000000000e+03
2.800000000000000000e+03
1.019000000000000000e+03
2.235000000000000000e+03
5.550000000000000000e+02
1.004000000000000000e+03
1.425000000000000000e+03
1.602000000000000000e+03
1.739000000000000000e+03
2.227000000000000000e+03
2.219000000000000000e+03
5.791000000000000000e+03
1.217000000000000000e+03
6.870000000000000000e+02
1.920000000000000000e+03
2.158000000000000000e+03
8.300000000000000000e+02
3.282000000000000000e+03
9.200000000000000000e+02
4.928000000000000000e+03
1.824000000000000000e+03
3.610000000000000000e+02
6.650000000000000000e+02
3.354000000000000000e+03
1.816000000000000000e+03
9.260000000000000000e+02
8.520000000000000000e+02
7.530000000000000000e+02
2.635000000000000000e+03
1.342000000000000000e+03
1.468000000000000000e+03
1.053000000000000000e+03
9.250000000000000000e+02
2.766000000000000000e+03
1.865000000000000000e+03
3.038000000000000000e+03
1.149000000000000000e+03
1.341000000000000000e+03
1.120000000000000000e+03
1.886000000000000000e+03
1.319000000000000000e+03
3.463000000000000000e+03
2.419000000000000000e+03
2.745000000000000000e+03
1.763000000000000000e+03
1.289000000000000000e+03
2.168000000000000000e+03
1.106000000000000000e+03
1.898000000000000000e+03
3.476000000000000000e+03
1.595000000000000000e+03
2.129000000000000000e+03
1.180000000000000000e+03
8.580000000000000000e+02
1.670000000000000000e+03
2.139000000000000000e+03
1.250000000000000000e+03
6.790000000000000000e+02
8.230000000000000000e+02
9.240000000000000000e+02
6.780000000000000000e+02
3.580000000000000000e+02
1.213000000000000000e+03
7.538000000000000000e+03
4.278000000000000000e+03
2.514000000000000000e+03
5.890000000000000000e+02
3.831000000000000000e+03
1.569000000000000000e+03
1.879000000000000000e+03
9.049000000000000000e+03
1.222000000000000000e+03
2.876000000000000000e+03
4.058000000000000000e+03
3.737000000000000000e+03
1.114000000000000000e+03
4.592000000000000000e+03
2.550000000000000000e+03
3.349000000000000000e+03
1.700000000000000000e+03
4.870000000000000000e+03
3.962000000000000000e+03
5.855000000000000000e+03
7.020000000000000000e+02
1.476000000000000000e+03
1.864000000000000000e+03
2.495000000000000000e+03
7.482000000000000000e+03
4.224000000000000000e+03
2.254000000000000000e+03
1.353000000000000000e+03
1.230000000000000000e+03
6.320000000000000000e+02
2.169000000000000000e+03
1.607000000000000000e+03
1.762000000000000000e+03
4.542000000000000000e+03
5.920000000000000000e+02
1.829000000000000000e+03
2.259000000000000000e+03
1.159000000000000000e+03
1.839000000000000000e+03
1.272000000000000000e+03
2.809000000000000000e+03
1.893000000000000000e+03
2.430000000000000000e+03
1.490000000000000000e+03
1.900000000000000000e+03
5.700000000000000000e+02
3.142000000000000000e+03
1.030000000000000000e+03
1.820000000000000000e+03
2.385000000000000000e+03
2.685000000000000000e+03
2.060000000000000000e+03
2.449000000000000000e+03
1.991000000000000000e+03
8.350000000000000000e+02
6.670000000000000000e+02
1.825000000000000000e+03
2.090000000000000000e+03
6.803000000000000000e+03
1.202000000000000000e+03
6.650000000000000000e+02
2.900000000000000000e+03
5.900000000000000000e+02
1.115000000000000000e+03
1.131000000000000000e+03
4.376000000000000000e+03
4.920000000000000000e+02
3.750000000000000000e+02
2.428000000000000000e+03
3.120000000000000000e+03
2.327000000000000000e+03
1.219000000000000000e+03
4.438000000000000000e+03
2.878000000000000000e+03
5.390000000000000000e+02
1.142000000000000000e+03
1.539000000000000000e+03
1.479000000000000000e+03
7.770000000000000000e+02
1.421000000000000000e+03
1.286000000000000000e+03
2.281000000000000000e+03
2.334000000000000000e+03
1.811000000000000000e+03
1.741000000000000000e+03
1.066000000000000000e+03
7.230000000000000000e+02
1.592000000000000000e+03
2.158000000000000000e+03
2.302000000000000000e+03
9.700000000000000000e+02
1.342000000000000000e+03
1.821000000000000000e+03
1.314000000000000000e+03
1.814000000000000000e+03
8.250000000000000000e+02
4.490000000000000000e+03
1.073000000000000000e+03
2.544000000000000000e+03
4.501000000000000000e+03
6.040000000000000000e+02
5.300000000000000000e+03
2.434000000000000000e+03
1.366000000000000000e+03
1.709000000000000000e+03
1.012000000000000000e+03
1.794000000000000000e+03
1.454000000000000000e+03
2.298000000000000000e+03
2.177000000000000000e+03
1.108000000000000000e+03
1.262000000000000000e+03
8.870000000000000000e+02
3.284000000000000000e+03
2.245000000000000000e+03
7.060000000000000000e+02
1.441000000000000000e+03
5.210000000000000000e+02
1.412000000000000000e+03
1.411000000000000000e+03
8.380000000000000000e+02
1.691000000000000000e+03
3.834000000000000000e+03
1.993000000000000000e+03
1.818000000000000000e+03
2.144000000000000000e+03
1.501000000000000000e+03
1.039000000000000000e+03
3.602000000000000000e+03
1.407000000000000000e+03
1.970000000000000000e+03
4.783000000000000000e+03
9.640000000000000000e+02
5.290000000000000000e+02
1.667000000000000000e+03
3.857000000000000000e+03
2.806000000000000000e+03
1.447000000000000000e+03
1.605000000000000000e+03
1.750000000000000000e+03
9.440000000000000000e+02
1.604000000000000000e+03
2.275000000000000000e+03
2.649000000000000000e+03
2.326000000000000000e+03
6.855000000000000000e+03
2.391000000000000000e+03
1.384000000000000000e+03
2.167000000000000000e+03
9.340000000000000000e+02
7.120000000000000000e+02
1.569000000000000000e+03
2.545000000000000000e+03
1.892000000000000000e+03
1.555000000000000000e+03
1.723000000000000000e+03
1.751000000000000000e+03
2.958000000000000000e+03
2.767000000000000000e+03
1.711000000000000000e+03
9.610000000000000000e+02
2.167000000000000000e+03
1.633000000000000000e+03
2.665000000000000000e+03
2.256000000000000000e+03
1.919000000000000000e+03
1.023000000000000000e+03
1.915000000000000000e+03
2.635000000000000000e+03
3.407000000000000000e+03
3.359000000000000000e+03
1.862000000000000000e+03
9.370000000000000000e+02
1.451000000000000000e+03
1.495000000000000000e+03
1.217000000000000000e+03
2.603000000000000000e+03
1.764000000000000000e+03
1.928000000000000000e+03
5.300000000000000000e+02
3.102000000000000000e+03
1.669000000000000000e+03
1.925000000000000000e+03
3.022000000000000000e+03
1.128000000000000000e+03
1.018000000000000000e+03
1.541000000000000000e+03
8.520000000000000000e+02
2.929000000000000000e+03
1.995000000000000000e+03
9.870000000000000000e+02
1.391000000000000000e+03
1.255000000000000000e+03
2.117000000000000000e+03
9.450000000000000000e+02
9.400000000000000000e+02
4.291000000000000000e+03
2.025000000000000000e+03
4.221000000000000000e+03
1.026000000000000000e+03
1.545000000000000000e+03
1.024000000000000000e+03
2.438000000000000000e+03
5.330000000000000000e+02
2.461000000000000000e+03
2.947000000000000000e+03
1.131000000000000000e+03
5.050000000000000000e+02
5.000000000000000000e+02
2.233000000000000000e+03
9.680000000000000000e+02
2.466000000000000000e+03
2.223000000000000000e+03
1.992000000000000000e+03
8.490000000000000000e+02
9.630000000000000000e+02
1.509000000000000000e+03
3.047000000000000000e+03
5.810000000000000000e+02
1.177000000000000000e+03
1.477000000000000000e+03
1.147000000000000000e+03
2.223000000000000000e+03
8.383000000000000000e+03
1.373000000000000000e+03
1.640000000000000000e+03
1.894000000000000000e+03
8.620000000000000000e+02
1.289000000000000000e+03
4.369000000000000000e+03
1.634000000000000000e+03
1.236000000000000000e+03
6.470000000000000000e+02
6.418000000000000000e+03
1.205000000000000000e+03
2.707000000000000000e+03
1.754000000000000000e+03
1.835000000000000000e+03
1.679000000000000000e+03
2.199000000000000000e+03
7.230000000000000000e+02
7.030000000000000000e+02
1.522000000000000000e+03
3.040000000000000000e+02
2.181000000000000000e+03
2.126000000000000000e+03
2.923000000000000000e+03
2.387000000000000000e+03
1.892000000000000000e+03
1.831000000000000000e+03
