1.698700000000000000e+04
1.270200000000000000e+04
1.631000000000000000e+04
2.511500000000000000e+04
1.516600000000000000e+04
1.219400000000000000e+04
2.701600000000000000e+04
1.310500000000000000e+04
3.582200000000000000e+04
6.106300000000000000e+04
2.681000000000000000e+04
4.291900000000000000e+04
5.879000000000000000e+03
8.459000000000000000e+03
1.374800000000000000e+04
5.675000000000000000e+03
7.815000000000000000e+03
1.072900000000000000e+04
1.896400000000000000e+04
1.094500000000000000e+04
3.617600000000000000e+04
1.854900000000000000e+04
9.307000000000000000e+03
3.618500000000000000e+04
1.261000000000000000e+04
3.255800000000000000e+04
2.134400000000000000e+04
1.549700000000000000e+04
1.905900000000000000e+04
1.184800000000000000e+04
1.283900000000000000e+04
6.576000000000000000e+03
6.365000000000000000e+03
1.019000000000000000e+04
9.742000000000000000e+03
9.625000000000000000e+03
1.664400000000000000e+04
1.332600000000000000e+04
9.874000000000000000e+03
2.504800000000000000e+04
7.591000000000000000e+03
2.162100000000000000e+04
6.137000000000000000e+03
1.955800000000000000e+04
1.735100000000000000e+04
1.798300000000000000e+04
2.025600000000000000e+04
1.090400000000000000e+04
6.533300000000000000e+04
7.820000000000000000e+03
1.102100000000000000e+04
7.293000000000000000e+03
2.102900000000000000e+04
1.634300000000000000e+04
2.533200000000000000e+04
1.383400000000000000e+04
3.776800000000000000e+04
2.104700000000000000e+04
4.042200000000000000e+04
1.421400000000000000e+04
1.447200000000000000e+04
1.508900000000000000e+04
1.638200000000000000e+04
9.351000000000000000e+03
1.812900000000000000e+04
6.736000000000000000e+03
2.011800000000000000e+04
1.956500000000000000e+04
1.645400000000000000e+04
4.767000000000000000e+03
8.960000000000000000e+03
1.201000000000000000e+04
2.960200000000000000e+04
1.441400000000000000e+04
4.665000000000000000e+03
1.583500000000000000e+04
2.458500000000000000e+04
1.727700000000000000e+04
4.866000000000000000e+03
9.728000000000000000e+03
4.596200000000000000e+04
5.798000000000000000e+03
7.507000000000000000e+03
1.112800000000000000e+04
7.731000000000000000e+03
9.745000000000000000e+03
1.334200000000000000e+04
2.661000000000000000e+04
4.094300000000000000e+04
7.412000000000000000e+03
1.069600000000000000e+04
2.108900000000000000e+04
6.542000000000000000e+03
2.755600000000000000e+04
1.079900000000000000e+04
2.680900000000000000e+04
1.454400000000000000e+04
1.290000000000000000e+04
1.337100000000000000e+04
1.206900000000000000e+04
1.607300000000000000e+04
3.126100000000000000e+04
3.364700000000000000e+04
1.390700000000000000e+04
2.471900000000000000e+04
1.419400000000000000e+04
2.527800000000000000e+04
1.191100000000000000e+04
1.842900000000000000e+04
1.615500000000000000e+04
9.943000000000000000e+03
6.337200000000000000e+04
1.287600000000000000e+04
1.729700000000000000e+04
7.948000000000000000e+03
1.346400000000000000e+04
1.697600000000000000e+04
7.719000000000000000e+03
1.734300000000000000e+04
6.564000000000000000e+03
6.893000000000000000e+03
1.786900000000000000e+04
2.080000000000000000e+04
1.411300000000000000e+04
2.066700000000000000e+04
2.469800000000000000e+04
9.862000000000000000e+03
1.554900000000000000e+04
8.216000000000000000e+03
3.558000000000000000e+04
1.555300000000000000e+04
2.775500000000000000e+04
8.920000000000000000e+03
1.551400000000000000e+04
2.211600000000000000e+04
1.101300000000000000e+04
1.284100000000000000e+04
1.425500000000000000e+04
1.321500000000000000e+04
1.692900000000000000e+04
1.016500000000000000e+04
7.111000000000000000e+03
2.450200000000000000e+04
4.104900000000000000e+04
6.255000000000000000e+03
1.337900000000000000e+04
2.517600000000000000e+04
5.755700000000000000e+04
7.912000000000000000e+03
2.146400000000000000e+04
3.418200000000000000e+04
1.386400000000000000e+04
1.286500000000000000e+04
3.142800000000000000e+04
1.004000000000000000e+04
9.280000000000000000e+03
1.302900000000000000e+04
1.607300000000000000e+04
1.624900000000000000e+04
1.316000000000000000e+04
3.387900000000000000e+04
3.613100000000000000e+04
9.063000000000000000e+03
1.573000000000000000e+04
3.891000000000000000e+03
1.641100000000000000e+04
1.477400000000000000e+04
7.742000000000000000e+03
2.058700000000000000e+04
3.463000000000000000e+04
1.412700000000000000e+04
2.102700000000000000e+04
3.793000000000000000e+03
1.945100000000000000e+04
1.552600000000000000e+04
5.559000000000000000e+03
1.942800000000000000e+04
1.434000000000000000e+04
2.111000000000000000e+04
6.801000000000000000e+03
1.609300000000000000e+04
2.674200000000000000e+04
5.972000000000000000e+03
8.020000000000000000e+03
5.143000000000000000e+03
1.130000000000000000e+04
2.201300000000000000e+04
2.169500000000000000e+04
1.561400000000000000e+04
1.655900000000000000e+04
1.407400000000000000e+04
9.163000000000000000e+03
2.148600000000000000e+04
1.981500000000000000e+04
2.043000000000000000e+04
1.430600000000000000e+04
7.682000000000000000e+03
1.276200000000000000e+04
3.061700000000000000e+04
2.320300000000000000e+04
2.698300000000000000e+04
7.720000000000000000e+03
1.134500000000000000e+04
6.555000000000000000e+03
1.281200000000000000e+04
3.187400000000000000e+04
5.235000000000000000e+03
2.847000000000000000e+04
1.932100000000000000e+04
1.560100000000000000e+04
2.680200000000000000e+04
1.123100000000000000e+04
7.731000000000000000e+03
1.187100000000000000e+04
4.578200000000000000e+04
1.072600000000000000e+04
2.050700000000000000e+04
7.909000000000000000e+03
9.333000000000000000e+03
3.005200000000000000e+04
7.258000000000000000e+03
1.899200000000000000e+04
2.740500000000000000e+04
8.150000000000000000e+03
2.708000000000000000e+04
3.117600000000000000e+04
4.219600000000000000e+04
1.086400000000000000e+04
4.090000000000000000e+04
1.089100000000000000e+04
3.089400000000000000e+04
1.909400000000000000e+04
2.035100000000000000e+04
6.267000000000000000e+03
7.078000000000000000e+03
3.382900000000000000e+04
1.214400000000000000e+04
3.859300000000000000e+04
7.862000000000000000e+03
1.117100000000000000e+04
1.616400000000000000e+04
1.592200000000000000e+04
2.024300000000000000e+04
1.734400000000000000e+04
1.816100000000000000e+04
1.053700000000000000e+04
1.462600000000000000e+04
1.441100000000000000e+04
4.205200000000000000e+04
5.027800000000000000e+04
3.840500000000000000e+04
9.617000000000000000e+03
3.821500000000000000e+04
2.228200000000000000e+04
3.714700000000000000e+04
1.264800000000000000e+04
1.576100000000000000e+04
1.332700000000000000e+04
1.274200000000000000e+04
1.162300000000000000e+04
1.490200000000000000e+04
4.387000000000000000e+04
2.065500000000000000e+04
2.818200000000000000e+04
1.190900000000000000e+04
8.746000000000000000e+03
8.046000000000000000e+03
7.765000000000000000e+03
4.201600000000000000e+04
1.088500000000000000e+04
2.927400000000000000e+04
2.560400000000000000e+04
5.284000000000000000e+04
2.276900000000000000e+04
2.643400000000000000e+04
1.669500000000000000e+04
1.397700000000000000e+04
8.748000000000000000e+03
1.075400000000000000e+04
2.587200000000000000e+04
2.131500000000000000e+04
3.080300000000000000e+04
2.315800000000000000e+04
2.084800000000000000e+04
2.237700000000000000e+04
1.337000000000000000e+04
1.369400000000000000e+04
1.545300000000000000e+04
7.521000000000000000e+03
9.223000000000000000e+03
1.160800000000000000e+04
1.762600000000000000e+04
3.757000000000000000e+04
8.566000000000000000e+03
2.014600000000000000e+04
2.533500000000000000e+04
1.598400000000000000e+04
2.521700000000000000e+04
3.949700000000000000e+04
1.533900000000000000e+04
1.596700000000000000e+04
2.433000000000000000e+04
2.779700000000000000e+04
9.554000000000000000e+03
6.525000000000000000e+03
9.813000000000000000e+03
3.650900000000000000e+04
1.065200000000000000e+04
3.673700000000000000e+04
1.759900000000000000e+04
6.644000000000000000e+03
1.335900000000000000e+04
8.750000000000000000e+03
2.420400000000000000e+04
1.843600000000000000e+04
1.473800000000000000e+04
1.584400000000000000e+04
1.255800000000000000e+04
1.983800000000000000e+04
2.008100000000000000e+04
2.764600000000000000e+04
2.455700000000000000e+04
1.200500000000000000e+04
3.592200000000000000e+04
1.776000000000000000e+04
9.552000000000000000e+03
1.364000000000000000e+04
2.176800000000000000e+04
4.470000000000000000e+03
7.274000000000000000e+03
7.661900000000000000e+04
4.743400000000000000e+04
9.752000000000000000e+03
1.014000000000000000e+04
2.823600000000000000e+04
1.292800000000000000e+04
1.038600000000000000e+04
1.452900000000000000e+04
3.337300000000000000e+04
9.985000000000000000e+03
1.070000000000000000e+04
1.292500000000000000e+04
2.062700000000000000e+04
1.748900000000000000e+04
1.490800000000000000e+04
3.309400000000000000e+04
5.070000000000000000e+04
1.217300000000000000e+04
2.140000000000000000e+04
1.797000000000000000e+04
8.846000000000000000e+03
1.574400000000000000e+04
1.174100000000000000e+04
3.103200000000000000e+04
1.079500000000000000e+04
1.862200000000000000e+04
2.077500000000000000e+04
4.001300000000000000e+04
5.999000000000000000e+03
1.416600000000000000e+04
4.246300000000000000e+04
1.270800000000000000e+04
2.114900000000000000e+04
1.040900000000000000e+04
3.045000000000000000e+04
1.137900000000000000e+04
3.577500000000000000e+04
2.406800000000000000e+04
1.411600000000000000e+04
2.526300000000000000e+04
3.222700000000000000e+04
1.425100000000000000e+04
1.683900000000000000e+04
1.925200000000000000e+04
2.624500000000000000e+04
9.061000000000000000e+03
1.795400000000000000e+04
5.310000000000000000e+03
1.900800000000000000e+04
9.478000000000000000e+03
1.118600000000000000e+04
3.846400000000000000e+04
3.506800000000000000e+04
4.354000000000000000e+04
1.645900000000000000e+04
3.451900000000000000e+04
4.314000000000000000e+04
2.170500000000000000e+04
1.165900000000000000e+04
1.977900000000000000e+04
6.517000000000000000e+03
7.671000000000000000e+03
2.619800000000000000e+04
1.339900000000000000e+04
2.023500000000000000e+04
2.146500000000000000e+04
1.255800000000000000e+04
1.972500000000000000e+04
1.383100000000000000e+04
2.270600000000000000e+04
1.620600000000000000e+04
7.735000000000000000e+03
3.679600000000000000e+04
3.707100000000000000e+04
2.287900000000000000e+04
1.902400000000000000e+04
1.017300000000000000e+04
1.422400000000000000e+04
8.024000000000000000e+03
3.831000000000000000e+03
2.105100000000000000e+04
1.340700000000000000e+04
1.610400000000000000e+04
3.247700000000000000e+04
2.286700000000000000e+04
8.936000000000000000e+03
9.753000000000000000e+03
2.610300000000000000e+04
1.378000000000000000e+04
1.497700000000000000e+04
1.996000000000000000e+04
8.770000000000000000e+03
1.848400000000000000e+04
1.361300000000000000e+04
2.304400000000000000e+04
1.219800000000000000e+04
2.418100000000000000e+04
1.372500000000000000e+04
7.601000000000000000e+03
4.223000000000000000e+04
1.511500000000000000e+04
2.120900000000000000e+04
2.109200000000000000e+04
2.370300000000000000e+04
2.183700000000000000e+04
1.557800000000000000e+04
5.855100000000000000e+04
1.266200000000000000e+04
5.424000000000000000e+03
4.553100000000000000e+04
1.830300000000000000e+04
2.387700000000000000e+04
3.370100000000000000e+04
6.305000000000000000e+03
1.438500000000000000e+04
3.588300000000000000e+04
1.611800000000000000e+04
9.496000000000000000e+03
8.215000000000000000e+03
1.316200000000000000e+04
2.802700000000000000e+04
8.050000000000000000e+03
1.603200000000000000e+04
2.363500000000000000e+04
8.975000000000000000e+03
1.112900000000000000e+04
1.555800000000000000e+04
9.882000000000000000e+03
1.584600000000000000e+04
2.293100000000000000e+04
1.692100000000000000e+04
1.232500000000000000e+04
2.479300000000000000e+04
7.642000000000000000e+03
1.629500000000000000e+04
5.449000000000000000e+03
3.768900000000000000e+04
9.301000000000000000e+03
1.039600000000000000e+04
9.482000000000000000e+03
1.014600000000000000e+04
1.798500000000000000e+04
2.943600000000000000e+04
9.688000000000000000e+03
1.282900000000000000e+04
4.795000000000000000e+03
2.810800000000000000e+04
1.723800000000000000e+04
1.075400000000000000e+04
1.649000000000000000e+04
2.958900000000000000e+04
2.160400000000000000e+04
1.374500000000000000e+04
1.383300000000000000e+04
1.336200000000000000e+04
3.967400000000000000e+04
1.051000000000000000e+04
2.353600000000000000e+04
1.207100000000000000e+04
1.217200000000000000e+04
1.908600000000000000e+04
1.961800000000000000e+04
9.605000000000000000e+03
2.081500000000000000e+04
2.746900000000000000e+04
2.481300000000000000e+04
1.658400000000000000e+04
1.465300000000000000e+04
8.763000000000000000e+03
1.778100000000000000e+04
9.282000000000000000e+03
5.070600000000000000e+04
1.832400000000000000e+04
2.110600000000000000e+04
1.649300000000000000e+04
1.637300000000000000e+04
8.655000000000000000e+03
5.346700000000000000e+04
1.526400000000000000e+04
1.283900000000000000e+04
1.689400000000000000e+04
1.271800000000000000e+04
8.782000000000000000e+03
2.294600000000000000e+04
2.751500000000000000e+04
3.268400000000000000e+04
6.665000000000000000e+03
2.064700000000000000e+04
1.589600000000000000e+04
2.602600000000000000e+04
1.423300000000000000e+04
1.324000000000000000e+04
1.245400000000000000e+04
3.479700000000000000e+04
3.259300000000000000e+04
4.932900000000000000e+04
3.161900000000000000e+04
1.310700000000000000e+04
2.530800000000000000e+04
1.455200000000000000e+04
3.670400000000000000e+04
3.589700000000000000e+04
1.262500000000000000e+04
1.423600000000000000e+04
2.417100000000000000e+04
2.175800000000000000e+04
1.352600000000000000e+04
3.042400000000000000e+04
1.576600000000000000e+04
1.332400000000000000e+04
6.740000000000000000e+03
1.532700000000000000e+04
1.900200000000000000e+04
1.020700000000000000e+04
4.673500000000000000e+04
2.955200000000000000e+04
2.078600000000000000e+04
1.103300000000000000e+04
1.743800000000000000e+04
1.621700000000000000e+04
8.818000000000000000e+03
1.139700000000000000e+04
3.828000000000000000e+04
1.161100000000000000e+04
3.134100000000000000e+04
1.049500000000000000e+04
2.430700000000000000e+04
1.412200000000000000e+04
1.341000000000000000e+04
1.474200000000000000e+04
1.277400000000000000e+04
2.554400000000000000e+04
2.855400000000000000e+04
1.136300000000000000e+04
1.396500000000000000e+04
1.717700000000000000e+04
7.762000000000000000e+03
1.613900000000000000e+04
7.071600000000000000e+04
7.841000000000000000e+03
3.640100000000000000e+04
2.417500000000000000e+04
1.738300000000000000e+04
2.022600000000000000e+04
8.952000000000000000e+03
6.978000000000000000e+03
1.799100000000000000e+04
6.454000000000000000e+03
1.039200000000000000e+04
6.615800000000000000e+04
2.554600000000000000e+04
6.411000000000000000e+03
2.388300000000000000e+04
2.018700000000000000e+04
1.106000000000000000e+04
1.090100000000000000e+04
1.917300000000000000e+04
1.758200000000000000e+04
7.886000000000000000e+03
1.555500000000000000e+04
1.352500000000000000e+04
7.009000000000000000e+03
1.696700000000000000e+04
4.705100000000000000e+04
3.819300000000000000e+04
1.573700000000000000e+04
1.909800000000000000e+04
5.966900000000000000e+04
1.524700000000000000e+04
3.339100000000000000e+04
2.904100000000000000e+04
1.832400000000000000e+04
1.116000000000000000e+04
1.326500000000000000e+04
4.693000000000000000e+03
2.272000000000000000e+04
4.063000000000000000e+03
2.797500000000000000e+04
1.387500000000000000e+04
3.541100000000000000e+04
1.169700000000000000e+04
8.919000000000000000e+03
1.512300000000000000e+04
1.904500000000000000e+04
1.086300000000000000e+04
1.060400000000000000e+04
3.581700000000000000e+04
8.588000000000000000e+03
5.582000000000000000e+03
1.366400000000000000e+04
1.334400000000000000e+04
8.114000000000000000e+03
1.019900000000000000e+04
1.647600000000000000e+04
2.368700000000000000e+04
1.945500000000000000e+04
1.522500000000000000e+04
1.001900000000000000e+04
3.036500000000000000e+04
1.201000000000000000e+04
1.502600000000000000e+04
8.197000000000000000e+03
1.163700000000000000e+04
1.713400000000000000e+04
1.890500000000000000e+04
1.095400000000000000e+04
2.135200000000000000e+04
5.955000000000000000e+03
7.563000000000000000e+03
1.263300000000000000e+04
4.587000000000000000e+03
3.915700000000000000e+04
1.247600000000000000e+04
1.541400000000000000e+04
1.633900000000000000e+04
9.873000000000000000e+03
8.417000000000000000e+03
1.654000000000000000e+04
2.225400000000000000e+04
3.831500000000000000e+04
4.653000000000000000e+03
1.397100000000000000e+04
3.249100000000000000e+04
1.073200000000000000e+04
1.113400000000000000e+04
1.828900000000000000e+04
1.125800000000000000e+04
2.092600000000000000e+04
3.244900000000000000e+04
8.881000000000000000e+03
9.718000000000000000e+03
8.347000000000000000e+03
2.178600000000000000e+04
7.057000000000000000e+03
2.101900000000000000e+04
1.687600000000000000e+04
4.820700000000000000e+04
4.451500000000000000e+04
3.774900000000000000e+04
1.334200000000000000e+04
1.020600000000000000e+04
8.617000000000000000e+03
2.177600000000000000e+04
1.589000000000000000e+04
1.557300000000000000e+04
2.260500000000000000e+04
1.727800000000000000e+04
1.767100000000000000e+04
2.267500000000000000e+04
3.588200000000000000e+04
1.411800000000000000e+04
1.505600000000000000e+04
3.710500000000000000e+04
1.567900000000000000e+04
1.250900000000000000e+04
9.156000000000000000e+03
1.098200000000000000e+04
4.817200000000000000e+04
5.309000000000000000e+03
1.395900000000000000e+04
9.675000000000000000e+03
8.071000000000000000e+03
1.284700000000000000e+04
6.492000000000000000e+03
1.646700000000000000e+04
2.889100000000000000e+04
1.509000000000000000e+04
3.373600000000000000e+04
2.108000000000000000e+04
1.499000000000000000e+04
1.181100000000000000e+04
1.299300000000000000e+04
3.955900000000000000e+04
8.134000000000000000e+03
1.446900000000000000e+04
2.368900000000000000e+04
8.454000000000000000e+03
1.363100000000000000e+04
1.890500000000000000e+04
1.778400000000000000e+04
6.804000000000000000e+03
7.639000000000000000e+03
1.982900000000000000e+04
1.098300000000000000e+04
2.802200000000000000e+04
3.317600000000000000e+04
1.542200000000000000e+04
4.724500000000000000e+04
1.864800000000000000e+04
2.904800000000000000e+04
1.020200000000000000e+04
3.671400000000000000e+04
9.279000000000000000e+03
1.346000000000000000e+04
3.251100000000000000e+04
1.794200000000000000e+04
1.686800000000000000e+04
2.554000000000000000e+04
1.980100000000000000e+04
1.971100000000000000e+04
1.083400000000000000e+04
6.974000000000000000e+03
7.265000000000000000e+03
1.540000000000000000e+04
1.068700000000000000e+04
1.286600000000000000e+04
4.038400000000000000e+04
1.766500000000000000e+04
1.611800000000000000e+04
2.377900000000000000e+04
8.064000000000000000e+03
1.831000000000000000e+04
1.490100000000000000e+04
1.924800000000000000e+04
5.061000000000000000e+03
2.211900000000000000e+04
2.598800000000000000e+04
2.477200000000000000e+04
2.192600000000000000e+04
1.614200000000000000e+04
3.475500000000000000e+04
1.771700000000000000e+04
2.255600000000000000e+04
8.620000000000000000e+03
2.403100000000000000e+04
1.480400000000000000e+04
9.494000000000000000e+03
2.066700000000000000e+04
3.874000000000000000e+03
1.301700000000000000e+04
1.014200000000000000e+04
1.202800000000000000e+04
9.235000000000000000e+03
9.867000000000000000e+03
9.699000000000000000e+03
1.885800000000000000e+04
2.426900000000000000e+04
8.779000000000000000e+03
2.122500000000000000e+04
7.866000000000000000e+03
1.514700000000000000e+04
2.585400000000000000e+04
3.812800000000000000e+04
1.723300000000000000e+04
2.004000000000000000e+04
2.356200000000000000e+04
8.063000000000000000e+03
1.113000000000000000e+04
1.435100000000000000e+04
1.760400000000000000e+04
2.882300000000000000e+04
9.031000000000000000e+03
5.941000000000000000e+03
4.964000000000000000e+03
3.296900000000000000e+04
1.352800000000000000e+04
1.375400000000000000e+04
1.679100000000000000e+04
2.358000000000000000e+04
1.326300000000000000e+04
6.824000000000000000e+03
1.635100000000000000e+04
1.872600000000000000e+04
2.315800000000000000e+04
4.304300000000000000e+04
1.145900000000000000e+04
1.251900000000000000e+04
2.751800000000000000e+04
3.339400000000000000e+04
2.305200000000000000e+04
9.775000000000000000e+03
9.508000000000000000e+03
2.801400000000000000e+04
1.097900000000000000e+04
1.426200000000000000e+04
2.981100000000000000e+04
2.257700000000000000e+04
8.464000000000000000e+03
8.194000000000000000e+03
3.020400000000000000e+04
2.950600000000000000e+04
1.649900000000000000e+04
2.566600000000000000e+04
3.270300000000000000e+04
2.705600000000000000e+04
2.581100000000000000e+04
5.703700000000000000e+04
1.642000000000000000e+04
1.431600000000000000e+04
1.882200000000000000e+04
4.526000000000000000e+03
1.232200000000000000e+04
1.214500000000000000e+04
2.623000000000000000e+04
1.024800000000000000e+04
7.162000000000000000e+03
1.312500000000000000e+04
4.975100000000000000e+04
1.596100000000000000e+04
1.437300000000000000e+04
7.734000000000000000e+03
1.227600000000000000e+04
7.492000000000000000e+03
1.914100000000000000e+04
7.217000000000000000e+03
2.670400000000000000e+04
1.539000000000000000e+04
2.451700000000000000e+04
3.536200000000000000e+04
1.210800000000000000e+04
1.060500000000000000e+04
1.349900000000000000e+04
1.916700000000000000e+04
7.208000000000000000e+03
1.678400000000000000e+04
1.127500000000000000e+04
1.286900000000000000e+04
6.260000000000000000e+03
2.341900000000000000e+04
2.468100000000000000e+04
2.576000000000000000e+04
1.276000000000000000e+04
1.466100000000000000e+04
9.086000000000000000e+03
2.722600000000000000e+04
7.259700000000000000e+04
1.461300000000000000e+04
5.328000000000000000e+03
2.550800000000000000e+04
3.607600000000000000e+04
4.014400000000000000e+04
8.434000000000000000e+03
7.769000000000000000e+03
7.590000000000000000e+03
1.986400000000000000e+04
1.537800000000000000e+04
1.735800000000000000e+04
2.586000000000000000e+04
9.261000000000000000e+03
1.223800000000000000e+04
3.557000000000000000e+04
1.889500000000000000e+04
1.334000000000000000e+04
5.638000000000000000e+03
7.380000000000000000e+03
3.407400000000000000e+04
6.918400000000000000e+04
1.175400000000000000e+04
9.996000000000000000e+03
2.459700000000000000e+04
1.325000000000000000e+04
1.325000000000000000e+04
1.218100000000000000e+04
1.257100000000000000e+04
1.820000000000000000e+04
1.106500000000000000e+04
3.236200000000000000e+04
7.412000000000000000e+03
1.748300000000000000e+04
1.218000000000000000e+04
2.599300000000000000e+04
3.317700000000000000e+04
8.989000000000000000e+03
2.485500000000000000e+04
3.590000000000000000e+04
8.005000000000000000e+03
6.660000000000000000e+03
1.584300000000000000e+04
1.884800000000000000e+04
2.028800000000000000e+04
1.450900000000000000e+04
2.466600000000000000e+04
2.064400000000000000e+04
1.061500000000000000e+04
1.494200000000000000e+04
2.446800000000000000e+04
1.405400000000000000e+04
1.904100000000000000e+04
1.753400000000000000e+04
1.468900000000000000e+04
2.944900000000000000e+04
1.761400000000000000e+04
7.790000000000000000e+03
6.974000000000000000e+03
2.151200000000000000e+04
4.321700000000000000e+04
1.933700000000000000e+04
2.518700000000000000e+04
1.636400000000000000e+04
1.519900000000000000e+04
1.830800000000000000e+04
2.663900000000000000e+04
1.679100000000000000e+04
4.413300000000000000e+04
1.273600000000000000e+04
1.079500000000000000e+04
1.466300000000000000e+04
1.639500000000000000e+04
7.417000000000000000e+03
1.474700000000000000e+04
2.065400000000000000e+04
2.354200000000000000e+04
1.415900000000000000e+04
1.908200000000000000e+04
8.617000000000000000e+03
9.669000000000000000e+03
1.843700000000000000e+04
1.580100000000000000e+04
1.856400000000000000e+04
4.871300000000000000e+04
4.225800000000000000e+04
7.423000000000000000e+03
1.716600000000000000e+04
5.264000000000000000e+04
2.529600000000000000e+04
2.437600000000000000e+04
7.111000000000000000e+03
1.384200000000000000e+04
3.191200000000000000e+04
3.023200000000000000e+04
8.944000000000000000e+03
2.103800000000000000e+04
1.759900000000000000e+04
1.882100000000000000e+04
2.589900000000000000e+04
1.091200000000000000e+04
1.319500000000000000e+04
3.304400000000000000e+04
1.543800000000000000e+04
3.236200000000000000e+04
3.701800000000000000e+04
2.119600000000000000e+04
7.745000000000000000e+03
1.693000000000000000e+04
7.942000000000000000e+03
4.991000000000000000e+03
1.314300000000000000e+04
5.740000000000000000e+03
2.370900000000000000e+04
1.764700000000000000e+04
3.440100000000000000e+04
2.184000000000000000e+04
2.329500000000000000e+04
8.925000000000000000e+03
6.856200000000000000e+04
2.687200000000000000e+04
1.147600000000000000e+04
3.513600000000000000e+04
2.544800000000000000e+04
1.146200000000000000e+04
3.771400000000000000e+04
2.268900000000000000e+04
1.500800000000000000e+04
3.027800000000000000e+04
5.073900000000000000e+04
1.554300000000000000e+04
1.925600000000000000e+04
3.920500000000000000e+04
3.159800000000000000e+04
1.693200000000000000e+04
1.315300000000000000e+04
1.721600000000000000e+04
1.460400000000000000e+04
2.083700000000000000e+04
1.693200000000000000e+04
6.011000000000000000e+03
1.344500000000000000e+04
1.314800000000000000e+04
6.820000000000000000e+03
9.677000000000000000e+03
