6.643000000000000000e+04
3.869300000000000000e+04
5.950000000000000000e+04
1.288200000000000000e+04
2.655500000000000000e+04
2.155900000000000000e+04
4.404000000000000000e+04
6.680000000000000000e+03
2.228800000000000000e+04
3.511300000000000000e+04
1.803300000000000000e+04
1.998700000000000000e+04
1.030900000000000000e+04
4.365000000000000000e+03
1.939000000000000000e+04
1.532200000000000000e+04
4.211600000000000000e+04
1.474300000000000000e+04
1.353000000000000000e+04
6.865000000000000000e+03
1.465400000000000000e+04
8.387000000000000000e+03
1.055800000000000000e+04
1.221600000000000000e+04
6.738000000000000000e+03
2.215000000000000000e+04
1.509700000000000000e+04
4.111000000000000000e+03
8.388000000000000000e+03
2.770800000000000000e+04
1.728200000000000000e+04
2.072000000000000000e+04
1.501200000000000000e+04
4.545000000000000000e+03
1.984600000000000000e+04
1.304900000000000000e+04
1.491400000000000000e+04
1.416200000000000000e+04
1.137300000000000000e+04
2.091100000000000000e+04
3.022900000000000000e+04
1.181200000000000000e+04
1.487800000000000000e+04
1.315000000000000000e+04
1.075100000000000000e+04
1.038800000000000000e+04
1.015900000000000000e+04
1.255900000000000000e+04
2.783300000000000000e+04
9.557000000000000000e+03
3.070500000000000000e+04
6.939000000000000000e+03
8.310000000000000000e+03
1.215800000000000000e+04
1.027300000000000000e+04
1.441600000000000000e+04
3.594500000000000000e+04
2.512900000000000000e+04
7.129000000000000000e+03
1.051600000000000000e+04
5.610000000000000000e+03
1.044700000000000000e+04
3.560000000000000000e+04
8.771000000000000000e+03
1.411700000000000000e+04
1.327400000000000000e+04
1.553900000000000000e+04
1.237400000000000000e+04
2.437000000000000000e+04
1.813500000000000000e+04
1.210200000000000000e+04
2.089400000000000000e+04
3.462000000000000000e+04
3.485000000000000000e+04
3.091300000000000000e+04
5.524600000000000000e+04
4.052800000000000000e+04
1.055400000000000000e+04
2.392300000000000000e+04
1.134600000000000000e+04
9.053000000000000000e+03
3.295700000000000000e+04
1.843200000000000000e+04
2.051300000000000000e+04
3.658000000000000000e+04
3.320900000000000000e+04
2.927400000000000000e+04
3.787200000000000000e+04
1.768400000000000000e+04
4.157200000000000000e+04
1.289400000000000000e+04
6.976000000000000000e+03
2.376900000000000000e+04
1.096000000000000000e+04
1.127500000000000000e+04
8.782000000000000000e+03
1.021400000000000000e+04
9.300000000000000000e+03
1.364100000000000000e+04
5.802000000000000000e+03
1.026400000000000000e+04
1.260300000000000000e+04
1.370500000000000000e+04
6.896000000000000000e+03
2.155800000000000000e+04
7.537000000000000000e+03
1.545500000000000000e+04
1.593200000000000000e+04
9.489000000000000000e+03
1.338800000000000000e+04
1.281000000000000000e+04
1.291800000000000000e+04
1.028100000000000000e+04
5.952000000000000000e+03
1.490700000000000000e+04
5.729000000000000000e+03
1.137500000000000000e+04
1.645000000000000000e+04
1.632000000000000000e+04
2.653100000000000000e+04
3.457000000000000000e+03
8.229000000000000000e+03
2.611700000000000000e+04
2.281900000000000000e+04
1.285400000000000000e+04
1.461800000000000000e+04
1.155900000000000000e+04
9.523000000000000000e+03
1.321100000000000000e+04
1.131000000000000000e+04
9.801000000000000000e+03
1.688100000000000000e+04
1.171300000000000000e+04
1.251600000000000000e+04
1.913100000000000000e+04
4.417000000000000000e+03
1.718000000000000000e+04
5.497700000000000000e+04
4.403700000000000000e+04
4.947000000000000000e+03
3.197100000000000000e+04
1.365700000000000000e+04
1.392800000000000000e+04
5.670000000000000000e+03
2.770800000000000000e+04
2.843600000000000000e+04
1.893500000000000000e+04
1.777000000000000000e+04
6.542000000000000000e+03
1.781900000000000000e+04
1.338700000000000000e+04
7.531000000000000000e+03
1.543900000000000000e+04
1.962100000000000000e+04
9.428000000000000000e+03
1.728800000000000000e+04
2.621700000000000000e+04
1.851100000000000000e+04
8.016000000000000000e+03
3.834600000000000000e+04
1.481000000000000000e+04
2.810800000000000000e+04
5.674000000000000000e+03
1.019200000000000000e+04
1.127100000000000000e+04
1.062900000000000000e+04
1.541200000000000000e+04
6.145000000000000000e+03
1.202300000000000000e+04
2.461400000000000000e+04
1.897900000000000000e+04
5.904500000000000000e+04
1.552600000000000000e+04
2.450100000000000000e+04
3.289000000000000000e+04
6.698000000000000000e+03
1.744200000000000000e+04
2.231700000000000000e+04
1.928400000000000000e+04
3.122900000000000000e+04
3.333600000000000000e+04
1.720000000000000000e+04
2.004800000000000000e+04
1.202100000000000000e+04
2.681300000000000000e+04
1.296400000000000000e+04
7.959000000000000000e+03
1.734300000000000000e+04
1.222400000000000000e+04
1.733400000000000000e+04
5.515000000000000000e+04
6.521000000000000000e+03
1.597300000000000000e+04
8.489000000000000000e+03
2.778900000000000000e+04
2.160400000000000000e+04
1.630700000000000000e+04
1.485700000000000000e+04
1.170300000000000000e+04
1.226300000000000000e+04
1.508500000000000000e+04
6.069100000000000000e+04
1.422500000000000000e+04
2.982100000000000000e+04
9.349000000000000000e+03
9.254000000000000000e+03
3.658800000000000000e+04
1.995600000000000000e+04
1.279200000000000000e+04
1.370800000000000000e+04
4.009500000000000000e+04
1.064000000000000000e+04
5.124200000000000000e+04
6.547000000000000000e+03
2.827000000000000000e+04
1.126200000000000000e+04
1.646800000000000000e+04
1.409200000000000000e+04
1.027900000000000000e+04
1.220600000000000000e+04
5.015900000000000000e+04
1.148700000000000000e+04
1.144400000000000000e+04
1.113700000000000000e+04
1.231200000000000000e+04
2.640300000000000000e+04
1.290800000000000000e+04
1.948400000000000000e+04
1.289300000000000000e+04
1.133200000000000000e+04
2.987800000000000000e+04
1.013600000000000000e+04
1.312300000000000000e+04
1.036100000000000000e+04
5.241000000000000000e+03
1.130500000000000000e+04
5.634000000000000000e+03
1.427200000000000000e+04
1.059500000000000000e+04
1.364300000000000000e+04
2.020100000000000000e+04
1.005500000000000000e+04
1.441500000000000000e+04
8.192000000000000000e+03
1.002600000000000000e+04
2.292300000000000000e+04
3.374400000000000000e+04
2.321200000000000000e+04
1.393100000000000000e+04
1.329300000000000000e+04
3.540900000000000000e+04
1.229000000000000000e+04
1.297100000000000000e+04
1.389300000000000000e+04
8.178000000000000000e+03
7.864000000000000000e+03
7.720000000000000000e+03
1.293800000000000000e+04
8.766000000000000000e+03
9.552000000000000000e+03
6.645000000000000000e+03
2.354400000000000000e+04
1.441400000000000000e+04
2.446900000000000000e+04
4.727400000000000000e+04
2.369100000000000000e+04
1.674900000000000000e+04
9.945000000000000000e+03
1.740800000000000000e+04
2.695000000000000000e+04
9.674000000000000000e+03
3.320100000000000000e+04
3.380000000000000000e+04
8.992000000000000000e+03
9.455000000000000000e+03
9.796000000000000000e+03
1.298500000000000000e+04
3.583800000000000000e+04
1.598900000000000000e+04
1.308300000000000000e+04
1.744900000000000000e+04
1.512300000000000000e+04
1.210700000000000000e+04
8.562000000000000000e+03
2.611900000000000000e+04
2.217300000000000000e+04
7.090000000000000000e+03
2.902500000000000000e+04
2.613900000000000000e+04
2.564700000000000000e+04
2.282100000000000000e+04
3.297000000000000000e+04
1.238400000000000000e+04
2.752900000000000000e+04
1.847800000000000000e+04
1.183500000000000000e+04
1.695800000000000000e+04
1.472900000000000000e+04
8.537000000000000000e+03
1.331700000000000000e+04
1.569000000000000000e+04
2.752800000000000000e+04
3.178200000000000000e+04
1.262400000000000000e+04
1.052500000000000000e+04
1.291700000000000000e+04
9.349000000000000000e+03
1.063800000000000000e+04
6.056000000000000000e+03
2.360500000000000000e+04
1.661500000000000000e+04
1.210700000000000000e+04
1.678800000000000000e+04
1.162600000000000000e+04
1.036400000000000000e+04
2.726200000000000000e+04
3.939000000000000000e+03
1.329600000000000000e+04
2.454800000000000000e+04
1.303400000000000000e+04
8.413000000000000000e+03
1.811600000000000000e+04
2.327000000000000000e+04
6.404000000000000000e+03
1.507000000000000000e+04
1.565900000000000000e+04
2.021000000000000000e+04
2.636400000000000000e+04
1.056400000000000000e+04
8.603000000000000000e+03
1.917300000000000000e+04
2.720200000000000000e+04
1.117200000000000000e+04
1.266300000000000000e+04
5.293000000000000000e+03
1.124300000000000000e+04
3.795300000000000000e+04
3.276400000000000000e+04
1.145600000000000000e+04
1.834400000000000000e+04
9.149000000000000000e+03
1.344900000000000000e+04
2.340900000000000000e+04
8.823000000000000000e+03
1.326700000000000000e+04
1.608000000000000000e+04
1.529600000000000000e+04
1.260200000000000000e+04
1.101400000000000000e+04
1.895200000000000000e+04
3.397500000000000000e+04
3.156900000000000000e+04
7.179000000000000000e+03
1.735800000000000000e+04
1.145200000000000000e+04
3.036000000000000000e+04
1.469900000000000000e+04
1.518700000000000000e+04
3.959000000000000000e+03
2.372500000000000000e+04
9.959000000000000000e+03
3.515200000000000000e+04
1.027200000000000000e+04
3.085900000000000000e+04
4.903200000000000000e+04
6.134000000000000000e+03
1.008400000000000000e+04
5.114100000000000000e+04
1.600300000000000000e+04
1.361500000000000000e+04
4.134900000000000000e+04
3.920800000000000000e+04
7.351500000000000000e+04
1.907900000000000000e+04
7.400000000000000000e+03
7.965000000000000000e+03
2.222300000000000000e+04
3.498100000000000000e+04
8.043000000000000000e+03
2.125500000000000000e+04
1.322500000000000000e+04
2.603400000000000000e+04
8.376000000000000000e+03
9.612000000000000000e+03
2.410500000000000000e+04
1.649900000000000000e+04
1.063200000000000000e+04
7.861000000000000000e+03
3.043500000000000000e+04
2.921000000000000000e+03
1.979800000000000000e+04
2.681600000000000000e+04
1.679300000000000000e+04
2.243200000000000000e+04
9.723000000000000000e+03
2.039900000000000000e+04
4.702400000000000000e+04
4.766000000000000000e+03
3.095800000000000000e+04
6.181000000000000000e+03
1.381200000000000000e+04
2.150000000000000000e+04
1.296200000000000000e+04
1.024300000000000000e+04
1.180200000000000000e+04
6.895000000000000000e+03
1.023300000000000000e+04
2.008100000000000000e+04
1.509200000000000000e+04
1.749000000000000000e+04
6.086000000000000000e+03
1.402400000000000000e+04
7.413000000000000000e+03
6.920000000000000000e+03
2.302400000000000000e+04
9.321000000000000000e+03
3.900800000000000000e+04
2.090100000000000000e+04
3.986300000000000000e+04
3.048100000000000000e+04
2.306800000000000000e+04
4.605000000000000000e+03
1.161900000000000000e+04
2.868400000000000000e+04
1.610500000000000000e+04
4.352500000000000000e+04
2.083900000000000000e+04
3.182700000000000000e+04
2.258800000000000000e+04
1.467100000000000000e+04
2.211400000000000000e+04
4.016700000000000000e+04
1.101600000000000000e+04
8.764000000000000000e+03
1.777400000000000000e+04
3.486000000000000000e+04
8.431000000000000000e+03
1.535200000000000000e+04
2.535200000000000000e+04
2.483100000000000000e+04
3.345700000000000000e+04
2.689400000000000000e+04
1.905700000000000000e+04
1.449400000000000000e+04
9.386000000000000000e+03
3.186600000000000000e+04
1.558300000000000000e+04
9.109000000000000000e+03
1.242400000000000000e+04
3.893500000000000000e+04
1.183000000000000000e+04
1.121700000000000000e+04
3.731800000000000000e+04
1.394200000000000000e+04
9.392000000000000000e+03
3.941500000000000000e+04
1.804600000000000000e+04
7.357000000000000000e+03
8.154000000000000000e+03
9.004000000000000000e+03
1.648500000000000000e+04
1.256400000000000000e+04
1.405000000000000000e+04
5.579000000000000000e+03
1.272400000000000000e+04
1.535300000000000000e+04
3.518000000000000000e+04
1.301200000000000000e+04
2.109700000000000000e+04
1.339100000000000000e+04
4.785000000000000000e+03
2.445500000000000000e+04
2.218400000000000000e+04
2.430000000000000000e+04
2.595100000000000000e+04
9.034000000000000000e+03
1.483200000000000000e+04
2.342100000000000000e+04
2.701300000000000000e+04
1.845400000000000000e+04
1.535800000000000000e+04
8.002000000000000000e+03
2.551300000000000000e+04
2.425100000000000000e+04
9.453000000000000000e+03
5.014000000000000000e+03
2.488000000000000000e+04
1.894500000000000000e+04
4.515700000000000000e+04
1.343700000000000000e+04
8.177000000000000000e+03
3.014300000000000000e+04
1.894900000000000000e+04
1.536100000000000000e+04
1.572000000000000000e+04
4.726300000000000000e+04
2.371900000000000000e+04
2.682300000000000000e+04
1.088800000000000000e+04
1.794500000000000000e+04
1.840200000000000000e+04
1.400100000000000000e+04
1.832900000000000000e+04
2.688800000000000000e+04
1.399600000000000000e+04
1.655200000000000000e+04
1.643500000000000000e+04
1.911200000000000000e+04
1.603900000000000000e+04
3.063500000000000000e+04
2.590700000000000000e+04
1.483700000000000000e+04
2.527700000000000000e+04
1.138800000000000000e+04
3.333000000000000000e+04
2.195000000000000000e+04
7.343000000000000000e+03
1.888300000000000000e+04
1.691400000000000000e+04
2.261700000000000000e+04
7.325000000000000000e+03
1.473800000000000000e+04
2.363000000000000000e+04
1.254400000000000000e+04
8.571000000000000000e+03
1.769600000000000000e+04
2.316100000000000000e+04
1.695900000000000000e+04
1.567500000000000000e+04
1.788500000000000000e+04
1.504100000000000000e+04
1.073400000000000000e+04
3.389800000000000000e+04
9.120000000000000000e+03
3.761700000000000000e+04
1.013200000000000000e+04
2.017500000000000000e+04
2.304500000000000000e+04
9.476000000000000000e+03
2.117100000000000000e+04
1.194800000000000000e+04
1.282500000000000000e+04
2.549200000000000000e+04
1.253700000000000000e+04
2.120000000000000000e+04
3.852000000000000000e+04
1.849500000000000000e+04
2.056100000000000000e+04
7.664000000000000000e+04
3.644400000000000000e+04
4.226000000000000000e+03
2.762800000000000000e+04
1.780800000000000000e+04
5.611000000000000000e+03
9.815000000000000000e+03
1.296900000000000000e+04
2.311400000000000000e+04
2.157400000000000000e+04
1.418700000000000000e+04
9.656000000000000000e+03
6.682000000000000000e+03
1.659400000000000000e+04
1.462600000000000000e+04
2.728600000000000000e+04
3.149100000000000000e+04
1.457900000000000000e+04
1.432600000000000000e+04
1.265800000000000000e+04
1.075600000000000000e+04
7.615000000000000000e+03
1.287400000000000000e+04
1.646300000000000000e+04
1.844500000000000000e+04
9.963000000000000000e+03
1.711800000000000000e+04
1.152000000000000000e+04
2.459900000000000000e+04
2.957900000000000000e+04
3.361200000000000000e+04
3.310900000000000000e+04
5.439100000000000000e+04
3.522400000000000000e+04
1.375200000000000000e+04
2.200100000000000000e+04
3.061600000000000000e+04
1.127900000000000000e+04
1.707700000000000000e+04
1.270800000000000000e+04
6.834000000000000000e+03
8.476000000000000000e+03
1.003400000000000000e+04
1.143800000000000000e+04
1.975900000000000000e+04
6.630000000000000000e+03
1.866800000000000000e+04
3.733000000000000000e+04
4.031000000000000000e+03
6.557000000000000000e+03
2.157400000000000000e+04
1.378300000000000000e+04
1.068800000000000000e+04
1.353700000000000000e+04
2.064100000000000000e+04
1.033000000000000000e+04
3.223400000000000000e+04
1.010200000000000000e+04
1.520100000000000000e+04
2.939900000000000000e+04
4.268800000000000000e+04
1.714800000000000000e+04
1.083700000000000000e+04
1.705700000000000000e+04
4.518000000000000000e+03
2.857400000000000000e+04
7.182000000000000000e+03
1.132100000000000000e+04
2.390100000000000000e+04
1.292500000000000000e+04
1.120000000000000000e+04
3.105400000000000000e+04
3.358500000000000000e+04
1.377900000000000000e+04
1.483800000000000000e+04
9.544000000000000000e+03
4.295000000000000000e+04
8.835000000000000000e+03
1.541800000000000000e+04
5.230000000000000000e+03
5.507400000000000000e+04
1.457700000000000000e+04
1.083100000000000000e+04
1.517400000000000000e+04
2.219100000000000000e+04
1.373100000000000000e+04
4.822000000000000000e+03
2.776000000000000000e+04
9.419000000000000000e+03
1.966300000000000000e+04
1.929800000000000000e+04
1.438000000000000000e+04
5.085100000000000000e+04
1.860800000000000000e+04
2.958500000000000000e+04
1.299000000000000000e+04
1.803300000000000000e+04
1.358700000000000000e+04
1.182200000000000000e+04
3.865100000000000000e+04
2.239400000000000000e+04
1.052200000000000000e+04
1.199500000000000000e+04
1.514100000000000000e+04
3.158900000000000000e+04
1.320200000000000000e+04
2.499300000000000000e+04
7.468000000000000000e+03
1.593100000000000000e+04
2.482200000000000000e+04
3.433300000000000000e+04
5.494000000000000000e+03
7.618000000000000000e+03
2.428400000000000000e+04
1.211600000000000000e+04
1.997400000000000000e+04
3.563200000000000000e+04
4.918000000000000000e+03
9.560000000000000000e+03
1.233600000000000000e+04
1.658500000000000000e+04
1.335900000000000000e+04
1.146000000000000000e+04
2.011600000000000000e+04
1.846900000000000000e+04
7.542000000000000000e+03
9.439000000000000000e+03
4.160200000000000000e+04
2.365000000000000000e+04
4.424600000000000000e+04
8.717000000000000000e+03
1.514400000000000000e+04
1.069000000000000000e+04
8.181000000000000000e+03
2.023900000000000000e+04
3.309400000000000000e+04
6.795000000000000000e+03
8.303000000000000000e+03
2.091300000000000000e+04
7.962000000000000000e+03
1.213500000000000000e+04
5.437100000000000000e+04
6.869000000000000000e+03
4.390500000000000000e+04
1.191000000000000000e+04
6.475000000000000000e+03
1.310500000000000000e+04
2.016500000000000000e+04
1.607100000000000000e+04
1.273900000000000000e+04
2.251200000000000000e+04
8.355000000000000000e+03
1.102800000000000000e+04
1.406200000000000000e+04
2.041800000000000000e+04
9.739000000000000000e+03
2.022700000000000000e+04
4.742300000000000000e+04
2.420000000000000000e+04
2.467300000000000000e+04
2.344800000000000000e+04
2.476100000000000000e+04
1.223900000000000000e+04
2.366900000000000000e+04
1.030200000000000000e+04
1.178400000000000000e+04
3.160400000000000000e+04
2.822100000000000000e+04
1.933300000000000000e+04
1.015700000000000000e+04
9.925000000000000000e+03
7.760000000000000000e+03
2.393000000000000000e+04
8.724000000000000000e+03
1.827100000000000000e+04
1.083700000000000000e+04
3.181500000000000000e+04
2.040900000000000000e+04
1.252400000000000000e+04
1.391600000000000000e+04
5.372000000000000000e+03
1.321400000000000000e+04
1.217800000000000000e+04
1.221500000000000000e+04
1.000100000000000000e+04
9.571000000000000000e+03
1.044900000000000000e+04
6.146000000000000000e+03
1.426600000000000000e+04
7.508000000000000000e+03
2.643000000000000000e+04
3.264100000000000000e+04
3.201100000000000000e+04
9.384000000000000000e+03
1.218100000000000000e+04
1.231300000000000000e+04
2.388600000000000000e+04
2.826600000000000000e+04
6.611000000000000000e+03
6.692000000000000000e+03
1.304400000000000000e+04
1.263300000000000000e+04
1.475000000000000000e+04
1.078300000000000000e+04
5.390000000000000000e+03
1.839700000000000000e+04
8.187000000000000000e+03
3.112300000000000000e+04
1.568800000000000000e+04
1.423000000000000000e+04
1.767300000000000000e+04
2.056900000000000000e+04
5.939000000000000000e+03
7.974000000000000000e+03
2.579100000000000000e+04
2.879400000000000000e+04
5.301000000000000000e+03
1.806800000000000000e+04
7.008000000000000000e+03
5.406000000000000000e+03
1.572400000000000000e+04
8.532000000000000000e+03
2.211500000000000000e+04
2.034100000000000000e+04
1.098300000000000000e+04
1.292000000000000000e+04
2.803100000000000000e+04
1.795600000000000000e+04
2.149500000000000000e+04
1.525600000000000000e+04
1.263400000000000000e+04
8.693000000000000000e+03
2.471900000000000000e+04
1.110700000000000000e+04
1.149200000000000000e+04
1.602900000000000000e+04
1.451800000000000000e+04
2.450400000000000000e+04
3.175200000000000000e+04
4.041800000000000000e+04
2.791800000000000000e+04
9.418000000000000000e+03
1.604700000000000000e+04
2.676500000000000000e+04
2.192200000000000000e+04
1.329200000000000000e+04
2.766400000000000000e+04
5.425200000000000000e+04
7.658000000000000000e+03
3.602900000000000000e+04
1.116400000000000000e+04
1.940400000000000000e+04
1.958000000000000000e+04
1.202800000000000000e+04
1.196700000000000000e+04
8.801000000000000000e+03
1.999700000000000000e+04
1.380400000000000000e+04
4.190300000000000000e+04
1.090600000000000000e+04
3.461400000000000000e+04
1.697500000000000000e+04
9.980000000000000000e+03
2.478400000000000000e+04
2.671900000000000000e+04
6.374000000000000000e+03
1.218300000000000000e+04
7.840000000000000000e+03
2.658700000000000000e+04
5.561700000000000000e+04
8.980000000000000000e+03
2.067000000000000000e+04
1.676700000000000000e+04
9.620000000000000000e+03
2.098800000000000000e+04
1.769500000000000000e+04
5.782000000000000000e+03
2.068600000000000000e+04
2.009100000000000000e+04
7.607000000000000000e+03
6.989000000000000000e+03
3.552900000000000000e+04
6.403000000000000000e+03
1.928200000000000000e+04
8.759000000000000000e+03
2.912200000000000000e+04
1.903400000000000000e+04
3.596700000000000000e+04
1.183500000000000000e+04
1.383400000000000000e+04
3.649900000000000000e+04
1.218000000000000000e+04
1.475600000000000000e+04
1.177300000000000000e+04
2.089700000000000000e+04
1.514700000000000000e+04
8.672000000000000000e+03
2.677000000000000000e+04
1.561200000000000000e+04
7.915000000000000000e+03
1.073700000000000000e+04
1.663800000000000000e+04
1.031500000000000000e+04
1.549200000000000000e+04
2.252900000000000000e+04
5.756000000000000000e+03
2.648800000000000000e+04
4.579000000000000000e+03
1.078500000000000000e+04
8.962000000000000000e+03
7.870000000000000000e+03
3.111800000000000000e+04
2.144200000000000000e+04
3.004400000000000000e+04
1.608000000000000000e+04
1.072700000000000000e+04
1.610400000000000000e+04
2.750000000000000000e+04
3.823800000000000000e+04
1.023700000000000000e+04
2.204800000000000000e+04
1.035200000000000000e+04
8.652000000000000000e+03
2.082700000000000000e+04
1.195300000000000000e+04
1.498700000000000000e+04
5.984300000000000000e+04
1.144300000000000000e+04
1.651600000000000000e+04
3.765300000000000000e+04
1.309200000000000000e+04
9.177000000000000000e+03
7.140000000000000000e+03
1.421900000000000000e+04
5.118000000000000000e+03
1.515700000000000000e+04
2.492300000000000000e+04
1.446300000000000000e+04
1.214100000000000000e+04
2.118500000000000000e+04
3.497900000000000000e+04
1.024200000000000000e+04
3.520900000000000000e+04
1.255600000000000000e+04
2.559000000000000000e+04
5.959000000000000000e+03
1.212400000000000000e+04
2.328100000000000000e+04
1.274900000000000000e+04
6.919000000000000000e+03
9.553000000000000000e+03
2.129900000000000000e+04
6.420000000000000000e+03
2.036600000000000000e+04
1.742400000000000000e+04
2.124800000000000000e+04
3.381700000000000000e+04
2.001800000000000000e+04
5.168200000000000000e+04
8.713000000000000000e+03
1.456700000000000000e+04
1.897600000000000000e+04
1.212900000000000000e+04
1.134300000000000000e+04
2.231500000000000000e+04
5.800000000000000000e+03
1.695400000000000000e+04
7.500000000000000000e+03
2.220800000000000000e+04
2.500100000000000000e+04
3.869900000000000000e+04
2.117400000000000000e+04
8.617000000000000000e+03
8.375000000000000000e+03
2.252400000000000000e+04
1.516800000000000000e+04
2.552200000000000000e+04
1.323700000000000000e+04
2.854400000000000000e+04
1.054200000000000000e+04
5.690000000000000000e+03
6.825000000000000000e+03
1.188700000000000000e+04
5.533000000000000000e+03
1.148900000000000000e+04
7.256000000000000000e+03
2.280600000000000000e+04
1.881300000000000000e+04
1.978800000000000000e+04
1.591900000000000000e+04
1.630500000000000000e+04
2.323700000000000000e+04
1.465300000000000000e+04
1.053700000000000000e+04
1.166900000000000000e+04
2.241600000000000000e+04
1.188600000000000000e+04
1.844400000000000000e+04
1.038100000000000000e+04
2.923900000000000000e+04
2.740200000000000000e+04
1.156500000000000000e+04
2.140600000000000000e+04
1.070100000000000000e+04
1.619600000000000000e+04
1.487500000000000000e+04
1.240300000000000000e+04
7.102000000000000000e+03
1.996700000000000000e+04
1.052600000000000000e+04
3.192600000000000000e+04
2.273900000000000000e+04
1.165300000000000000e+04
4.834100000000000000e+04
1.304800000000000000e+04
2.066900000000000000e+04
1.420000000000000000e+04
1.778700000000000000e+04
7.932000000000000000e+03
4.802000000000000000e+03
1.034100000000000000e+04
1.181200000000000000e+04
2.581700000000000000e+04
1.495000000000000000e+04
1.760400000000000000e+04
7.995000000000000000e+03
1.668900000000000000e+04
1.144000000000000000e+04
1.761800000000000000e+04
1.592300000000000000e+04
1.087600000000000000e+04
4.033000000000000000e+04
1.522400000000000000e+04
1.429700000000000000e+04
9.863000000000000000e+03
4.010400000000000000e+04
1.027900000000000000e+04
1.237900000000000000e+04
1.190600000000000000e+04
3.097300000000000000e+04
1.619200000000000000e+04
1.413000000000000000e+04
4.511100000000000000e+04
3.362900000000000000e+04
1.103300000000000000e+04
2.822400000000000000e+04
9.829000000000000000e+03
2.918300000000000000e+04
2.214800000000000000e+04
3.146100000000000000e+04
1.549700000000000000e+04
2.221400000000000000e+04
