1.271000000000000000e+03
3.332000000000000000e+03
3.451000000000000000e+03
1.312000000000000000e+03
2.603000000000000000e+03
3.186000000000000000e+03
4.584000000000000000e+03
2.067000000000000000e+03
3.184000000000000000e+03
4.520000000000000000e+02
1.758000000000000000e+03
1.762000000000000000e+03
7.710000000000000000e+02
1.269000000000000000e+03
3.847000000000000000e+03
1.873000000000000000e+03
1.229000000000000000e+03
3.828000000000000000e+03
2.471000000000000000e+03
1.417000000000000000e+03
4.849000000000000000e+03
1.918000000000000000e+03
1.383000000000000000e+03
1.594000000000000000e+03
2.490000000000000000e+03
1.093000000000000000e+03
9.160000000000000000e+02
1.216000000000000000e+03
1.656000000000000000e+03
3.782000000000000000e+03
1.621000000000000000e+03
2.006000000000000000e+03
1.364000000000000000e+03
9.150000000000000000e+02
1.245000000000000000e+03
1.479000000000000000e+03
1.734000000000000000e+03
1.148000000000000000e+03
2.235000000000000000e+03
3.120000000000000000e+03
1.060000000000000000e+03
6.380000000000000000e+02
3.732000000000000000e+03
2.807000000000000000e+03
4.733000000000000000e+03
7.880000000000000000e+02
5.250000000000000000e+02
9.020000000000000000e+02
5.893000000000000000e+03
1.139000000000000000e+03
1.456000000000000000e+03
1.446000000000000000e+03
8.790000000000000000e+02
3.432000000000000000e+03
2.166000000000000000e+03
1.521000000000000000e+03
1.052000000000000000e+03
1.950000000000000000e+03
1.613000000000000000e+03
4.920000000000000000e+02
6.290000000000000000e+02
3.404000000000000000e+03
1.334000000000000000e+03
9.460000000000000000e+02
9.960000000000000000e+02
1.967000000000000000e+03
8.070000000000000000e+02
8.780000000000000000e+02
1.413000000000000000e+03
2.137000000000000000e+03
3.585000000000000000e+03
2.372000000000000000e+03
1.122000000000000000e+03
1.570000000000000000e+03
2.135000000000000000e+03
1.114000000000000000e+03
1.307000000000000000e+03
1.497000000000000000e+03
1.808000000000000000e+03
1.945000000000000000e+03
5.993000000000000000e+03
3.363000000000000000e+03
1.411000000000000000e+03
1.151000000000000000e+03
2.225000000000000000e+03
1.203000000000000000e+03
1.157000000000000000e+03
9.970000000000000000e+02
3.977000000000000000e+03
7.810000000000000000e+02
1.319000000000000000e+03
2.208000000000000000e+03
2.609000000000000000e+03
1.566000000000000000e+03
1.188000000000000000e+03
1.627000000000000000e+03
1.228000000000000000e+03
1.166000000000000000e+03
1.116000000000000000e+03
1.153000000000000000e+03
2.140000000000000000e+03
2.265000000000000000e+03
2.779000000000000000e+03
2.027000000000000000e+03
3.167000000000000000e+03
1.470000000000000000e+03
1.683000000000000000e+03
1.459000000000000000e+03
6.490000000000000000e+02
8.540000000000000000e+02
2.576000000000000000e+03
1.285000000000000000e+03
1.789000000000000000e+03
1.980000000000000000e+03
1.990000000000000000e+03
4.333000000000000000e+03
1.033000000000000000e+03
1.575000000000000000e+03
5.270000000000000000e+02
3.761000000000000000e+03
1.058000000000000000e+03
1.242000000000000000e+03
2.743000000000000000e+03
1.463000000000000000e+03
1.941000000000000000e+03
3.022000000000000000e+03
7.690000000000000000e+02
2.562000000000000000e+03
4.790000000000000000e+03
1.222000000000000000e+03
2.467000000000000000e+03
3.713000000000000000e+03
9.830000000000000000e+02
7.800000000000000000e+02
1.526000000000000000e+03
3.026000000000000000e+03
1.566000000000000000e+03
1.218000000000000000e+03
1.513000000000000000e+03
2.345000000000000000e+03
2.723000000000000000e+03
1.451000000000000000e+03
1.237000000000000000e+03
2.923000000000000000e+03
2.940000000000000000e+03
4.610000000000000000e+03
4.191000000000000000e+03
1.697000000000000000e+03
2.741000000000000000e+03
2.806000000000000000e+03
3.282000000000000000e+03
2.128000000000000000e+03
4.534000000000000000e+03
6.460000000000000000e+02
1.366000000000000000e+03
2.576000000000000000e+03
8.460000000000000000e+02
1.118000000000000000e+03
2.386000000000000000e+03
2.130000000000000000e+02
1.467000000000000000e+03
1.757000000000000000e+03
1.881000000000000000e+03
2.510000000000000000e+03
9.610000000000000000e+02
6.200000000000000000e+03
9.510000000000000000e+02
1.658000000000000000e+03
5.950000000000000000e+02
1.115000000000000000e+03
2.262000000000000000e+03
3.634000000000000000e+03
2.140000000000000000e+03
1.977000000000000000e+03
9.450000000000000000e+02
1.212000000000000000e+03
9.120000000000000000e+02
2.268000000000000000e+03
1.125000000000000000e+03
9.620000000000000000e+02
5.230000000000000000e+02
1.087000000000000000e+03
1.720000000000000000e+03
1.791000000000000000e+03
9.600000000000000000e+02
1.403000000000000000e+03
1.266000000000000000e+03
1.268000000000000000e+03
1.849000000000000000e+03
1.098000000000000000e+03
5.650000000000000000e+02
1.625000000000000000e+03
2.631000000000000000e+03
1.782000000000000000e+03
2.357000000000000000e+03
5.930000000000000000e+02
7.950000000000000000e+02
1.478000000000000000e+03
2.069000000000000000e+03
1.346000000000000000e+03
1.002000000000000000e+03
1.700000000000000000e+03
2.475000000000000000e+03
4.738000000000000000e+03
5.716000000000000000e+03
6.720000000000000000e+02
3.242000000000000000e+03
2.782000000000000000e+03
1.612000000000000000e+03
2.129000000000000000e+03
1.428000000000000000e+03
1.510000000000000000e+03
2.647000000000000000e+03
1.501000000000000000e+03
1.335000000000000000e+03
1.659000000000000000e+03
2.417000000000000000e+03
2.008000000000000000e+03
3.275000000000000000e+03
1.618000000000000000e+03
3.632000000000000000e+03
1.814000000000000000e+03
1.127000000000000000e+03
1.203000000000000000e+03
2.839000000000000000e+03
3.115000000000000000e+03
2.854000000000000000e+03
1.002000000000000000e+03
2.482000000000000000e+03
2.376000000000000000e+03
1.242000000000000000e+03
1.089000000000000000e+03
8.430000000000000000e+02
7.180000000000000000e+02
1.400000000000000000e+03
3.008000000000000000e+03
2.291000000000000000e+03
5.120000000000000000e+03
6.240000000000000000e+02
3.409000000000000000e+03
1.192000000000000000e+03
3.666000000000000000e+03
1.342000000000000000e+03
2.022000000000000000e+03
2.682000000000000000e+03
1.908000000000000000e+03
2.025000000000000000e+03
4.791000000000000000e+03
1.613000000000000000e+03
1.045000000000000000e+03
4.210000000000000000e+02
1.492000000000000000e+03
3.496000000000000000e+03
1.190000000000000000e+03
1.637000000000000000e+03
3.407000000000000000e+03
9.730000000000000000e+02
1.817000000000000000e+03
2.689000000000000000e+03
1.535000000000000000e+03
7.660000000000000000e+02
1.126000000000000000e+03
1.062000000000000000e+03
2.803000000000000000e+03
8.980000000000000000e+02
6.390000000000000000e+02
3.195000000000000000e+03
2.301000000000000000e+03
1.555000000000000000e+03
1.014000000000000000e+03
1.766000000000000000e+03
1.917000000000000000e+03
1.956000000000000000e+03
1.510000000000000000e+03
2.371000000000000000e+03
1.625000000000000000e+03
1.908000000000000000e+03
2.168000000000000000e+03
4.453000000000000000e+03
2.368000000000000000e+03
1.045000000000000000e+03
1.246000000000000000e+03
1.214000000000000000e+03
1.531000000000000000e+03
1.696000000000000000e+03
4.920000000000000000e+02
1.313000000000000000e+03
1.419000000000000000e+03
2.071000000000000000e+03
6.070000000000000000e+02
3.770000000000000000e+02
1.213000000000000000e+03
1.152000000000000000e+03
9.710000000000000000e+02
1.041000000000000000e+03
1.096000000000000000e+03
3.252000000000000000e+03
1.107000000000000000e+03
1.356000000000000000e+03
1.451000000000000000e+03
1.096000000000000000e+03
2.244000000000000000e+03
2.143000000000000000e+03
8.220000000000000000e+02
2.999000000000000000e+03
1.616000000000000000e+03
1.791000000000000000e+03
3.059000000000000000e+03
1.868000000000000000e+03
1.591000000000000000e+03
2.354000000000000000e+03
9.370000000000000000e+02
2.583000000000000000e+03
1.044000000000000000e+03
2.847000000000000000e+03
1.423000000000000000e+03
2.186000000000000000e+03
3.009000000000000000e+03
1.184000000000000000e+03
9.940000000000000000e+02
1.346000000000000000e+03
2.899000000000000000e+03
1.634000000000000000e+03
1.258000000000000000e+03
1.658000000000000000e+03
9.020000000000000000e+02
1.777000000000000000e+03
1.102000000000000000e+03
2.575000000000000000e+03
1.632000000000000000e+03
1.022000000000000000e+03
3.292000000000000000e+03
2.750000000000000000e+03
1.138000000000000000e+03
1.623000000000000000e+03
1.196000000000000000e+03
2.232000000000000000e+03
1.661000000000000000e+03
1.393000000000000000e+03
1.788000000000000000e+03
2.648000000000000000e+03
1.354000000000000000e+03
1.573000000000000000e+03
1.472000000000000000e+03
1.207000000000000000e+03
3.099000000000000000e+03
1.054000000000000000e+03
1.281000000000000000e+03
2.122000000000000000e+03
1.372000000000000000e+03
1.268000000000000000e+03
2.173000000000000000e+03
2.420000000000000000e+03
5.660000000000000000e+02
1.447000000000000000e+03
3.413000000000000000e+03
8.500000000000000000e+02
2.261000000000000000e+03
6.120000000000000000e+02
1.377000000000000000e+03
1.050000000000000000e+03
1.083000000000000000e+03
6.940000000000000000e+03
3.467000000000000000e+03
1.225000000000000000e+03
1.941000000000000000e+03
1.012000000000000000e+03
1.866000000000000000e+03
1.411000000000000000e+03
8.020000000000000000e+02
2.207000000000000000e+03
1.402000000000000000e+03
4.280000000000000000e+03
3.925000000000000000e+03
5.790000000000000000e+02
1.444000000000000000e+03
9.330000000000000000e+02
1.454000000000000000e+03
1.554000000000000000e+03
2.186000000000000000e+03
2.242000000000000000e+03
6.230000000000000000e+02
1.987000000000000000e+03
1.691000000000000000e+03
1.405000000000000000e+03
8.640000000000000000e+02
7.120000000000000000e+02
1.682000000000000000e+03
4.256000000000000000e+03
3.886000000000000000e+03
9.330000000000000000e+02
6.230000000000000000e+02
8.410000000000000000e+02
1.436000000000000000e+03
1.833000000000000000e+03
2.318000000000000000e+03
2.501000000000000000e+03
7.840000000000000000e+02
5.154000000000000000e+03
1.019000000000000000e+03
3.044000000000000000e+03
6.290000000000000000e+02
8.670000000000000000e+02
1.637000000000000000e+03
2.525000000000000000e+03
1.277000000000000000e+03
1.974000000000000000e+03
1.551000000000000000e+03
5.440000000000000000e+02
9.860000000000000000e+02
1.252000000000000000e+03
1.756000000000000000e+03
1.215000000000000000e+03
2.003000000000000000e+03
2.175000000000000000e+03
3.730000000000000000e+02
2.577000000000000000e+03
4.567000000000000000e+03
2.193000000000000000e+03
4.810000000000000000e+02
6.810000000000000000e+02
1.366000000000000000e+03
3.488000000000000000e+03
1.490000000000000000e+03
8.080000000000000000e+02
1.631000000000000000e+03
8.440000000000000000e+02
1.364000000000000000e+03
1.630000000000000000e+03
6.730000000000000000e+02
1.462000000000000000e+03
9.510000000000000000e+02
3.037000000000000000e+03
7.203000000000000000e+03
9.770000000000000000e+02
5.830000000000000000e+02
2.114000000000000000e+03
1.166000000000000000e+03
1.655000000000000000e+03
7.590000000000000000e+02
5.243000000000000000e+03
6.255000000000000000e+03
2.810000000000000000e+03
1.944000000000000000e+03
2.024000000000000000e+03
1.649000000000000000e+03
1.807000000000000000e+03
4.340000000000000000e+02
9.200000000000000000e+02
2.905000000000000000e+03
1.876000000000000000e+03
3.360000000000000000e+03
1.538000000000000000e+03
1.957000000000000000e+03
1.664000000000000000e+03
1.154000000000000000e+03
4.880000000000000000e+02
8.630000000000000000e+02
1.283000000000000000e+03
5.870000000000000000e+02
1.896000000000000000e+03
1.279000000000000000e+03
9.960000000000000000e+02
2.357000000000000000e+03
3.737000000000000000e+03
5.039000000000000000e+03
6.600000000000000000e+02
4.490000000000000000e+03
2.845000000000000000e+03
1.602000000000000000e+03
3.632000000000000000e+03
4.040000000000000000e+02
1.191000000000000000e+03
8.700000000000000000e+02
1.188000000000000000e+03
6.700000000000000000e+02
2.151000000000000000e+03
1.606000000000000000e+03
3.441000000000000000e+03
3.038000000000000000e+03
1.241000000000000000e+03
1.472000000000000000e+03
3.499000000000000000e+03
8.470000000000000000e+02
9.260000000000000000e+02
2.293000000000000000e+03
8.810000000000000000e+02
1.600000000000000000e+03
1.590000000000000000e+03
1.540000000000000000e+03
2.703000000000000000e+03
1.372000000000000000e+03
1.029000000000000000e+03
1.082000000000000000e+03
5.160000000000000000e+02
1.216000000000000000e+03
2.660000000000000000e+03
2.446000000000000000e+03
1.542000000000000000e+03
2.823000000000000000e+03
6.150000000000000000e+02
1.577000000000000000e+03
5.660000000000000000e+02
2.348000000000000000e+03
1.421000000000000000e+03
1.187000000000000000e+03
1.909000000000000000e+03
2.621000000000000000e+03
2.408000000000000000e+03
8.610000000000000000e+02
4.531000000000000000e+03
4.730000000000000000e+02
1.947000000000000000e+03
2.036000000000000000e+03
1.962000000000000000e+03
1.052000000000000000e+03
1.416000000000000000e+03
4.967000000000000000e+03
5.290000000000000000e+02
1.511000000000000000e+03
7.440000000000000000e+02
1.598000000000000000e+03
4.740000000000000000e+02
3.362000000000000000e+03
1.402000000000000000e+03
8.500000000000000000e+02
7.880000000000000000e+02
1.924000000000000000e+03
5.500000000000000000e+02
9.840000000000000000e+02
9.780000000000000000e+02
2.000000000000000000e+03
2.332000000000000000e+03
2.169000000000000000e+03
1.085000000000000000e+03
1.340000000000000000e+03
2.722000000000000000e+03
8.210000000000000000e+02
3.938000000000000000e+03
1.171000000000000000e+03
5.707000000000000000e+03
1.164000000000000000e+03
1.588000000000000000e+03
7.920000000000000000e+02
1.788000000000000000e+03
2.719000000000000000e+03
1.101000000000000000e+03
1.250000000000000000e+03
5.990000000000000000e+02
2.817000000000000000e+03
3.677000000000000000e+03
2.176000000000000000e+03
1.413000000000000000e+03
1.035000000000000000e+03
1.406000000000000000e+03
4.117000000000000000e+03
1.141000000000000000e+03
2.139000000000000000e+03
2.990000000000000000e+03
1.862000000000000000e+03
2.296000000000000000e+03
1.260000000000000000e+03
1.139000000000000000e+03
1.202000000000000000e+03
3.725000000000000000e+03
1.870000000000000000e+03
7.450000000000000000e+03
1.246000000000000000e+03
2.844000000000000000e+03
1.760000000000000000e+03
2.140000000000000000e+03
1.268000000000000000e+03
2.802000000000000000e+03
1.836000000000000000e+03
2.031000000000000000e+03
9.470000000000000000e+02
1.362000000000000000e+03
1.896000000000000000e+03
4.950000000000000000e+03
1.965000000000000000e+03
2.732000000000000000e+03
1.196000000000000000e+03
3.065000000000000000e+03
1.234000000000000000e+03
2.037000000000000000e+03
9.320000000000000000e+02
6.890000000000000000e+02
1.146000000000000000e+03
4.180000000000000000e+02
4.043000000000000000e+03
8.750000000000000000e+02
5.545000000000000000e+03
1.760000000000000000e+03
1.556000000000000000e+03
8.770000000000000000e+02
1.685000000000000000e+03
8.460000000000000000e+02
1.609000000000000000e+03
1.299000000000000000e+03
1.766000000000000000e+03
7.640000000000000000e+02
5.990000000000000000e+02
8.950000000000000000e+02
1.227000000000000000e+03
9.750000000000000000e+02
2.721000000000000000e+03
4.198000000000000000e+03
1.872000000000000000e+03
8.410000000000000000e+02
7.350000000000000000e+02
1.916000000000000000e+03
6.660000000000000000e+02
1.510000000000000000e+03
4.033000000000000000e+03
1.583000000000000000e+03
1.376000000000000000e+03
8.440000000000000000e+02
1.872000000000000000e+03
1.075000000000000000e+03
2.267000000000000000e+03
1.462000000000000000e+03
1.132000000000000000e+03
2.259000000000000000e+03
1.014000000000000000e+03
2.453000000000000000e+03
1.515000000000000000e+03
1.185000000000000000e+03
1.545000000000000000e+03
9.800000000000000000e+02
1.448000000000000000e+03
9.020000000000000000e+02
1.345000000000000000e+03
9.390000000000000000e+02
3.393000000000000000e+03
2.581000000000000000e+03
4.511000000000000000e+03
1.233000000000000000e+03
4.150000000000000000e+03
9.960000000000000000e+02
6.773000000000000000e+03
1.010000000000000000e+03
3.964000000000000000e+03
3.627000000000000000e+03
4.430000000000000000e+03
2.150000000000000000e+03
1.784000000000000000e+03
7.020000000000000000e+02
3.058000000000000000e+03
5.040000000000000000e+02
2.375000000000000000e+03
1.102000000000000000e+03
1.206000000000000000e+03
4.488000000000000000e+03
3.241000000000000000e+03
1.287000000000000000e+03
1.083000000000000000e+03
1.385000000000000000e+03
4.377000000000000000e+03
8.720000000000000000e+02
7.650000000000000000e+02
1.715000000000000000e+03
1.576000000000000000e+03
1.858000000000000000e+03
4.870000000000000000e+02
1.572000000000000000e+03
1.913000000000000000e+03
5.075000000000000000e+03
1.523000000000000000e+03
2.490000000000000000e+03
1.483000000000000000e+03
1.642000000000000000e+03
1.392000000000000000e+03
4.850000000000000000e+03
1.243000000000000000e+03
3.291000000000000000e+03
1.305000000000000000e+03
2.723000000000000000e+03
2.686000000000000000e+03
1.588000000000000000e+03
2.861000000000000000e+03
6.170000000000000000e+02
1.990000000000000000e+03
1.409000000000000000e+03
1.371000000000000000e+03
7.080000000000000000e+02
8.670000000000000000e+02
2.932000000000000000e+03
1.592000000000000000e+03
3.065000000000000000e+03
9.780000000000000000e+02
3.864000000000000000e+03
2.584000000000000000e+03
1.415000000000000000e+03
1.943000000000000000e+03
9.090000000000000000e+02
3.300000000000000000e+03
1.082000000000000000e+03
2.779000000000000000e+03
2.026000000000000000e+03
2.306000000000000000e+03
9.480000000000000000e+02
4.200000000000000000e+02
9.810000000000000000e+02
2.258000000000000000e+03
5.129000000000000000e+03
2.380000000000000000e+03
1.057000000000000000e+03
2.586000000000000000e+03
1.356000000000000000e+03
1.262000000000000000e+03
1.708000000000000000e+03
4.920000000000000000e+02
1.098000000000000000e+03
9.820000000000000000e+02
2.989000000000000000e+03
1.177000000000000000e+03
3.020000000000000000e+03
5.663000000000000000e+03
3.466000000000000000e+03
3.120000000000000000e+03
3.646000000000000000e+03
1.860000000000000000e+03
1.296000000000000000e+03
1.204000000000000000e+03
2.651000000000000000e+03
1.035000000000000000e+03
2.263000000000000000e+03
4.980000000000000000e+02
1.148000000000000000e+03
1.133000000000000000e+03
1.400000000000000000e+03
1.225000000000000000e+03
1.120000000000000000e+03
2.252000000000000000e+03
1.105000000000000000e+03
4.389000000000000000e+03
2.130000000000000000e+03
2.338000000000000000e+03
1.336000000000000000e+03
1.548000000000000000e+03
7.440000000000000000e+02
1.935000000000000000e+03
1.612000000000000000e+03
7.040000000000000000e+02
1.992000000000000000e+03
3.586000000000000000e+03
4.096000000000000000e+03
1.576000000000000000e+03
9.500000000000000000e+02
2.638000000000000000e+03
1.465000000000000000e+03
1.946000000000000000e+03
8.990000000000000000e+02
1.843000000000000000e+03
2.189000000000000000e+03
1.363000000000000000e+03
4.890000000000000000e+03
1.923000000000000000e+03
8.960000000000000000e+02
1.071000000000000000e+03
1.443000000000000000e+03
7.380000000000000000e+02
1.280000000000000000e+03
3.411000000000000000e+03
7.243000000000000000e+03
4.440000000000000000e+02
1.427000000000000000e+03
1.264000000000000000e+03
2.106000000000000000e+03
1.982000000000000000e+03
4.290000000000000000e+03
1.841000000000000000e+03
1.126000000000000000e+03
1.101000000000000000e+03
5.250000000000000000e+02
2.034000000000000000e+03
1.810000000000000000e+03
6.580000000000000000e+02
1.795000000000000000e+03
1.351000000000000000e+03
2.069000000000000000e+03
2.612000000000000000e+03
2.189000000000000000e+03
3.721000000000000000e+03
1.922000000000000000e+03
1.368000000000000000e+03
8.660000000000000000e+02
1.514000000000000000e+03
2.190000000000000000e+03
1.970000000000000000e+03
1.117000000000000000e+03
7.390000000000000000e+02
1.433000000000000000e+03
2.195000000000000000e+03
2.120000000000000000e+03
3.053000000000000000e+03
2.187000000000000000e+03
3.220000000000000000e+03
1.301000000000000000e+03
7.880000000000000000e+02
1.348000000000000000e+03
1.970000000000000000e+03
5.690000000000000000e+02
3.463000000000000000e+03
2.203000000000000000e+03
1.096000000000000000e+03
5.620000000000000000e+02
8.990000000000000000e+02
1.503000000000000000e+03
6.470000000000000000e+02
2.033000000000000000e+03
8.840000000000000000e+02
1.908000000000000000e+03
2.662000000000000000e+03
2.156000000000000000e+03
9.930000000000000000e+02
1.663000000000000000e+03
8.720000000000000000e+02
4.816000000000000000e+03
2.363000000000000000e+03
1.494000000000000000e+03
5.650000000000000000e+02
8.390000000000000000e+02
7.630000000000000000e+02
1.858000000000000000e+03
2.690000000000000000e+03
5.758000000000000000e+03
1.913000000000000000e+03
2.639000000000000000e+03
6.490000000000000000e+02
4.094000000000000000e+03
2.316000000000000000e+03
1.472000000000000000e+03
1.565000000000000000e+03
1.706000000000000000e+03
1.452000000000000000e+03
2.103000000000000000e+03
1.496000000000000000e+03
8.610000000000000000e+02
8.200000000000000000e+02
8.410000000000000000e+02
2.290000000000000000e+03
2.927000000000000000e+03
4.041000000000000000e+03
1.835000000000000000e+03
1.782000000000000000e+03
7.560000000000000000e+02
5.910000000000000000e+02
2.610000000000000000e+03
8.560000000000000000e+02
5.026000000000000000e+03
7.670000000000000000e+02
1.510000000000000000e+03
2.198000000000000000e+03
4.504000000000000000e+03
1.775000000000000000e+03
1.171000000000000000e+03
2.181000000000000000e+03
1.103000000000000000e+03
1.023000000000000000e+03
1.292000000000000000e+03
1.002000000000000000e+03
5.650000000000000000e+02
1.636000000000000000e+03
1.195000000000000000e+03
1.988000000000000000e+03
1.358000000000000000e+03
2.433000000000000000e+03
1.693000000000000000e+03
1.877000000000000000e+03
7.060000000000000000e+02
3.053000000000000000e+03
6.740000000000000000e+02
7.080000000000000000e+02
1.204000000000000000e+03
7.670000000000000000e+02
5.964000000000000000e+03
4.020000000000000000e+02
1.232000000000000000e+03
1.116000000000000000e+03
9.510000000000000000e+02
9.250000000000000000e+02
3.594000000000000000e+03
9.610000000000000000e+02
2.571000000000000000e+03
2.838000000000000000e+03
3.510000000000000000e+03
8.970000000000000000e+02
5.050000000000000000e+02
1.573000000000000000e+03
3.812000000000000000e+03
1.107000000000000000e+03
1.960000000000000000e+03
3.014000000000000000e+03
6.710000000000000000e+02
1.631000000000000000e+03
2.215000000000000000e+03
2.860000000000000000e+02
2.565000000000000000e+03
1.835000000000000000e+03
1.305000000000000000e+03
2.899000000000000000e+03
2.528000000000000000e+03
9.940000000000000000e+02
1.350000000000000000e+03
2.476000000000000000e+03
3.349000000000000000e+03
3.006000000000000000e+03
1.074000000000000000e+03
2.837000000000000000e+03
1.664000000000000000e+03
1.606000000000000000e+03
2.081000000000000000e+03
1.249000000000000000e+03
2.987000000000000000e+03
4.430000000000000000e+02
2.095000000000000000e+03
3.395000000000000000e+03
1.781000000000000000e+03
8.920000000000000000e+02
2.607000000000000000e+03
1.138000000000000000e+03
8.590000000000000000e+02
1.650000000000000000e+03
1.237000000000000000e+03
2.382000000000000000e+03
1.690000000000000000e+03
2.919000000000000000e+03
1.600000000000000000e+03
9.700000000000000000e+02
1.959000000000000000e+03
2.029000000000000000e+03
1.090000000000000000e+03
3.021000000000000000e+03
6.170000000000000000e+02
1.719000000000000000e+03
1.758000000000000000e+03
2.064000000000000000e+03
1.192000000000000000e+03
1.756000000000000000e+03
1.366000000000000000e+03
2.716000000000000000e+03
1.776000000000000000e+03
4.541000000000000000e+03
2.461000000000000000e+03
3.643000000000000000e+03
2.172000000000000000e+03
1.915000000000000000e+03
2.097000000000000000e+03
1.803000000000000000e+03
4.318000000000000000e+03
8.350000000000000000e+02
2.898000000000000000e+03
2.009000000000000000e+03
1.730000000000000000e+03
1.241000000000000000e+03
9.950000000000000000e+02
2.424000000000000000e+03
1.499000000000000000e+03
1.003000000000000000e+03
4.270000000000000000e+02
5.340000000000000000e+02
2.277000000000000000e+03
1.021000000000000000e+03
1.033000000000000000e+03
2.444000000000000000e+03
1.297000000000000000e+03
1.098000000000000000e+03
8.070000000000000000e+02
2.184000000000000000e+03
1.386000000000000000e+03
3.740000000000000000e+02
1.449000000000000000e+03
4.650000000000000000e+03
1.615000000000000000e+03
2.160000000000000000e+03
5.940000000000000000e+02
2.082000000000000000e+03
2.698000000000000000e+03
5.590000000000000000e+02
8.590000000000000000e+02
3.809000000000000000e+03
1.771000000000000000e+03
2.960000000000000000e+03
2.159000000000000000e+03
6.180000000000000000e+02
8.830000000000000000e+02
1.212000000000000000e+03
1.690000000000000000e+03
2.071000000000000000e+03
1.499000000000000000e+03
1.300000000000000000e+03
1.365000000000000000e+03
1.038000000000000000e+03
1.333000000000000000e+03
6.980000000000000000e+02
1.406000000000000000e+03
3.161000000000000000e+03
1.090000000000000000e+03
1.520000000000000000e+03
