2.347000000000000000e+03
2.725000000000000000e+03
2.099000000000000000e+03
6.690000000000000000e+02
2.074000000000000000e+03
9.780000000000000000e+02
1.174000000000000000e+03
3.217000000000000000e+03
1.522000000000000000e+03
5.060000000000000000e+02
6.400000000000000000e+02
2.423000000000000000e+03
9.440000000000000000e+02
1.529000000000000000e+03
3.133000000000000000e+03
1.579000000000000000e+03
3.656000000000000000e+03
9.450000000000000000e+02
1.861000000000000000e+03
1.866000000000000000e+03
1.912000000000000000e+03
2.253000000000000000e+03
2.371000000000000000e+03
9.920000000000000000e+02
2.880000000000000000e+03
9.990000000000000000e+02
4.056000000000000000e+03
7.740000000000000000e+02
1.859000000000000000e+03
1.483000000000000000e+03
9.040000000000000000e+02
2.728000000000000000e+03
2.820000000000000000e+03
2.132000000000000000e+03
1.723000000000000000e+03
1.509000000000000000e+03
2.075000000000000000e+03
1.710000000000000000e+03
1.862000000000000000e+03
1.740000000000000000e+03
9.090000000000000000e+02
1.164000000000000000e+03
1.722000000000000000e+03
4.052000000000000000e+03
3.780000000000000000e+03
4.485000000000000000e+03
1.631000000000000000e+03
7.410000000000000000e+02
2.828000000000000000e+03
1.607000000000000000e+03
4.417000000000000000e+03
1.985000000000000000e+03
2.090000000000000000e+03
3.296000000000000000e+03
2.570000000000000000e+03
8.690000000000000000e+02
6.990000000000000000e+02
2.120000000000000000e+03
5.208000000000000000e+03
4.890000000000000000e+02
2.170000000000000000e+03
1.337000000000000000e+03
3.638000000000000000e+03
9.580000000000000000e+02
2.423000000000000000e+03
4.954000000000000000e+03
1.518000000000000000e+03
3.316000000000000000e+03
1.398000000000000000e+03
7.170000000000000000e+02
2.040000000000000000e+03
3.230000000000000000e+03
2.357000000000000000e+03
3.291000000000000000e+03
2.185000000000000000e+03
1.911000000000000000e+03
1.110000000000000000e+03
2.110000000000000000e+03
2.794000000000000000e+03
5.880000000000000000e+02
1.102000000000000000e+03
2.092000000000000000e+03
1.220000000000000000e+03
8.430000000000000000e+02
1.925000000000000000e+03
1.214000000000000000e+03
8.330000000000000000e+02
1.486000000000000000e+03
1.565000000000000000e+03
2.637000000000000000e+03
1.059000000000000000e+03
1.271000000000000000e+03
6.536000000000000000e+03
9.560000000000000000e+02
9.320000000000000000e+02
2.738000000000000000e+03
1.980000000000000000e+03
7.330000000000000000e+02
6.940000000000000000e+02
5.712000000000000000e+03
1.414000000000000000e+03
2.183000000000000000e+03
7.030000000000000000e+02
2.548000000000000000e+03
2.188000000000000000e+03
4.200000000000000000e+02
4.023000000000000000e+03
2.505000000000000000e+03
3.137000000000000000e+03
2.349000000000000000e+03
1.306000000000000000e+03
2.865000000000000000e+03
1.655000000000000000e+03
1.819000000000000000e+03
1.878000000000000000e+03
3.251000000000000000e+03
1.087000000000000000e+03
2.391000000000000000e+03
3.814000000000000000e+03
3.456000000000000000e+03
3.153000000000000000e+03
2.397000000000000000e+03
3.599000000000000000e+03
1.053000000000000000e+03
1.905000000000000000e+03
1.092000000000000000e+03
1.783000000000000000e+03
2.489000000000000000e+03
1.032000000000000000e+03
1.988000000000000000e+03
1.322000000000000000e+03
1.106000000000000000e+03
7.010000000000000000e+02
1.162000000000000000e+03
1.122000000000000000e+03
1.223000000000000000e+03
5.370000000000000000e+02
1.723000000000000000e+03
2.207000000000000000e+03
3.383000000000000000e+03
1.369000000000000000e+03
1.533000000000000000e+03
1.952000000000000000e+03
1.123000000000000000e+03
1.047000000000000000e+03
1.502000000000000000e+03
1.400000000000000000e+03
3.737000000000000000e+03
1.677000000000000000e+03
2.056000000000000000e+03
9.150000000000000000e+02
2.710000000000000000e+03
1.880000000000000000e+03
1.197000000000000000e+03
2.341000000000000000e+03
1.627000000000000000e+03
9.580000000000000000e+02
1.239000000000000000e+03
2.181000000000000000e+03
2.300000000000000000e+03
1.716000000000000000e+03
4.160000000000000000e+02
2.540000000000000000e+03
3.047000000000000000e+03
1.144000000000000000e+03
1.452000000000000000e+03
1.660000000000000000e+03
1.393000000000000000e+03
2.762000000000000000e+03
1.299000000000000000e+03
1.787000000000000000e+03
1.006000000000000000e+03
4.002000000000000000e+03
4.161000000000000000e+03
2.138000000000000000e+03
9.950000000000000000e+02
6.610000000000000000e+02
3.283000000000000000e+03
2.936000000000000000e+03
3.088000000000000000e+03
9.440000000000000000e+02
1.677000000000000000e+03
1.819000000000000000e+03
7.220000000000000000e+02
1.055000000000000000e+03
4.122000000000000000e+03
3.733000000000000000e+03
1.156000000000000000e+03
2.064000000000000000e+03
3.294000000000000000e+03
1.280000000000000000e+03
2.372000000000000000e+03
4.890000000000000000e+02
9.210000000000000000e+02
9.250000000000000000e+02
2.565000000000000000e+03
1.331000000000000000e+03
6.350000000000000000e+02
7.980000000000000000e+02
9.140000000000000000e+02
1.484000000000000000e+03
2.640000000000000000e+03
2.850000000000000000e+03
5.448000000000000000e+03
7.670000000000000000e+02
2.116000000000000000e+03
1.163000000000000000e+03
7.900000000000000000e+02
8.100000000000000000e+02
1.515000000000000000e+03
1.923000000000000000e+03
2.765000000000000000e+03
8.380000000000000000e+02
3.450000000000000000e+03
2.120000000000000000e+03
2.503000000000000000e+03
1.933000000000000000e+03
1.068000000000000000e+03
3.857000000000000000e+03
3.381000000000000000e+03
1.586000000000000000e+03
1.446000000000000000e+03
1.795000000000000000e+03
2.065000000000000000e+03
1.121000000000000000e+03
2.757000000000000000e+03
2.018000000000000000e+03
1.640000000000000000e+03
1.498000000000000000e+03
2.588000000000000000e+03
1.943000000000000000e+03
7.430000000000000000e+02
1.401000000000000000e+03
1.901000000000000000e+03
1.207000000000000000e+03
1.629000000000000000e+03
1.354000000000000000e+03
2.054000000000000000e+03
5.260000000000000000e+02
1.730000000000000000e+03
1.964000000000000000e+03
3.716000000000000000e+03
2.504000000000000000e+03
9.180000000000000000e+02
1.916000000000000000e+03
1.418000000000000000e+03
4.030000000000000000e+03
2.857000000000000000e+03
4.336000000000000000e+03
1.035000000000000000e+03
1.490000000000000000e+03
1.957000000000000000e+03
3.272000000000000000e+03
2.397000000000000000e+03
1.131000000000000000e+03
1.223000000000000000e+03
1.921000000000000000e+03
1.003000000000000000e+03
8.930000000000000000e+02
1.552000000000000000e+03
1.036000000000000000e+03
1.898000000000000000e+03
1.480000000000000000e+03
1.202000000000000000e+03
1.323000000000000000e+03
1.809000000000000000e+03
1.168000000000000000e+03
7.970000000000000000e+02
1.719000000000000000e+03
1.981000000000000000e+03
1.505000000000000000e+03
1.563000000000000000e+03
1.680000000000000000e+03
4.078000000000000000e+03
1.446000000000000000e+03
1.087000000000000000e+03
1.330000000000000000e+03
4.704000000000000000e+03
8.220000000000000000e+02
2.498000000000000000e+03
1.106000000000000000e+03
7.740000000000000000e+02
2.010000000000000000e+03
1.876000000000000000e+03
8.720000000000000000e+02
2.825000000000000000e+03
1.497000000000000000e+03
8.550000000000000000e+02
1.906000000000000000e+03
1.540000000000000000e+03
1.195000000000000000e+03
2.037000000000000000e+03
2.201000000000000000e+03
1.038000000000000000e+03
7.090000000000000000e+02
1.455000000000000000e+03
1.953000000000000000e+03
1.399000000000000000e+03
1.261000000000000000e+03
2.317000000000000000e+03
8.030000000000000000e+02
1.235000000000000000e+03
2.089000000000000000e+03
1.336000000000000000e+03
1.209000000000000000e+03
1.080000000000000000e+03
3.671000000000000000e+03
3.815000000000000000e+03
1.054000000000000000e+03
1.754000000000000000e+03
1.015000000000000000e+03
1.166000000000000000e+03
1.775000000000000000e+03
2.145000000000000000e+03
1.631000000000000000e+03
2.757000000000000000e+03
1.125000000000000000e+03
2.193000000000000000e+03
2.758000000000000000e+03
1.800000000000000000e+03
1.603000000000000000e+03
2.557000000000000000e+03
2.577000000000000000e+03
1.644000000000000000e+03
1.436000000000000000e+03
1.863000000000000000e+03
1.066000000000000000e+03
1.048000000000000000e+03
2.565000000000000000e+03
1.589000000000000000e+03
5.840000000000000000e+02
1.051000000000000000e+03
1.590000000000000000e+03
3.616000000000000000e+03
4.165000000000000000e+03
2.857000000000000000e+03
8.480000000000000000e+02
1.928000000000000000e+03
3.365000000000000000e+03
1.786000000000000000e+03
2.506000000000000000e+03
3.347000000000000000e+03
2.234000000000000000e+03
9.450000000000000000e+02
1.138000000000000000e+03
9.890000000000000000e+02
9.510000000000000000e+02
2.155000000000000000e+03
4.140000000000000000e+03
1.499000000000000000e+03
1.055000000000000000e+03
3.007000000000000000e+03
3.012000000000000000e+03
1.965000000000000000e+03
2.861000000000000000e+03
1.783000000000000000e+03
1.784000000000000000e+03
2.719000000000000000e+03
1.021000000000000000e+03
8.460000000000000000e+02
2.679000000000000000e+03
1.621000000000000000e+03
1.740000000000000000e+03
5.582000000000000000e+03
2.259000000000000000e+03
5.904000000000000000e+03
7.820000000000000000e+02
1.215000000000000000e+03
9.970000000000000000e+02
1.083000000000000000e+03
1.977000000000000000e+03
8.070000000000000000e+02
1.283000000000000000e+03
1.983000000000000000e+03
1.385000000000000000e+03
2.728000000000000000e+03
7.350000000000000000e+02
1.954000000000000000e+03
1.577000000000000000e+03
2.433000000000000000e+03
2.767000000000000000e+03
1.354000000000000000e+03
3.449000000000000000e+03
1.297000000000000000e+03
1.171000000000000000e+03
1.993000000000000000e+03
6.290000000000000000e+02
1.685000000000000000e+03
1.826000000000000000e+03
1.973000000000000000e+03
2.018000000000000000e+03
8.510000000000000000e+02
1.047000000000000000e+03
8.520000000000000000e+02
2.825000000000000000e+03
2.093000000000000000e+03
1.350000000000000000e+03
7.210000000000000000e+02
2.515000000000000000e+03
1.159000000000000000e+03
1.863000000000000000e+03
1.462000000000000000e+03
3.594000000000000000e+03
1.051000000000000000e+03
8.380000000000000000e+02
2.063000000000000000e+03
5.586000000000000000e+03
3.983000000000000000e+03
1.315000000000000000e+03
2.626000000000000000e+03
7.590000000000000000e+02
1.073000000000000000e+03
1.214000000000000000e+03
2.055000000000000000e+03
1.453000000000000000e+03
1.903000000000000000e+03
9.060000000000000000e+02
7.560000000000000000e+02
2.366000000000000000e+03
2.602000000000000000e+03
1.167000000000000000e+03
1.405000000000000000e+03
3.621000000000000000e+03
1.496000000000000000e+03
1.593000000000000000e+03
8.030000000000000000e+02
2.173000000000000000e+03
1.169000000000000000e+03
8.640000000000000000e+02
1.691000000000000000e+03
9.880000000000000000e+02
1.401000000000000000e+03
2.522000000000000000e+03
1.615000000000000000e+03
1.235000000000000000e+03
1.319000000000000000e+03
2.968000000000000000e+03
1.279000000000000000e+03
4.740000000000000000e+03
1.662000000000000000e+03
2.273000000000000000e+03
1.345000000000000000e+03
2.646000000000000000e+03
1.086000000000000000e+03
1.019000000000000000e+03
1.019000000000000000e+03
5.350000000000000000e+02
6.410000000000000000e+02
2.330000000000000000e+03
1.966000000000000000e+03
6.700000000000000000e+02
7.780000000000000000e+02
1.989000000000000000e+03
9.610000000000000000e+02
1.430000000000000000e+03
2.024000000000000000e+03
4.411000000000000000e+03
6.126000000000000000e+03
9.810000000000000000e+02
7.310000000000000000e+02
1.543000000000000000e+03
2.140000000000000000e+03
1.365000000000000000e+03
3.899000000000000000e+03
9.980000000000000000e+02
2.886000000000000000e+03
4.145000000000000000e+03
9.210000000000000000e+02
1.752000000000000000e+03
1.700000000000000000e+03
9.450000000000000000e+02
1.882000000000000000e+03
2.672000000000000000e+03
1.181000000000000000e+03
1.759000000000000000e+03
3.072000000000000000e+03
1.119000000000000000e+03
1.506000000000000000e+03
3.182000000000000000e+03
6.071000000000000000e+03
1.668000000000000000e+03
1.937000000000000000e+03
1.336000000000000000e+03
1.455000000000000000e+03
1.313000000000000000e+03
8.140000000000000000e+02
7.680000000000000000e+02
1.805000000000000000e+03
2.245000000000000000e+03
1.078000000000000000e+03
2.403000000000000000e+03
3.024000000000000000e+03
1.694000000000000000e+03
1.771000000000000000e+03
2.273000000000000000e+03
4.165000000000000000e+03
9.840000000000000000e+02
1.232000000000000000e+03
1.796000000000000000e+03
2.851000000000000000e+03
7.960000000000000000e+02
7.970000000000000000e+02
2.116000000000000000e+03
2.149000000000000000e+03
2.430000000000000000e+03
1.114000000000000000e+03
1.004000000000000000e+03
1.600000000000000000e+03
8.960000000000000000e+02
1.518000000000000000e+03
8.590000000000000000e+02
1.850000000000000000e+03
1.527000000000000000e+03
1.187000000000000000e+03
2.225000000000000000e+03
3.412000000000000000e+03
7.950000000000000000e+02
2.608000000000000000e+03
2.696000000000000000e+03
3.888000000000000000e+03
8.930000000000000000e+02
6.282000000000000000e+03
3.001000000000000000e+03
1.403000000000000000e+03
3.598000000000000000e+03
5.720000000000000000e+02
1.994000000000000000e+03
2.647000000000000000e+03
2.098000000000000000e+03
3.171000000000000000e+03
1.503000000000000000e+03
1.121000000000000000e+03
2.850000000000000000e+03
2.563000000000000000e+03
8.450000000000000000e+02
2.182000000000000000e+03
2.345000000000000000e+03
7.820000000000000000e+02
4.202000000000000000e+03
5.548000000000000000e+03
6.010000000000000000e+02
1.177000000000000000e+03
1.566000000000000000e+03
2.075000000000000000e+03
8.820000000000000000e+02
6.760000000000000000e+02
1.733000000000000000e+03
1.207000000000000000e+03
1.322000000000000000e+03
1.523000000000000000e+03
2.867000000000000000e+03
1.296000000000000000e+03
3.368000000000000000e+03
6.680000000000000000e+02
1.436000000000000000e+03
4.492000000000000000e+03
3.304000000000000000e+03
2.579000000000000000e+03
9.920000000000000000e+02
1.808000000000000000e+03
2.890000000000000000e+03
1.311000000000000000e+03
3.105000000000000000e+03
5.950000000000000000e+02
1.296000000000000000e+03
1.383000000000000000e+03
9.380000000000000000e+02
1.250000000000000000e+03
1.092000000000000000e+03
1.231000000000000000e+03
2.441000000000000000e+03
1.089000000000000000e+03
1.915000000000000000e+03
3.629000000000000000e+03
2.155000000000000000e+03
3.149000000000000000e+03
1.563000000000000000e+03
1.979000000000000000e+03
3.714000000000000000e+03
7.800000000000000000e+02
3.750000000000000000e+02
4.145000000000000000e+03
2.057000000000000000e+03
1.155000000000000000e+03
1.058000000000000000e+03
2.838000000000000000e+03
1.476000000000000000e+03
1.028000000000000000e+03
1.326000000000000000e+03
1.429000000000000000e+03
1.513000000000000000e+03
1.751000000000000000e+03
3.547000000000000000e+03
3.263000000000000000e+03
7.860000000000000000e+02
2.300000000000000000e+03
1.918000000000000000e+03
8.960000000000000000e+02
7.830000000000000000e+02
2.396000000000000000e+03
1.058000000000000000e+03
2.179000000000000000e+03
2.283000000000000000e+03
1.047000000000000000e+03
2.539000000000000000e+03
2.348000000000000000e+03
9.810000000000000000e+02
1.515000000000000000e+03
1.935000000000000000e+03
7.593000000000000000e+03
1.795000000000000000e+03
1.248000000000000000e+03
4.750000000000000000e+03
9.420000000000000000e+02
2.954000000000000000e+03
1.117000000000000000e+03
1.820000000000000000e+03
1.043000000000000000e+03
2.387000000000000000e+03
1.167000000000000000e+03
1.043000000000000000e+03
5.500000000000000000e+02
2.126000000000000000e+03
1.134000000000000000e+03
2.705000000000000000e+03
9.990000000000000000e+02
1.564000000000000000e+03
1.163000000000000000e+03
1.532000000000000000e+03
2.015000000000000000e+03
2.125000000000000000e+03
3.302000000000000000e+03
8.400000000000000000e+02
2.796000000000000000e+03
8.070000000000000000e+02
2.424000000000000000e+03
3.525000000000000000e+03
1.729000000000000000e+03
1.463000000000000000e+03
2.842000000000000000e+03
1.302000000000000000e+03
1.787000000000000000e+03
7.060000000000000000e+02
7.940000000000000000e+02
3.748000000000000000e+03
4.314000000000000000e+03
1.077000000000000000e+03
3.108000000000000000e+03
3.133000000000000000e+03
1.150000000000000000e+03
2.668000000000000000e+03
6.850000000000000000e+02
1.880000000000000000e+03
2.105000000000000000e+03
1.161000000000000000e+03
1.476000000000000000e+03
1.767000000000000000e+03
1.120000000000000000e+03
2.505000000000000000e+03
2.014000000000000000e+03
2.185000000000000000e+03
1.138000000000000000e+03
2.682000000000000000e+03
3.267000000000000000e+03
2.397000000000000000e+03
8.840000000000000000e+02
2.380000000000000000e+03
3.642000000000000000e+03
1.097000000000000000e+03
2.184000000000000000e+03
2.176000000000000000e+03
5.810000000000000000e+02
2.227000000000000000e+03
2.443000000000000000e+03
1.999000000000000000e+03
1.238000000000000000e+03
1.523000000000000000e+03
2.939000000000000000e+03
1.080000000000000000e+03
3.276000000000000000e+03
3.930000000000000000e+03
8.370000000000000000e+02
8.740000000000000000e+02
2.514000000000000000e+03
1.377000000000000000e+03
1.169000000000000000e+03
3.146000000000000000e+03
4.618000000000000000e+03
1.494000000000000000e+03
6.170000000000000000e+02
1.823000000000000000e+03
1.149000000000000000e+03
2.034000000000000000e+03
7.480000000000000000e+02
8.690000000000000000e+02
2.349000000000000000e+03
9.190000000000000000e+02
3.624000000000000000e+03
1.601000000000000000e+03
3.943000000000000000e+03
3.365000000000000000e+03
1.832000000000000000e+03
1.282000000000000000e+03
1.588000000000000000e+03
9.150000000000000000e+02
3.250000000000000000e+03
1.860000000000000000e+03
3.519000000000000000e+03
2.736000000000000000e+03
2.411000000000000000e+03
1.693000000000000000e+03
1.729000000000000000e+03
1.394000000000000000e+03
1.889000000000000000e+03
1.515000000000000000e+03
3.154000000000000000e+03
4.340000000000000000e+03
1.334000000000000000e+03
1.149000000000000000e+03
5.154000000000000000e+03
1.803000000000000000e+03
2.068000000000000000e+03
4.435000000000000000e+03
9.800000000000000000e+02
8.290000000000000000e+02
1.736000000000000000e+03
3.282000000000000000e+03
3.438000000000000000e+03
1.477000000000000000e+03
1.908000000000000000e+03
2.157000000000000000e+03
1.646000000000000000e+03
2.016000000000000000e+03
1.668000000000000000e+03
2.197000000000000000e+03
7.140000000000000000e+02
1.133000000000000000e+03
9.490000000000000000e+02
4.500000000000000000e+02
1.959000000000000000e+03
1.486000000000000000e+03
2.028000000000000000e+03
1.986000000000000000e+03
8.960000000000000000e+02
2.214000000000000000e+03
1.962000000000000000e+03
2.565000000000000000e+03
1.081000000000000000e+03
1.283000000000000000e+03
6.580000000000000000e+02
1.481000000000000000e+03
1.112000000000000000e+03
1.086000000000000000e+03
2.700000000000000000e+03
1.394000000000000000e+03
4.193000000000000000e+03
1.459000000000000000e+03
7.570000000000000000e+02
1.473000000000000000e+03
2.727000000000000000e+03
5.010000000000000000e+03
2.783000000000000000e+03
1.260000000000000000e+03
1.387000000000000000e+03
1.076000000000000000e+03
3.710000000000000000e+03
8.720000000000000000e+02
2.083000000000000000e+03
9.000000000000000000e+02
2.004000000000000000e+03
4.297000000000000000e+03
4.279000000000000000e+03
2.067000000000000000e+03
6.950000000000000000e+02
4.136000000000000000e+03
4.663000000000000000e+03
1.019000000000000000e+03
1.587000000000000000e+03
3.455000000000000000e+03
2.390000000000000000e+03
3.174000000000000000e+03
1.729000000000000000e+03
5.910000000000000000e+02
1.770000000000000000e+03
1.919000000000000000e+03
1.581000000000000000e+03
1.708000000000000000e+03
2.358000000000000000e+03
2.853000000000000000e+03
6.690000000000000000e+02
2.729000000000000000e+03
1.073000000000000000e+03
8.740000000000000000e+02
2.096000000000000000e+03
1.237000000000000000e+03
3.033000000000000000e+03
3.856000000000000000e+03
1.182000000000000000e+03
1.227000000000000000e+03
1.635000000000000000e+03
1.751000000000000000e+03
2.433000000000000000e+03
2.763000000000000000e+03
1.018000000000000000e+03
2.521000000000000000e+03
8.460000000000000000e+02
3.134000000000000000e+03
7.850000000000000000e+02
9.200000000000000000e+02
9.850000000000000000e+02
4.101000000000000000e+03
4.810000000000000000e+03
6.230000000000000000e+02
1.169000000000000000e+03
2.884000000000000000e+03
2.325000000000000000e+03
1.034000000000000000e+03
1.489000000000000000e+03
1.332000000000000000e+03
1.660000000000000000e+03
1.284000000000000000e+03
1.456000000000000000e+03
1.112000000000000000e+03
8.970000000000000000e+02
1.381000000000000000e+03
1.121000000000000000e+03
1.189000000000000000e+03
9.890000000000000000e+02
4.720000000000000000e+02
3.878000000000000000e+03
6.475000000000000000e+03
2.311000000000000000e+03
1.663000000000000000e+03
1.642000000000000000e+03
3.950000000000000000e+03
3.516000000000000000e+03
2.324000000000000000e+03
1.124000000000000000e+03
2.766000000000000000e+03
3.251000000000000000e+03
1.632000000000000000e+03
2.134000000000000000e+03
3.386000000000000000e+03
9.310000000000000000e+02
2.666000000000000000e+03
3.007000000000000000e+03
1.376000000000000000e+03
1.020000000000000000e+03
1.317000000000000000e+03
2.290000000000000000e+03
1.704000000000000000e+03
1.261000000000000000e+03
4.791000000000000000e+03
2.993000000000000000e+03
1.414000000000000000e+03
1.154000000000000000e+03
5.461000000000000000e+03
7.420000000000000000e+02
8.740000000000000000e+02
3.015000000000000000e+03
8.990000000000000000e+02
1.786000000000000000e+03
2.037000000000000000e+03
1.435000000000000000e+03
6.182000000000000000e+03
1.325000000000000000e+03
1.558000000000000000e+03
3.474000000000000000e+03
3.002000000000000000e+03
3.035000000000000000e+03
9.180000000000000000e+02
2.273000000000000000e+03
1.854000000000000000e+03
1.063000000000000000e+03
3.488000000000000000e+03
1.927000000000000000e+03
3.592000000000000000e+03
2.137000000000000000e+03
2.526000000000000000e+03
1.630000000000000000e+03
6.640000000000000000e+02
1.971000000000000000e+03
8.330000000000000000e+02
4.906000000000000000e+03
1.709000000000000000e+03
3.204000000000000000e+03
1.735000000000000000e+03
1.861000000000000000e+03
4.950000000000000000e+02
1.121000000000000000e+03
3.052000000000000000e+03
5.651000000000000000e+03
1.971000000000000000e+03
1.008000000000000000e+03
2.404000000000000000e+03
3.039000000000000000e+03
1.148000000000000000e+03
1.287000000000000000e+03
7.750000000000000000e+02
7.430000000000000000e+02
2.767000000000000000e+03
2.341000000000000000e+03
2.428000000000000000e+03
1.540000000000000000e+03
5.510000000000000000e+03
1.255000000000000000e+03
1.838000000000000000e+03
8.420000000000000000e+02
1.160000000000000000e+03
2.245000000000000000e+03
2.109000000000000000e+03
1.926000000000000000e+03
1.978000000000000000e+03
2.975000000000000000e+03
3.693000000000000000e+03
9.660000000000000000e+02
4.087000000000000000e+03
1.144000000000000000e+03
1.724000000000000000e+03
2.513000000000000000e+03
2.012000000000000000e+03
2.187000000000000000e+03
2.227000000000000000e+03
1.069000000000000000e+03
4.461000000000000000e+03
8.550000000000000000e+02
3.222000000000000000e+03
1.379000000000000000e+03
1.887000000000000000e+03
2.083000000000000000e+03
1.311000000000000000e+03
2.836000000000000000e+03
1.155000000000000000e+03
1.818000000000000000e+03
9.600000000000000000e+02
1.653000000000000000e+03
1.886000000000000000e+03
6.720000000000000000e+02
3.329000000000000000e+03
1.302000000000000000e+03
1.308000000000000000e+03
1.798000000000000000e+03
1.999000000000000000e+03
4.737000000000000000e+03
1.236000000000000000e+03
8.410000000000000000e+02
1.479000000000000000e+03
1.831000000000000000e+03
3.482000000000000000e+03
2.021000000000000000e+03
9.420000000000000000e+02
5.360000000000000000e+02
1.506000000000000000e+03
4.300000000000000000e+02
3.773000000000000000e+03
1.156000000000000000e+03
1.310000000000000000e+03
1.390000000000000000e+03
1.199000000000000000e+03
1.513000000000000000e+03
1.206000000000000000e+03
1.590000000000000000e+03
3.728000000000000000e+03
3.377000000000000000e+03
1.701000000000000000e+03
1.742000000000000000e+03
2.080000000000000000e+03
2.608000000000000000e+03
1.436000000000000000e+03
2.656000000000000000e+03
1.667000000000000000e+03
1.345000000000000000e+03
1.762000000000000000e+03
2.572000000000000000e+03
9.150000000000000000e+02
9.250000000000000000e+02
2.689000000000000000e+03
6.950000000000000000e+02
6.220000000000000000e+02
1.337000000000000000e+03
1.365000000000000000e+03
1.845000000000000000e+03
3.316000000000000000e+03
1.895000000000000000e+03
7.390000000000000000e+02
2.217000000000000000e+03
3.932000000000000000e+03
3.794000000000000000e+03
3.009000000000000000e+03
1.109000000000000000e+03
1.467000000000000000e+03
2.012000000000000000e+03
1.310000000000000000e+03
2.566000000000000000e+03
3.675000000000000000e+03
7.720000000000000000e+02
1.550000000000000000e+03
1.385000000000000000e+03
3.670000000000000000e+03
1.682000000000000000e+03
