1.307900000000000000e+04
5.375000000000000000e+03
4.037000000000000000e+03
7.997000000000000000e+03
7.630000000000000000e+03
1.789300000000000000e+04
8.622000000000000000e+03
7.751000000000000000e+03
1.207300000000000000e+04
4.492000000000000000e+03
3.570000000000000000e+03
1.041600000000000000e+04
7.675000000000000000e+03
1.226400000000000000e+04
7.579000000000000000e+03
2.689000000000000000e+03
2.377400000000000000e+04
1.012700000000000000e+04
7.165000000000000000e+03
5.541000000000000000e+03
1.274200000000000000e+04
1.317000000000000000e+04
6.725000000000000000e+03
1.860000000000000000e+04
5.635000000000000000e+03
7.050000000000000000e+03
3.224000000000000000e+03
4.807000000000000000e+03
5.470000000000000000e+03
7.558000000000000000e+03
4.979000000000000000e+03
9.547000000000000000e+03
1.257300000000000000e+04
6.315000000000000000e+03
1.216700000000000000e+04
4.589000000000000000e+03
4.834000000000000000e+03
7.781000000000000000e+03
6.288000000000000000e+03
4.657000000000000000e+03
1.187700000000000000e+04
7.693000000000000000e+03
8.567000000000000000e+03
9.997000000000000000e+03
1.232600000000000000e+04
5.507000000000000000e+03
4.862000000000000000e+03
1.043200000000000000e+04
1.893300000000000000e+04
7.648000000000000000e+03
4.751000000000000000e+03
6.876000000000000000e+03
1.222300000000000000e+04
1.929000000000000000e+04
1.824200000000000000e+04
4.957000000000000000e+03
6.676000000000000000e+03
1.827600000000000000e+04
9.480000000000000000e+03
3.719000000000000000e+03
4.879000000000000000e+03
1.159600000000000000e+04
3.948000000000000000e+03
1.086300000000000000e+04
7.797000000000000000e+03
5.182000000000000000e+03
7.344000000000000000e+03
1.426600000000000000e+04
3.272000000000000000e+03
5.584000000000000000e+03
1.142800000000000000e+04
5.845000000000000000e+03
6.504000000000000000e+03
1.132400000000000000e+04
8.316000000000000000e+03
3.085100000000000000e+04
5.146000000000000000e+03
3.756000000000000000e+03
5.175000000000000000e+03
5.690000000000000000e+03
8.829000000000000000e+03
4.581000000000000000e+03
2.453800000000000000e+04
2.268100000000000000e+04
4.011000000000000000e+03
5.326000000000000000e+03
1.064300000000000000e+04
8.364000000000000000e+03
3.157000000000000000e+03
5.662000000000000000e+03
4.507000000000000000e+03
1.092000000000000000e+04
1.292700000000000000e+04
4.872000000000000000e+03
6.299000000000000000e+03
4.647000000000000000e+03
9.016000000000000000e+03
4.565000000000000000e+03
4.393000000000000000e+03
5.896000000000000000e+03
5.401000000000000000e+03
6.072000000000000000e+03
9.901000000000000000e+03
1.278100000000000000e+04
4.573000000000000000e+03
1.217100000000000000e+04
5.735000000000000000e+03
4.659000000000000000e+03
4.341000000000000000e+03
4.458000000000000000e+03
4.103000000000000000e+03
9.337000000000000000e+03
9.835000000000000000e+03
4.912000000000000000e+03
7.336000000000000000e+03
1.326300000000000000e+04
6.053000000000000000e+03
4.220000000000000000e+03
5.113000000000000000e+03
8.228000000000000000e+03
1.432500000000000000e+04
5.667000000000000000e+03
2.598000000000000000e+03
7.691000000000000000e+03
6.192000000000000000e+03
5.040100000000000000e+04
1.055100000000000000e+04
3.301000000000000000e+03
2.674000000000000000e+03
1.284000000000000000e+04
3.984000000000000000e+03
6.449000000000000000e+03
1.988700000000000000e+04
7.814000000000000000e+03
1.118500000000000000e+04
1.174400000000000000e+04
9.124000000000000000e+03
8.038000000000000000e+03
8.788000000000000000e+03
1.155200000000000000e+04
9.861000000000000000e+03
1.838400000000000000e+04
6.813000000000000000e+03
1.323300000000000000e+04
5.789000000000000000e+03
3.525000000000000000e+03
6.554000000000000000e+03
1.025200000000000000e+04
4.557000000000000000e+03
2.613000000000000000e+03
4.999000000000000000e+03
8.159000000000000000e+03
7.058000000000000000e+03
1.087600000000000000e+04
9.007000000000000000e+03
1.234500000000000000e+04
9.914000000000000000e+03
4.889000000000000000e+03
9.462000000000000000e+03
6.729000000000000000e+03
1.097600000000000000e+04
1.508700000000000000e+04
4.394000000000000000e+03
9.744000000000000000e+03
4.505000000000000000e+03
7.139000000000000000e+03
5.562000000000000000e+03
6.934000000000000000e+03
1.096500000000000000e+04
7.690000000000000000e+03
1.226500000000000000e+04
9.546000000000000000e+03
1.272200000000000000e+04
4.205000000000000000e+03
6.929000000000000000e+03
1.275100000000000000e+04
3.281000000000000000e+03
1.170500000000000000e+04
1.010200000000000000e+04
6.036000000000000000e+03
5.497000000000000000e+03
1.447800000000000000e+04
1.797300000000000000e+04
9.908000000000000000e+03
6.177000000000000000e+03
6.932000000000000000e+03
5.776000000000000000e+03
4.461000000000000000e+03
9.406000000000000000e+03
6.542000000000000000e+03
6.805000000000000000e+03
4.555000000000000000e+03
6.866000000000000000e+03
9.413000000000000000e+03
7.719000000000000000e+03
1.244700000000000000e+04
3.980000000000000000e+03
1.402200000000000000e+04
1.086700000000000000e+04
1.080600000000000000e+04
5.489000000000000000e+03
7.986000000000000000e+03
8.623000000000000000e+03
3.931000000000000000e+03
3.480000000000000000e+03
1.299800000000000000e+04
8.743000000000000000e+03
3.624000000000000000e+03
2.083800000000000000e+04
6.373000000000000000e+03
5.671000000000000000e+03
2.433400000000000000e+04
1.527200000000000000e+04
6.279000000000000000e+03
9.896000000000000000e+03
4.024000000000000000e+03
3.327000000000000000e+03
1.465400000000000000e+04
8.618000000000000000e+03
1.466900000000000000e+04
9.941000000000000000e+03
1.624400000000000000e+04
3.824000000000000000e+03
1.261100000000000000e+04
1.326400000000000000e+04
9.137000000000000000e+03
6.193000000000000000e+03
6.376000000000000000e+03
8.962000000000000000e+03
3.426000000000000000e+03
6.920000000000000000e+03
2.670000000000000000e+03
1.133200000000000000e+04
5.257000000000000000e+03
1.985200000000000000e+04
8.329000000000000000e+03
8.906000000000000000e+03
9.376000000000000000e+03
7.574000000000000000e+03
6.585000000000000000e+03
1.423200000000000000e+04
1.404600000000000000e+04
5.844000000000000000e+03
1.250300000000000000e+04
2.707000000000000000e+03
1.401500000000000000e+04
4.907000000000000000e+03
6.250000000000000000e+03
3.633000000000000000e+03
8.524000000000000000e+03
7.293000000000000000e+03
8.973000000000000000e+03
6.302000000000000000e+03
5.973000000000000000e+03
5.665000000000000000e+03
6.388000000000000000e+03
5.017000000000000000e+03
7.169000000000000000e+03
3.778000000000000000e+03
4.731000000000000000e+03
1.019300000000000000e+04
1.575500000000000000e+04
5.104000000000000000e+03
8.586000000000000000e+03
1.241100000000000000e+04
8.384000000000000000e+03
3.923000000000000000e+03
8.226000000000000000e+03
1.392500000000000000e+04
1.630700000000000000e+04
4.232000000000000000e+03
4.145000000000000000e+03
4.190000000000000000e+03
3.006000000000000000e+03
3.937000000000000000e+03
6.549000000000000000e+03
1.169800000000000000e+04
7.715000000000000000e+03
7.978000000000000000e+03
3.966000000000000000e+03
1.198600000000000000e+04
8.134000000000000000e+03
6.044000000000000000e+03
7.206000000000000000e+03
2.019000000000000000e+04
7.664000000000000000e+03
1.840600000000000000e+04
5.933000000000000000e+03
1.807100000000000000e+04
6.195000000000000000e+03
1.276700000000000000e+04
1.061000000000000000e+04
3.759000000000000000e+03
9.189000000000000000e+03
4.739000000000000000e+03
4.691000000000000000e+03
3.956000000000000000e+03
3.432000000000000000e+03
1.090600000000000000e+04
6.994000000000000000e+03
6.992000000000000000e+03
5.258000000000000000e+03
6.435000000000000000e+03
6.376000000000000000e+03
3.691000000000000000e+03
8.828000000000000000e+03
1.592500000000000000e+04
6.424000000000000000e+03
4.017000000000000000e+03
6.922000000000000000e+03
7.459000000000000000e+03
2.304900000000000000e+04
3.669000000000000000e+03
4.861000000000000000e+03
1.301800000000000000e+04
7.735000000000000000e+03
1.776900000000000000e+04
3.571000000000000000e+03
3.848000000000000000e+03
1.312300000000000000e+04
3.493000000000000000e+03
1.137200000000000000e+04
1.202900000000000000e+04
7.862000000000000000e+03
2.288000000000000000e+03
1.075700000000000000e+04
4.156000000000000000e+03
6.748000000000000000e+03
2.998000000000000000e+03
6.480000000000000000e+03
9.058000000000000000e+03
6.917000000000000000e+03
4.157000000000000000e+03
1.012700000000000000e+04
5.867000000000000000e+03
1.257000000000000000e+04
6.272000000000000000e+03
1.895000000000000000e+04
4.599200000000000000e+04
1.069900000000000000e+04
1.743400000000000000e+04
9.252000000000000000e+03
6.207000000000000000e+03
4.654000000000000000e+03
1.062100000000000000e+04
1.437700000000000000e+04
5.212000000000000000e+03
4.212000000000000000e+03
4.797000000000000000e+03
1.366500000000000000e+04
1.309100000000000000e+04
8.599000000000000000e+03
3.557000000000000000e+03
6.916000000000000000e+03
9.405000000000000000e+03
5.554000000000000000e+03
7.790000000000000000e+03
6.722000000000000000e+03
2.065000000000000000e+03
5.368000000000000000e+03
4.015000000000000000e+03
2.125500000000000000e+04
4.592000000000000000e+03
1.272000000000000000e+04
2.796000000000000000e+03
6.124000000000000000e+03
1.334800000000000000e+04
1.310100000000000000e+04
7.053000000000000000e+03
3.489000000000000000e+03
4.863000000000000000e+03
3.867000000000000000e+03
9.655000000000000000e+03
5.561000000000000000e+03
9.380000000000000000e+03
7.610000000000000000e+03
4.828000000000000000e+03
8.762000000000000000e+03
7.134000000000000000e+03
7.402000000000000000e+03
6.255000000000000000e+03
4.246900000000000000e+04
1.203900000000000000e+04
1.749300000000000000e+04
6.680000000000000000e+03
1.113400000000000000e+04
6.163000000000000000e+03
8.062000000000000000e+03
2.380000000000000000e+03
2.191000000000000000e+03
6.325000000000000000e+03
1.361100000000000000e+04
4.079000000000000000e+03
1.054400000000000000e+04
1.421300000000000000e+04
5.821000000000000000e+03
4.440000000000000000e+03
8.935000000000000000e+03
1.592900000000000000e+04
6.966000000000000000e+03
5.141000000000000000e+03
5.608000000000000000e+03
3.888000000000000000e+03
3.541000000000000000e+03
2.272000000000000000e+03
1.959900000000000000e+04
3.498000000000000000e+03
2.367000000000000000e+03
2.061800000000000000e+04
1.132200000000000000e+04
1.061900000000000000e+04
2.249100000000000000e+04
4.471000000000000000e+03
5.524000000000000000e+03
5.865000000000000000e+03
2.511100000000000000e+04
4.973000000000000000e+03
1.116500000000000000e+04
3.581000000000000000e+03
8.735000000000000000e+03
5.588000000000000000e+03
5.675000000000000000e+03
1.333600000000000000e+04
5.199000000000000000e+03
6.140000000000000000e+03
1.005100000000000000e+04
6.217000000000000000e+03
4.152000000000000000e+03
1.788100000000000000e+04
8.820000000000000000e+03
6.087000000000000000e+03
9.025000000000000000e+03
4.781000000000000000e+03
5.113000000000000000e+03
4.405000000000000000e+03
1.240000000000000000e+04
3.598000000000000000e+03
5.002000000000000000e+03
4.940000000000000000e+03
5.997000000000000000e+03
6.298000000000000000e+03
7.623000000000000000e+03
7.872000000000000000e+03
5.298000000000000000e+03
1.288400000000000000e+04
7.532000000000000000e+03
7.755000000000000000e+03
4.670000000000000000e+03
3.470000000000000000e+03
4.990000000000000000e+03
8.152000000000000000e+03
1.430600000000000000e+04
7.581000000000000000e+03
4.031000000000000000e+03
2.786000000000000000e+03
5.586000000000000000e+03
7.257000000000000000e+03
1.064100000000000000e+04
4.029600000000000000e+04
5.619000000000000000e+03
8.943000000000000000e+03
1.398200000000000000e+04
1.230100000000000000e+04
1.009100000000000000e+04
1.476500000000000000e+04
8.692000000000000000e+03
7.139000000000000000e+03
9.524000000000000000e+03
9.230000000000000000e+03
4.825000000000000000e+03
2.247500000000000000e+04
1.301900000000000000e+04
1.105400000000000000e+04
4.515000000000000000e+03
6.046000000000000000e+03
4.326000000000000000e+03
6.462000000000000000e+03
5.685000000000000000e+03
3.171000000000000000e+03
1.092600000000000000e+04
4.851000000000000000e+03
5.223000000000000000e+03
1.918000000000000000e+03
8.703000000000000000e+03
4.003000000000000000e+03
7.513000000000000000e+03
4.890000000000000000e+03
1.394100000000000000e+04
5.515000000000000000e+03
1.231100000000000000e+04
1.038900000000000000e+04
4.458000000000000000e+03
3.857000000000000000e+03
6.132000000000000000e+03
9.428000000000000000e+03
8.259000000000000000e+03
1.896600000000000000e+04
1.136300000000000000e+04
1.312700000000000000e+04
6.380000000000000000e+03
1.294900000000000000e+04
8.269000000000000000e+03
1.676700000000000000e+04
5.482000000000000000e+03
6.261000000000000000e+03
1.389500000000000000e+04
1.580400000000000000e+04
9.695000000000000000e+03
3.868000000000000000e+03
5.338000000000000000e+03
6.949000000000000000e+03
2.265300000000000000e+04
2.847000000000000000e+03
4.267300000000000000e+04
1.107400000000000000e+04
8.442000000000000000e+03
3.681000000000000000e+03
2.437500000000000000e+04
7.384000000000000000e+03
4.298000000000000000e+03
1.009400000000000000e+04
1.550300000000000000e+04
7.042000000000000000e+03
4.196000000000000000e+03
6.354000000000000000e+03
4.172000000000000000e+03
6.888000000000000000e+03
4.603000000000000000e+03
1.347400000000000000e+04
2.408000000000000000e+04
1.259300000000000000e+04
7.775000000000000000e+03
7.126000000000000000e+03
2.109400000000000000e+04
4.579000000000000000e+03
1.089800000000000000e+04
3.862000000000000000e+03
9.536000000000000000e+03
4.635000000000000000e+03
3.050000000000000000e+03
6.725000000000000000e+03
5.984000000000000000e+03
3.168000000000000000e+03
1.781600000000000000e+04
5.742000000000000000e+03
2.487000000000000000e+03
3.788000000000000000e+03
3.774000000000000000e+03
7.099000000000000000e+03
4.352000000000000000e+03
3.585000000000000000e+03
2.135000000000000000e+03
6.816000000000000000e+03
1.180000000000000000e+04
3.815000000000000000e+03
9.219000000000000000e+03
2.365400000000000000e+04
9.444000000000000000e+03
7.852000000000000000e+03
2.060900000000000000e+04
9.511000000000000000e+03
5.907000000000000000e+03
3.337000000000000000e+03
5.835000000000000000e+03
1.341700000000000000e+04
4.813000000000000000e+03
9.137000000000000000e+03
6.438000000000000000e+03
1.017900000000000000e+04
1.647100000000000000e+04
2.908900000000000000e+04
4.024000000000000000e+03
5.842000000000000000e+03
6.418000000000000000e+03
1.054900000000000000e+04
3.585000000000000000e+03
1.233500000000000000e+04
8.179000000000000000e+03
1.026400000000000000e+04
5.583000000000000000e+03
5.327000000000000000e+03
3.648000000000000000e+03
4.242000000000000000e+03
3.829000000000000000e+03
4.471000000000000000e+03
7.767000000000000000e+03
1.047200000000000000e+04
3.159000000000000000e+03
1.632200000000000000e+04
8.977000000000000000e+03
5.637000000000000000e+03
3.923400000000000000e+04
5.921000000000000000e+03
8.977000000000000000e+03
1.711000000000000000e+04
1.553300000000000000e+04
7.348000000000000000e+03
7.746000000000000000e+03
1.023600000000000000e+04
6.136000000000000000e+03
1.345300000000000000e+04
2.978000000000000000e+03
6.686000000000000000e+03
5.163000000000000000e+03
4.251000000000000000e+03
5.823000000000000000e+03
1.203100000000000000e+04
1.484600000000000000e+04
2.899500000000000000e+04
3.158000000000000000e+03
1.746400000000000000e+04
2.860000000000000000e+03
7.279000000000000000e+03
9.146000000000000000e+03
6.853000000000000000e+03
7.756000000000000000e+03
9.524000000000000000e+03
1.012700000000000000e+04
1.917400000000000000e+04
1.460000000000000000e+04
1.037800000000000000e+04
7.399000000000000000e+03
4.396000000000000000e+03
2.676000000000000000e+03
9.766000000000000000e+03
3.891000000000000000e+03
7.895000000000000000e+03
2.447000000000000000e+03
1.099600000000000000e+04
8.167000000000000000e+03
4.697000000000000000e+03
6.898000000000000000e+03
1.393500000000000000e+04
1.761400000000000000e+04
5.351000000000000000e+03
5.846000000000000000e+03
1.698800000000000000e+04
4.200000000000000000e+03
1.549400000000000000e+04
7.317000000000000000e+03
1.815000000000000000e+04
1.057500000000000000e+04
2.744000000000000000e+03
4.845000000000000000e+03
8.626000000000000000e+03
4.521000000000000000e+03
7.231000000000000000e+03
1.077200000000000000e+04
8.966000000000000000e+03
8.237000000000000000e+03
5.949000000000000000e+03
1.737100000000000000e+04
4.076000000000000000e+03
6.716000000000000000e+03
6.928000000000000000e+03
1.040900000000000000e+04
5.467000000000000000e+03
2.532000000000000000e+03
6.506000000000000000e+03
5.674000000000000000e+03
3.018000000000000000e+03
6.918000000000000000e+03
9.188000000000000000e+03
7.759000000000000000e+03
9.915000000000000000e+03
6.001000000000000000e+03
5.155000000000000000e+03
8.870000000000000000e+03
5.185000000000000000e+03
7.322000000000000000e+03
1.283600000000000000e+04
5.411000000000000000e+03
1.532200000000000000e+04
1.544100000000000000e+04
6.824000000000000000e+03
1.552400000000000000e+04
6.062000000000000000e+03
4.709000000000000000e+03
1.539200000000000000e+04
7.530000000000000000e+03
4.846000000000000000e+03
1.490100000000000000e+04
7.607000000000000000e+03
3.254000000000000000e+03
2.509000000000000000e+03
1.494400000000000000e+04
7.398000000000000000e+03
1.400400000000000000e+04
7.812000000000000000e+03
6.043000000000000000e+03
6.836000000000000000e+03
1.342300000000000000e+04
2.558700000000000000e+04
1.054300000000000000e+04
4.923000000000000000e+03
4.672000000000000000e+03
1.611600000000000000e+04
1.233400000000000000e+04
9.902000000000000000e+03
8.018000000000000000e+03
2.503000000000000000e+03
4.822000000000000000e+03
1.683200000000000000e+04
5.855000000000000000e+03
1.117500000000000000e+04
1.048900000000000000e+04
9.529000000000000000e+03
8.054000000000000000e+03
6.753000000000000000e+03
5.883000000000000000e+03
6.027000000000000000e+03
5.027000000000000000e+03
8.056000000000000000e+03
1.039600000000000000e+04
4.877000000000000000e+03
6.064000000000000000e+03
6.308000000000000000e+03
4.633000000000000000e+03
3.883000000000000000e+03
3.768000000000000000e+03
2.121000000000000000e+03
1.249000000000000000e+04
6.609000000000000000e+03
1.086600000000000000e+04
6.752000000000000000e+03
5.526000000000000000e+03
1.470000000000000000e+04
1.006200000000000000e+04
1.058300000000000000e+04
1.019300000000000000e+04
1.044200000000000000e+04
6.090000000000000000e+03
4.642000000000000000e+03
1.409600000000000000e+04
1.062000000000000000e+04
3.762000000000000000e+03
1.118600000000000000e+04
8.636000000000000000e+03
6.552000000000000000e+03
6.893000000000000000e+03
5.994000000000000000e+03
2.232200000000000000e+04
7.235000000000000000e+03
6.244000000000000000e+03
6.915000000000000000e+03
2.041000000000000000e+03
1.324500000000000000e+04
4.718000000000000000e+03
4.117000000000000000e+03
3.042000000000000000e+03
4.441000000000000000e+03
5.759000000000000000e+03
1.060200000000000000e+04
3.995000000000000000e+03
1.141300000000000000e+04
2.749000000000000000e+03
5.818000000000000000e+03
5.547000000000000000e+03
5.175000000000000000e+03
8.701000000000000000e+03
3.576000000000000000e+03
6.235000000000000000e+03
3.283200000000000000e+04
8.726000000000000000e+03
1.136200000000000000e+04
1.373800000000000000e+04
1.217400000000000000e+04
2.339300000000000000e+04
2.169700000000000000e+04
1.431900000000000000e+04
1.239400000000000000e+04
1.299500000000000000e+04
2.905000000000000000e+03
5.631000000000000000e+03
7.609000000000000000e+03
1.771900000000000000e+04
9.624000000000000000e+03
4.232000000000000000e+03
5.506000000000000000e+03
1.428300000000000000e+04
7.196000000000000000e+03
3.232000000000000000e+03
1.314800000000000000e+04
4.609000000000000000e+03
8.206000000000000000e+03
7.594000000000000000e+03
5.633000000000000000e+03
3.806000000000000000e+03
5.248000000000000000e+03
1.253000000000000000e+04
2.205600000000000000e+04
6.213000000000000000e+03
1.121100000000000000e+04
1.634400000000000000e+04
9.217000000000000000e+03
5.105000000000000000e+03
9.435000000000000000e+03
5.747000000000000000e+03
4.689000000000000000e+03
9.880000000000000000e+03
2.616700000000000000e+04
5.234000000000000000e+03
1.945400000000000000e+04
6.890000000000000000e+03
2.528000000000000000e+03
5.049000000000000000e+03
4.040000000000000000e+03
8.174000000000000000e+03
6.209000000000000000e+03
8.617000000000000000e+03
1.033800000000000000e+04
1.359500000000000000e+04
1.857700000000000000e+04
2.974000000000000000e+03
1.436700000000000000e+04
3.884000000000000000e+03
4.811000000000000000e+03
1.732000000000000000e+04
8.917000000000000000e+03
2.374000000000000000e+03
4.279000000000000000e+03
6.450000000000000000e+03
8.940000000000000000e+03
1.244500000000000000e+04
8.086000000000000000e+03
3.051000000000000000e+03
1.083800000000000000e+04
7.872000000000000000e+03
3.858000000000000000e+03
2.841000000000000000e+03
3.655000000000000000e+03
6.917000000000000000e+03
7.574000000000000000e+03
4.463000000000000000e+03
2.689000000000000000e+03
3.586000000000000000e+03
2.775000000000000000e+03
5.078000000000000000e+03
9.822000000000000000e+03
6.003000000000000000e+03
3.757000000000000000e+03
5.625000000000000000e+03
7.145000000000000000e+03
1.811100000000000000e+04
4.414000000000000000e+03
1.305800000000000000e+04
6.990000000000000000e+03
6.959000000000000000e+03
3.882000000000000000e+03
6.962000000000000000e+03
6.772000000000000000e+03
4.715000000000000000e+03
4.765000000000000000e+03
1.435300000000000000e+04
1.335100000000000000e+04
8.568000000000000000e+03
1.580400000000000000e+04
5.866000000000000000e+03
6.495000000000000000e+03
3.245000000000000000e+03
2.764000000000000000e+03
6.968000000000000000e+03
9.217000000000000000e+03
5.041000000000000000e+03
6.336000000000000000e+03
1.116400000000000000e+04
1.255800000000000000e+04
6.806000000000000000e+03
1.844000000000000000e+04
1.364500000000000000e+04
4.254000000000000000e+03
2.022100000000000000e+04
5.646000000000000000e+03
1.351900000000000000e+04
8.202000000000000000e+03
7.704000000000000000e+03
1.979800000000000000e+04
9.597000000000000000e+03
5.599000000000000000e+03
5.313000000000000000e+03
6.514000000000000000e+03
1.442500000000000000e+04
8.854000000000000000e+03
4.866000000000000000e+03
5.352000000000000000e+03
1.087900000000000000e+04
7.869000000000000000e+03
5.214000000000000000e+03
1.383300000000000000e+04
8.596000000000000000e+03
3.395000000000000000e+03
3.286000000000000000e+03
6.656000000000000000e+03
3.937000000000000000e+03
8.441000000000000000e+03
1.352100000000000000e+04
9.411000000000000000e+03
5.311000000000000000e+03
8.933000000000000000e+03
5.032000000000000000e+03
5.119000000000000000e+03
2.565600000000000000e+04
1.085900000000000000e+04
5.268000000000000000e+03
5.415000000000000000e+03
6.189000000000000000e+03
2.863000000000000000e+03
7.167000000000000000e+03
1.270100000000000000e+04
4.164000000000000000e+03
5.965000000000000000e+03
5.286000000000000000e+03
7.521000000000000000e+03
5.454000000000000000e+03
1.024400000000000000e+04
1.379400000000000000e+04
8.243000000000000000e+03
2.948000000000000000e+03
9.745000000000000000e+03
3.928000000000000000e+03
4.746000000000000000e+03
9.082000000000000000e+03
1.062600000000000000e+04
3.170000000000000000e+03
7.056000000000000000e+03
6.156000000000000000e+03
5.436000000000000000e+03
1.122900000000000000e+04
4.980000000000000000e+03
7.656000000000000000e+03
5.364000000000000000e+03
3.038000000000000000e+03
7.797000000000000000e+03
3.639000000000000000e+03
6.125000000000000000e+03
1.375500000000000000e+04
2.665000000000000000e+03
5.761000000000000000e+03
2.652000000000000000e+03
6.246000000000000000e+03
3.050000000000000000e+03
8.237000000000000000e+03
3.083000000000000000e+03
8.085000000000000000e+03
1.407500000000000000e+04
9.341000000000000000e+03
1.866400000000000000e+04
7.383000000000000000e+03
8.004000000000000000e+03
1.074400000000000000e+04
1.221700000000000000e+04
1.636500000000000000e+04
5.570000000000000000e+03
3.998000000000000000e+03
5.558000000000000000e+03
5.560000000000000000e+03
1.088300000000000000e+04
2.216300000000000000e+04
8.003000000000000000e+03
8.131000000000000000e+03
7.837000000000000000e+03
6.075000000000000000e+03
7.712000000000000000e+03
4.778000000000000000e+03
5.307000000000000000e+03
7.926000000000000000e+03
7.652000000000000000e+03
2.726000000000000000e+03
1.172300000000000000e+04
8.629000000000000000e+03
1.066500000000000000e+04
4.373000000000000000e+03
1.743600000000000000e+04
7.860000000000000000e+03
7.092000000000000000e+03
5.476000000000000000e+03
1.004900000000000000e+04
1.062600000000000000e+04
1.119100000000000000e+04
5.112000000000000000e+03
8.128000000000000000e+03
8.648000000000000000e+03
6.344000000000000000e+03
8.048000000000000000e+03
6.328000000000000000e+03
1.434600000000000000e+04
2.706000000000000000e+03
1.872600000000000000e+04
1.446500000000000000e+04
6.788000000000000000e+03
4.433000000000000000e+03
4.237000000000000000e+03
9.649000000000000000e+03
1.163900000000000000e+04
1.109800000000000000e+04
4.810000000000000000e+03
9.808000000000000000e+03
4.059000000000000000e+03
2.317900000000000000e+04
1.239500000000000000e+04
