1.058000000000000000e+03
1.282000000000000000e+03
1.943000000000000000e+03
6.580000000000000000e+02
1.080000000000000000e+03
2.757000000000000000e+03
2.778000000000000000e+03
3.727000000000000000e+03
5.424000000000000000e+03
2.997000000000000000e+03
2.583000000000000000e+03
3.014000000000000000e+03
6.800000000000000000e+02
2.883000000000000000e+03
1.911000000000000000e+03
3.547000000000000000e+03
6.080000000000000000e+02
2.110000000000000000e+03
1.462000000000000000e+03
9.140000000000000000e+02
2.320000000000000000e+03
2.216000000000000000e+03
2.937000000000000000e+03
1.379000000000000000e+03
5.250000000000000000e+02
1.412000000000000000e+03
1.412000000000000000e+03
6.259000000000000000e+03
4.087000000000000000e+03
1.782000000000000000e+03
2.342000000000000000e+03
1.773000000000000000e+03
3.769000000000000000e+03
1.924000000000000000e+03
1.523000000000000000e+03
1.257000000000000000e+03
1.609000000000000000e+03
1.293000000000000000e+03
1.754000000000000000e+03
1.588000000000000000e+03
1.932000000000000000e+03
1.737000000000000000e+03
1.447000000000000000e+03
2.238000000000000000e+03
3.740000000000000000e+03
4.182000000000000000e+03
1.012000000000000000e+03
5.880000000000000000e+02
1.990000000000000000e+03
2.123000000000000000e+03
1.186000000000000000e+03
3.389000000000000000e+03
1.082000000000000000e+03
2.267000000000000000e+03
2.517000000000000000e+03
3.605000000000000000e+03
1.437000000000000000e+03
2.105000000000000000e+03
3.616000000000000000e+03
2.215000000000000000e+03
2.888000000000000000e+03
1.100000000000000000e+03
1.266000000000000000e+03
3.260000000000000000e+03
1.914000000000000000e+03
1.195000000000000000e+03
8.810000000000000000e+02
8.890000000000000000e+02
1.176000000000000000e+03
3.148000000000000000e+03
1.568000000000000000e+03
2.518000000000000000e+03
4.490000000000000000e+02
1.258000000000000000e+03
3.790000000000000000e+03
3.821000000000000000e+03
8.390000000000000000e+02
2.052000000000000000e+03
8.540000000000000000e+02
4.489000000000000000e+03
2.769000000000000000e+03
2.017000000000000000e+03
4.560000000000000000e+03
2.300000000000000000e+03
2.442000000000000000e+03
1.982000000000000000e+03
2.809000000000000000e+03
5.119000000000000000e+03
8.760000000000000000e+02
7.000000000000000000e+02
2.628000000000000000e+03
3.848000000000000000e+03
1.143000000000000000e+03
9.580000000000000000e+02
1.530000000000000000e+03
1.051000000000000000e+03
7.340000000000000000e+02
2.424000000000000000e+03
2.260000000000000000e+03
1.375000000000000000e+03
2.710000000000000000e+03
1.311000000000000000e+03
1.782000000000000000e+03
2.970000000000000000e+03
1.482000000000000000e+03
1.377000000000000000e+03
7.562000000000000000e+03
1.441000000000000000e+03
5.850000000000000000e+02
2.135000000000000000e+03
2.871000000000000000e+03
1.200000000000000000e+03
4.931000000000000000e+03
1.656000000000000000e+03
2.053000000000000000e+03
4.440000000000000000e+02
1.113000000000000000e+03
2.758000000000000000e+03
1.218000000000000000e+03
2.881000000000000000e+03
1.500000000000000000e+03
1.053000000000000000e+03
3.951000000000000000e+03
1.073000000000000000e+03
1.536000000000000000e+03
1.388000000000000000e+03
1.476000000000000000e+03
1.870000000000000000e+03
1.029000000000000000e+03
2.774000000000000000e+03
3.233000000000000000e+03
1.634000000000000000e+03
6.180000000000000000e+02
2.551000000000000000e+03
1.395000000000000000e+03
1.192000000000000000e+03
3.630000000000000000e+02
1.678000000000000000e+03
3.350000000000000000e+03
2.250000000000000000e+03
7.890000000000000000e+02
2.461000000000000000e+03
2.704000000000000000e+03
4.085000000000000000e+03
1.423000000000000000e+03
5.205000000000000000e+03
2.529000000000000000e+03
2.688000000000000000e+03
2.120000000000000000e+03
2.929000000000000000e+03
1.668000000000000000e+03
1.336000000000000000e+03
5.147000000000000000e+03
4.538000000000000000e+03
1.326000000000000000e+03
8.210000000000000000e+02
1.534000000000000000e+03
1.157000000000000000e+03
1.445000000000000000e+03
6.330000000000000000e+02
2.068000000000000000e+03
1.556000000000000000e+03
1.254000000000000000e+03
1.011000000000000000e+03
9.960000000000000000e+02
2.841000000000000000e+03
1.184000000000000000e+03
3.671000000000000000e+03
3.407000000000000000e+03
4.053000000000000000e+03
4.645000000000000000e+03
6.050000000000000000e+02
5.470000000000000000e+02
2.593000000000000000e+03
2.275000000000000000e+03
1.408000000000000000e+03
2.251000000000000000e+03
1.828000000000000000e+03
9.700000000000000000e+02
1.527000000000000000e+03
1.234000000000000000e+03
2.452000000000000000e+03
8.275000000000000000e+03
1.694000000000000000e+03
1.935000000000000000e+03
1.602000000000000000e+03
1.411000000000000000e+03
8.950000000000000000e+02
1.572000000000000000e+03
1.602000000000000000e+03
8.070000000000000000e+02
2.023000000000000000e+03
1.755000000000000000e+03
9.390000000000000000e+02
2.732000000000000000e+03
1.609000000000000000e+03
2.127000000000000000e+03
1.696000000000000000e+03
1.159000000000000000e+03
2.398000000000000000e+03
2.062000000000000000e+03
2.501000000000000000e+03
2.272000000000000000e+03
1.813000000000000000e+03
1.195000000000000000e+03
1.124000000000000000e+03
3.468000000000000000e+03
1.846000000000000000e+03
1.693000000000000000e+03
1.390000000000000000e+03
1.939000000000000000e+03
2.525000000000000000e+03
1.216000000000000000e+03
5.910000000000000000e+02
2.558000000000000000e+03
2.295000000000000000e+03
1.976000000000000000e+03
7.600000000000000000e+02
1.767000000000000000e+03
6.910000000000000000e+02
1.103000000000000000e+03
4.037000000000000000e+03
2.922000000000000000e+03
2.107000000000000000e+03
4.549000000000000000e+03
1.601000000000000000e+03
2.382000000000000000e+03
9.830000000000000000e+02
7.050000000000000000e+02
3.007000000000000000e+03
2.121000000000000000e+03
2.430000000000000000e+03
4.650000000000000000e+03
2.135000000000000000e+03
8.110000000000000000e+02
1.541000000000000000e+03
1.714000000000000000e+03
1.581000000000000000e+03
1.505000000000000000e+03
4.850000000000000000e+02
8.450000000000000000e+02
2.520000000000000000e+03
2.395000000000000000e+03
1.476000000000000000e+03
1.021000000000000000e+03
7.860000000000000000e+02
1.815000000000000000e+03
3.865000000000000000e+03
2.405000000000000000e+03
7.640000000000000000e+02
2.263000000000000000e+03
3.706000000000000000e+03
2.579000000000000000e+03
4.466000000000000000e+03
8.560000000000000000e+02
1.025000000000000000e+03
2.640000000000000000e+03
3.198000000000000000e+03
2.999000000000000000e+03
8.330000000000000000e+02
2.861000000000000000e+03
1.336000000000000000e+03
1.066000000000000000e+03
1.688000000000000000e+03
3.075000000000000000e+03
4.445000000000000000e+03
2.400000000000000000e+03
3.183000000000000000e+03
8.030000000000000000e+02
2.110000000000000000e+03
9.110000000000000000e+02
1.499000000000000000e+03
1.395000000000000000e+03
1.901000000000000000e+03
1.410000000000000000e+03
1.410000000000000000e+03
2.112000000000000000e+03
2.211000000000000000e+03
2.271000000000000000e+03
2.496000000000000000e+03
3.847000000000000000e+03
1.740000000000000000e+03
1.514000000000000000e+03
1.121000000000000000e+03
1.093000000000000000e+03
1.961000000000000000e+03
1.571000000000000000e+03
2.892000000000000000e+03
4.669000000000000000e+03
3.402000000000000000e+03
2.734000000000000000e+03
1.719000000000000000e+03
1.210000000000000000e+03
7.350000000000000000e+02
1.410000000000000000e+03
6.630000000000000000e+02
1.282000000000000000e+03
9.420000000000000000e+02
1.849000000000000000e+03
6.170000000000000000e+02
2.023000000000000000e+03
2.113000000000000000e+03
3.976000000000000000e+03
9.600000000000000000e+02
2.656000000000000000e+03
9.270000000000000000e+02
1.085000000000000000e+03
9.050000000000000000e+02
1.595000000000000000e+03
1.793000000000000000e+03
2.080000000000000000e+03
3.673000000000000000e+03
8.660000000000000000e+02
7.480000000000000000e+02
2.793000000000000000e+03
1.987000000000000000e+03
2.719000000000000000e+03
2.051000000000000000e+03
2.450000000000000000e+03
2.945000000000000000e+03
7.790000000000000000e+02
8.570000000000000000e+02
1.621000000000000000e+03
2.775000000000000000e+03
3.077000000000000000e+03
9.470000000000000000e+02
8.130000000000000000e+02
2.204000000000000000e+03
4.027000000000000000e+03
2.387000000000000000e+03
1.675000000000000000e+03
1.292000000000000000e+03
5.900000000000000000e+02
3.419000000000000000e+03
2.779000000000000000e+03
2.223000000000000000e+03
2.642000000000000000e+03
3.341000000000000000e+03
1.602000000000000000e+03
2.671000000000000000e+03
1.530000000000000000e+03
2.462000000000000000e+03
5.162000000000000000e+03
1.384000000000000000e+03
1.071000000000000000e+03
9.030000000000000000e+02
3.587000000000000000e+03
3.451000000000000000e+03
1.328000000000000000e+03
8.050000000000000000e+02
1.478000000000000000e+03
2.556000000000000000e+03
1.579000000000000000e+03
6.590000000000000000e+02
7.260000000000000000e+02
2.537000000000000000e+03
1.843000000000000000e+03
3.157000000000000000e+03
7.300000000000000000e+02
1.849000000000000000e+03
1.415000000000000000e+03
1.379000000000000000e+03
1.033000000000000000e+03
1.226000000000000000e+03
6.680000000000000000e+02
2.836000000000000000e+03
5.770000000000000000e+02
3.323000000000000000e+03
2.733000000000000000e+03
1.707000000000000000e+03
1.902000000000000000e+03
3.364000000000000000e+03
1.762000000000000000e+03
1.527000000000000000e+03
6.689000000000000000e+03
1.607000000000000000e+03
2.844000000000000000e+03
3.200000000000000000e+03
3.083000000000000000e+03
2.657000000000000000e+03
5.151000000000000000e+03
4.167000000000000000e+03
6.610000000000000000e+02
4.843000000000000000e+03
7.040000000000000000e+02
2.008000000000000000e+03
4.490000000000000000e+03
8.930000000000000000e+02
2.027000000000000000e+03
4.936000000000000000e+03
2.965000000000000000e+03
5.920000000000000000e+03
9.610000000000000000e+02
4.254000000000000000e+03
1.109000000000000000e+03
1.527000000000000000e+03
2.633000000000000000e+03
1.089000000000000000e+03
3.648000000000000000e+03
1.730000000000000000e+03
3.273000000000000000e+03
3.109000000000000000e+03
1.536000000000000000e+03
2.979000000000000000e+03
1.204000000000000000e+03
1.897000000000000000e+03
1.813000000000000000e+03
1.508000000000000000e+03
1.522000000000000000e+03
1.894000000000000000e+03
3.696000000000000000e+03
1.480000000000000000e+03
7.060000000000000000e+02
1.303000000000000000e+03
5.390000000000000000e+02
1.649000000000000000e+03
9.570000000000000000e+02
1.837000000000000000e+03
1.476000000000000000e+03
2.536000000000000000e+03
2.523000000000000000e+03
2.198000000000000000e+03
7.690000000000000000e+02
2.316000000000000000e+03
1.200000000000000000e+03
3.869000000000000000e+03
5.029000000000000000e+03
3.032000000000000000e+03
1.215000000000000000e+03
2.260000000000000000e+03
3.077000000000000000e+03
2.066000000000000000e+03
1.269000000000000000e+03
1.383000000000000000e+03
7.240000000000000000e+02
8.373000000000000000e+03
3.666000000000000000e+03
8.580000000000000000e+02
1.745000000000000000e+03
2.491000000000000000e+03
2.349000000000000000e+03
1.847000000000000000e+03
2.491000000000000000e+03
1.137000000000000000e+03
1.003000000000000000e+03
1.273000000000000000e+03
2.545000000000000000e+03
5.102000000000000000e+03
2.039000000000000000e+03
1.997000000000000000e+03
5.621000000000000000e+03
8.760000000000000000e+02
1.444000000000000000e+03
1.868000000000000000e+03
9.610000000000000000e+02
3.168000000000000000e+03
1.436000000000000000e+03
1.383000000000000000e+03
3.162000000000000000e+03
1.770000000000000000e+03
1.289000000000000000e+03
5.367000000000000000e+03
3.208000000000000000e+03
1.174000000000000000e+03
3.020000000000000000e+03
2.258000000000000000e+03
3.905000000000000000e+03
1.629000000000000000e+03
1.021000000000000000e+03
7.600000000000000000e+02
2.193000000000000000e+03
2.281000000000000000e+03
2.979000000000000000e+03
3.228000000000000000e+03
2.578000000000000000e+03
9.710000000000000000e+02
1.511000000000000000e+03
3.068000000000000000e+03
4.549000000000000000e+03
1.407000000000000000e+03
1.391000000000000000e+03
1.706000000000000000e+03
1.934000000000000000e+03
2.907000000000000000e+03
1.358000000000000000e+03
1.434000000000000000e+03
1.293000000000000000e+03
1.470000000000000000e+03
2.480000000000000000e+03
1.019000000000000000e+03
5.817000000000000000e+03
2.169000000000000000e+03
2.177000000000000000e+03
3.510000000000000000e+03
2.219000000000000000e+03
5.538000000000000000e+03
1.155000000000000000e+03
1.969000000000000000e+03
1.345000000000000000e+03
3.330000000000000000e+03
1.498000000000000000e+03
9.306000000000000000e+03
5.241000000000000000e+03
2.331000000000000000e+03
1.418000000000000000e+03
3.171000000000000000e+03
3.782000000000000000e+03
2.182000000000000000e+03
1.890000000000000000e+03
1.317000000000000000e+03
2.868000000000000000e+03
2.086000000000000000e+03
9.150000000000000000e+02
2.137000000000000000e+03
1.574000000000000000e+03
1.217000000000000000e+03
1.213000000000000000e+03
1.644000000000000000e+03
1.765000000000000000e+03
9.890000000000000000e+02
3.900000000000000000e+03
2.442000000000000000e+03
2.520000000000000000e+03
1.332000000000000000e+03
1.793000000000000000e+03
1.637000000000000000e+03
6.770000000000000000e+02
3.277000000000000000e+03
1.569000000000000000e+03
1.003000000000000000e+03
1.280000000000000000e+03
1.683000000000000000e+03
2.092000000000000000e+03
4.847000000000000000e+03
7.870000000000000000e+02
2.166000000000000000e+03
1.591000000000000000e+03
3.612000000000000000e+03
4.260000000000000000e+02
6.660000000000000000e+02
2.801000000000000000e+03
1.560000000000000000e+03
1.142000000000000000e+03
1.550000000000000000e+03
4.061000000000000000e+03
2.481000000000000000e+03
1.989000000000000000e+03
1.713000000000000000e+03
3.063000000000000000e+03
1.833000000000000000e+03
1.733000000000000000e+03
2.574000000000000000e+03
2.028000000000000000e+03
2.679000000000000000e+03
2.374000000000000000e+03
9.110000000000000000e+02
4.950000000000000000e+02
1.906000000000000000e+03
1.506000000000000000e+03
1.135000000000000000e+03
2.428000000000000000e+03
2.478000000000000000e+03
1.091000000000000000e+03
1.593000000000000000e+03
1.001000000000000000e+03
4.200000000000000000e+02
6.585000000000000000e+03
2.980000000000000000e+03
1.350000000000000000e+03
1.981000000000000000e+03
2.929000000000000000e+03
2.858000000000000000e+03
2.320000000000000000e+03
5.640000000000000000e+02
2.125000000000000000e+03
2.515000000000000000e+03
1.368000000000000000e+03
4.216000000000000000e+03
1.421000000000000000e+03
1.004000000000000000e+03
8.930000000000000000e+02
2.712000000000000000e+03
3.097000000000000000e+03
8.860000000000000000e+02
1.664000000000000000e+03
1.444000000000000000e+03
1.321000000000000000e+03
1.597000000000000000e+03
6.390000000000000000e+02
3.447000000000000000e+03
4.153000000000000000e+03
1.469000000000000000e+03
1.395000000000000000e+03
1.631000000000000000e+03
1.286000000000000000e+03
1.335000000000000000e+03
7.039000000000000000e+03
4.342000000000000000e+03
1.848000000000000000e+03
1.258000000000000000e+03
2.502000000000000000e+03
2.546000000000000000e+03
3.368000000000000000e+03
3.414000000000000000e+03
1.576000000000000000e+03
2.687000000000000000e+03
3.663000000000000000e+03
3.487000000000000000e+03
3.542000000000000000e+03
2.056000000000000000e+03
3.680000000000000000e+03
1.319000000000000000e+03
5.436000000000000000e+03
2.110000000000000000e+03
2.739000000000000000e+03
9.590000000000000000e+02
2.652000000000000000e+03
2.200000000000000000e+03
3.209000000000000000e+03
2.240000000000000000e+03
1.482000000000000000e+03
1.683000000000000000e+03
3.665000000000000000e+03
3.919000000000000000e+03
1.180000000000000000e+03
7.460000000000000000e+02
1.353000000000000000e+03
2.557000000000000000e+03
3.919000000000000000e+03
1.302000000000000000e+03
2.252000000000000000e+03
2.644000000000000000e+03
6.810000000000000000e+02
1.122000000000000000e+03
1.090000000000000000e+03
2.964000000000000000e+03
1.054000000000000000e+03
1.796000000000000000e+03
4.525000000000000000e+03
3.380000000000000000e+02
3.189000000000000000e+03
1.275000000000000000e+03
1.278000000000000000e+03
4.183000000000000000e+03
2.765000000000000000e+03
1.520000000000000000e+03
1.039000000000000000e+03
7.300000000000000000e+02
1.697000000000000000e+03
1.065000000000000000e+03
3.133000000000000000e+03
9.340000000000000000e+02
8.660000000000000000e+02
1.426000000000000000e+03
3.197000000000000000e+03
1.145000000000000000e+03
8.430000000000000000e+02
2.157000000000000000e+03
1.905000000000000000e+03
1.486000000000000000e+03
1.118000000000000000e+03
1.284000000000000000e+03
6.310000000000000000e+02
1.355000000000000000e+03
5.660000000000000000e+03
2.692000000000000000e+03
1.345000000000000000e+03
1.564000000000000000e+03
3.100000000000000000e+02
1.895000000000000000e+03
1.579000000000000000e+03
1.092000000000000000e+03
1.304000000000000000e+03
3.285000000000000000e+03
3.292000000000000000e+03
1.664000000000000000e+03
1.143000000000000000e+03
1.830000000000000000e+03
2.655000000000000000e+03
1.613000000000000000e+03
1.683000000000000000e+03
2.618000000000000000e+03
1.383000000000000000e+03
7.140000000000000000e+02
1.114000000000000000e+03
1.825000000000000000e+03
1.337000000000000000e+03
1.196000000000000000e+03
1.155000000000000000e+03
1.439000000000000000e+03
9.730000000000000000e+02
1.057000000000000000e+03
9.700000000000000000e+02
1.949000000000000000e+03
1.322000000000000000e+03
2.025000000000000000e+03
3.036000000000000000e+03
2.532000000000000000e+03
1.190000000000000000e+03
1.249000000000000000e+03
1.500000000000000000e+03
1.617000000000000000e+03
1.090000000000000000e+03
2.022000000000000000e+03
1.993000000000000000e+03
2.100000000000000000e+03
5.644000000000000000e+03
2.762000000000000000e+03
6.750000000000000000e+02
2.135000000000000000e+03
2.602000000000000000e+03
1.108000000000000000e+03
2.053000000000000000e+03
7.290000000000000000e+02
1.497000000000000000e+03
8.990000000000000000e+02
1.974000000000000000e+03
4.071000000000000000e+03
2.178000000000000000e+03
1.735000000000000000e+03
4.189000000000000000e+03
2.554000000000000000e+03
2.804000000000000000e+03
9.660000000000000000e+02
1.303000000000000000e+03
5.920000000000000000e+02
1.508000000000000000e+03
1.322000000000000000e+03
1.476000000000000000e+03
1.554000000000000000e+03
1.020000000000000000e+03
3.477000000000000000e+03
4.499000000000000000e+03
1.972000000000000000e+03
1.621000000000000000e+03
2.886000000000000000e+03
1.086000000000000000e+03
1.046000000000000000e+03
6.770000000000000000e+02
1.965000000000000000e+03
7.750000000000000000e+02
3.627000000000000000e+03
7.870000000000000000e+02
4.266000000000000000e+03
3.609000000000000000e+03
4.327000000000000000e+03
1.605000000000000000e+03
1.001000000000000000e+03
8.060000000000000000e+02
1.887000000000000000e+03
9.380000000000000000e+02
8.180000000000000000e+02
1.543000000000000000e+03
2.610000000000000000e+03
9.140000000000000000e+02
3.397000000000000000e+03
2.072000000000000000e+03
1.482000000000000000e+03
1.955000000000000000e+03
1.103000000000000000e+03
1.170000000000000000e+03
2.509000000000000000e+03
2.223000000000000000e+03
1.399000000000000000e+03
2.921000000000000000e+03
1.516000000000000000e+03
1.826000000000000000e+03
2.137000000000000000e+03
1.258000000000000000e+03
5.810000000000000000e+02
1.712000000000000000e+03
1.417000000000000000e+03
1.077000000000000000e+03
2.131000000000000000e+03
2.500000000000000000e+03
4.092000000000000000e+03
2.636000000000000000e+03
2.724000000000000000e+03
4.135000000000000000e+03
9.960000000000000000e+02
5.760000000000000000e+03
1.404000000000000000e+03
8.460000000000000000e+02
5.154000000000000000e+03
3.614000000000000000e+03
2.111000000000000000e+03
4.255000000000000000e+03
9.920000000000000000e+02
1.441000000000000000e+03
1.524000000000000000e+03
1.773000000000000000e+03
2.272000000000000000e+03
9.850000000000000000e+02
2.338000000000000000e+03
1.432000000000000000e+03
3.314000000000000000e+03
3.839000000000000000e+03
7.400000000000000000e+02
2.742000000000000000e+03
1.030000000000000000e+03
1.991000000000000000e+03
1.845000000000000000e+03
3.469000000000000000e+03
1.991000000000000000e+03
1.799000000000000000e+03
4.963000000000000000e+03
2.332000000000000000e+03
2.210000000000000000e+03
1.044000000000000000e+03
2.007000000000000000e+03
4.127000000000000000e+03
1.528000000000000000e+03
1.746000000000000000e+03
6.630000000000000000e+02
2.356000000000000000e+03
1.167000000000000000e+03
2.902000000000000000e+03
5.050000000000000000e+02
1.073000000000000000e+03
3.813000000000000000e+03
4.640000000000000000e+02
1.994000000000000000e+03
3.637000000000000000e+03
9.040000000000000000e+02
1.000000000000000000e+03
4.486000000000000000e+03
1.051000000000000000e+03
9.770000000000000000e+02
9.700000000000000000e+02
1.217000000000000000e+03
3.613000000000000000e+03
5.589000000000000000e+03
1.820000000000000000e+03
1.802000000000000000e+03
2.556000000000000000e+03
1.358000000000000000e+03
8.810000000000000000e+02
2.239000000000000000e+03
7.840000000000000000e+02
3.000000000000000000e+03
3.279000000000000000e+03
7.920000000000000000e+02
1.358000000000000000e+03
5.550000000000000000e+02
1.440000000000000000e+03
1.747000000000000000e+03
1.388000000000000000e+03
1.658000000000000000e+03
1.817000000000000000e+03
1.066000000000000000e+03
4.594000000000000000e+03
3.350000000000000000e+03
6.440000000000000000e+02
1.796000000000000000e+03
5.557000000000000000e+03
2.015000000000000000e+03
1.494000000000000000e+03
3.871000000000000000e+03
1.278000000000000000e+03
1.344000000000000000e+03
3.018000000000000000e+03
8.840000000000000000e+02
1.293000000000000000e+03
2.059000000000000000e+03
6.504000000000000000e+03
2.794000000000000000e+03
2.531000000000000000e+03
1.286000000000000000e+03
3.850000000000000000e+03
1.014000000000000000e+03
2.406000000000000000e+03
1.201000000000000000e+03
1.202000000000000000e+03
1.788000000000000000e+03
9.280000000000000000e+02
9.860000000000000000e+02
1.676000000000000000e+03
1.495000000000000000e+03
1.458000000000000000e+03
1.535000000000000000e+03
2.559000000000000000e+03
6.390000000000000000e+02
2.128000000000000000e+03
1.477000000000000000e+03
1.063000000000000000e+03
8.500000000000000000e+02
1.139000000000000000e+03
3.420000000000000000e+03
2.158000000000000000e+03
3.367000000000000000e+03
3.393000000000000000e+03
6.713000000000000000e+03
1.452000000000000000e+03
7.500000000000000000e+02
3.870000000000000000e+03
1.638000000000000000e+03
1.425000000000000000e+03
5.700000000000000000e+02
1.083000000000000000e+03
2.170000000000000000e+03
1.808000000000000000e+03
2.954000000000000000e+03
8.610000000000000000e+02
9.880000000000000000e+02
2.847000000000000000e+03
2.534000000000000000e+03
2.045000000000000000e+03
1.575000000000000000e+03
1.350000000000000000e+03
1.132000000000000000e+03
2.146000000000000000e+03
2.034000000000000000e+03
6.190000000000000000e+02
2.702000000000000000e+03
5.060000000000000000e+03
4.570000000000000000e+02
1.230000000000000000e+03
1.716000000000000000e+03
1.608000000000000000e+03
1.004000000000000000e+03
1.472000000000000000e+03
7.130000000000000000e+03
3.472000000000000000e+03
1.941000000000000000e+03
1.212000000000000000e+03
8.240000000000000000e+02
2.855000000000000000e+03
1.836000000000000000e+03
5.350000000000000000e+03
1.604000000000000000e+03
1.033000000000000000e+03
8.100000000000000000e+02
1.844000000000000000e+03
1.187000000000000000e+03
6.180000000000000000e+03
1.971000000000000000e+03
2.518000000000000000e+03
1.541000000000000000e+03
2.526000000000000000e+03
3.359000000000000000e+03
3.862000000000000000e+03
8.690000000000000000e+02
1.739000000000000000e+03
8.920000000000000000e+02
1.270000000000000000e+03
9.400000000000000000e+02
9.070000000000000000e+02
2.480000000000000000e+03
1.197000000000000000e+03
2.506000000000000000e+03
2.661000000000000000e+03
1.221000000000000000e+03
1.406000000000000000e+03
6.839000000000000000e+03
9.150000000000000000e+02
1.609000000000000000e+03
1.933000000000000000e+03
1.953000000000000000e+03
2.230000000000000000e+03
1.776000000000000000e+03
5.760000000000000000e+02
1.360000000000000000e+03
2.570000000000000000e+03
2.594000000000000000e+03
1.471000000000000000e+03
2.455000000000000000e+03
1.503000000000000000e+03
1.170000000000000000e+03
2.391000000000000000e+03
2.162000000000000000e+03
1.942000000000000000e+03
2.772000000000000000e+03
8.990000000000000000e+02
2.260000000000000000e+03
9.770000000000000000e+02
1.681000000000000000e+03
2.863000000000000000e+03
1.818000000000000000e+03
1.879000000000000000e+03
2.047000000000000000e+03
1.070000000000000000e+03
2.370000000000000000e+02
2.884000000000000000e+03
1.953000000000000000e+03
3.867000000000000000e+03
6.840000000000000000e+02
4.566000000000000000e+03
1.939000000000000000e+03
3.121000000000000000e+03
1.698000000000000000e+03
2.569000000000000000e+03
1.432000000000000000e+03
2.920000000000000000e+03
1.587000000000000000e+03
5.269000000000000000e+03
3.434000000000000000e+03
1.164000000000000000e+03
1.762000000000000000e+03
1.909000000000000000e+03
8.500000000000000000e+02
