2.672000000000000000e+03
5.154000000000000000e+03
6.500000000000000000e+03
4.568000000000000000e+03
8.768000000000000000e+03
1.636400000000000000e+04
4.456000000000000000e+03
9.051000000000000000e+03
1.750200000000000000e+04
1.784800000000000000e+04
1.087200000000000000e+04
1.032700000000000000e+04
4.087000000000000000e+03
2.743000000000000000e+03
4.324000000000000000e+03
8.497000000000000000e+03
5.224000000000000000e+03
6.322000000000000000e+03
1.519100000000000000e+04
4.192000000000000000e+03
2.724600000000000000e+04
5.308000000000000000e+03
2.754000000000000000e+03
1.937000000000000000e+04
9.336000000000000000e+03
6.863000000000000000e+03
3.954000000000000000e+03
6.131000000000000000e+03
6.104000000000000000e+03
3.378000000000000000e+03
6.341000000000000000e+03
3.365000000000000000e+03
1.359600000000000000e+04
1.324000000000000000e+04
2.171700000000000000e+04
2.833000000000000000e+03
5.625000000000000000e+03
9.233000000000000000e+03
8.473000000000000000e+03
1.390900000000000000e+04
2.805000000000000000e+03
1.344000000000000000e+03
4.744000000000000000e+03
2.038000000000000000e+03
1.404700000000000000e+04
8.704000000000000000e+03
5.924000000000000000e+03
6.948000000000000000e+03
1.229800000000000000e+04
6.740000000000000000e+03
3.968000000000000000e+03
5.929000000000000000e+03
3.621000000000000000e+03
4.029000000000000000e+03
3.660000000000000000e+03
3.635000000000000000e+03
7.730000000000000000e+03
1.269900000000000000e+04
4.108000000000000000e+03
1.853000000000000000e+03
7.427000000000000000e+03
2.336000000000000000e+03
6.105000000000000000e+03
1.052300000000000000e+04
3.505000000000000000e+03
2.849000000000000000e+03
5.888000000000000000e+03
5.953000000000000000e+03
1.464600000000000000e+04
3.969000000000000000e+03
7.641000000000000000e+03
4.644000000000000000e+03
8.931000000000000000e+03
7.444000000000000000e+03
2.486300000000000000e+04
1.296800000000000000e+04
3.570000000000000000e+03
1.031000000000000000e+04
2.643000000000000000e+03
1.389500000000000000e+04
3.609000000000000000e+03
5.321000000000000000e+03
1.009700000000000000e+04
5.784000000000000000e+03
9.727000000000000000e+03
6.833000000000000000e+03
6.538000000000000000e+03
7.232000000000000000e+03
7.016000000000000000e+03
6.053000000000000000e+03
3.535100000000000000e+04
1.894000000000000000e+03
5.870000000000000000e+03
2.680000000000000000e+03
6.606000000000000000e+03
2.699000000000000000e+03
7.891000000000000000e+03
5.789000000000000000e+03
2.088000000000000000e+03
8.266000000000000000e+03
1.768600000000000000e+04
7.965000000000000000e+03
4.667000000000000000e+03
4.300000000000000000e+03
5.771000000000000000e+03
1.420700000000000000e+04
6.286000000000000000e+03
7.487000000000000000e+03
6.743000000000000000e+03
5.710000000000000000e+03
7.825000000000000000e+03
4.648000000000000000e+03
7.534000000000000000e+03
9.400000000000000000e+03
9.222000000000000000e+03
8.545000000000000000e+03
5.028000000000000000e+03
6.828000000000000000e+03
9.829000000000000000e+03
9.289000000000000000e+03
2.328700000000000000e+04
5.394000000000000000e+03
1.205300000000000000e+04
1.011200000000000000e+04
3.682000000000000000e+03
4.357000000000000000e+03
8.848000000000000000e+03
3.518000000000000000e+03
4.040000000000000000e+03
9.275000000000000000e+03
3.787000000000000000e+03
1.275200000000000000e+04
1.348300000000000000e+04
4.140000000000000000e+03
1.299400000000000000e+04
5.590000000000000000e+03
9.785000000000000000e+03
1.032100000000000000e+04
3.400000000000000000e+03
5.565000000000000000e+03
4.630000000000000000e+03
7.196000000000000000e+03
1.049000000000000000e+04
1.759400000000000000e+04
4.001000000000000000e+03
6.926000000000000000e+03
2.117700000000000000e+04
4.337000000000000000e+03
7.798000000000000000e+03
1.117300000000000000e+04
6.289000000000000000e+03
1.016100000000000000e+04
1.189100000000000000e+04
9.865000000000000000e+03
6.606000000000000000e+03
1.527000000000000000e+04
6.247000000000000000e+03
1.159700000000000000e+04
6.473000000000000000e+03
6.498000000000000000e+03
2.120000000000000000e+03
1.002200000000000000e+04
1.263000000000000000e+04
4.420000000000000000e+03
7.193000000000000000e+03
9.531000000000000000e+03
1.041600000000000000e+04
1.729600000000000000e+04
4.874000000000000000e+03
1.294300000000000000e+04
7.190000000000000000e+03
6.084000000000000000e+03
9.641000000000000000e+03
6.251000000000000000e+03
5.673000000000000000e+03
7.814000000000000000e+03
6.226000000000000000e+03
8.116000000000000000e+03
3.616000000000000000e+03
1.213800000000000000e+04
8.393000000000000000e+03
5.040000000000000000e+03
8.909000000000000000e+03
2.819000000000000000e+03
5.282000000000000000e+03
4.683000000000000000e+03
6.684000000000000000e+03
1.268000000000000000e+03
4.215000000000000000e+03
4.544000000000000000e+03
1.035300000000000000e+04
5.029000000000000000e+03
3.553000000000000000e+03
4.717000000000000000e+03
7.226000000000000000e+03
3.096000000000000000e+03
4.714000000000000000e+03
1.494000000000000000e+04
1.359100000000000000e+04
7.381000000000000000e+03
5.574000000000000000e+03
5.080000000000000000e+03
5.645000000000000000e+03
1.059100000000000000e+04
4.421000000000000000e+03
2.983000000000000000e+03
3.557000000000000000e+03
4.139000000000000000e+03
2.198000000000000000e+03
5.094000000000000000e+03
4.956000000000000000e+03
1.046200000000000000e+04
7.753000000000000000e+03
7.002000000000000000e+03
3.307000000000000000e+03
7.630000000000000000e+03
3.941000000000000000e+03
1.832300000000000000e+04
2.115000000000000000e+03
1.388900000000000000e+04
2.040000000000000000e+03
7.834000000000000000e+03
9.473000000000000000e+03
8.531000000000000000e+03
2.478000000000000000e+03
1.017300000000000000e+04
6.449000000000000000e+03
1.467000000000000000e+04
1.882000000000000000e+03
3.133000000000000000e+03
3.435000000000000000e+03
1.260800000000000000e+04
7.024000000000000000e+03
8.531000000000000000e+03
2.497000000000000000e+03
6.711000000000000000e+03
5.614000000000000000e+03
1.116900000000000000e+04
5.165000000000000000e+03
1.298600000000000000e+04
6.117000000000000000e+03
7.903000000000000000e+03
8.244000000000000000e+03
3.854000000000000000e+03
9.788000000000000000e+03
4.589000000000000000e+03
8.512000000000000000e+03
7.829000000000000000e+03
3.560000000000000000e+03
1.909600000000000000e+04
7.877000000000000000e+03
1.558500000000000000e+04
4.028000000000000000e+03
4.705000000000000000e+03
8.296000000000000000e+03
1.681000000000000000e+03
7.595000000000000000e+03
6.804000000000000000e+03
8.100000000000000000e+03
4.673000000000000000e+03
1.850000000000000000e+03
4.768000000000000000e+03
2.555000000000000000e+03
3.281000000000000000e+03
3.849000000000000000e+03
9.573000000000000000e+03
8.165000000000000000e+03
1.503900000000000000e+04
4.096000000000000000e+03
1.021100000000000000e+04
7.562000000000000000e+03
6.922000000000000000e+03
8.182000000000000000e+03
1.661700000000000000e+04
2.785000000000000000e+03
1.139200000000000000e+04
2.527000000000000000e+03
4.825000000000000000e+03
1.302000000000000000e+03
1.339000000000000000e+04
9.260000000000000000e+03
6.534000000000000000e+03
8.517000000000000000e+03
2.340700000000000000e+04
6.352000000000000000e+03
7.054000000000000000e+03
5.988000000000000000e+03
4.438000000000000000e+03
1.187900000000000000e+04
4.847000000000000000e+03
7.673000000000000000e+03
1.528600000000000000e+04
8.420000000000000000e+03
5.167000000000000000e+03
3.988000000000000000e+03
8.699000000000000000e+03
9.264000000000000000e+03
2.678000000000000000e+03
4.823000000000000000e+03
5.894000000000000000e+03
4.209000000000000000e+03
2.694000000000000000e+03
5.990000000000000000e+03
5.197000000000000000e+03
4.743000000000000000e+03
5.348000000000000000e+03
4.166000000000000000e+03
6.591000000000000000e+03
6.703000000000000000e+03
1.127100000000000000e+04
7.230000000000000000e+03
5.383000000000000000e+03
3.957000000000000000e+03
7.879000000000000000e+03
8.625000000000000000e+03
1.234300000000000000e+04
7.014000000000000000e+03
6.948000000000000000e+03
1.349900000000000000e+04
2.985000000000000000e+03
7.856000000000000000e+03
8.224000000000000000e+03
1.430500000000000000e+04
7.275000000000000000e+03
5.000000000000000000e+03
1.219600000000000000e+04
4.328000000000000000e+03
2.945000000000000000e+03
4.453000000000000000e+03
8.929000000000000000e+03
9.662000000000000000e+03
5.544000000000000000e+03
4.526000000000000000e+03
7.343000000000000000e+03
8.122000000000000000e+03
2.561000000000000000e+03
3.982000000000000000e+03
4.735000000000000000e+03
8.237000000000000000e+03
1.029500000000000000e+04
3.906000000000000000e+03
4.282000000000000000e+03
5.404000000000000000e+03
2.075100000000000000e+04
3.491000000000000000e+03
4.708000000000000000e+03
3.235000000000000000e+03
5.179000000000000000e+03
2.159800000000000000e+04
9.445000000000000000e+03
9.639000000000000000e+03
3.036000000000000000e+03
7.510000000000000000e+03
4.648000000000000000e+03
8.970000000000000000e+03
8.440000000000000000e+03
1.527200000000000000e+04
1.217800000000000000e+04
1.985000000000000000e+03
1.443100000000000000e+04
2.138000000000000000e+03
5.408000000000000000e+03
4.970000000000000000e+03
1.321200000000000000e+04
4.640000000000000000e+03
1.272600000000000000e+04
1.775000000000000000e+04
1.149300000000000000e+04
1.032700000000000000e+04
2.104000000000000000e+03
1.443200000000000000e+04
7.366000000000000000e+03
7.422000000000000000e+03
6.825000000000000000e+03
5.514000000000000000e+03
3.624000000000000000e+03
7.559000000000000000e+03
3.597000000000000000e+03
3.262000000000000000e+03
1.667100000000000000e+04
1.031900000000000000e+04
7.710000000000000000e+03
3.631000000000000000e+03
1.169800000000000000e+04
6.101000000000000000e+03
7.787000000000000000e+03
5.024000000000000000e+03
3.882000000000000000e+03
2.693000000000000000e+03
7.880000000000000000e+03
2.440000000000000000e+03
8.582000000000000000e+03
6.123000000000000000e+03
4.049000000000000000e+03
6.112000000000000000e+03
1.949000000000000000e+03
4.038000000000000000e+03
7.372000000000000000e+03
4.286300000000000000e+04
4.116000000000000000e+03
1.131600000000000000e+04
9.858000000000000000e+03
6.858000000000000000e+03
8.543000000000000000e+03
6.664000000000000000e+03
1.176500000000000000e+04
2.955000000000000000e+03
1.152300000000000000e+04
1.113400000000000000e+04
2.866000000000000000e+03
2.033100000000000000e+04
7.489000000000000000e+03
2.756000000000000000e+03
8.902000000000000000e+03
1.233400000000000000e+04
7.383000000000000000e+03
5.143000000000000000e+03
6.487000000000000000e+03
7.154000000000000000e+03
5.759000000000000000e+03
5.767000000000000000e+03
5.963000000000000000e+03
5.038000000000000000e+03
4.918000000000000000e+03
5.127000000000000000e+03
1.101800000000000000e+04
1.097100000000000000e+04
4.154000000000000000e+03
3.566000000000000000e+03
1.006200000000000000e+04
1.433800000000000000e+04
8.396000000000000000e+03
1.054500000000000000e+04
3.027000000000000000e+03
4.874000000000000000e+03
5.753000000000000000e+03
8.548000000000000000e+03
2.761000000000000000e+03
6.075000000000000000e+03
3.492000000000000000e+03
8.676000000000000000e+03
5.467000000000000000e+03
1.611000000000000000e+04
6.942000000000000000e+03
4.645000000000000000e+03
6.711000000000000000e+03
1.570500000000000000e+04
6.880000000000000000e+03
1.572200000000000000e+04
8.474000000000000000e+03
8.928000000000000000e+03
8.810000000000000000e+03
2.710500000000000000e+04
3.540000000000000000e+03
3.322000000000000000e+03
7.131000000000000000e+03
1.003100000000000000e+04
1.104400000000000000e+04
7.639000000000000000e+03
3.492000000000000000e+03
4.343000000000000000e+03
9.413000000000000000e+03
7.512000000000000000e+03
4.078000000000000000e+03
5.163000000000000000e+03
9.971000000000000000e+03
4.072000000000000000e+03
1.726900000000000000e+04
3.413000000000000000e+03
7.750000000000000000e+03
6.217000000000000000e+03
9.982000000000000000e+03
9.197000000000000000e+03
6.165000000000000000e+03
8.615000000000000000e+03
5.339000000000000000e+03
3.873000000000000000e+03
5.357000000000000000e+03
8.229000000000000000e+03
9.224000000000000000e+03
4.266000000000000000e+03
3.301000000000000000e+03
1.095400000000000000e+04
3.581000000000000000e+03
8.202000000000000000e+03
1.458000000000000000e+04
2.842000000000000000e+03
2.712000000000000000e+03
1.027200000000000000e+04
8.650000000000000000e+03
9.196000000000000000e+03
9.092000000000000000e+03
8.277000000000000000e+03
8.842000000000000000e+03
2.704000000000000000e+03
5.459000000000000000e+03
7.503000000000000000e+03
2.477000000000000000e+03
2.019500000000000000e+04
1.024900000000000000e+04
4.883000000000000000e+03
6.772000000000000000e+03
3.572000000000000000e+03
5.221000000000000000e+03
2.885600000000000000e+04
6.476000000000000000e+03
8.231000000000000000e+03
1.095600000000000000e+04
9.892000000000000000e+03
5.570000000000000000e+03
1.187000000000000000e+04
1.435100000000000000e+04
2.768000000000000000e+03
5.288000000000000000e+03
9.541000000000000000e+03
1.014800000000000000e+04
2.141000000000000000e+03
1.106100000000000000e+04
6.315000000000000000e+03
2.970000000000000000e+03
3.807000000000000000e+03
5.967000000000000000e+03
1.091600000000000000e+04
8.931000000000000000e+03
3.499000000000000000e+03
7.830000000000000000e+03
5.332000000000000000e+03
2.894100000000000000e+04
3.171000000000000000e+03
9.896000000000000000e+03
1.553900000000000000e+04
1.840500000000000000e+04
4.405000000000000000e+03
6.925000000000000000e+03
4.089000000000000000e+03
4.003000000000000000e+03
4.552000000000000000e+03
1.389800000000000000e+04
1.461500000000000000e+04
1.130300000000000000e+04
4.715000000000000000e+03
1.428600000000000000e+04
5.390000000000000000e+03
2.158700000000000000e+04
5.015000000000000000e+03
6.798000000000000000e+03
6.106000000000000000e+03
6.992000000000000000e+03
6.745000000000000000e+03
6.588000000000000000e+03
4.602000000000000000e+03
8.524000000000000000e+03
1.133200000000000000e+04
5.797000000000000000e+03
9.145000000000000000e+03
5.764000000000000000e+03
5.629000000000000000e+03
3.117000000000000000e+03
2.678000000000000000e+03
3.686000000000000000e+03
5.538000000000000000e+03
6.336000000000000000e+03
7.193000000000000000e+03
7.989000000000000000e+03
1.135000000000000000e+04
6.377000000000000000e+03
2.529500000000000000e+04
8.150000000000000000e+03
7.317000000000000000e+03
3.128000000000000000e+03
5.087000000000000000e+03
8.252000000000000000e+03
2.861000000000000000e+03
7.955000000000000000e+03
1.145800000000000000e+04
1.326200000000000000e+04
1.063700000000000000e+04
9.966000000000000000e+03
7.673000000000000000e+03
5.783000000000000000e+03
5.071000000000000000e+03
7.534000000000000000e+03
5.474000000000000000e+03
9.954000000000000000e+03
4.500000000000000000e+03
4.983000000000000000e+03
4.883000000000000000e+03
7.134000000000000000e+03
8.434000000000000000e+03
2.796000000000000000e+03
6.971000000000000000e+03
9.780000000000000000e+03
9.947000000000000000e+03
9.527000000000000000e+03
1.778000000000000000e+04
7.820000000000000000e+03
2.121000000000000000e+03
8.555000000000000000e+03
1.031900000000000000e+04
1.491100000000000000e+04
4.875000000000000000e+03
4.876000000000000000e+03
1.749000000000000000e+03
6.167000000000000000e+03
7.722000000000000000e+03
5.008000000000000000e+03
1.529500000000000000e+04
1.102600000000000000e+04
7.226000000000000000e+03
4.630000000000000000e+03
6.330000000000000000e+03
6.783000000000000000e+03
9.326000000000000000e+03
5.233000000000000000e+03
3.326000000000000000e+03
6.682000000000000000e+03
4.538000000000000000e+03
5.900000000000000000e+03
7.311000000000000000e+03
1.053300000000000000e+04
1.040100000000000000e+04
5.781000000000000000e+03
9.553000000000000000e+03
7.462000000000000000e+03
1.188500000000000000e+04
2.608000000000000000e+03
1.132800000000000000e+04
5.074000000000000000e+03
3.637000000000000000e+03
1.603800000000000000e+04
5.480000000000000000e+03
4.966000000000000000e+03
1.581000000000000000e+04
2.677000000000000000e+03
8.455000000000000000e+03
8.363000000000000000e+03
4.480000000000000000e+03
2.161000000000000000e+03
2.821000000000000000e+03
4.057000000000000000e+03
1.275100000000000000e+04
3.396000000000000000e+03
7.207000000000000000e+03
1.547800000000000000e+04
9.061000000000000000e+03
4.392000000000000000e+03
5.615000000000000000e+03
5.220000000000000000e+03
4.485000000000000000e+03
6.409000000000000000e+03
4.462000000000000000e+03
2.503000000000000000e+03
3.721000000000000000e+03
4.505000000000000000e+03
8.394000000000000000e+03
4.621000000000000000e+03
8.459000000000000000e+03
6.299000000000000000e+03
1.409300000000000000e+04
3.920000000000000000e+03
5.406000000000000000e+03
1.707200000000000000e+04
2.725900000000000000e+04
2.942000000000000000e+03
1.068700000000000000e+04
2.823000000000000000e+03
4.224000000000000000e+03
4.922000000000000000e+03
9.058000000000000000e+03
3.687000000000000000e+03
3.864000000000000000e+03
4.404000000000000000e+03
6.035000000000000000e+03
4.426000000000000000e+03
5.069000000000000000e+03
4.464000000000000000e+03
3.452000000000000000e+03
1.805000000000000000e+04
1.327900000000000000e+04
6.657000000000000000e+03
6.168000000000000000e+03
1.140700000000000000e+04
7.319000000000000000e+03
1.297100000000000000e+04
9.572000000000000000e+03
4.259000000000000000e+03
1.158400000000000000e+04
4.733000000000000000e+03
7.306000000000000000e+03
7.659000000000000000e+03
7.383000000000000000e+03
7.530000000000000000e+03
3.612000000000000000e+03
7.426000000000000000e+03
1.656100000000000000e+04
2.589000000000000000e+03
6.318000000000000000e+03
1.227800000000000000e+04
4.553000000000000000e+03
5.105000000000000000e+03
1.076700000000000000e+04
7.589000000000000000e+03
4.006000000000000000e+03
1.851100000000000000e+04
6.503000000000000000e+03
5.389000000000000000e+03
8.441000000000000000e+03
5.394000000000000000e+03
7.014000000000000000e+03
7.941000000000000000e+03
4.503000000000000000e+03
6.763000000000000000e+03
5.183000000000000000e+03
5.126000000000000000e+03
9.748000000000000000e+03
4.566000000000000000e+03
4.429000000000000000e+03
1.025600000000000000e+04
5.218000000000000000e+03
1.281300000000000000e+04
1.607900000000000000e+04
7.991000000000000000e+03
7.190000000000000000e+03
4.209000000000000000e+03
3.318000000000000000e+03
2.003000000000000000e+03
3.268000000000000000e+03
1.355300000000000000e+04
1.246700000000000000e+04
4.935000000000000000e+03
2.772000000000000000e+03
8.090000000000000000e+03
1.777800000000000000e+04
2.880000000000000000e+03
5.275000000000000000e+03
3.542000000000000000e+03
2.883000000000000000e+03
5.585000000000000000e+03
3.389000000000000000e+03
1.976000000000000000e+03
4.902000000000000000e+03
2.314000000000000000e+03
4.440000000000000000e+03
5.572000000000000000e+03
3.331000000000000000e+03
4.663000000000000000e+03
1.233300000000000000e+04
1.405800000000000000e+04
9.151000000000000000e+03
2.531000000000000000e+04
3.785000000000000000e+03
5.728000000000000000e+03
9.773000000000000000e+03
9.839000000000000000e+03
1.959000000000000000e+03
1.117100000000000000e+04
2.444000000000000000e+03
3.073000000000000000e+03
1.136700000000000000e+04
5.712000000000000000e+03
1.004800000000000000e+04
1.315500000000000000e+04
6.834000000000000000e+03
7.908000000000000000e+03
5.441000000000000000e+03
7.877000000000000000e+03
3.384000000000000000e+03
8.606000000000000000e+03
1.599100000000000000e+04
8.640000000000000000e+03
5.293000000000000000e+03
6.204000000000000000e+03
7.680000000000000000e+03
6.401000000000000000e+03
3.526000000000000000e+03
4.331000000000000000e+03
9.500000000000000000e+03
3.771000000000000000e+03
7.769000000000000000e+03
7.195000000000000000e+03
1.368300000000000000e+04
2.552000000000000000e+03
5.614000000000000000e+03
1.092600000000000000e+04
9.984000000000000000e+03
3.829000000000000000e+03
4.627000000000000000e+03
7.037000000000000000e+03
2.793000000000000000e+03
3.640000000000000000e+03
1.306700000000000000e+04
8.051000000000000000e+03
8.777000000000000000e+03
9.820000000000000000e+03
7.483000000000000000e+03
1.269300000000000000e+04
3.835000000000000000e+03
1.069400000000000000e+04
8.453000000000000000e+03
2.331200000000000000e+04
1.444800000000000000e+04
8.019000000000000000e+03
1.524300000000000000e+04
5.056000000000000000e+03
1.274500000000000000e+04
6.708000000000000000e+03
3.153000000000000000e+03
5.699000000000000000e+03
6.216000000000000000e+03
3.819000000000000000e+03
8.196000000000000000e+03
3.000000000000000000e+03
3.736000000000000000e+03
6.479000000000000000e+03
4.566000000000000000e+03
7.303000000000000000e+03
2.463400000000000000e+04
9.403000000000000000e+03
4.559000000000000000e+03
3.464000000000000000e+03
6.215000000000000000e+03
8.188000000000000000e+03
6.675000000000000000e+03
4.308000000000000000e+03
3.028000000000000000e+03
1.082700000000000000e+04
1.141700000000000000e+04
8.728000000000000000e+03
3.739000000000000000e+03
4.082000000000000000e+03
4.181000000000000000e+03
2.321000000000000000e+03
6.712000000000000000e+03
1.332500000000000000e+04
9.538000000000000000e+03
6.847000000000000000e+03
1.235700000000000000e+04
1.277300000000000000e+04
5.079000000000000000e+03
5.271000000000000000e+03
1.317200000000000000e+04
4.674000000000000000e+03
1.006300000000000000e+04
7.160000000000000000e+03
1.835000000000000000e+04
8.616000000000000000e+03
9.590000000000000000e+03
1.909500000000000000e+04
1.196500000000000000e+04
7.532000000000000000e+03
2.071200000000000000e+04
6.389000000000000000e+03
1.080000000000000000e+04
1.236600000000000000e+04
6.358000000000000000e+03
9.406000000000000000e+03
7.115000000000000000e+03
5.770000000000000000e+03
5.781000000000000000e+03
3.478000000000000000e+03
6.571000000000000000e+03
1.590000000000000000e+03
1.208100000000000000e+04
3.358000000000000000e+03
2.001000000000000000e+03
1.590700000000000000e+04
1.847000000000000000e+04
4.591000000000000000e+03
1.441100000000000000e+04
5.377000000000000000e+03
1.421800000000000000e+04
3.277000000000000000e+03
5.631000000000000000e+03
5.484000000000000000e+03
1.527400000000000000e+04
1.892800000000000000e+04
2.340000000000000000e+04
2.461800000000000000e+04
9.101000000000000000e+03
9.104000000000000000e+03
6.599000000000000000e+03
8.043000000000000000e+03
6.451000000000000000e+03
3.088000000000000000e+03
9.959000000000000000e+03
7.203000000000000000e+03
1.270200000000000000e+04
1.829000000000000000e+04
2.264700000000000000e+04
4.701000000000000000e+03
8.478000000000000000e+03
1.445200000000000000e+04
3.002000000000000000e+03
6.568000000000000000e+03
1.462300000000000000e+04
6.709000000000000000e+03
6.950000000000000000e+03
4.250000000000000000e+03
8.118000000000000000e+03
3.214000000000000000e+03
1.458500000000000000e+04
4.697000000000000000e+03
4.923000000000000000e+03
8.993000000000000000e+03
3.268000000000000000e+03
5.410000000000000000e+03
9.191000000000000000e+03
5.739000000000000000e+03
6.199000000000000000e+03
7.993000000000000000e+03
5.223000000000000000e+03
1.033600000000000000e+04
7.000000000000000000e+03
3.104000000000000000e+03
8.008000000000000000e+03
6.234000000000000000e+03
1.656500000000000000e+04
5.038000000000000000e+03
3.067000000000000000e+03
3.617000000000000000e+03
9.444000000000000000e+03
4.015000000000000000e+03
2.628000000000000000e+03
9.037000000000000000e+03
6.266000000000000000e+03
2.620600000000000000e+04
8.447000000000000000e+03
7.981000000000000000e+03
5.682000000000000000e+03
9.882000000000000000e+03
1.149800000000000000e+04
6.729000000000000000e+03
3.218000000000000000e+03
4.906000000000000000e+03
7.471000000000000000e+03
1.417900000000000000e+04
4.296000000000000000e+03
9.799000000000000000e+03
5.958000000000000000e+03
8.181000000000000000e+03
1.644200000000000000e+04
1.176900000000000000e+04
9.910000000000000000e+03
7.039000000000000000e+03
3.745000000000000000e+03
8.040000000000000000e+03
3.032000000000000000e+03
3.880000000000000000e+03
2.362000000000000000e+03
4.057000000000000000e+03
2.459000000000000000e+03
8.138000000000000000e+03
3.465000000000000000e+03
1.075200000000000000e+04
2.767200000000000000e+04
6.331000000000000000e+03
1.294800000000000000e+04
5.627000000000000000e+03
5.585000000000000000e+03
7.949000000000000000e+03
9.830000000000000000e+03
2.473000000000000000e+03
9.557000000000000000e+03
6.184000000000000000e+03
4.005000000000000000e+03
5.138000000000000000e+03
5.015000000000000000e+03
3.371000000000000000e+03
7.958000000000000000e+03
2.184000000000000000e+03
2.530000000000000000e+03
1.079600000000000000e+04
9.200000000000000000e+03
4.085000000000000000e+03
6.877000000000000000e+03
2.968000000000000000e+03
6.230000000000000000e+03
3.313000000000000000e+03
4.912000000000000000e+03
6.251000000000000000e+03
5.497000000000000000e+03
8.371000000000000000e+03
7.479000000000000000e+03
5.409000000000000000e+03
7.484000000000000000e+03
8.426000000000000000e+03
5.748000000000000000e+03
1.355300000000000000e+04
1.150000000000000000e+04
6.428000000000000000e+03
1.202000000000000000e+04
8.356000000000000000e+03
7.966000000000000000e+03
1.308600000000000000e+04
9.946000000000000000e+03
2.157300000000000000e+04
3.567000000000000000e+03
1.217600000000000000e+04
2.785000000000000000e+03
1.236000000000000000e+04
