1.401000000000000000e+03
2.121000000000000000e+03
1.134000000000000000e+03
4.811000000000000000e+03
7.050000000000000000e+02
2.194000000000000000e+03
1.755000000000000000e+03
2.003000000000000000e+03
8.830000000000000000e+02
3.981000000000000000e+03
4.482000000000000000e+03
1.524000000000000000e+03
4.469000000000000000e+03
7.190000000000000000e+02
2.155000000000000000e+03
9.170000000000000000e+02
1.356000000000000000e+03
1.068000000000000000e+03
4.284000000000000000e+03
1.569000000000000000e+03
2.112000000000000000e+03
1.576000000000000000e+03
6.900000000000000000e+02
2.149000000000000000e+03
2.216000000000000000e+03
2.320000000000000000e+03
4.661000000000000000e+03
2.558000000000000000e+03
1.981000000000000000e+03
1.174000000000000000e+03
1.287000000000000000e+03
3.047000000000000000e+03
1.692000000000000000e+03
1.029000000000000000e+03
2.362000000000000000e+03
1.888000000000000000e+03
2.068000000000000000e+03
2.544000000000000000e+03
2.030000000000000000e+03
1.658000000000000000e+03
1.506000000000000000e+03
1.287000000000000000e+03
2.745000000000000000e+03
1.401000000000000000e+03
2.074000000000000000e+03
9.220000000000000000e+02
1.968000000000000000e+03
3.093000000000000000e+03
2.622000000000000000e+03
1.862000000000000000e+03
4.034000000000000000e+03
1.877000000000000000e+03
1.274000000000000000e+03
1.339000000000000000e+03
3.317000000000000000e+03
8.670000000000000000e+02
2.299000000000000000e+03
2.961000000000000000e+03
1.838000000000000000e+03
2.652000000000000000e+03
2.206000000000000000e+03
1.231000000000000000e+03
9.110000000000000000e+02
1.018000000000000000e+03
8.270000000000000000e+02
2.510000000000000000e+03
3.043000000000000000e+03
3.111000000000000000e+03
1.654000000000000000e+03
2.844000000000000000e+03
1.494000000000000000e+03
6.790000000000000000e+02
5.551000000000000000e+03
8.970000000000000000e+02
2.290000000000000000e+03
4.971000000000000000e+03
5.410000000000000000e+03
9.230000000000000000e+02
8.190000000000000000e+02
9.350000000000000000e+02
5.423000000000000000e+03
3.211000000000000000e+03
1.447000000000000000e+03
3.851000000000000000e+03
5.629000000000000000e+03
7.960000000000000000e+02
3.863000000000000000e+03
2.649000000000000000e+03
1.254000000000000000e+03
1.223000000000000000e+03
3.208000000000000000e+03
7.992000000000000000e+03
3.325000000000000000e+03
1.092000000000000000e+03
3.257000000000000000e+03
2.389000000000000000e+03
1.082000000000000000e+03
4.574000000000000000e+03
2.810000000000000000e+03
2.081000000000000000e+03
2.894000000000000000e+03
2.879000000000000000e+03
1.864000000000000000e+03
2.088000000000000000e+03
3.052000000000000000e+03
5.192000000000000000e+03
1.212000000000000000e+03
1.672000000000000000e+03
1.750000000000000000e+03
1.755000000000000000e+03
2.866000000000000000e+03
1.863000000000000000e+03
9.950000000000000000e+02
1.392000000000000000e+03
2.230000000000000000e+03
1.931000000000000000e+03
9.080000000000000000e+02
1.311000000000000000e+03
1.170000000000000000e+03
6.519000000000000000e+03
1.158000000000000000e+03
5.427000000000000000e+03
3.039000000000000000e+03
1.776000000000000000e+03
1.723000000000000000e+03
6.780000000000000000e+02
1.642000000000000000e+03
2.232000000000000000e+03
1.582000000000000000e+03
1.528000000000000000e+03
1.874000000000000000e+03
2.186000000000000000e+03
1.238000000000000000e+03
1.498000000000000000e+03
1.610000000000000000e+03
6.930000000000000000e+02
8.250000000000000000e+02
1.041000000000000000e+03
2.661000000000000000e+03
1.367000000000000000e+03
1.489000000000000000e+03
8.180000000000000000e+02
1.473000000000000000e+03
3.650000000000000000e+03
4.379000000000000000e+03
1.537000000000000000e+03
8.780000000000000000e+02
2.268000000000000000e+03
1.239000000000000000e+03
1.482000000000000000e+03
1.807000000000000000e+03
1.891000000000000000e+03
7.160000000000000000e+02
1.847000000000000000e+03
1.989000000000000000e+03
2.588000000000000000e+03
4.772000000000000000e+03
3.346000000000000000e+03
1.562000000000000000e+03
1.799000000000000000e+03
2.355000000000000000e+03
3.109000000000000000e+03
1.482000000000000000e+03
5.600000000000000000e+02
3.278000000000000000e+03
8.960000000000000000e+02
2.013000000000000000e+03
1.119000000000000000e+03
4.074000000000000000e+03
1.213000000000000000e+03
1.695000000000000000e+03
2.598000000000000000e+03
1.153000000000000000e+03
1.124000000000000000e+03
1.571000000000000000e+03
1.079000000000000000e+03
2.630000000000000000e+03
1.360000000000000000e+03
1.493000000000000000e+03
5.094000000000000000e+03
3.315000000000000000e+03
8.270000000000000000e+02
8.840000000000000000e+02
5.418000000000000000e+03
1.447000000000000000e+03
9.980000000000000000e+02
6.678000000000000000e+03
1.258000000000000000e+03
2.705000000000000000e+03
4.898000000000000000e+03
3.964000000000000000e+03
7.190000000000000000e+02
1.690000000000000000e+03
1.291000000000000000e+03
1.037000000000000000e+03
1.775000000000000000e+03
1.165000000000000000e+03
3.386000000000000000e+03
3.769000000000000000e+03
1.767000000000000000e+03
2.433000000000000000e+03
3.072000000000000000e+03
1.907000000000000000e+03
3.886000000000000000e+03
1.498000000000000000e+03
8.360000000000000000e+02
2.448000000000000000e+03
1.498000000000000000e+03
1.863000000000000000e+03
1.000000000000000000e+03
5.091000000000000000e+03
1.316000000000000000e+03
1.033000000000000000e+03
1.441000000000000000e+03
1.577000000000000000e+03
2.782000000000000000e+03
4.166000000000000000e+03
4.851000000000000000e+03
3.135000000000000000e+03
1.076000000000000000e+03
1.263000000000000000e+03
2.607000000000000000e+03
1.335000000000000000e+03
2.666000000000000000e+03
2.517000000000000000e+03
3.354000000000000000e+03
1.577000000000000000e+03
8.040000000000000000e+02
2.317000000000000000e+03
7.550000000000000000e+02
1.139000000000000000e+03
9.140000000000000000e+02
2.197000000000000000e+03
1.193000000000000000e+03
2.545000000000000000e+03
8.840000000000000000e+02
7.350000000000000000e+02
1.040000000000000000e+03
1.151000000000000000e+03
9.080000000000000000e+02
2.418000000000000000e+03
1.653000000000000000e+03
1.401000000000000000e+03
1.902000000000000000e+03
2.469000000000000000e+03
3.494000000000000000e+03
4.510000000000000000e+02
1.761000000000000000e+03
1.497000000000000000e+03
2.264000000000000000e+03
3.177000000000000000e+03
8.760000000000000000e+02
2.612000000000000000e+03
3.142000000000000000e+03
2.963000000000000000e+03
6.530000000000000000e+02
2.245000000000000000e+03
1.123000000000000000e+03
1.864000000000000000e+03
1.292000000000000000e+03
3.749000000000000000e+03
2.092000000000000000e+03
1.171000000000000000e+03
1.341000000000000000e+03
1.774000000000000000e+03
1.161000000000000000e+03
2.183000000000000000e+03
5.090000000000000000e+02
2.578000000000000000e+03
3.201000000000000000e+03
1.905000000000000000e+03
7.930000000000000000e+02
2.892000000000000000e+03
2.791000000000000000e+03
1.751000000000000000e+03
1.843000000000000000e+03
3.279000000000000000e+03
9.760000000000000000e+02
7.610000000000000000e+02
1.848000000000000000e+03
2.045000000000000000e+03
2.814000000000000000e+03
1.739000000000000000e+03
1.356000000000000000e+03
1.057000000000000000e+03
1.603000000000000000e+03
9.250000000000000000e+02
2.886000000000000000e+03
2.399000000000000000e+03
2.988000000000000000e+03
1.307000000000000000e+03
2.948000000000000000e+03
1.731000000000000000e+03
2.095000000000000000e+03
5.265000000000000000e+03
1.331000000000000000e+03
1.755000000000000000e+03
3.046000000000000000e+03
2.910000000000000000e+03
1.791000000000000000e+03
3.683000000000000000e+03
1.973000000000000000e+03
3.238000000000000000e+03
2.263000000000000000e+03
1.045000000000000000e+03
2.186000000000000000e+03
2.495000000000000000e+03
2.736000000000000000e+03
1.386000000000000000e+03
3.752000000000000000e+03
1.948000000000000000e+03
8.710000000000000000e+02
1.367000000000000000e+03
1.676000000000000000e+03
9.600000000000000000e+02
7.320000000000000000e+02
7.500000000000000000e+02
2.908000000000000000e+03
1.017000000000000000e+03
1.003000000000000000e+03
1.557000000000000000e+03
2.034000000000000000e+03
2.750000000000000000e+03
1.342000000000000000e+03
1.123000000000000000e+03
2.153000000000000000e+03
9.380000000000000000e+02
4.756000000000000000e+03
1.884000000000000000e+03
2.543000000000000000e+03
7.204000000000000000e+03
3.019000000000000000e+03
5.780000000000000000e+02
1.228000000000000000e+03
2.573000000000000000e+03
2.061000000000000000e+03
1.484000000000000000e+03
1.709000000000000000e+03
2.043000000000000000e+03
6.430000000000000000e+02
3.530000000000000000e+03
3.504000000000000000e+03
9.510000000000000000e+02
1.048000000000000000e+03
4.108000000000000000e+03
8.800000000000000000e+02
1.797000000000000000e+03
1.208000000000000000e+03
1.562000000000000000e+03
7.590000000000000000e+02
1.776000000000000000e+03
1.111000000000000000e+03
6.320000000000000000e+02
5.360000000000000000e+02
4.473000000000000000e+03
1.246000000000000000e+03
1.326000000000000000e+03
2.715000000000000000e+03
2.103000000000000000e+03
1.739000000000000000e+03
1.288000000000000000e+03
8.370000000000000000e+02
1.067000000000000000e+03
4.579000000000000000e+03
3.019000000000000000e+03
1.055000000000000000e+03
2.605000000000000000e+03
3.074000000000000000e+03
2.201000000000000000e+03
3.242000000000000000e+03
5.590000000000000000e+02
1.797000000000000000e+03
3.511000000000000000e+03
1.194000000000000000e+03
2.876000000000000000e+03
1.774000000000000000e+03
5.930000000000000000e+02
1.929000000000000000e+03
2.123000000000000000e+03
2.895000000000000000e+03
2.255000000000000000e+03
2.013000000000000000e+03
1.321000000000000000e+03
1.906000000000000000e+03
2.204000000000000000e+03
9.410000000000000000e+02
1.377000000000000000e+03
1.434000000000000000e+03
1.528000000000000000e+03
1.544000000000000000e+03
3.402000000000000000e+03
1.753000000000000000e+03
3.994000000000000000e+03
3.500000000000000000e+03
1.001000000000000000e+03
1.381000000000000000e+03
1.851000000000000000e+03
9.130000000000000000e+02
1.604000000000000000e+03
1.160000000000000000e+03
2.791000000000000000e+03
2.182000000000000000e+03
2.248000000000000000e+03
1.575000000000000000e+03
3.343000000000000000e+03
2.223000000000000000e+03
2.322000000000000000e+03
1.667000000000000000e+03
1.497000000000000000e+03
2.016000000000000000e+03
1.717000000000000000e+03
1.336000000000000000e+03
1.942000000000000000e+03
1.760000000000000000e+03
2.390000000000000000e+03
2.653000000000000000e+03
1.133000000000000000e+03
1.468000000000000000e+03
1.467000000000000000e+03
1.439000000000000000e+03
2.189000000000000000e+03
1.081000000000000000e+03
2.235000000000000000e+03
9.480000000000000000e+02
1.714000000000000000e+03
1.770000000000000000e+03
2.886000000000000000e+03
2.201000000000000000e+03
1.815000000000000000e+03
3.197000000000000000e+03
1.362000000000000000e+03
1.524000000000000000e+03
2.017000000000000000e+03
7.870000000000000000e+02
8.870000000000000000e+02
1.622000000000000000e+03
8.000000000000000000e+02
3.174000000000000000e+03
9.170000000000000000e+02
3.438000000000000000e+03
2.495000000000000000e+03
1.068000000000000000e+03
4.519000000000000000e+03
3.421000000000000000e+03
1.897000000000000000e+03
4.554000000000000000e+03
1.047000000000000000e+03
1.129000000000000000e+03
1.925000000000000000e+03
1.342000000000000000e+03
1.444000000000000000e+03
4.158000000000000000e+03
1.116000000000000000e+03
8.890000000000000000e+02
2.874000000000000000e+03
9.140000000000000000e+02
1.847000000000000000e+03
1.232000000000000000e+03
9.090000000000000000e+02
1.394000000000000000e+03
9.260000000000000000e+02
4.258000000000000000e+03
1.517000000000000000e+03
8.610000000000000000e+02
2.811000000000000000e+03
6.890000000000000000e+02
2.622000000000000000e+03
1.023000000000000000e+03
2.877000000000000000e+03
5.149000000000000000e+03
6.220000000000000000e+02
4.438000000000000000e+03
2.984000000000000000e+03
2.872000000000000000e+03
2.408000000000000000e+03
3.013000000000000000e+03
4.947000000000000000e+03
4.525000000000000000e+03
1.216000000000000000e+03
4.730000000000000000e+02
9.680000000000000000e+02
6.160000000000000000e+02
6.160000000000000000e+02
1.740000000000000000e+03
8.520000000000000000e+02
2.248000000000000000e+03
2.630000000000000000e+03
3.730000000000000000e+03
2.652000000000000000e+03
7.240000000000000000e+02
2.230000000000000000e+03
4.818000000000000000e+03
9.410000000000000000e+02
6.720000000000000000e+02
4.141000000000000000e+03
1.689000000000000000e+03
3.316000000000000000e+03
1.228000000000000000e+03
4.770000000000000000e+02
2.934000000000000000e+03
2.570000000000000000e+03
1.052000000000000000e+03
1.489000000000000000e+03
9.540000000000000000e+02
3.458000000000000000e+03
1.665000000000000000e+03
1.568000000000000000e+03
1.240000000000000000e+03
2.605000000000000000e+03
1.181000000000000000e+03
1.841000000000000000e+03
3.657000000000000000e+03
1.996000000000000000e+03
2.498000000000000000e+03
7.470000000000000000e+02
2.734000000000000000e+03
2.990000000000000000e+03
1.164000000000000000e+03
3.541000000000000000e+03
6.590000000000000000e+02
2.993000000000000000e+03
5.476000000000000000e+03
1.750000000000000000e+03
6.220000000000000000e+02
2.838000000000000000e+03
4.078000000000000000e+03
5.890000000000000000e+02
1.582000000000000000e+03
1.710000000000000000e+03
2.503000000000000000e+03
2.679000000000000000e+03
5.325000000000000000e+03
1.999000000000000000e+03
2.428000000000000000e+03
7.900000000000000000e+02
5.009000000000000000e+03
1.995000000000000000e+03
1.359000000000000000e+03
2.125000000000000000e+03
1.742000000000000000e+03
1.336000000000000000e+03
1.460000000000000000e+03
9.540000000000000000e+02
1.723000000000000000e+03
1.648000000000000000e+03
1.435000000000000000e+03
1.525000000000000000e+03
2.984000000000000000e+03
2.793000000000000000e+03
2.927000000000000000e+03
3.702000000000000000e+03
1.455000000000000000e+03
1.195000000000000000e+03
3.517000000000000000e+03
8.930000000000000000e+02
9.600000000000000000e+02
1.638000000000000000e+03
3.361000000000000000e+03
2.898000000000000000e+03
6.000000000000000000e+02
2.493000000000000000e+03
6.140000000000000000e+02
1.319000000000000000e+03
2.157000000000000000e+03
1.331000000000000000e+03
1.384000000000000000e+03
4.939000000000000000e+03
1.615000000000000000e+03
1.591000000000000000e+03
2.587000000000000000e+03
1.919000000000000000e+03
7.900000000000000000e+02
9.460000000000000000e+02
2.400000000000000000e+03
1.216000000000000000e+03
1.466000000000000000e+03
1.123000000000000000e+03
3.873000000000000000e+03
3.602000000000000000e+03
3.856000000000000000e+03
2.776000000000000000e+03
1.925000000000000000e+03
9.260000000000000000e+02
2.336000000000000000e+03
1.861000000000000000e+03
1.312000000000000000e+03
1.837000000000000000e+03
2.640000000000000000e+03
1.218000000000000000e+03
4.506000000000000000e+03
1.843000000000000000e+03
3.579000000000000000e+03
2.619000000000000000e+03
1.173000000000000000e+03
1.348000000000000000e+03
2.071000000000000000e+03
4.882000000000000000e+03
1.002000000000000000e+03
1.852000000000000000e+03
1.159000000000000000e+03
2.499000000000000000e+03
7.010000000000000000e+02
5.783000000000000000e+03
4.602000000000000000e+03
4.604000000000000000e+03
1.132000000000000000e+03
5.191000000000000000e+03
3.164000000000000000e+03
1.545000000000000000e+03
2.997000000000000000e+03
5.450000000000000000e+02
2.436000000000000000e+03
1.264000000000000000e+03
5.441000000000000000e+03
1.259000000000000000e+03
2.484000000000000000e+03
9.460000000000000000e+02
7.190000000000000000e+02
1.397000000000000000e+03
7.230000000000000000e+02
1.024000000000000000e+03
1.707000000000000000e+03
4.014000000000000000e+03
1.689000000000000000e+03
4.199000000000000000e+03
1.914000000000000000e+03
2.724000000000000000e+03
8.770000000000000000e+02
3.183000000000000000e+03
1.003000000000000000e+03
2.646000000000000000e+03
3.308000000000000000e+03
1.615000000000000000e+03
1.526000000000000000e+03
6.620000000000000000e+03
2.024000000000000000e+03
2.139000000000000000e+03
5.866000000000000000e+03
1.590000000000000000e+03
1.582000000000000000e+03
1.322000000000000000e+03
1.883000000000000000e+03
2.545000000000000000e+03
2.036000000000000000e+03
7.190000000000000000e+02
2.095000000000000000e+03
2.103000000000000000e+03
3.074000000000000000e+03
1.372000000000000000e+03
4.810000000000000000e+03
1.205000000000000000e+03
1.640000000000000000e+03
2.221000000000000000e+03
1.496000000000000000e+03
1.725000000000000000e+03
2.818000000000000000e+03
3.440000000000000000e+02
1.100000000000000000e+03
3.970000000000000000e+03
9.670000000000000000e+02
1.494000000000000000e+03
1.577000000000000000e+03
1.300000000000000000e+03
1.194000000000000000e+03
3.969000000000000000e+03
9.530000000000000000e+02
1.094000000000000000e+03
9.470000000000000000e+02
1.654000000000000000e+03
2.185000000000000000e+03
1.973000000000000000e+03
1.674000000000000000e+03
2.191000000000000000e+03
2.845000000000000000e+03
2.740000000000000000e+03
1.206000000000000000e+03
1.119000000000000000e+03
1.270000000000000000e+03
1.094000000000000000e+03
1.511000000000000000e+03
1.361000000000000000e+03
2.199000000000000000e+03
1.835000000000000000e+03
1.800000000000000000e+03
2.888000000000000000e+03
1.366000000000000000e+03
6.030000000000000000e+02
1.036000000000000000e+03
3.922000000000000000e+03
1.868000000000000000e+03
3.756000000000000000e+03
3.707000000000000000e+03
1.366000000000000000e+03
2.998000000000000000e+03
3.874000000000000000e+03
3.289000000000000000e+03
1.581000000000000000e+03
1.345000000000000000e+03
9.140000000000000000e+02
7.340000000000000000e+02
4.400000000000000000e+02
4.210000000000000000e+02
2.435000000000000000e+03
2.832000000000000000e+03
2.683000000000000000e+03
1.743000000000000000e+03
6.800000000000000000e+02
1.579000000000000000e+03
1.472000000000000000e+03
3.052000000000000000e+03
1.364000000000000000e+03
1.082000000000000000e+03
1.036000000000000000e+03
2.036000000000000000e+03
1.573000000000000000e+03
1.531000000000000000e+03
2.606000000000000000e+03
1.706000000000000000e+03
1.143000000000000000e+03
8.760000000000000000e+02
1.081000000000000000e+03
8.840000000000000000e+02
9.710000000000000000e+02
2.353000000000000000e+03
3.615000000000000000e+03
6.979000000000000000e+03
1.946000000000000000e+03
3.043000000000000000e+03
1.102000000000000000e+03
1.217000000000000000e+03
1.049000000000000000e+03
1.141000000000000000e+03
3.442000000000000000e+03
2.345000000000000000e+03
2.114000000000000000e+03
2.732000000000000000e+03
2.977000000000000000e+03
2.116000000000000000e+03
1.975000000000000000e+03
4.533000000000000000e+03
3.886000000000000000e+03
1.756000000000000000e+03
2.462000000000000000e+03
2.691000000000000000e+03
5.935000000000000000e+03
1.735000000000000000e+03
1.916000000000000000e+03
3.563000000000000000e+03
2.074000000000000000e+03
9.970000000000000000e+02
1.102000000000000000e+03
2.506000000000000000e+03
1.361000000000000000e+03
1.604000000000000000e+03
1.874000000000000000e+03
1.062000000000000000e+03
6.129000000000000000e+03
3.226000000000000000e+03
6.810000000000000000e+02
1.367000000000000000e+03
5.691000000000000000e+03
1.744000000000000000e+03
1.355000000000000000e+03
1.202000000000000000e+03
8.130000000000000000e+02
6.630000000000000000e+02
1.397000000000000000e+03
3.420000000000000000e+03
5.870000000000000000e+02
3.952000000000000000e+03
1.511000000000000000e+03
7.020000000000000000e+02
9.440000000000000000e+02
2.180000000000000000e+03
6.192000000000000000e+03
1.764000000000000000e+03
2.711000000000000000e+03
4.601000000000000000e+03
2.892000000000000000e+03
2.860000000000000000e+03
9.540000000000000000e+02
4.179000000000000000e+03
1.552000000000000000e+03
1.250000000000000000e+03
5.712000000000000000e+03
2.372000000000000000e+03
2.906000000000000000e+03
8.880000000000000000e+02
1.782000000000000000e+03
7.668000000000000000e+03
9.620000000000000000e+02
1.194000000000000000e+03
1.053000000000000000e+03
3.870000000000000000e+03
1.651000000000000000e+03
1.761000000000000000e+03
1.468000000000000000e+03
1.205000000000000000e+03
1.422000000000000000e+03
5.830000000000000000e+02
1.280000000000000000e+03
2.552000000000000000e+03
1.212000000000000000e+03
1.206000000000000000e+03
1.929000000000000000e+03
2.351000000000000000e+03
1.800000000000000000e+03
2.612000000000000000e+03
9.420000000000000000e+02
1.837000000000000000e+03
5.770000000000000000e+02
1.223000000000000000e+03
3.773000000000000000e+03
1.278000000000000000e+03
1.273000000000000000e+03
8.860000000000000000e+02
2.174000000000000000e+03
8.931000000000000000e+03
1.469000000000000000e+03
2.535000000000000000e+03
2.489000000000000000e+03
3.569000000000000000e+03
4.232000000000000000e+03
1.532000000000000000e+03
6.496000000000000000e+03
1.860000000000000000e+03
1.381000000000000000e+03
3.951000000000000000e+03
1.283000000000000000e+03
1.189000000000000000e+03
2.014000000000000000e+03
1.164000000000000000e+03
8.780000000000000000e+02
9.290000000000000000e+02
2.636000000000000000e+03
6.740000000000000000e+03
3.966000000000000000e+03
4.042000000000000000e+03
1.389000000000000000e+03
3.326000000000000000e+03
6.570000000000000000e+03
1.464000000000000000e+03
3.864000000000000000e+03
3.185000000000000000e+03
3.325000000000000000e+03
1.804000000000000000e+03
1.644000000000000000e+03
5.410000000000000000e+02
2.140000000000000000e+03
7.379000000000000000e+03
2.415000000000000000e+03
3.691000000000000000e+03
2.219000000000000000e+03
2.172000000000000000e+03
4.202000000000000000e+03
3.239000000000000000e+03
1.613000000000000000e+03
5.620000000000000000e+02
1.717000000000000000e+03
8.150000000000000000e+02
1.566000000000000000e+03
2.587000000000000000e+03
2.532000000000000000e+03
1.740000000000000000e+03
1.312000000000000000e+03
9.380000000000000000e+02
1.938000000000000000e+03
2.188000000000000000e+03
1.711000000000000000e+03
2.313000000000000000e+03
2.095000000000000000e+03
2.487000000000000000e+03
2.339000000000000000e+03
1.408000000000000000e+03
4.939000000000000000e+03
9.530000000000000000e+02
1.999000000000000000e+03
7.640000000000000000e+02
1.067000000000000000e+03
1.255000000000000000e+03
3.982000000000000000e+03
1.359000000000000000e+03
9.420000000000000000e+02
3.199000000000000000e+03
1.037000000000000000e+03
1.275000000000000000e+03
3.995000000000000000e+03
2.600000000000000000e+03
2.782000000000000000e+03
2.076000000000000000e+03
5.226000000000000000e+03
6.280000000000000000e+02
1.853000000000000000e+03
9.000000000000000000e+02
2.151000000000000000e+03
6.970000000000000000e+02
1.500000000000000000e+03
2.460000000000000000e+03
1.667000000000000000e+03
2.009000000000000000e+03
1.175000000000000000e+03
4.866000000000000000e+03
2.207000000000000000e+03
3.013000000000000000e+03
6.630000000000000000e+02
2.864000000000000000e+03
1.975000000000000000e+03
1.350000000000000000e+03
1.489000000000000000e+03
6.490000000000000000e+02
1.874000000000000000e+03
7.050000000000000000e+02
6.260000000000000000e+02
3.233000000000000000e+03
2.700000000000000000e+03
2.941000000000000000e+03
2.859000000000000000e+03
3.690000000000000000e+03
1.827000000000000000e+03
2.517000000000000000e+03
1.404000000000000000e+03
1.673000000000000000e+03
1.653000000000000000e+03
4.390000000000000000e+03
3.979000000000000000e+03
5.920000000000000000e+02
1.610000000000000000e+03
2.135000000000000000e+03
2.179000000000000000e+03
1.333000000000000000e+03
2.537000000000000000e+03
6.620000000000000000e+02
3.401000000000000000e+03
2.033000000000000000e+03
4.750000000000000000e+03
2.717000000000000000e+03
9.000000000000000000e+02
2.556000000000000000e+03
4.129000000000000000e+03
5.485000000000000000e+03
3.601000000000000000e+03
2.136000000000000000e+03
3.400000000000000000e+03
1.987000000000000000e+03
9.750000000000000000e+02
3.345000000000000000e+03
2.265000000000000000e+03
1.459000000000000000e+03
1.153000000000000000e+03
1.885000000000000000e+03
2.560000000000000000e+03
1.278000000000000000e+03
8.320000000000000000e+02
3.717000000000000000e+03
3.677000000000000000e+03
2.134000000000000000e+03
1.821000000000000000e+03
1.312000000000000000e+03
2.249000000000000000e+03
3.148000000000000000e+03
1.652000000000000000e+03
8.010000000000000000e+02
2.902000000000000000e+03
7.230000000000000000e+02
9.220000000000000000e+02
2.116000000000000000e+03
7.880000000000000000e+02
2.343000000000000000e+03
1.442000000000000000e+03
2.066000000000000000e+03
1.178000000000000000e+03
2.033000000000000000e+03
3.083000000000000000e+03
2.546000000000000000e+03
1.793000000000000000e+03
1.435000000000000000e+03
1.184000000000000000e+03
2.186000000000000000e+03
8.300000000000000000e+02
1.813000000000000000e+03
3.025000000000000000e+03
3.223000000000000000e+03
2.300000000000000000e+03
1.020000000000000000e+03
1.189000000000000000e+03
1.846000000000000000e+03
3.545000000000000000e+03
2.399000000000000000e+03
1.155000000000000000e+03
1.010000000000000000e+03
7.360000000000000000e+02
1.432000000000000000e+03
1.040000000000000000e+03
1.926000000000000000e+03
7.790000000000000000e+02
3.597000000000000000e+03
2.849000000000000000e+03
1.069000000000000000e+03
7.250000000000000000e+02
1.785000000000000000e+03
