6.286000000000000000e+03
7.023000000000000000e+03
2.742200000000000000e+04
5.708600000000000000e+04
1.065400000000000000e+04
7.093000000000000000e+03
2.065900000000000000e+04
1.335700000000000000e+04
1.581100000000000000e+04
9.412000000000000000e+03
2.205500000000000000e+04
1.398600000000000000e+04
1.435500000000000000e+04
2.969200000000000000e+04
1.204300000000000000e+04
1.697900000000000000e+04
1.029600000000000000e+04
6.769000000000000000e+03
2.706700000000000000e+04
8.464000000000000000e+03
3.815300000000000000e+04
1.249300000000000000e+04
7.435000000000000000e+03
1.336500000000000000e+04
8.839000000000000000e+03
1.617800000000000000e+04
9.423000000000000000e+03
3.707000000000000000e+04
3.841000000000000000e+03
1.330700000000000000e+04
2.558200000000000000e+04
9.182000000000000000e+03
1.217100000000000000e+04
1.615300000000000000e+04
1.111800000000000000e+04
1.792500000000000000e+04
5.733300000000000000e+04
1.506800000000000000e+04
1.082200000000000000e+04
2.021800000000000000e+04
2.938400000000000000e+04
1.413800000000000000e+04
2.424700000000000000e+04
6.496000000000000000e+03
2.868600000000000000e+04
1.849700000000000000e+04
2.757400000000000000e+04
8.400000000000000000e+03
2.052400000000000000e+04
1.272700000000000000e+04
1.684800000000000000e+04
2.260200000000000000e+04
1.791600000000000000e+04
3.243100000000000000e+04
2.692300000000000000e+04
1.697100000000000000e+04
2.766200000000000000e+04
6.231000000000000000e+04
4.451600000000000000e+04
4.646000000000000000e+03
1.455800000000000000e+04
3.905800000000000000e+04
9.162000000000000000e+03
1.046800000000000000e+04
2.774900000000000000e+04
3.624700000000000000e+04
1.287300000000000000e+04
2.589600000000000000e+04
2.075800000000000000e+04
2.304000000000000000e+04
2.963700000000000000e+04
2.240800000000000000e+04
1.404000000000000000e+04
2.407200000000000000e+04
4.465900000000000000e+04
1.739700000000000000e+04
1.363900000000000000e+04
1.742600000000000000e+04
1.685900000000000000e+04
2.121600000000000000e+04
1.266800000000000000e+04
1.100900000000000000e+04
1.955900000000000000e+04
1.508400000000000000e+04
1.469900000000000000e+04
2.255400000000000000e+04
2.761100000000000000e+04
1.162900000000000000e+04
1.931200000000000000e+04
2.129400000000000000e+04
2.195900000000000000e+04
9.618000000000000000e+03
8.413000000000000000e+03
1.525700000000000000e+04
4.878000000000000000e+03
1.544600000000000000e+04
1.298700000000000000e+04
1.200700000000000000e+04
7.274000000000000000e+03
1.941100000000000000e+04
1.639800000000000000e+04
2.412000000000000000e+04
8.147000000000000000e+03
9.439000000000000000e+03
2.546500000000000000e+04
2.064100000000000000e+04
5.425000000000000000e+03
8.427000000000000000e+03
1.785300000000000000e+04
3.027500000000000000e+04
2.075800000000000000e+04
3.652900000000000000e+04
1.743100000000000000e+04
2.770400000000000000e+04
1.424000000000000000e+04
1.006900000000000000e+04
1.222500000000000000e+04
9.724000000000000000e+03
1.883500000000000000e+04
1.288900000000000000e+04
1.457500000000000000e+04
1.836700000000000000e+04
3.228800000000000000e+04
1.387300000000000000e+04
1.983600000000000000e+04
1.008400000000000000e+04
2.229900000000000000e+04
2.440100000000000000e+04
6.416000000000000000e+03
1.676000000000000000e+04
8.451000000000000000e+03
2.575900000000000000e+04
2.848000000000000000e+04
1.083100000000000000e+04
1.556500000000000000e+04
1.419500000000000000e+04
1.484600000000000000e+04
2.047800000000000000e+04
5.690100000000000000e+04
1.108100000000000000e+04
9.378000000000000000e+03
1.903800000000000000e+04
8.517000000000000000e+03
2.274400000000000000e+04
1.128400000000000000e+04
1.215900000000000000e+04
2.495000000000000000e+04
1.603200000000000000e+04
2.268000000000000000e+04
8.509000000000000000e+03
2.028700000000000000e+04
1.865200000000000000e+04
1.320200000000000000e+04
8.027000000000000000e+03
3.368900000000000000e+04
1.168600000000000000e+04
9.306000000000000000e+03
2.623000000000000000e+04
7.259000000000000000e+03
2.221200000000000000e+04
2.080000000000000000e+04
8.519000000000000000e+03
1.660600000000000000e+04
2.380700000000000000e+04
8.825000000000000000e+03
5.416000000000000000e+03
1.967200000000000000e+04
1.289900000000000000e+04
1.328200000000000000e+04
3.260500000000000000e+04
3.598200000000000000e+04
2.804800000000000000e+04
8.284000000000000000e+03
3.477600000000000000e+04
1.849400000000000000e+04
1.173800000000000000e+04
1.722900000000000000e+04
8.373000000000000000e+03
3.255100000000000000e+04
2.074000000000000000e+04
1.372400000000000000e+04
1.432000000000000000e+04
9.919000000000000000e+03
2.982400000000000000e+04
2.016200000000000000e+04
5.919000000000000000e+03
6.515000000000000000e+03
1.408400000000000000e+04
1.206500000000000000e+04
6.641000000000000000e+03
1.265100000000000000e+04
2.047000000000000000e+04
8.646000000000000000e+03
2.801800000000000000e+04
8.705000000000000000e+03
1.870700000000000000e+04
1.123700000000000000e+04
2.167900000000000000e+04
6.758000000000000000e+03
2.253100000000000000e+04
1.678100000000000000e+04
4.850300000000000000e+04
2.326700000000000000e+04
1.107600000000000000e+04
1.116100000000000000e+04
1.421900000000000000e+04
1.806700000000000000e+04
1.607200000000000000e+04
1.320100000000000000e+04
4.983000000000000000e+03
1.175300000000000000e+04
4.206100000000000000e+04
1.203200000000000000e+04
1.439100000000000000e+04
1.125900000000000000e+04
1.441600000000000000e+04
1.392800000000000000e+04
4.097700000000000000e+04
1.785400000000000000e+04
1.215700000000000000e+04
3.182700000000000000e+04
3.398400000000000000e+04
8.984000000000000000e+03
1.844700000000000000e+04
8.335000000000000000e+03
4.554600000000000000e+04
2.066800000000000000e+04
4.877200000000000000e+04
8.448000000000000000e+03
1.710500000000000000e+04
8.527000000000000000e+03
3.429100000000000000e+04
2.347600000000000000e+04
2.455100000000000000e+04
6.539000000000000000e+03
1.736100000000000000e+04
2.178300000000000000e+04
1.044500000000000000e+04
3.810100000000000000e+04
2.603100000000000000e+04
8.590000000000000000e+03
5.748000000000000000e+03
1.642200000000000000e+04
3.742000000000000000e+04
3.768600000000000000e+04
1.484200000000000000e+04
1.995300000000000000e+04
7.264000000000000000e+03
3.400000000000000000e+04
2.928300000000000000e+04
1.523000000000000000e+04
1.831300000000000000e+04
2.209400000000000000e+04
2.523300000000000000e+04
2.653200000000000000e+04
1.899600000000000000e+04
1.443000000000000000e+04
3.065300000000000000e+04
5.198000000000000000e+03
7.377000000000000000e+03
1.761000000000000000e+04
1.265500000000000000e+04
2.565900000000000000e+04
6.954000000000000000e+03
3.991000000000000000e+03
9.154000000000000000e+03
1.377600000000000000e+04
1.983200000000000000e+04
2.989700000000000000e+04
1.680000000000000000e+04
1.077600000000000000e+04
2.003400000000000000e+04
2.783100000000000000e+04
3.915900000000000000e+04
4.407700000000000000e+04
1.010100000000000000e+04
1.235400000000000000e+04
2.596600000000000000e+04
1.854300000000000000e+04
1.784300000000000000e+04
6.367000000000000000e+03
1.801900000000000000e+04
7.011000000000000000e+03
2.281200000000000000e+04
1.660700000000000000e+04
1.065800000000000000e+04
2.341800000000000000e+04
4.262000000000000000e+03
1.149100000000000000e+04
1.015600000000000000e+04
7.805000000000000000e+03
1.349900000000000000e+04
2.923800000000000000e+04
1.690300000000000000e+04
2.362400000000000000e+04
1.763200000000000000e+04
9.981000000000000000e+03
5.049000000000000000e+03
1.365000000000000000e+04
1.586100000000000000e+04
5.373000000000000000e+03
1.925900000000000000e+04
7.141000000000000000e+03
3.036100000000000000e+04
8.695000000000000000e+03
1.771600000000000000e+04
2.697000000000000000e+04
2.269500000000000000e+04
2.951500000000000000e+04
1.350600000000000000e+04
1.365300000000000000e+04
2.896700000000000000e+04
1.065500000000000000e+04
1.336400000000000000e+04
1.960800000000000000e+04
2.768000000000000000e+04
4.006100000000000000e+04
1.580900000000000000e+04
1.239300000000000000e+04
8.190800000000000000e+04
1.374600000000000000e+04
1.535700000000000000e+04
1.451400000000000000e+04
2.008500000000000000e+04
3.270100000000000000e+04
2.123000000000000000e+04
9.469000000000000000e+03
6.187000000000000000e+03
2.361000000000000000e+04
1.346800000000000000e+04
6.728000000000000000e+03
2.592100000000000000e+04
2.125600000000000000e+04
1.859000000000000000e+04
1.869200000000000000e+04
4.186700000000000000e+04
1.703600000000000000e+04
3.492900000000000000e+04
3.907800000000000000e+04
3.076300000000000000e+04
1.747000000000000000e+04
2.827500000000000000e+04
2.537000000000000000e+04
1.048600000000000000e+04
1.676300000000000000e+04
3.211400000000000000e+04
1.289500000000000000e+04
1.560100000000000000e+04
1.667300000000000000e+04
1.448500000000000000e+04
1.896400000000000000e+04
1.952700000000000000e+04
8.712000000000000000e+03
1.427100000000000000e+04
1.559900000000000000e+04
2.949600000000000000e+04
1.454900000000000000e+04
1.322700000000000000e+04
3.004300000000000000e+04
1.944000000000000000e+04
1.019900000000000000e+04
2.152600000000000000e+04
1.208800000000000000e+04
1.754700000000000000e+04
1.506400000000000000e+04
1.316600000000000000e+04
1.694900000000000000e+04
3.474900000000000000e+04
5.085000000000000000e+03
1.336700000000000000e+04
7.060000000000000000e+03
1.210900000000000000e+04
4.448500000000000000e+04
3.608900000000000000e+04
2.181700000000000000e+04
4.812000000000000000e+03
1.465000000000000000e+04
2.036600000000000000e+04
4.166300000000000000e+04
3.477400000000000000e+04
2.087900000000000000e+04
1.324400000000000000e+04
1.813400000000000000e+04
2.294200000000000000e+04
1.060300000000000000e+04
7.986000000000000000e+03
1.956800000000000000e+04
1.092900000000000000e+04
8.739000000000000000e+03
1.091000000000000000e+04
7.073000000000000000e+03
1.643000000000000000e+04
1.731700000000000000e+04
3.431800000000000000e+04
4.741800000000000000e+04
1.612600000000000000e+04
3.353400000000000000e+04
1.807000000000000000e+04
6.432000000000000000e+03
2.420900000000000000e+04
3.034300000000000000e+04
4.127000000000000000e+03
1.055700000000000000e+04
1.786500000000000000e+04
1.279800000000000000e+04
9.621000000000000000e+03
5.969000000000000000e+03
1.995600000000000000e+04
7.602000000000000000e+03
6.795000000000000000e+03
1.261200000000000000e+04
1.476500000000000000e+04
1.665400000000000000e+04
1.688300000000000000e+04
2.952400000000000000e+04
1.876900000000000000e+04
2.732900000000000000e+04
1.041700000000000000e+04
5.330000000000000000e+03
1.899700000000000000e+04
1.790600000000000000e+04
1.072800000000000000e+04
1.999900000000000000e+04
1.601900000000000000e+04
1.307100000000000000e+04
3.089300000000000000e+04
1.379200000000000000e+04
1.867300000000000000e+04
1.547400000000000000e+04
1.297200000000000000e+04
4.348900000000000000e+04
1.043700000000000000e+04
3.279400000000000000e+04
3.085900000000000000e+04
1.157900000000000000e+04
2.655900000000000000e+04
9.650000000000000000e+03
2.494000000000000000e+04
3.520200000000000000e+04
1.792200000000000000e+04
2.650100000000000000e+04
1.666800000000000000e+04
9.391000000000000000e+03
1.705900000000000000e+04
3.325300000000000000e+04
2.857800000000000000e+04
9.424000000000000000e+03
2.405400000000000000e+04
1.826600000000000000e+04
7.675000000000000000e+03
1.762700000000000000e+04
8.858000000000000000e+03
1.524700000000000000e+04
1.802200000000000000e+04
4.958000000000000000e+03
1.369500000000000000e+04
5.904000000000000000e+03
6.696000000000000000e+03
1.976200000000000000e+04
3.403800000000000000e+04
1.359800000000000000e+04
1.425100000000000000e+04
1.072800000000000000e+04
2.719700000000000000e+04
3.536500000000000000e+04
8.760000000000000000e+03
8.711000000000000000e+03
1.572800000000000000e+04
9.789000000000000000e+03
4.064200000000000000e+04
8.842000000000000000e+03
1.794400000000000000e+04
1.882500000000000000e+04
1.456600000000000000e+04
3.193500000000000000e+04
2.651600000000000000e+04
1.265300000000000000e+04
1.546100000000000000e+04
4.963000000000000000e+03
2.039400000000000000e+04
3.790500000000000000e+04
1.154700000000000000e+04
3.083900000000000000e+04
1.198500000000000000e+04
2.107300000000000000e+04
3.166200000000000000e+04
2.809200000000000000e+04
1.624900000000000000e+04
8.393000000000000000e+03
1.112400000000000000e+04
1.901800000000000000e+04
2.616200000000000000e+04
3.611000000000000000e+04
7.818000000000000000e+03
1.357100000000000000e+04
5.385000000000000000e+03
5.328900000000000000e+04
1.803600000000000000e+04
3.706900000000000000e+04
1.766500000000000000e+04
1.741300000000000000e+04
1.319800000000000000e+04
3.070400000000000000e+04
2.123400000000000000e+04
3.709500000000000000e+04
1.027300000000000000e+04
2.140400000000000000e+04
4.635700000000000000e+04
1.477500000000000000e+04
8.059000000000000000e+03
8.537000000000000000e+03
2.702200000000000000e+04
2.132600000000000000e+04
2.611200000000000000e+04
1.526400000000000000e+04
8.568000000000000000e+03
1.000900000000000000e+04
2.068100000000000000e+04
1.258800000000000000e+04
8.588000000000000000e+03
1.595700000000000000e+04
3.055800000000000000e+04
1.915800000000000000e+04
1.334800000000000000e+04
4.270900000000000000e+04
9.498000000000000000e+03
1.451500000000000000e+04
6.777000000000000000e+03
5.653700000000000000e+04
3.233600000000000000e+04
1.048700000000000000e+04
1.625800000000000000e+04
1.353200000000000000e+04
9.288000000000000000e+03
1.343700000000000000e+04
1.581600000000000000e+04
1.170000000000000000e+04
2.288100000000000000e+04
1.594100000000000000e+04
2.306300000000000000e+04
1.696900000000000000e+04
2.245300000000000000e+04
2.714000000000000000e+04
2.052600000000000000e+04
3.453200000000000000e+04
3.415900000000000000e+04
4.299000000000000000e+04
3.130300000000000000e+04
1.723900000000000000e+04
2.540800000000000000e+04
3.377100000000000000e+04
7.803000000000000000e+03
1.384300000000000000e+04
2.987500000000000000e+04
1.364800000000000000e+04
5.329000000000000000e+03
6.867700000000000000e+04
6.145500000000000000e+04
1.025600000000000000e+04
9.444000000000000000e+03
1.649200000000000000e+04
1.527700000000000000e+04
2.165900000000000000e+04
1.039100000000000000e+04
3.544600000000000000e+04
3.197600000000000000e+04
6.156800000000000000e+04
2.363900000000000000e+04
1.133100000000000000e+04
1.481500000000000000e+04
2.042200000000000000e+04
2.789200000000000000e+04
2.378200000000000000e+04
6.002900000000000000e+04
1.379800000000000000e+04
1.197300000000000000e+04
6.524000000000000000e+03
2.910400000000000000e+04
1.344100000000000000e+04
1.810600000000000000e+04
2.434000000000000000e+04
1.635300000000000000e+04
6.093000000000000000e+03
1.561300000000000000e+04
1.548900000000000000e+04
1.307300000000000000e+04
2.951600000000000000e+04
3.234700000000000000e+04
4.043000000000000000e+03
9.284000000000000000e+03
2.017500000000000000e+04
1.779800000000000000e+04
1.014700000000000000e+04
7.523000000000000000e+03
1.797100000000000000e+04
1.690100000000000000e+04
1.886100000000000000e+04
1.106800000000000000e+04
1.257900000000000000e+04
1.815500000000000000e+04
5.272000000000000000e+03
3.028400000000000000e+04
3.120900000000000000e+04
2.113600000000000000e+04
2.000600000000000000e+04
1.583700000000000000e+04
2.815600000000000000e+04
8.044900000000000000e+04
1.462900000000000000e+04
8.419000000000000000e+03
1.326500000000000000e+04
1.463100000000000000e+04
1.450300000000000000e+04
3.482800000000000000e+04
6.093800000000000000e+04
4.182600000000000000e+04
1.556500000000000000e+04
2.141700000000000000e+04
6.051000000000000000e+03
1.140600000000000000e+04
4.297400000000000000e+04
5.833000000000000000e+03
1.290200000000000000e+04
1.375200000000000000e+04
3.330000000000000000e+04
9.042000000000000000e+04
6.666000000000000000e+03
3.801600000000000000e+04
2.632300000000000000e+04
6.700000000000000000e+03
1.465100000000000000e+04
6.880000000000000000e+03
2.368200000000000000e+04
1.426200000000000000e+04
2.070200000000000000e+04
2.219900000000000000e+04
1.923500000000000000e+04
1.298100000000000000e+04
6.097000000000000000e+03
9.222000000000000000e+03
1.846700000000000000e+04
6.735000000000000000e+03
1.224900000000000000e+04
2.899300000000000000e+04
1.034000000000000000e+04
2.065500000000000000e+04
4.424700000000000000e+04
4.408800000000000000e+04
8.755000000000000000e+03
2.753500000000000000e+04
1.742900000000000000e+04
3.013400000000000000e+04
4.633600000000000000e+04
3.155600000000000000e+04
6.551000000000000000e+03
1.185800000000000000e+04
1.086800000000000000e+04
1.081800000000000000e+04
1.020700000000000000e+04
2.093400000000000000e+04
1.926700000000000000e+04
7.296000000000000000e+03
2.599900000000000000e+04
1.354000000000000000e+04
2.355600000000000000e+04
3.125500000000000000e+04
6.529400000000000000e+04
2.556900000000000000e+04
5.259700000000000000e+04
3.303800000000000000e+04
8.030000000000000000e+03
1.233400000000000000e+04
2.696100000000000000e+04
1.425100000000000000e+04
1.530800000000000000e+04
5.439200000000000000e+04
1.979400000000000000e+04
3.798100000000000000e+04
1.138600000000000000e+04
1.751800000000000000e+04
7.101000000000000000e+03
2.528800000000000000e+04
1.864700000000000000e+04
4.676900000000000000e+04
1.587800000000000000e+04
1.347900000000000000e+04
7.492000000000000000e+03
6.301000000000000000e+03
1.401200000000000000e+04
1.784400000000000000e+04
1.150000000000000000e+04
1.015700000000000000e+04
9.946000000000000000e+03
8.580000000000000000e+03
1.917600000000000000e+04
3.404100000000000000e+04
3.070900000000000000e+04
1.772000000000000000e+04
4.639700000000000000e+04
3.035200000000000000e+04
9.897000000000000000e+03
3.187400000000000000e+04
1.020900000000000000e+04
1.891000000000000000e+04
8.788000000000000000e+03
2.025100000000000000e+04
2.692400000000000000e+04
4.867300000000000000e+04
1.239300000000000000e+04
9.345000000000000000e+03
4.265700000000000000e+04
6.480200000000000000e+04
3.235600000000000000e+04
1.848100000000000000e+04
9.592000000000000000e+03
2.026600000000000000e+04
2.883300000000000000e+04
1.238000000000000000e+04
8.313000000000000000e+03
1.677300000000000000e+04
4.120000000000000000e+03
1.426700000000000000e+04
3.439700000000000000e+04
1.307700000000000000e+04
1.361400000000000000e+04
1.155500000000000000e+04
1.481100000000000000e+04
1.219700000000000000e+04
4.011700000000000000e+04
1.802000000000000000e+04
5.998000000000000000e+03
1.454100000000000000e+04
4.911000000000000000e+03
1.624400000000000000e+04
7.389000000000000000e+03
2.830000000000000000e+04
2.786800000000000000e+04
1.493700000000000000e+04
3.611200000000000000e+04
3.092600000000000000e+04
1.922300000000000000e+04
7.988000000000000000e+03
8.362000000000000000e+03
5.984000000000000000e+03
5.955400000000000000e+04
1.700300000000000000e+04
1.813000000000000000e+04
8.026000000000000000e+03
7.112000000000000000e+03
1.821700000000000000e+04
2.933500000000000000e+04
8.085000000000000000e+03
1.306000000000000000e+04
9.243800000000000000e+04
1.418900000000000000e+04
9.455000000000000000e+03
3.061500000000000000e+04
9.291000000000000000e+03
3.329200000000000000e+04
4.644200000000000000e+04
1.408700000000000000e+04
8.726000000000000000e+03
2.255900000000000000e+04
2.452600000000000000e+04
1.158400000000000000e+04
7.271000000000000000e+03
1.449100000000000000e+04
8.911000000000000000e+03
3.194400000000000000e+04
1.256300000000000000e+04
8.741000000000000000e+03
1.990500000000000000e+04
4.377500000000000000e+04
2.084000000000000000e+04
1.208500000000000000e+04
2.519000000000000000e+04
7.156000000000000000e+03
8.016900000000000000e+04
1.416800000000000000e+04
1.914600000000000000e+04
2.211800000000000000e+04
1.133000000000000000e+04
4.047300000000000000e+04
2.233100000000000000e+04
1.680900000000000000e+04
6.893400000000000000e+04
2.739600000000000000e+04
1.151800000000000000e+04
8.422000000000000000e+03
2.800700000000000000e+04
1.170400000000000000e+04
1.284200000000000000e+04
4.195100000000000000e+04
1.120500000000000000e+04
9.460000000000000000e+03
8.638000000000000000e+03
1.110400000000000000e+04
1.196700000000000000e+04
1.104100000000000000e+04
2.577400000000000000e+04
1.057600000000000000e+04
1.076700000000000000e+04
1.217600000000000000e+04
3.348400000000000000e+04
2.596000000000000000e+04
7.634000000000000000e+03
1.015500000000000000e+04
2.296800000000000000e+04
1.507500000000000000e+04
5.039700000000000000e+04
1.587900000000000000e+04
2.650700000000000000e+04
1.835800000000000000e+04
1.145800000000000000e+04
1.469700000000000000e+04
1.689600000000000000e+04
1.317100000000000000e+04
1.502700000000000000e+04
1.734300000000000000e+04
1.783900000000000000e+04
2.943500000000000000e+04
3.643400000000000000e+04
1.379600000000000000e+04
2.419400000000000000e+04
3.359300000000000000e+04
9.181000000000000000e+03
1.429000000000000000e+04
1.178900000000000000e+04
9.037000000000000000e+03
1.215800000000000000e+04
1.384800000000000000e+04
3.691500000000000000e+04
1.119900000000000000e+04
1.584800000000000000e+04
2.414000000000000000e+04
2.225900000000000000e+04
2.029800000000000000e+04
2.590000000000000000e+04
2.373600000000000000e+04
1.156200000000000000e+04
2.906200000000000000e+04
1.947200000000000000e+04
4.481000000000000000e+03
1.485900000000000000e+04
3.792200000000000000e+04
5.474000000000000000e+03
1.461400000000000000e+04
2.660900000000000000e+04
2.809200000000000000e+04
7.767000000000000000e+03
2.474100000000000000e+04
1.138300000000000000e+04
7.249000000000000000e+03
1.292500000000000000e+04
2.430500000000000000e+04
1.091900000000000000e+04
2.065800000000000000e+04
2.191400000000000000e+04
2.589000000000000000e+04
2.648200000000000000e+04
1.863300000000000000e+04
2.162900000000000000e+04
8.898000000000000000e+03
1.772200000000000000e+04
1.355200000000000000e+04
1.558400000000000000e+04
1.239400000000000000e+04
2.659700000000000000e+04
5.389000000000000000e+03
2.216000000000000000e+04
9.991000000000000000e+03
5.591000000000000000e+03
1.921300000000000000e+04
2.993700000000000000e+04
3.167500000000000000e+04
2.228800000000000000e+04
1.918600000000000000e+04
1.824700000000000000e+04
1.114400000000000000e+04
7.078000000000000000e+03
4.968500000000000000e+04
2.462200000000000000e+04
1.293200000000000000e+04
1.881200000000000000e+04
2.780500000000000000e+04
3.666800000000000000e+04
2.763500000000000000e+04
2.110400000000000000e+04
2.855200000000000000e+04
2.732500000000000000e+04
3.034100000000000000e+04
1.754200000000000000e+04
6.956000000000000000e+03
9.377000000000000000e+03
1.898300000000000000e+04
1.380100000000000000e+04
2.548500000000000000e+04
7.799000000000000000e+03
8.946000000000000000e+03
2.671600000000000000e+04
8.931000000000000000e+03
2.521300000000000000e+04
1.657000000000000000e+04
4.389100000000000000e+04
3.174500000000000000e+04
1.500600000000000000e+04
3.088000000000000000e+04
1.481500000000000000e+04
1.743300000000000000e+04
5.117400000000000000e+04
3.114500000000000000e+04
1.107750000000000000e+05
1.734900000000000000e+04
1.363700000000000000e+04
1.121200000000000000e+04
1.420700000000000000e+04
3.610500000000000000e+04
1.161600000000000000e+04
2.982500000000000000e+04
2.575200000000000000e+04
7.556000000000000000e+03
9.496000000000000000e+03
1.341600000000000000e+04
1.684300000000000000e+04
1.688900000000000000e+04
3.302900000000000000e+04
2.702800000000000000e+04
2.225100000000000000e+04
1.178700000000000000e+04
2.565400000000000000e+04
2.111300000000000000e+04
1.943700000000000000e+04
2.071600000000000000e+04
5.775000000000000000e+03
1.556800000000000000e+04
3.660700000000000000e+04
1.160000000000000000e+04
3.128600000000000000e+04
1.601600000000000000e+04
2.136900000000000000e+04
1.597300000000000000e+04
5.089200000000000000e+04
1.005600000000000000e+04
9.973000000000000000e+03
1.822600000000000000e+04
5.599000000000000000e+03
5.105000000000000000e+03
5.550000000000000000e+03
1.005300000000000000e+04
9.428000000000000000e+03
6.869000000000000000e+03
3.906600000000000000e+04
7.169000000000000000e+03
1.619900000000000000e+04
9.094000000000000000e+03
1.853200000000000000e+04
2.825300000000000000e+04
2.001900000000000000e+04
2.771000000000000000e+04
1.512500000000000000e+04
5.897000000000000000e+03
2.397400000000000000e+04
2.929600000000000000e+04
1.874600000000000000e+04
1.728600000000000000e+04
2.395000000000000000e+04
1.509000000000000000e+04
9.794000000000000000e+03
8.539000000000000000e+03
2.252400000000000000e+04
3.930000000000000000e+03
1.797200000000000000e+04
2.091800000000000000e+04
2.371600000000000000e+04
1.803600000000000000e+04
1.335200000000000000e+04
1.075100000000000000e+04
1.288400000000000000e+04
3.198500000000000000e+04
9.028000000000000000e+03
1.050200000000000000e+04
6.161100000000000000e+04
1.383600000000000000e+04
2.865700000000000000e+04
5.691000000000000000e+03
1.275500000000000000e+04
8.024000000000000000e+03
1.484200000000000000e+04
1.303100000000000000e+04
9.126000000000000000e+03
3.103500000000000000e+04
9.864000000000000000e+03
3.716400000000000000e+04
1.605200000000000000e+04
4.624600000000000000e+04
9.510000000000000000e+03
3.876900000000000000e+04
1.303200000000000000e+04
8.930000000000000000e+03
1.626600000000000000e+04
