9.351000000000000000e+03
1.142700000000000000e+04
4.699000000000000000e+03
5.389000000000000000e+03
9.126000000000000000e+03
9.520000000000000000e+03
1.578200000000000000e+04
1.578800000000000000e+04
1.347700000000000000e+04
1.216900000000000000e+04
6.012000000000000000e+03
1.082700000000000000e+04
1.013300000000000000e+04
9.207000000000000000e+03
1.286500000000000000e+04
6.311000000000000000e+03
1.049400000000000000e+04
7.387000000000000000e+03
8.520000000000000000e+03
7.401000000000000000e+03
5.726000000000000000e+03
6.039000000000000000e+03
3.839000000000000000e+03
7.516000000000000000e+03
6.720000000000000000e+03
2.216800000000000000e+04
1.734500000000000000e+04
2.624000000000000000e+03
2.135200000000000000e+04
6.957000000000000000e+03
6.348000000000000000e+03
3.413900000000000000e+04
3.552000000000000000e+03
3.203000000000000000e+03
1.223400000000000000e+04
8.282000000000000000e+03
4.345000000000000000e+03
4.134000000000000000e+03
1.706600000000000000e+04
7.008000000000000000e+03
6.677000000000000000e+03
7.101000000000000000e+03
1.092200000000000000e+04
6.234000000000000000e+03
1.439100000000000000e+04
7.439000000000000000e+03
1.319700000000000000e+04
1.459800000000000000e+04
5.427000000000000000e+03
5.468000000000000000e+03
5.466000000000000000e+03
5.899000000000000000e+03
1.007600000000000000e+04
1.408300000000000000e+04
2.901000000000000000e+04
7.608000000000000000e+03
8.666000000000000000e+03
4.625000000000000000e+03
1.059500000000000000e+04
1.262100000000000000e+04
2.681200000000000000e+04
5.495000000000000000e+03
5.040000000000000000e+03
1.245100000000000000e+04
2.287500000000000000e+04
8.833000000000000000e+03
4.191000000000000000e+03
4.842000000000000000e+03
5.688000000000000000e+03
2.420000000000000000e+03
2.963000000000000000e+03
1.027400000000000000e+04
1.478700000000000000e+04
9.462000000000000000e+03
9.315000000000000000e+03
5.361000000000000000e+03
7.133000000000000000e+03
8.517000000000000000e+03
3.579000000000000000e+03
7.965000000000000000e+03
5.916000000000000000e+03
1.018600000000000000e+04
7.549000000000000000e+03
5.582000000000000000e+03
5.426000000000000000e+03
7.140000000000000000e+03
5.171000000000000000e+03
1.536300000000000000e+04
4.751000000000000000e+03
2.748000000000000000e+03
1.344900000000000000e+04
1.173000000000000000e+04
4.426000000000000000e+03
2.536000000000000000e+03
7.324000000000000000e+03
9.335000000000000000e+03
3.614000000000000000e+03
1.431300000000000000e+04
9.476000000000000000e+03
1.034000000000000000e+04
5.057000000000000000e+03
3.236000000000000000e+03
9.631000000000000000e+03
4.997000000000000000e+03
1.833000000000000000e+04
7.302000000000000000e+03
1.284100000000000000e+04
1.349200000000000000e+04
3.742000000000000000e+03
4.936000000000000000e+03
4.475000000000000000e+03
2.300600000000000000e+04
9.665000000000000000e+03
5.768000000000000000e+03
4.084000000000000000e+03
1.106100000000000000e+04
4.587000000000000000e+03
9.059000000000000000e+03
7.157000000000000000e+03
7.854000000000000000e+03
4.342000000000000000e+03
3.007000000000000000e+03
5.876000000000000000e+03
9.910000000000000000e+03
6.766000000000000000e+03
1.278000000000000000e+04
7.534000000000000000e+03
1.002700000000000000e+04
2.845000000000000000e+03
1.053800000000000000e+04
3.565000000000000000e+03
8.585000000000000000e+03
1.463900000000000000e+04
4.429000000000000000e+03
8.241000000000000000e+03
5.323000000000000000e+03
5.190000000000000000e+03
1.376700000000000000e+04
1.635500000000000000e+04
3.100000000000000000e+03
5.205000000000000000e+03
2.790000000000000000e+03
1.651100000000000000e+04
1.213200000000000000e+04
1.209700000000000000e+04
1.283800000000000000e+04
7.115000000000000000e+03
1.563300000000000000e+04
1.253300000000000000e+04
9.487000000000000000e+03
6.644000000000000000e+03
1.417800000000000000e+04
8.487000000000000000e+03
1.044400000000000000e+04
7.283000000000000000e+03
7.513000000000000000e+03
7.172000000000000000e+03
4.304000000000000000e+03
3.444000000000000000e+03
8.250000000000000000e+03
1.005200000000000000e+04
1.371700000000000000e+04
8.866000000000000000e+03
2.521100000000000000e+04
5.528000000000000000e+03
2.585000000000000000e+03
5.034000000000000000e+03
7.166000000000000000e+03
4.907000000000000000e+03
3.647000000000000000e+03
5.422000000000000000e+03
1.329400000000000000e+04
5.733000000000000000e+03
7.541000000000000000e+03
6.781000000000000000e+03
1.046100000000000000e+04
7.992000000000000000e+03
1.992600000000000000e+04
5.381000000000000000e+03
5.593000000000000000e+03
4.253000000000000000e+03
1.116100000000000000e+04
9.210000000000000000e+03
5.473000000000000000e+03
7.416000000000000000e+03
4.851000000000000000e+03
1.403600000000000000e+04
4.113000000000000000e+03
3.375000000000000000e+03
4.524000000000000000e+03
6.808000000000000000e+03
1.013200000000000000e+04
5.176000000000000000e+03
3.625000000000000000e+03
9.685000000000000000e+03
1.110100000000000000e+04
1.526100000000000000e+04
8.123000000000000000e+03
3.214000000000000000e+03
7.274000000000000000e+03
8.180000000000000000e+03
1.197900000000000000e+04
1.786100000000000000e+04
5.289000000000000000e+03
4.620000000000000000e+03
2.381000000000000000e+03
7.327000000000000000e+03
1.719800000000000000e+04
1.137300000000000000e+04
1.890000000000000000e+04
1.164200000000000000e+04
2.508000000000000000e+03
1.802100000000000000e+04
7.219000000000000000e+03
5.786000000000000000e+03
2.374000000000000000e+03
1.169100000000000000e+04
1.328300000000000000e+04
5.471000000000000000e+03
5.467000000000000000e+03
6.499000000000000000e+03
6.054000000000000000e+03
1.198000000000000000e+04
3.516000000000000000e+03
5.643000000000000000e+03
2.995000000000000000e+03
4.377000000000000000e+03
6.571000000000000000e+03
8.137000000000000000e+03
1.783600000000000000e+04
1.320500000000000000e+04
8.290000000000000000e+03
6.411000000000000000e+03
1.296400000000000000e+04
7.303000000000000000e+03
6.998000000000000000e+03
5.138000000000000000e+03
8.432000000000000000e+03
2.161200000000000000e+04
5.996000000000000000e+03
3.337000000000000000e+03
9.571000000000000000e+03
3.376000000000000000e+03
5.221000000000000000e+03
1.679700000000000000e+04
9.174000000000000000e+03
5.854000000000000000e+03
4.149000000000000000e+03
9.197000000000000000e+03
3.883000000000000000e+03
9.373000000000000000e+03
3.515000000000000000e+03
8.664000000000000000e+03
2.961000000000000000e+03
5.628000000000000000e+03
6.325000000000000000e+03
2.712000000000000000e+03
8.602000000000000000e+03
8.366000000000000000e+03
7.609000000000000000e+03
4.365000000000000000e+03
2.761000000000000000e+03
1.889600000000000000e+04
3.396000000000000000e+03
5.878000000000000000e+03
1.234000000000000000e+04
1.092800000000000000e+04
9.212000000000000000e+03
8.993000000000000000e+03
4.978000000000000000e+03
1.325500000000000000e+04
6.759000000000000000e+03
6.037000000000000000e+03
7.496000000000000000e+03
5.388000000000000000e+03
7.108000000000000000e+03
1.054800000000000000e+04
1.561700000000000000e+04
4.414400000000000000e+04
7.148000000000000000e+03
5.569000000000000000e+03
1.146500000000000000e+04
6.887000000000000000e+03
7.294000000000000000e+03
8.331000000000000000e+03
2.180000000000000000e+03
4.168000000000000000e+03
4.192000000000000000e+03
1.081300000000000000e+04
9.334000000000000000e+03
4.535000000000000000e+03
2.487400000000000000e+04
3.932000000000000000e+03
1.017800000000000000e+04
1.228100000000000000e+04
3.567000000000000000e+03
7.977000000000000000e+03
2.222000000000000000e+03
5.410000000000000000e+03
7.137000000000000000e+03
7.080000000000000000e+03
3.330000000000000000e+03
2.553000000000000000e+03
6.136000000000000000e+03
3.693000000000000000e+03
3.912000000000000000e+03
2.900000000000000000e+03
2.079600000000000000e+04
7.537000000000000000e+03
4.744000000000000000e+03
6.422000000000000000e+03
1.162800000000000000e+04
1.178300000000000000e+04
3.210000000000000000e+03
8.746000000000000000e+03
4.184000000000000000e+03
8.931000000000000000e+03
5.957000000000000000e+03
3.903000000000000000e+03
5.803000000000000000e+03
9.686000000000000000e+03
8.512000000000000000e+03
6.132000000000000000e+03
1.713500000000000000e+04
4.237000000000000000e+03
9.035000000000000000e+03
8.627000000000000000e+03
8.863000000000000000e+03
4.430000000000000000e+03
4.840000000000000000e+03
1.297800000000000000e+04
5.036000000000000000e+03
1.891200000000000000e+04
1.684000000000000000e+04
9.879000000000000000e+03
6.784000000000000000e+03
4.910000000000000000e+03
7.417000000000000000e+03
1.433400000000000000e+04
8.539000000000000000e+03
9.027000000000000000e+03
6.005000000000000000e+03
3.609000000000000000e+03
1.416600000000000000e+04
1.762900000000000000e+04
7.699000000000000000e+03
7.708000000000000000e+03
1.197400000000000000e+04
7.238000000000000000e+03
4.285000000000000000e+03
5.926000000000000000e+03
8.697000000000000000e+03
8.166000000000000000e+03
2.065000000000000000e+03
5.844000000000000000e+03
6.569000000000000000e+03
1.190000000000000000e+04
1.748900000000000000e+04
4.452000000000000000e+03
6.125000000000000000e+03
5.735000000000000000e+03
1.114900000000000000e+04
4.865000000000000000e+03
2.824000000000000000e+03
2.761000000000000000e+03
7.299000000000000000e+03
1.888000000000000000e+03
1.247100000000000000e+04
2.074000000000000000e+03
3.501000000000000000e+03
3.774000000000000000e+03
3.877000000000000000e+03
2.015500000000000000e+04
8.158000000000000000e+03
3.883000000000000000e+03
4.568000000000000000e+03
5.485000000000000000e+03
6.856000000000000000e+03
4.326000000000000000e+03
3.756000000000000000e+03
1.108400000000000000e+04
1.788400000000000000e+04
4.272000000000000000e+03
5.023000000000000000e+03
8.113000000000000000e+03
2.631000000000000000e+03
1.174900000000000000e+04
2.507400000000000000e+04
4.553000000000000000e+03
7.072000000000000000e+03
1.093500000000000000e+04
8.078000000000000000e+03
1.363000000000000000e+04
8.258000000000000000e+03
3.437000000000000000e+03
8.579000000000000000e+03
2.333000000000000000e+03
7.317000000000000000e+03
7.989000000000000000e+03
1.653600000000000000e+04
6.346000000000000000e+03
2.981000000000000000e+03
1.066000000000000000e+04
5.350000000000000000e+03
9.913000000000000000e+03
1.053400000000000000e+04
1.165400000000000000e+04
1.793400000000000000e+04
1.974000000000000000e+03
6.232000000000000000e+03
3.951000000000000000e+03
6.501000000000000000e+03
6.741000000000000000e+03
2.979000000000000000e+03
5.397000000000000000e+03
9.422000000000000000e+03
1.289800000000000000e+04
3.970000000000000000e+03
7.184000000000000000e+03
1.469100000000000000e+04
5.386000000000000000e+03
5.080000000000000000e+03
6.612000000000000000e+03
2.896000000000000000e+03
2.956000000000000000e+03
2.313300000000000000e+04
4.622000000000000000e+03
1.036500000000000000e+04
5.993000000000000000e+03
3.926000000000000000e+03
6.018000000000000000e+03
6.257000000000000000e+03
5.229000000000000000e+03
2.648000000000000000e+03
4.802000000000000000e+03
1.347600000000000000e+04
1.641900000000000000e+04
4.241000000000000000e+03
8.447000000000000000e+03
3.908000000000000000e+03
4.109000000000000000e+03
1.141200000000000000e+04
5.622000000000000000e+03
3.733000000000000000e+03
6.395000000000000000e+03
2.663000000000000000e+03
6.349000000000000000e+03
5.801000000000000000e+03
7.073000000000000000e+03
2.067100000000000000e+04
9.503000000000000000e+03
9.981000000000000000e+03
6.423000000000000000e+03
6.605000000000000000e+03
6.767000000000000000e+03
5.120000000000000000e+03
2.644000000000000000e+03
6.989000000000000000e+03
1.355900000000000000e+04
9.639000000000000000e+03
6.113000000000000000e+03
8.807000000000000000e+03
1.145800000000000000e+04
3.181000000000000000e+03
6.252000000000000000e+03
3.366300000000000000e+04
8.384000000000000000e+03
3.247000000000000000e+03
4.033000000000000000e+03
2.623900000000000000e+04
3.133200000000000000e+04
5.203000000000000000e+03
1.257200000000000000e+04
4.418000000000000000e+03
9.049000000000000000e+03
2.437000000000000000e+03
7.555000000000000000e+03
3.822000000000000000e+03
4.101000000000000000e+03
7.701000000000000000e+03
5.245000000000000000e+03
3.808000000000000000e+03
4.379000000000000000e+03
1.230100000000000000e+04
1.437700000000000000e+04
5.913000000000000000e+03
1.326200000000000000e+04
1.064700000000000000e+04
2.014700000000000000e+04
6.767000000000000000e+03
1.004600000000000000e+04
6.169000000000000000e+03
4.856000000000000000e+03
4.954000000000000000e+03
1.231000000000000000e+04
6.333000000000000000e+03
7.883000000000000000e+03
1.302600000000000000e+04
1.580700000000000000e+04
5.016000000000000000e+03
9.325000000000000000e+03
5.502000000000000000e+03
8.582000000000000000e+03
5.017000000000000000e+03
3.038000000000000000e+03
1.077200000000000000e+04
2.215500000000000000e+04
3.866000000000000000e+03
4.676000000000000000e+03
1.269000000000000000e+03
1.373600000000000000e+04
5.227000000000000000e+03
4.463000000000000000e+03
1.493800000000000000e+04
2.590000000000000000e+03
8.327000000000000000e+03
7.413000000000000000e+03
5.100000000000000000e+03
1.037600000000000000e+04
8.945000000000000000e+03
1.174200000000000000e+04
9.269000000000000000e+03
1.895900000000000000e+04
7.058000000000000000e+03
3.226000000000000000e+03
4.678000000000000000e+03
3.187000000000000000e+03
6.573000000000000000e+03
5.918000000000000000e+03
1.184700000000000000e+04
1.157400000000000000e+04
3.518000000000000000e+03
9.335000000000000000e+03
5.763000000000000000e+03
1.610300000000000000e+04
1.662600000000000000e+04
3.566000000000000000e+03
7.452000000000000000e+03
1.552100000000000000e+04
4.488000000000000000e+03
2.394300000000000000e+04
5.408000000000000000e+03
1.687600000000000000e+04
9.848000000000000000e+03
3.316000000000000000e+03
6.833000000000000000e+03
7.012000000000000000e+03
1.363500000000000000e+04
1.521000000000000000e+04
1.774700000000000000e+04
3.941000000000000000e+03
1.452700000000000000e+04
2.530000000000000000e+03
1.882700000000000000e+04
6.623000000000000000e+03
3.367000000000000000e+03
1.534900000000000000e+04
8.386000000000000000e+03
1.062300000000000000e+04
3.691000000000000000e+03
1.814400000000000000e+04
4.644000000000000000e+03
4.771000000000000000e+03
5.442000000000000000e+03
8.361000000000000000e+03
8.753000000000000000e+03
2.645000000000000000e+03
6.894000000000000000e+03
3.560000000000000000e+03
8.096000000000000000e+03
1.116200000000000000e+04
3.638000000000000000e+03
3.324000000000000000e+03
4.139000000000000000e+03
1.243900000000000000e+04
1.547300000000000000e+04
3.709000000000000000e+03
1.927400000000000000e+04
2.797000000000000000e+03
3.165000000000000000e+03
3.395800000000000000e+04
1.203200000000000000e+04
4.348000000000000000e+03
5.348000000000000000e+03
1.239600000000000000e+04
1.849800000000000000e+04
9.070000000000000000e+03
7.699000000000000000e+03
3.819000000000000000e+03
4.352000000000000000e+03
3.419000000000000000e+03
1.195600000000000000e+04
3.989000000000000000e+03
5.450000000000000000e+03
1.137000000000000000e+04
2.832000000000000000e+03
8.266000000000000000e+03
4.756000000000000000e+03
9.942000000000000000e+03
5.756000000000000000e+03
3.249000000000000000e+03
5.138000000000000000e+03
8.826000000000000000e+03
2.359200000000000000e+04
6.642000000000000000e+03
7.264000000000000000e+03
2.649000000000000000e+03
6.029000000000000000e+03
6.255000000000000000e+03
1.686000000000000000e+03
8.513000000000000000e+03
6.611000000000000000e+03
6.835000000000000000e+03
1.186100000000000000e+04
3.051000000000000000e+03
7.168000000000000000e+03
1.200300000000000000e+04
1.311100000000000000e+04
2.608000000000000000e+03
5.436000000000000000e+03
6.715000000000000000e+03
5.589000000000000000e+03
6.182000000000000000e+03
5.617000000000000000e+03
6.501000000000000000e+03
6.526000000000000000e+03
2.748800000000000000e+04
7.941000000000000000e+03
8.304000000000000000e+03
2.069000000000000000e+03
1.170900000000000000e+04
7.754000000000000000e+03
1.429700000000000000e+04
6.653000000000000000e+03
6.271000000000000000e+03
7.552000000000000000e+03
2.613000000000000000e+03
5.033000000000000000e+03
5.287000000000000000e+03
7.171000000000000000e+03
8.845000000000000000e+03
2.823600000000000000e+04
1.314200000000000000e+04
3.060000000000000000e+04
6.952000000000000000e+03
2.818000000000000000e+03
6.791000000000000000e+03
9.997000000000000000e+03
6.963000000000000000e+03
1.293000000000000000e+04
2.179400000000000000e+04
3.802000000000000000e+03
2.755000000000000000e+03
2.882000000000000000e+03
1.509600000000000000e+04
4.881000000000000000e+03
7.279000000000000000e+03
7.642000000000000000e+03
4.892000000000000000e+03
1.216300000000000000e+04
9.277000000000000000e+03
1.743000000000000000e+04
5.634000000000000000e+03
1.225900000000000000e+04
7.166000000000000000e+03
1.444200000000000000e+04
3.012000000000000000e+03
6.968000000000000000e+03
3.735000000000000000e+03
7.932000000000000000e+03
8.415000000000000000e+03
2.542300000000000000e+04
1.003200000000000000e+04
5.091000000000000000e+03
6.963000000000000000e+03
4.016000000000000000e+03
1.068100000000000000e+04
3.798000000000000000e+03
6.255000000000000000e+03
2.799000000000000000e+03
3.855000000000000000e+03
1.071900000000000000e+04
1.422300000000000000e+04
3.482000000000000000e+03
4.209000000000000000e+03
5.223000000000000000e+03
4.969000000000000000e+03
6.177000000000000000e+03
1.097200000000000000e+04
5.305000000000000000e+03
8.258000000000000000e+03
2.851000000000000000e+03
7.002000000000000000e+03
8.870000000000000000e+03
6.989000000000000000e+03
1.679500000000000000e+04
8.891000000000000000e+03
9.647000000000000000e+03
8.938000000000000000e+03
9.968000000000000000e+03
5.572000000000000000e+03
6.215000000000000000e+03
2.763000000000000000e+04
3.635000000000000000e+03
7.095000000000000000e+03
7.488000000000000000e+03
8.156000000000000000e+03
3.909000000000000000e+03
1.854000000000000000e+03
8.923000000000000000e+03
6.307000000000000000e+03
1.357800000000000000e+04
5.689000000000000000e+03
6.459000000000000000e+03
7.408000000000000000e+03
7.329000000000000000e+03
5.265000000000000000e+03
1.195700000000000000e+04
8.772000000000000000e+03
4.659000000000000000e+03
5.373000000000000000e+03
3.455000000000000000e+03
6.936000000000000000e+03
1.695200000000000000e+04
5.307000000000000000e+03
6.717000000000000000e+03
9.759000000000000000e+03
6.288000000000000000e+03
1.164400000000000000e+04
6.589000000000000000e+03
9.735000000000000000e+03
1.244900000000000000e+04
2.406000000000000000e+03
4.870000000000000000e+03
1.198700000000000000e+04
8.132000000000000000e+03
1.166800000000000000e+04
6.596000000000000000e+03
1.406700000000000000e+04
5.739000000000000000e+03
6.372000000000000000e+03
9.861000000000000000e+03
2.894000000000000000e+03
6.625000000000000000e+03
1.627900000000000000e+04
9.386000000000000000e+03
7.067000000000000000e+03
9.883000000000000000e+03
1.534100000000000000e+04
2.977000000000000000e+03
4.919000000000000000e+03
5.730000000000000000e+03
5.027000000000000000e+03
1.033400000000000000e+04
1.127500000000000000e+04
7.199000000000000000e+03
4.746000000000000000e+03
1.417700000000000000e+04
4.060000000000000000e+03
6.058000000000000000e+03
6.917000000000000000e+03
8.431000000000000000e+03
1.255300000000000000e+04
3.304000000000000000e+03
6.748000000000000000e+03
1.291900000000000000e+04
3.414000000000000000e+03
4.705000000000000000e+03
1.031300000000000000e+04
5.361000000000000000e+03
4.354000000000000000e+03
1.451400000000000000e+04
4.217000000000000000e+03
1.035500000000000000e+04
6.145000000000000000e+03
1.133600000000000000e+04
6.413000000000000000e+03
5.033000000000000000e+03
4.291000000000000000e+03
5.787000000000000000e+03
1.486900000000000000e+04
6.408000000000000000e+03
1.442900000000000000e+04
6.281000000000000000e+03
3.640400000000000000e+04
5.265000000000000000e+03
1.762500000000000000e+04
1.623600000000000000e+04
4.283000000000000000e+03
3.416000000000000000e+03
3.501000000000000000e+03
3.899000000000000000e+03
9.911000000000000000e+03
3.087000000000000000e+03
3.124000000000000000e+03
1.025200000000000000e+04
1.414700000000000000e+04
1.019200000000000000e+04
6.006000000000000000e+03
6.707000000000000000e+03
8.586000000000000000e+03
5.902000000000000000e+03
6.772000000000000000e+03
9.287000000000000000e+03
4.863000000000000000e+03
6.521000000000000000e+03
8.615000000000000000e+03
6.904000000000000000e+03
2.620300000000000000e+04
1.241300000000000000e+04
3.152000000000000000e+03
1.097700000000000000e+04
2.152400000000000000e+04
3.421300000000000000e+04
6.250000000000000000e+03
3.401000000000000000e+03
9.535000000000000000e+03
1.134800000000000000e+04
4.275000000000000000e+03
3.259000000000000000e+03
1.794700000000000000e+04
1.233000000000000000e+04
7.499000000000000000e+03
2.116000000000000000e+03
6.357000000000000000e+03
9.386000000000000000e+03
4.176000000000000000e+03
5.710000000000000000e+03
6.343000000000000000e+03
4.517000000000000000e+03
5.858000000000000000e+03
5.679000000000000000e+03
4.421000000000000000e+03
1.292800000000000000e+04
1.697800000000000000e+04
1.145800000000000000e+04
1.695400000000000000e+04
6.195000000000000000e+03
1.386300000000000000e+04
1.216900000000000000e+04
6.008000000000000000e+03
1.068000000000000000e+04
7.175000000000000000e+03
2.440200000000000000e+04
1.661300000000000000e+04
6.178000000000000000e+03
2.406300000000000000e+04
4.381000000000000000e+03
1.869900000000000000e+04
1.484700000000000000e+04
5.651000000000000000e+03
2.157200000000000000e+04
5.928000000000000000e+03
4.075000000000000000e+03
6.169000000000000000e+03
5.856000000000000000e+03
4.592000000000000000e+03
1.607600000000000000e+04
2.840300000000000000e+04
9.899000000000000000e+03
9.341000000000000000e+03
1.835600000000000000e+04
5.460000000000000000e+03
7.093000000000000000e+03
9.098000000000000000e+03
6.817000000000000000e+03
5.444000000000000000e+03
4.963000000000000000e+03
1.116900000000000000e+04
2.161600000000000000e+04
8.891000000000000000e+03
9.582000000000000000e+03
5.637000000000000000e+03
1.111300000000000000e+04
4.866000000000000000e+03
4.927000000000000000e+03
2.902000000000000000e+03
8.181000000000000000e+03
1.082500000000000000e+04
1.362400000000000000e+04
6.541000000000000000e+03
9.881000000000000000e+03
5.698000000000000000e+03
4.589000000000000000e+03
4.953000000000000000e+03
5.046000000000000000e+03
1.170700000000000000e+04
6.109000000000000000e+03
2.228900000000000000e+04
6.593000000000000000e+03
8.454000000000000000e+03
5.457000000000000000e+03
2.090500000000000000e+04
9.483000000000000000e+03
4.858000000000000000e+03
4.575000000000000000e+03
1.044400000000000000e+04
9.642000000000000000e+03
1.399800000000000000e+04
7.752000000000000000e+03
3.559000000000000000e+03
1.776800000000000000e+04
1.078000000000000000e+04
3.743000000000000000e+03
9.884000000000000000e+03
8.533000000000000000e+03
2.026000000000000000e+03
1.013800000000000000e+04
5.016000000000000000e+03
5.963000000000000000e+03
2.977000000000000000e+03
9.067000000000000000e+03
1.111000000000000000e+04
4.791000000000000000e+03
5.784000000000000000e+03
7.720000000000000000e+03
6.421000000000000000e+03
8.031000000000000000e+03
6.805000000000000000e+03
4.754000000000000000e+03
5.803000000000000000e+03
7.554000000000000000e+03
5.791000000000000000e+03
1.408700000000000000e+04
3.251000000000000000e+03
4.266000000000000000e+03
7.443000000000000000e+03
1.015300000000000000e+04
1.660500000000000000e+04
6.692000000000000000e+03
1.106300000000000000e+04
3.868000000000000000e+03
8.881000000000000000e+03
5.172000000000000000e+03
4.577000000000000000e+03
8.092000000000000000e+03
1.009800000000000000e+04
6.844000000000000000e+03
5.727000000000000000e+03
3.473000000000000000e+03
1.046200000000000000e+04
3.255000000000000000e+03
4.006000000000000000e+03
7.160000000000000000e+03
9.215000000000000000e+03
8.120000000000000000e+03
2.582000000000000000e+03
7.904000000000000000e+03
1.100000000000000000e+04
1.351700000000000000e+04
5.688000000000000000e+03
7.084000000000000000e+03
7.337000000000000000e+03
5.847000000000000000e+03
1.157900000000000000e+04
4.565000000000000000e+03
1.547900000000000000e+04
6.413000000000000000e+03
6.713000000000000000e+03
4.661000000000000000e+03
4.356000000000000000e+03
3.833000000000000000e+03
2.445000000000000000e+03
3.705000000000000000e+03
1.964400000000000000e+04
2.216900000000000000e+04
7.031000000000000000e+03
7.950000000000000000e+03
1.319300000000000000e+04
1.707200000000000000e+04
5.636000000000000000e+03
3.260000000000000000e+03
3.913000000000000000e+03
1.055900000000000000e+04
5.948000000000000000e+03
1.174600000000000000e+04
1.253500000000000000e+04
4.331000000000000000e+03
8.587000000000000000e+03
7.751000000000000000e+03
1.626400000000000000e+04
8.750000000000000000e+03
4.795000000000000000e+03
5.261000000000000000e+03
1.164600000000000000e+04
1.122600000000000000e+04
1.644100000000000000e+04
1.001900000000000000e+04
3.692000000000000000e+03
4.469000000000000000e+03
2.198000000000000000e+03
6.139000000000000000e+03
1.388000000000000000e+04
1.006200000000000000e+04
4.267000000000000000e+03
5.647000000000000000e+03
1.107700000000000000e+04
1.740200000000000000e+04
7.759000000000000000e+03
9.543000000000000000e+03
