1.981600000000000000e+04
7.627000000000000000e+03
9.933000000000000000e+03
1.085500000000000000e+04
2.095500000000000000e+04
7.389000000000000000e+03
1.761800000000000000e+04
3.328700000000000000e+04
1.398200000000000000e+04
2.002000000000000000e+04
1.763100000000000000e+04
1.067500000000000000e+04
7.003000000000000000e+03
1.425800000000000000e+04
1.835100000000000000e+04
2.620200000000000000e+04
2.289700000000000000e+04
3.122800000000000000e+04
4.409900000000000000e+04
4.848000000000000000e+03
1.414100000000000000e+04
1.326600000000000000e+04
2.356900000000000000e+04
1.029800000000000000e+04
1.031400000000000000e+04
1.531400000000000000e+04
1.607800000000000000e+04
2.389200000000000000e+04
1.542700000000000000e+04
1.620000000000000000e+04
9.602000000000000000e+03
4.489300000000000000e+04
1.319300000000000000e+04
1.557300000000000000e+04
8.331000000000000000e+03
1.311300000000000000e+04
1.248300000000000000e+04
2.140400000000000000e+04
1.393400000000000000e+04
9.167000000000000000e+03
2.644700000000000000e+04
1.993000000000000000e+04
2.259100000000000000e+04
1.302400000000000000e+04
1.255100000000000000e+04
2.264200000000000000e+04
1.520000000000000000e+04
4.668000000000000000e+03
2.222800000000000000e+04
7.999000000000000000e+03
6.380000000000000000e+03
1.819700000000000000e+04
1.692300000000000000e+04
1.224100000000000000e+04
2.736300000000000000e+04
1.069800000000000000e+04
1.584000000000000000e+04
4.650000000000000000e+03
2.911400000000000000e+04
2.593000000000000000e+03
5.292000000000000000e+03
2.358300000000000000e+04
8.969000000000000000e+03
2.760700000000000000e+04
2.215900000000000000e+04
2.185300000000000000e+04
1.806700000000000000e+04
2.063400000000000000e+04
1.346800000000000000e+04
9.991000000000000000e+03
1.603300000000000000e+04
1.286800000000000000e+04
6.067100000000000000e+04
7.218000000000000000e+03
1.461000000000000000e+04
3.280800000000000000e+04
3.013100000000000000e+04
7.144000000000000000e+03
1.135800000000000000e+04
9.294000000000000000e+03
7.577000000000000000e+03
2.134600000000000000e+04
2.986000000000000000e+04
3.862900000000000000e+04
2.266500000000000000e+04
1.009000000000000000e+04
1.030800000000000000e+04
8.775000000000000000e+03
1.270400000000000000e+04
6.973000000000000000e+03
8.544300000000000000e+04
8.311000000000000000e+03
1.060700000000000000e+04
7.308000000000000000e+03
1.680800000000000000e+04
1.610000000000000000e+04
1.007900000000000000e+04
1.672400000000000000e+04
2.112800000000000000e+04
1.134400000000000000e+04
7.841000000000000000e+03
7.512000000000000000e+03
1.248400000000000000e+04
8.924000000000000000e+03
7.169000000000000000e+03
3.347600000000000000e+04
2.846200000000000000e+04
8.468000000000000000e+03
1.927700000000000000e+04
9.107000000000000000e+03
2.430300000000000000e+04
5.996000000000000000e+03
2.765300000000000000e+04
3.064400000000000000e+04
1.286100000000000000e+04
7.207000000000000000e+03
1.564500000000000000e+04
1.981500000000000000e+04
1.789900000000000000e+04
7.957000000000000000e+03
2.017400000000000000e+04
3.146600000000000000e+04
1.181100000000000000e+04
5.346000000000000000e+03
3.825300000000000000e+04
7.965000000000000000e+03
3.149600000000000000e+04
1.630600000000000000e+04
9.161000000000000000e+03
6.792000000000000000e+03
6.923000000000000000e+03
1.137800000000000000e+04
2.036600000000000000e+04
2.077400000000000000e+04
1.922300000000000000e+04
8.085000000000000000e+03
2.082700000000000000e+04
1.719400000000000000e+04
1.088800000000000000e+04
1.515800000000000000e+04
1.425400000000000000e+04
1.873500000000000000e+04
8.944000000000000000e+03
1.165200000000000000e+04
9.602000000000000000e+03
4.144500000000000000e+04
6.999000000000000000e+03
2.200600000000000000e+04
1.149200000000000000e+04
1.113600000000000000e+04
1.648200000000000000e+04
3.821000000000000000e+03
1.964800000000000000e+04
6.141000000000000000e+03
2.951700000000000000e+04
1.377000000000000000e+04
1.074200000000000000e+04
1.557000000000000000e+04
8.022000000000000000e+03
2.127600000000000000e+04
8.197000000000000000e+03
7.985000000000000000e+03
1.600900000000000000e+04
1.817200000000000000e+04
1.144400000000000000e+04
2.674500000000000000e+04
8.726000000000000000e+03
1.739600000000000000e+04
8.054000000000000000e+03
1.083900000000000000e+04
1.604400000000000000e+04
6.558000000000000000e+03
1.548700000000000000e+04
9.760000000000000000e+03
1.191600000000000000e+04
1.235400000000000000e+04
1.766900000000000000e+04
6.150000000000000000e+03
2.620700000000000000e+04
8.530000000000000000e+03
5.355000000000000000e+03
1.862500000000000000e+04
1.211300000000000000e+04
1.562900000000000000e+04
1.952800000000000000e+04
8.916000000000000000e+03
7.839000000000000000e+03
9.433000000000000000e+03
2.888200000000000000e+04
2.471900000000000000e+04
1.621500000000000000e+04
2.067000000000000000e+04
2.532400000000000000e+04
3.218000000000000000e+04
1.879300000000000000e+04
8.725000000000000000e+03
1.313100000000000000e+04
1.894000000000000000e+04
9.063000000000000000e+03
1.843300000000000000e+04
6.324000000000000000e+03
1.414400000000000000e+04
1.493000000000000000e+04
1.178200000000000000e+04
1.975800000000000000e+04
2.482400000000000000e+04
7.921000000000000000e+03
1.693000000000000000e+04
1.176800000000000000e+04
4.531500000000000000e+04
8.695000000000000000e+03
1.206300000000000000e+04
1.094600000000000000e+04
1.401000000000000000e+04
6.894000000000000000e+03
8.202000000000000000e+03
1.300400000000000000e+04
1.548600000000000000e+04
1.375700000000000000e+04
1.462900000000000000e+04
1.119700000000000000e+04
2.038200000000000000e+04
5.534000000000000000e+03
4.801000000000000000e+03
6.929000000000000000e+03
8.608000000000000000e+03
1.850600000000000000e+04
6.538000000000000000e+03
4.128300000000000000e+04
1.253000000000000000e+04
7.297000000000000000e+03
3.286800000000000000e+04
6.755000000000000000e+03
2.338600000000000000e+04
3.803100000000000000e+04
6.709000000000000000e+03
1.088600000000000000e+04
2.983700000000000000e+04
2.396800000000000000e+04
3.493000000000000000e+03
6.904000000000000000e+03
5.369000000000000000e+03
6.294000000000000000e+03
1.664600000000000000e+04
1.636000000000000000e+04
7.868000000000000000e+03
1.336400000000000000e+04
9.722000000000000000e+03
1.355500000000000000e+04
6.577000000000000000e+03
7.613000000000000000e+03
2.339700000000000000e+04
1.542700000000000000e+04
1.714700000000000000e+04
2.974200000000000000e+04
2.683100000000000000e+04
3.573200000000000000e+04
5.547000000000000000e+03
4.196000000000000000e+03
2.014700000000000000e+04
9.352000000000000000e+03
5.904800000000000000e+04
7.761000000000000000e+03
1.272900000000000000e+04
1.632700000000000000e+04
2.496400000000000000e+04
1.076200000000000000e+04
6.009000000000000000e+03
1.345100000000000000e+04
5.603800000000000000e+04
2.522700000000000000e+04
1.624300000000000000e+04
1.045700000000000000e+04
2.287800000000000000e+04
1.969200000000000000e+04
2.094600000000000000e+04
9.881000000000000000e+03
3.697700000000000000e+04
4.720000000000000000e+03
1.277500000000000000e+04
7.469000000000000000e+03
2.294000000000000000e+04
3.733100000000000000e+04
1.191600000000000000e+04
9.255000000000000000e+03
8.118000000000000000e+03
8.879000000000000000e+03
1.462900000000000000e+04
8.922000000000000000e+03
1.458800000000000000e+04
1.085000000000000000e+04
6.798000000000000000e+03
1.431700000000000000e+04
2.076700000000000000e+04
1.418600000000000000e+04
1.136400000000000000e+04
4.015000000000000000e+04
9.646000000000000000e+03
1.541900000000000000e+04
2.825300000000000000e+04
1.093200000000000000e+04
9.166000000000000000e+03
1.290700000000000000e+04
7.777000000000000000e+03
4.637700000000000000e+04
3.454600000000000000e+04
1.330600000000000000e+04
4.726000000000000000e+03
2.872700000000000000e+04
3.755000000000000000e+03
1.832300000000000000e+04
2.041600000000000000e+04
8.321000000000000000e+03
3.713700000000000000e+04
2.470100000000000000e+04
1.205300000000000000e+04
1.910900000000000000e+04
2.051800000000000000e+04
3.204200000000000000e+04
1.389600000000000000e+04
1.416400000000000000e+04
2.734400000000000000e+04
1.067800000000000000e+04
8.801000000000000000e+03
2.600400000000000000e+04
2.352300000000000000e+04
1.052600000000000000e+04
1.348500000000000000e+04
9.480000000000000000e+03
2.405400000000000000e+04
1.395400000000000000e+04
3.024700000000000000e+04
6.826000000000000000e+03
1.149300000000000000e+04
1.392400000000000000e+04
6.919000000000000000e+03
1.248900000000000000e+04
1.288800000000000000e+04
1.683900000000000000e+04
8.432000000000000000e+03
3.154900000000000000e+04
1.410600000000000000e+04
4.457200000000000000e+04
3.044600000000000000e+04
1.745000000000000000e+04
1.018800000000000000e+04
6.477000000000000000e+03
1.178500000000000000e+04
1.446600000000000000e+04
1.376500000000000000e+04
1.674000000000000000e+04
5.767000000000000000e+03
2.801600000000000000e+04
1.135000000000000000e+04
1.573600000000000000e+04
2.572600000000000000e+04
1.456600000000000000e+04
1.041700000000000000e+04
3.063100000000000000e+04
1.553700000000000000e+04
2.140700000000000000e+04
5.755000000000000000e+03
7.106000000000000000e+03
1.863000000000000000e+04
1.396800000000000000e+04
1.216300000000000000e+04
1.594500000000000000e+04
1.130200000000000000e+04
2.345100000000000000e+04
1.374700000000000000e+04
2.868500000000000000e+04
6.042000000000000000e+03
1.324900000000000000e+04
1.546700000000000000e+04
1.453200000000000000e+04
1.284100000000000000e+04
1.116600000000000000e+04
1.793500000000000000e+04
8.355000000000000000e+03
1.092600000000000000e+04
1.826800000000000000e+04
9.825000000000000000e+03
7.690000000000000000e+03
1.066100000000000000e+04
7.729000000000000000e+03
1.000600000000000000e+04
2.104500000000000000e+04
1.829100000000000000e+04
1.222800000000000000e+04
9.505000000000000000e+03
1.647800000000000000e+04
1.051600000000000000e+04
1.752300000000000000e+04
1.175700000000000000e+04
2.785600000000000000e+04
2.532700000000000000e+04
1.120300000000000000e+04
1.584000000000000000e+04
1.341000000000000000e+04
1.148900000000000000e+04
2.572700000000000000e+04
2.052100000000000000e+04
1.137500000000000000e+04
9.555000000000000000e+03
1.698800000000000000e+04
1.936700000000000000e+04
2.600900000000000000e+04
8.515000000000000000e+03
9.291000000000000000e+03
1.654200000000000000e+04
1.125200000000000000e+04
2.320400000000000000e+04
7.760000000000000000e+03
1.997100000000000000e+04
8.540000000000000000e+03
1.867900000000000000e+04
1.822500000000000000e+04
4.024400000000000000e+04
1.858300000000000000e+04
2.644200000000000000e+04
1.069600000000000000e+04
8.772000000000000000e+03
1.575900000000000000e+04
1.517100000000000000e+04
4.308700000000000000e+04
1.390800000000000000e+04
4.095000000000000000e+03
2.634200000000000000e+04
1.925000000000000000e+04
5.997000000000000000e+03
1.283900000000000000e+04
7.007000000000000000e+03
1.716900000000000000e+04
1.202600000000000000e+04
2.111000000000000000e+04
6.335000000000000000e+03
1.486300000000000000e+04
8.347000000000000000e+03
1.348700000000000000e+04
1.177800000000000000e+04
3.096300000000000000e+04
1.939600000000000000e+04
7.378000000000000000e+03
9.779000000000000000e+03
1.902900000000000000e+04
5.191000000000000000e+03
1.624800000000000000e+04
8.783000000000000000e+03
2.529800000000000000e+04
7.989000000000000000e+03
1.712300000000000000e+04
1.096400000000000000e+04
1.534200000000000000e+04
6.971000000000000000e+03
4.537100000000000000e+04
1.987300000000000000e+04
9.467000000000000000e+03
3.540800000000000000e+04
1.910400000000000000e+04
2.363200000000000000e+04
5.274000000000000000e+03
1.138100000000000000e+04
2.295000000000000000e+04
1.576500000000000000e+04
1.571500000000000000e+04
8.254000000000000000e+03
2.265800000000000000e+04
7.740000000000000000e+03
1.497600000000000000e+04
9.532000000000000000e+03
1.647200000000000000e+04
1.014400000000000000e+04
1.238200000000000000e+04
1.110700000000000000e+04
8.601000000000000000e+03
1.230700000000000000e+04
6.904000000000000000e+03
3.391300000000000000e+04
5.887000000000000000e+03
1.093500000000000000e+04
6.072000000000000000e+03
9.602000000000000000e+03
9.314000000000000000e+03
1.081900000000000000e+04
1.160000000000000000e+04
8.435000000000000000e+03
1.644500000000000000e+04
1.649300000000000000e+04
2.218500000000000000e+04
1.797500000000000000e+04
5.914000000000000000e+03
2.214100000000000000e+04
7.852000000000000000e+03
4.879000000000000000e+03
1.100500000000000000e+04
1.087200000000000000e+04
4.189800000000000000e+04
9.583000000000000000e+03
4.266000000000000000e+03
2.080600000000000000e+04
1.801700000000000000e+04
2.186700000000000000e+04
6.494000000000000000e+03
3.763000000000000000e+03
1.622100000000000000e+04
1.126100000000000000e+04
1.805600000000000000e+04
3.621100000000000000e+04
1.072000000000000000e+04
3.225900000000000000e+04
3.297700000000000000e+04
6.613000000000000000e+03
6.439000000000000000e+03
5.889000000000000000e+03
1.947600000000000000e+04
2.593200000000000000e+04
2.748400000000000000e+04
8.663000000000000000e+03
1.718500000000000000e+04
7.986000000000000000e+03
8.514000000000000000e+03
3.556900000000000000e+04
4.875000000000000000e+03
1.221100000000000000e+04
1.955500000000000000e+04
2.780100000000000000e+04
1.617000000000000000e+04
5.560000000000000000e+04
5.051500000000000000e+04
6.215000000000000000e+03
7.828000000000000000e+03
6.055000000000000000e+03
4.834000000000000000e+03
1.328500000000000000e+04
7.190000000000000000e+03
7.799000000000000000e+03
1.042000000000000000e+04
7.412000000000000000e+03
2.569100000000000000e+04
1.858300000000000000e+04
1.002300000000000000e+04
2.087100000000000000e+04
1.256300000000000000e+04
1.533900000000000000e+04
2.753400000000000000e+04
1.053300000000000000e+04
1.241200000000000000e+04
2.032300000000000000e+04
2.260100000000000000e+04
7.755000000000000000e+03
1.241500000000000000e+04
3.477000000000000000e+03
3.311000000000000000e+04
1.573100000000000000e+04
3.019700000000000000e+04
3.265000000000000000e+04
3.147700000000000000e+04
1.506600000000000000e+04
5.842000000000000000e+03
2.974500000000000000e+04
9.207000000000000000e+03
4.273200000000000000e+04
1.034400000000000000e+04
2.465800000000000000e+04
5.604000000000000000e+03
8.516000000000000000e+03
9.002000000000000000e+03
3.773600000000000000e+04
2.136200000000000000e+04
1.830500000000000000e+04
1.193700000000000000e+04
2.487300000000000000e+04
9.356000000000000000e+03
9.364000000000000000e+03
7.695000000000000000e+03
1.405300000000000000e+04
1.569300000000000000e+04
1.859000000000000000e+04
8.192000000000000000e+03
1.446500000000000000e+04
1.016600000000000000e+04
1.261000000000000000e+04
8.721000000000000000e+03
1.465200000000000000e+04
6.414000000000000000e+03
3.364800000000000000e+04
5.465000000000000000e+03
9.203000000000000000e+03
7.745000000000000000e+03
1.191700000000000000e+04
2.324500000000000000e+04
2.195400000000000000e+04
7.961000000000000000e+03
5.842000000000000000e+03
5.607000000000000000e+03
2.095600000000000000e+04
2.277600000000000000e+04
6.482000000000000000e+03
1.578200000000000000e+04
4.949200000000000000e+04
1.558400000000000000e+04
3.259100000000000000e+04
1.311300000000000000e+04
2.375100000000000000e+04
1.380000000000000000e+04
9.035000000000000000e+03
1.361400000000000000e+04
2.174000000000000000e+04
8.286000000000000000e+03
1.458300000000000000e+04
1.390400000000000000e+04
8.877000000000000000e+03
1.417400000000000000e+04
1.811100000000000000e+04
1.252700000000000000e+04
3.437200000000000000e+04
1.748000000000000000e+04
5.947000000000000000e+03
1.046300000000000000e+04
7.360000000000000000e+03
2.072000000000000000e+04
2.520700000000000000e+04
1.795100000000000000e+04
1.990000000000000000e+04
1.291900000000000000e+04
1.803700000000000000e+04
8.455000000000000000e+03
1.725000000000000000e+04
4.971000000000000000e+03
1.918000000000000000e+04
1.725300000000000000e+04
5.797000000000000000e+03
1.640400000000000000e+04
1.739200000000000000e+04
1.697600000000000000e+04
2.629100000000000000e+04
9.490000000000000000e+03
3.393800000000000000e+04
1.303800000000000000e+04
2.537200000000000000e+04
1.675600000000000000e+04
1.129200000000000000e+04
1.950900000000000000e+04
2.521600000000000000e+04
4.666000000000000000e+03
1.542900000000000000e+04
1.274600000000000000e+04
6.250000000000000000e+03
1.393600000000000000e+04
1.047300000000000000e+04
2.943900000000000000e+04
1.369500000000000000e+04
9.272000000000000000e+03
2.714100000000000000e+04
6.372000000000000000e+03
1.635800000000000000e+04
3.446700000000000000e+04
1.190100000000000000e+04
2.007000000000000000e+04
1.836700000000000000e+04
1.322100000000000000e+04
1.236200000000000000e+04
1.514400000000000000e+04
9.934000000000000000e+03
9.826000000000000000e+03
1.108100000000000000e+04
8.285000000000000000e+03
1.455800000000000000e+04
1.613200000000000000e+04
1.490500000000000000e+04
5.132000000000000000e+03
9.794000000000000000e+03
1.265800000000000000e+04
3.386600000000000000e+04
7.940000000000000000e+03
7.274000000000000000e+03
2.077700000000000000e+04
5.960000000000000000e+03
2.586000000000000000e+04
8.898000000000000000e+03
1.451900000000000000e+04
1.299900000000000000e+04
1.266100000000000000e+04
2.617000000000000000e+03
1.403300000000000000e+04
4.074000000000000000e+03
1.749900000000000000e+04
1.408900000000000000e+04
8.964000000000000000e+03
6.590000000000000000e+03
3.199000000000000000e+03
2.656800000000000000e+04
2.049100000000000000e+04
2.207500000000000000e+04
1.546100000000000000e+04
6.291000000000000000e+03
8.143000000000000000e+03
8.307000000000000000e+03
1.062500000000000000e+04
1.028900000000000000e+04
8.948000000000000000e+03
3.326000000000000000e+03
1.093500000000000000e+04
8.416000000000000000e+03
5.864000000000000000e+03
1.717800000000000000e+04
5.165100000000000000e+04
1.294700000000000000e+04
2.660200000000000000e+04
7.202000000000000000e+03
1.426700000000000000e+04
1.086000000000000000e+04
2.526900000000000000e+04
1.496900000000000000e+04
1.973400000000000000e+04
1.825800000000000000e+04
2.110000000000000000e+04
2.336200000000000000e+04
1.386100000000000000e+04
8.789000000000000000e+03
1.659100000000000000e+04
8.242000000000000000e+03
1.611600000000000000e+04
1.211200000000000000e+04
4.124000000000000000e+03
1.319300000000000000e+04
6.506000000000000000e+03
1.316100000000000000e+04
2.083300000000000000e+04
6.049000000000000000e+03
1.541200000000000000e+04
2.115500000000000000e+04
1.085400000000000000e+04
9.268000000000000000e+03
1.624800000000000000e+04
5.690000000000000000e+04
1.555000000000000000e+04
1.027200000000000000e+04
4.996000000000000000e+04
5.404000000000000000e+03
6.165000000000000000e+03
1.685800000000000000e+04
6.404000000000000000e+03
1.171600000000000000e+04
8.607000000000000000e+03
6.526000000000000000e+03
9.320000000000000000e+03
9.832000000000000000e+03
9.518000000000000000e+03
1.194600000000000000e+04
9.656000000000000000e+03
1.109200000000000000e+04
2.205100000000000000e+04
1.932600000000000000e+04
6.585000000000000000e+03
1.163400000000000000e+04
2.512100000000000000e+04
1.985300000000000000e+04
3.776100000000000000e+04
1.320600000000000000e+04
6.393000000000000000e+03
7.361000000000000000e+03
7.126000000000000000e+03
5.632300000000000000e+04
2.390700000000000000e+04
2.101000000000000000e+04
8.110000000000000000e+03
3.921200000000000000e+04
1.878300000000000000e+04
6.895000000000000000e+03
1.847900000000000000e+04
7.544000000000000000e+03
8.725000000000000000e+03
3.012500000000000000e+04
1.691600000000000000e+04
2.494100000000000000e+04
2.731700000000000000e+04
2.398900000000000000e+04
1.969300000000000000e+04
1.028700000000000000e+04
1.448700000000000000e+04
1.632500000000000000e+04
1.564300000000000000e+04
3.511900000000000000e+04
1.232600000000000000e+04
1.285400000000000000e+04
7.823000000000000000e+03
2.253800000000000000e+04
1.732400000000000000e+04
6.402000000000000000e+03
4.393000000000000000e+03
1.207600000000000000e+04
1.605300000000000000e+04
9.135000000000000000e+03
1.028200000000000000e+04
8.515000000000000000e+03
1.789500000000000000e+04
2.656200000000000000e+04
2.675900000000000000e+04
9.692000000000000000e+03
5.851000000000000000e+03
1.807300000000000000e+04
8.995000000000000000e+03
6.474700000000000000e+04
4.257100000000000000e+04
1.307800000000000000e+04
1.773200000000000000e+04
6.563000000000000000e+03
2.577000000000000000e+03
7.100000000000000000e+03
1.800000000000000000e+04
1.816600000000000000e+04
1.947200000000000000e+04
2.341900000000000000e+04
1.476900000000000000e+04
4.594500000000000000e+04
2.071900000000000000e+04
2.395700000000000000e+04
1.097700000000000000e+04
1.234500000000000000e+04
7.708000000000000000e+03
1.510300000000000000e+04
1.436100000000000000e+04
2.078900000000000000e+04
1.101700000000000000e+04
9.912000000000000000e+03
2.060100000000000000e+04
1.846000000000000000e+04
6.632000000000000000e+03
4.651000000000000000e+03
2.454700000000000000e+04
5.452000000000000000e+03
9.566000000000000000e+03
1.054100000000000000e+04
9.705000000000000000e+03
7.799000000000000000e+03
1.415600000000000000e+04
1.296900000000000000e+04
1.051600000000000000e+04
1.960900000000000000e+04
1.894400000000000000e+04
7.458000000000000000e+03
7.853000000000000000e+03
8.037000000000000000e+03
8.900000000000000000e+03
8.395000000000000000e+03
2.221900000000000000e+04
2.206600000000000000e+04
1.516100000000000000e+04
1.567300000000000000e+04
6.451000000000000000e+03
7.041000000000000000e+03
7.428000000000000000e+03
2.435700000000000000e+04
1.105900000000000000e+04
4.433900000000000000e+04
9.992000000000000000e+03
1.164800000000000000e+04
1.142600000000000000e+04
1.377600000000000000e+04
9.212000000000000000e+03
1.459400000000000000e+04
2.131400000000000000e+04
7.344000000000000000e+03
6.402000000000000000e+03
1.372700000000000000e+04
1.335900000000000000e+04
6.251000000000000000e+03
1.222800000000000000e+04
9.333000000000000000e+03
1.487100000000000000e+04
5.873000000000000000e+03
1.174700000000000000e+04
1.296400000000000000e+04
1.470700000000000000e+04
4.867000000000000000e+03
1.715100000000000000e+04
2.681800000000000000e+04
1.350400000000000000e+04
1.414000000000000000e+04
1.410400000000000000e+04
2.810500000000000000e+04
7.908000000000000000e+03
8.874000000000000000e+03
9.328000000000000000e+03
1.273200000000000000e+04
1.586100000000000000e+04
7.991000000000000000e+03
1.034500000000000000e+04
1.190100000000000000e+04
7.746000000000000000e+03
1.748100000000000000e+04
2.361400000000000000e+04
7.905000000000000000e+03
5.545000000000000000e+03
3.753200000000000000e+04
2.326300000000000000e+04
1.556000000000000000e+04
1.769900000000000000e+04
5.366000000000000000e+03
1.149600000000000000e+04
2.825900000000000000e+04
1.053900000000000000e+04
2.025500000000000000e+04
7.663000000000000000e+03
1.307100000000000000e+04
3.899200000000000000e+04
3.998300000000000000e+04
2.111200000000000000e+04
8.648000000000000000e+03
2.119200000000000000e+04
1.895000000000000000e+04
3.198300000000000000e+04
2.760600000000000000e+04
1.160300000000000000e+04
2.246100000000000000e+04
1.049200000000000000e+04
2.518000000000000000e+04
1.010300000000000000e+04
8.091000000000000000e+03
1.854400000000000000e+04
1.982600000000000000e+04
2.961700000000000000e+04
5.641000000000000000e+03
2.578600000000000000e+04
8.146000000000000000e+03
7.805000000000000000e+03
2.269800000000000000e+04
1.042000000000000000e+04
1.830600000000000000e+04
1.425600000000000000e+04
1.567100000000000000e+04
4.933000000000000000e+03
1.850700000000000000e+04
6.816000000000000000e+03
2.088300000000000000e+04
7.440000000000000000e+03
1.222000000000000000e+04
1.055500000000000000e+04
7.056000000000000000e+03
6.474000000000000000e+03
3.493300000000000000e+04
1.206600000000000000e+04
2.684200000000000000e+04
1.601700000000000000e+04
2.145000000000000000e+04
1.577500000000000000e+04
1.752000000000000000e+04
9.169000000000000000e+03
1.888200000000000000e+04
2.011700000000000000e+04
1.146500000000000000e+04
8.822000000000000000e+03
1.728600000000000000e+04
1.145100000000000000e+04
1.790100000000000000e+04
1.419100000000000000e+04
2.008000000000000000e+04
1.317300000000000000e+04
1.916000000000000000e+04
3.570300000000000000e+04
1.895900000000000000e+04
1.031900000000000000e+04
9.425000000000000000e+03
2.428700000000000000e+04
2.050900000000000000e+04
7.362000000000000000e+03
7.560000000000000000e+03
1.081100000000000000e+04
1.709700000000000000e+04
3.113400000000000000e+04
1.893000000000000000e+04
1.116800000000000000e+04
8.612000000000000000e+03
5.165000000000000000e+03
5.675900000000000000e+04
1.966700000000000000e+04
5.866000000000000000e+03
1.109900000000000000e+04
7.639000000000000000e+03
1.308300000000000000e+04
9.793000000000000000e+03
9.832000000000000000e+03
5.350000000000000000e+03
2.918500000000000000e+04
1.352600000000000000e+04
2.184700000000000000e+04
6.181000000000000000e+03
1.952800000000000000e+04
8.773000000000000000e+03
1.180000000000000000e+04
8.260000000000000000e+03
1.189600000000000000e+04
1.011000000000000000e+04
2.145500000000000000e+04
3.118100000000000000e+04
3.469000000000000000e+03
1.272500000000000000e+04
1.911900000000000000e+04
8.054000000000000000e+03
