1.410600000000000000e+04
1.540000000000000000e+04
7.823000000000000000e+03
1.322200000000000000e+04
2.184100000000000000e+04
7.243000000000000000e+03
3.961000000000000000e+03
1.876400000000000000e+04
1.525100000000000000e+04
2.108000000000000000e+04
8.721000000000000000e+03
1.709500000000000000e+04
5.950000000000000000e+03
1.057100000000000000e+04
1.331200000000000000e+04
1.548300000000000000e+04
3.334600000000000000e+04
2.952100000000000000e+04
6.647000000000000000e+03
9.816000000000000000e+03
6.899000000000000000e+03
9.494000000000000000e+03
7.958000000000000000e+03
3.058700000000000000e+04
2.542100000000000000e+04
9.551000000000000000e+03
1.637900000000000000e+04
2.023800000000000000e+04
5.786000000000000000e+03
1.959000000000000000e+04
4.188000000000000000e+04
5.468000000000000000e+03
1.307100000000000000e+04
1.099600000000000000e+04
2.002400000000000000e+04
1.280600000000000000e+04
9.054000000000000000e+03
6.562000000000000000e+03
9.007000000000000000e+03
1.620400000000000000e+04
5.797000000000000000e+03
1.745100000000000000e+04
1.034100000000000000e+04
2.478200000000000000e+04
4.462000000000000000e+03
1.437000000000000000e+04
1.115600000000000000e+04
1.848700000000000000e+04
1.198000000000000000e+04
1.648000000000000000e+04
3.582000000000000000e+03
8.069000000000000000e+03
2.410300000000000000e+04
1.320700000000000000e+04
1.309600000000000000e+04
2.328100000000000000e+04
2.196400000000000000e+04
2.033600000000000000e+04
2.581400000000000000e+04
2.011600000000000000e+04
1.812200000000000000e+04
3.042200000000000000e+04
1.428900000000000000e+04
4.119800000000000000e+04
1.242300000000000000e+04
7.016000000000000000e+03
7.632000000000000000e+03
4.011600000000000000e+04
1.475200000000000000e+04
3.130800000000000000e+04
7.920000000000000000e+03
2.584400000000000000e+04
1.084500000000000000e+04
1.565300000000000000e+04
2.944800000000000000e+04
1.322100000000000000e+04
7.727000000000000000e+03
8.158000000000000000e+03
1.611500000000000000e+04
6.636000000000000000e+03
6.963000000000000000e+03
1.095300000000000000e+04
1.044400000000000000e+04
1.586500000000000000e+04
1.526700000000000000e+04
1.251200000000000000e+04
6.566000000000000000e+03
1.490800000000000000e+04
3.630300000000000000e+04
9.408000000000000000e+03
9.699000000000000000e+03
2.232500000000000000e+04
1.005700000000000000e+04
2.153100000000000000e+04
1.056200000000000000e+04
8.852000000000000000e+03
1.266500000000000000e+04
1.470100000000000000e+04
2.185700000000000000e+04
7.827000000000000000e+03
1.478300000000000000e+04
2.640400000000000000e+04
1.362300000000000000e+04
2.620400000000000000e+04
1.046400000000000000e+04
1.472400000000000000e+04
7.109000000000000000e+03
1.830100000000000000e+04
1.358000000000000000e+04
1.035700000000000000e+04
9.209000000000000000e+03
1.566700000000000000e+04
7.668000000000000000e+03
9.958000000000000000e+03
1.017900000000000000e+04
2.136400000000000000e+04
2.136500000000000000e+04
5.299000000000000000e+03
1.015600000000000000e+04
1.205700000000000000e+04
4.376200000000000000e+04
8.477000000000000000e+03
1.096400000000000000e+04
8.249000000000000000e+03
7.662000000000000000e+03
9.173000000000000000e+03
1.109600000000000000e+04
1.890200000000000000e+04
4.932000000000000000e+03
1.938000000000000000e+04
2.777200000000000000e+04
1.790100000000000000e+04
4.670700000000000000e+04
7.562000000000000000e+03
5.629000000000000000e+03
3.102400000000000000e+04
1.654800000000000000e+04
1.577500000000000000e+04
2.256700000000000000e+04
1.020500000000000000e+04
1.602300000000000000e+04
1.170900000000000000e+04
1.961900000000000000e+04
1.181400000000000000e+04
1.344200000000000000e+04
8.528000000000000000e+03
3.991000000000000000e+03
2.011200000000000000e+04
2.082700000000000000e+04
8.159000000000000000e+03
6.774000000000000000e+03
1.073900000000000000e+04
7.785000000000000000e+03
1.768900000000000000e+04
1.457100000000000000e+04
1.236200000000000000e+04
9.701000000000000000e+03
2.801400000000000000e+04
2.815000000000000000e+04
1.344400000000000000e+04
7.409000000000000000e+03
9.451000000000000000e+03
2.313700000000000000e+04
1.455600000000000000e+04
1.469700000000000000e+04
1.046200000000000000e+04
9.284000000000000000e+03
1.176700000000000000e+04
8.557000000000000000e+03
1.168700000000000000e+04
7.445000000000000000e+03
6.634000000000000000e+03
4.328000000000000000e+03
3.390400000000000000e+04
2.463700000000000000e+04
1.293400000000000000e+04
9.416000000000000000e+03
7.170000000000000000e+03
1.048700000000000000e+04
9.923000000000000000e+03
6.786000000000000000e+03
3.811000000000000000e+03
1.600800000000000000e+04
6.920000000000000000e+03
1.118400000000000000e+04
2.166100000000000000e+04
1.360500000000000000e+04
1.175800000000000000e+04
1.457200000000000000e+04
8.829000000000000000e+03
7.167000000000000000e+03
8.380000000000000000e+03
4.137000000000000000e+03
6.636000000000000000e+03
1.245100000000000000e+04
1.789200000000000000e+04
2.995700000000000000e+04
6.066000000000000000e+03
1.810500000000000000e+04
2.111000000000000000e+04
1.362400000000000000e+04
6.734000000000000000e+03
9.645000000000000000e+03
1.716900000000000000e+04
7.622000000000000000e+03
1.127800000000000000e+04
1.706700000000000000e+04
5.003000000000000000e+03
3.178700000000000000e+04
2.088300000000000000e+04
2.746300000000000000e+04
3.482200000000000000e+04
8.568000000000000000e+03
1.158300000000000000e+04
7.771000000000000000e+03
1.053000000000000000e+04
1.408900000000000000e+04
1.485500000000000000e+04
1.491700000000000000e+04
1.238800000000000000e+04
1.804100000000000000e+04
5.842000000000000000e+03
2.827600000000000000e+04
9.206000000000000000e+03
1.387200000000000000e+04
6.121000000000000000e+03
5.277000000000000000e+03
1.030400000000000000e+04
1.575500000000000000e+04
5.454000000000000000e+03
1.705000000000000000e+04
9.965000000000000000e+03
1.954100000000000000e+04
5.481000000000000000e+03
1.307500000000000000e+04
1.619400000000000000e+04
2.223100000000000000e+04
1.288600000000000000e+04
1.225800000000000000e+04
1.086700000000000000e+04
5.878000000000000000e+03
1.340400000000000000e+04
5.718000000000000000e+03
9.233000000000000000e+03
1.766700000000000000e+04
1.591700000000000000e+04
1.397200000000000000e+04
7.613000000000000000e+03
2.595000000000000000e+04
5.114000000000000000e+03
1.509500000000000000e+04
1.329500000000000000e+04
1.012100000000000000e+04
1.379000000000000000e+04
1.414200000000000000e+04
4.053000000000000000e+03
1.325600000000000000e+04
1.691900000000000000e+04
1.125500000000000000e+04
9.767000000000000000e+03
8.542000000000000000e+03
5.522000000000000000e+03
6.619000000000000000e+03
1.055200000000000000e+04
1.001200000000000000e+04
2.214200000000000000e+04
5.215000000000000000e+03
1.683200000000000000e+04
2.131400000000000000e+04
6.826000000000000000e+03
2.506500000000000000e+04
2.089000000000000000e+04
2.525200000000000000e+04
6.260000000000000000e+03
1.855700000000000000e+04
2.691000000000000000e+04
5.130000000000000000e+03
2.630700000000000000e+04
1.688800000000000000e+04
1.499200000000000000e+04
1.489900000000000000e+04
1.167900000000000000e+04
7.555000000000000000e+03
7.138000000000000000e+03
2.056500000000000000e+04
8.023000000000000000e+03
7.902000000000000000e+03
3.250100000000000000e+04
1.430200000000000000e+04
1.754200000000000000e+04
1.476100000000000000e+04
1.106100000000000000e+04
5.437000000000000000e+03
2.188300000000000000e+04
4.122600000000000000e+04
1.476700000000000000e+04
8.793000000000000000e+03
1.015000000000000000e+04
1.235300000000000000e+04
1.716600000000000000e+04
1.712500000000000000e+04
1.961700000000000000e+04
1.806700000000000000e+04
1.276300000000000000e+04
9.808000000000000000e+03
1.121600000000000000e+04
1.318900000000000000e+04
8.223000000000000000e+03
6.135000000000000000e+03
5.488000000000000000e+03
1.710200000000000000e+04
4.684000000000000000e+03
2.810100000000000000e+04
4.258700000000000000e+04
1.660400000000000000e+04
6.984000000000000000e+03
9.903000000000000000e+03
1.238900000000000000e+04
1.818400000000000000e+04
1.376800000000000000e+04
1.702700000000000000e+04
5.905000000000000000e+03
7.164000000000000000e+03
7.766000000000000000e+03
5.418000000000000000e+03
9.204000000000000000e+03
1.228100000000000000e+04
5.470000000000000000e+03
5.588000000000000000e+03
1.860800000000000000e+04
1.130500000000000000e+04
1.141500000000000000e+04
5.997000000000000000e+03
1.352700000000000000e+04
7.534000000000000000e+03
9.794000000000000000e+03
2.511900000000000000e+04
5.605000000000000000e+03
2.774100000000000000e+04
1.675800000000000000e+04
4.718300000000000000e+04
8.342000000000000000e+03
1.210500000000000000e+04
8.397000000000000000e+03
1.242800000000000000e+04
5.242000000000000000e+03
8.484000000000000000e+03
3.961000000000000000e+04
2.441800000000000000e+04
1.088900000000000000e+04
1.185700000000000000e+04
3.204500000000000000e+04
1.232700000000000000e+04
2.134400000000000000e+04
1.673200000000000000e+04
3.025900000000000000e+04
1.264000000000000000e+04
2.249500000000000000e+04
6.463000000000000000e+03
2.485400000000000000e+04
1.013900000000000000e+04
1.345600000000000000e+04
4.035000000000000000e+03
1.386000000000000000e+04
1.921700000000000000e+04
5.577000000000000000e+03
1.525300000000000000e+04
9.852000000000000000e+03
2.902500000000000000e+04
1.918300000000000000e+04
4.210500000000000000e+04
9.057000000000000000e+03
7.780000000000000000e+03
1.589800000000000000e+04
1.094600000000000000e+04
2.394500000000000000e+04
1.143600000000000000e+04
1.516700000000000000e+04
1.637900000000000000e+04
9.526000000000000000e+03
6.359000000000000000e+03
1.325800000000000000e+04
1.616300000000000000e+04
7.236000000000000000e+03
8.103000000000000000e+03
1.562600000000000000e+04
2.617200000000000000e+04
1.946200000000000000e+04
8.005000000000000000e+03
9.102000000000000000e+03
8.655000000000000000e+03
1.528000000000000000e+04
5.091000000000000000e+03
5.389000000000000000e+03
1.201200000000000000e+04
1.288400000000000000e+04
1.350800000000000000e+04
9.757000000000000000e+03
4.631000000000000000e+03
2.084600000000000000e+04
1.006300000000000000e+04
2.944300000000000000e+04
1.062900000000000000e+04
9.576000000000000000e+03
1.874300000000000000e+04
7.652000000000000000e+03
2.200600000000000000e+04
3.302000000000000000e+04
1.672600000000000000e+04
1.369600000000000000e+04
7.439000000000000000e+03
2.822000000000000000e+04
3.287000000000000000e+04
4.769000000000000000e+03
7.661000000000000000e+03
5.430000000000000000e+03
1.482600000000000000e+04
1.433600000000000000e+04
1.238600000000000000e+04
4.114600000000000000e+04
1.174400000000000000e+04
3.203000000000000000e+03
1.113700000000000000e+04
3.084000000000000000e+03
8.791000000000000000e+03
8.566000000000000000e+03
1.740700000000000000e+04
1.821400000000000000e+04
2.302200000000000000e+04
3.888600000000000000e+04
7.440000000000000000e+03
7.042000000000000000e+03
1.037400000000000000e+04
1.181700000000000000e+04
6.310000000000000000e+03
1.386800000000000000e+04
9.430000000000000000e+03
9.524000000000000000e+03
1.164800000000000000e+04
7.951000000000000000e+03
1.259600000000000000e+04
1.077300000000000000e+04
1.120500000000000000e+04
2.909900000000000000e+04
1.036100000000000000e+04
6.791000000000000000e+03
3.058000000000000000e+03
9.448000000000000000e+03
6.338000000000000000e+03
3.023300000000000000e+04
9.595000000000000000e+03
1.360100000000000000e+04
1.759700000000000000e+04
1.432400000000000000e+04
9.808000000000000000e+03
3.099900000000000000e+04
5.724000000000000000e+03
8.566000000000000000e+03
1.245700000000000000e+04
2.298700000000000000e+04
1.186500000000000000e+04
8.100000000000000000e+03
5.018500000000000000e+04
6.026700000000000000e+04
1.186700000000000000e+04
2.814100000000000000e+04
2.283800000000000000e+04
1.722800000000000000e+04
1.666300000000000000e+04
2.011200000000000000e+04
7.139000000000000000e+03
1.006500000000000000e+04
1.171000000000000000e+04
7.039000000000000000e+03
2.764400000000000000e+04
5.326000000000000000e+03
9.941000000000000000e+03
2.752400000000000000e+04
1.147900000000000000e+04
1.118900000000000000e+04
1.852100000000000000e+04
9.251000000000000000e+03
3.559100000000000000e+04
1.369500000000000000e+04
1.419100000000000000e+04
2.015200000000000000e+04
8.312000000000000000e+03
3.965800000000000000e+04
1.307700000000000000e+04
1.485500000000000000e+04
1.855000000000000000e+04
5.071000000000000000e+03
3.634500000000000000e+04
1.317100000000000000e+04
1.699200000000000000e+04
1.842000000000000000e+04
7.315000000000000000e+03
8.129000000000000000e+03
2.509000000000000000e+04
1.146600000000000000e+04
1.009500000000000000e+04
1.185900000000000000e+04
1.000500000000000000e+04
5.818000000000000000e+03
8.811000000000000000e+03
3.226000000000000000e+04
2.718100000000000000e+04
3.616600000000000000e+04
3.311400000000000000e+04
8.371000000000000000e+03
1.554500000000000000e+04
6.082000000000000000e+03
1.137100000000000000e+04
9.116000000000000000e+03
4.436000000000000000e+03
8.192000000000000000e+03
1.917600000000000000e+04
1.005600000000000000e+04
1.240200000000000000e+04
1.445100000000000000e+04
1.212000000000000000e+04
3.003900000000000000e+04
6.735000000000000000e+03
2.887700000000000000e+04
8.617000000000000000e+03
5.710000000000000000e+03
1.266100000000000000e+04
5.379000000000000000e+03
1.023400000000000000e+04
1.046900000000000000e+04
4.947100000000000000e+04
6.708600000000000000e+04
1.392400000000000000e+04
9.267000000000000000e+03
1.179200000000000000e+04
5.109000000000000000e+03
1.774200000000000000e+04
1.585000000000000000e+04
1.436800000000000000e+04
4.594100000000000000e+04
4.111200000000000000e+04
2.453200000000000000e+04
4.713000000000000000e+03
1.692500000000000000e+04
1.491100000000000000e+04
5.919000000000000000e+03
4.843000000000000000e+03
5.292000000000000000e+03
2.879000000000000000e+03
9.206000000000000000e+03
2.389700000000000000e+04
1.047700000000000000e+04
8.391000000000000000e+03
1.470100000000000000e+04
2.023400000000000000e+04
1.607000000000000000e+04
1.090100000000000000e+04
9.689000000000000000e+03
9.219000000000000000e+03
3.218000000000000000e+03
1.224500000000000000e+04
3.185200000000000000e+04
2.925400000000000000e+04
2.022700000000000000e+04
1.023400000000000000e+04
2.461300000000000000e+04
7.410000000000000000e+03
7.865000000000000000e+03
1.915900000000000000e+04
1.098000000000000000e+04
3.165100000000000000e+04
5.750000000000000000e+03
8.861000000000000000e+03
1.204900000000000000e+04
7.528000000000000000e+03
3.574700000000000000e+04
2.753400000000000000e+04
2.666300000000000000e+04
1.571500000000000000e+04
9.319000000000000000e+03
1.200800000000000000e+04
2.448700000000000000e+04
2.771300000000000000e+04
1.888600000000000000e+04
2.017400000000000000e+04
8.892000000000000000e+03
7.305000000000000000e+03
1.897100000000000000e+04
7.894000000000000000e+03
1.003500000000000000e+04
1.217600000000000000e+04
1.834100000000000000e+04
2.029900000000000000e+04
3.265400000000000000e+04
1.942100000000000000e+04
2.743900000000000000e+04
1.547400000000000000e+04
6.079400000000000000e+04
1.806700000000000000e+04
2.867200000000000000e+04
3.708300000000000000e+04
1.059500000000000000e+04
1.552700000000000000e+04
2.545300000000000000e+04
2.617600000000000000e+04
7.856000000000000000e+03
2.043000000000000000e+04
1.789700000000000000e+04
1.813300000000000000e+04
1.262700000000000000e+04
5.218000000000000000e+03
7.932000000000000000e+03
5.359000000000000000e+03
5.635000000000000000e+03
1.827100000000000000e+04
2.111100000000000000e+04
1.186900000000000000e+04
9.244000000000000000e+03
1.581100000000000000e+04
1.141500000000000000e+04
1.347600000000000000e+04
2.569600000000000000e+04
3.615500000000000000e+04
1.246100000000000000e+04
1.282100000000000000e+04
2.210000000000000000e+04
1.931700000000000000e+04
2.752500000000000000e+04
4.931000000000000000e+03
6.504000000000000000e+03
2.086500000000000000e+04
7.066000000000000000e+03
2.276800000000000000e+04
3.037000000000000000e+04
5.301700000000000000e+04
2.412900000000000000e+04
1.330400000000000000e+04
1.969500000000000000e+04
6.522000000000000000e+03
1.491300000000000000e+04
3.082000000000000000e+04
7.523000000000000000e+03
2.030000000000000000e+04
8.920000000000000000e+03
1.645400000000000000e+04
3.183600000000000000e+04
1.018500000000000000e+04
1.275400000000000000e+04
1.474900000000000000e+04
1.180000000000000000e+04
9.262000000000000000e+03
1.114000000000000000e+04
6.272000000000000000e+03
9.635000000000000000e+03
3.242600000000000000e+04
1.182300000000000000e+04
1.229300000000000000e+04
9.439000000000000000e+03
1.190400000000000000e+04
1.512900000000000000e+04
7.261000000000000000e+03
2.260300000000000000e+04
7.091000000000000000e+03
1.277300000000000000e+04
1.864400000000000000e+04
4.050000000000000000e+03
1.022000000000000000e+04
9.312000000000000000e+03
1.704500000000000000e+04
7.458600000000000000e+04
7.648000000000000000e+03
1.437800000000000000e+04
9.971000000000000000e+03
1.184200000000000000e+04
8.282000000000000000e+03
8.945000000000000000e+03
1.263900000000000000e+04
8.185000000000000000e+03
7.421000000000000000e+03
8.251000000000000000e+03
1.161800000000000000e+04
7.550000000000000000e+03
1.981100000000000000e+04
1.353200000000000000e+04
2.135200000000000000e+04
3.932200000000000000e+04
5.829200000000000000e+04
5.216000000000000000e+03
1.276500000000000000e+04
1.949400000000000000e+04
2.714900000000000000e+04
7.376000000000000000e+03
1.155600000000000000e+04
9.880000000000000000e+03
1.283500000000000000e+04
1.112900000000000000e+04
9.823000000000000000e+03
1.578200000000000000e+04
1.295800000000000000e+04
1.519900000000000000e+04
9.232000000000000000e+03
3.663800000000000000e+04
2.534400000000000000e+04
1.314800000000000000e+04
8.463000000000000000e+03
1.495000000000000000e+04
1.777300000000000000e+04
1.200200000000000000e+04
1.899000000000000000e+04
2.396100000000000000e+04
1.000500000000000000e+04
2.356600000000000000e+04
5.936000000000000000e+03
7.359000000000000000e+03
8.420000000000000000e+03
1.773500000000000000e+04
1.362000000000000000e+04
1.742900000000000000e+04
3.007700000000000000e+04
1.359100000000000000e+04
2.842200000000000000e+04
9.244000000000000000e+03
2.182900000000000000e+04
9.861000000000000000e+03
1.029700000000000000e+04
2.221200000000000000e+04
5.263000000000000000e+03
7.942000000000000000e+03
8.452000000000000000e+03
8.574000000000000000e+03
3.939500000000000000e+04
5.685000000000000000e+03
6.348000000000000000e+03
1.409600000000000000e+04
7.853000000000000000e+03
1.630700000000000000e+04
1.326100000000000000e+04
5.928000000000000000e+03
4.898000000000000000e+03
2.648100000000000000e+04
1.280800000000000000e+04
2.540400000000000000e+04
1.247100000000000000e+04
2.238000000000000000e+04
6.697000000000000000e+03
8.419000000000000000e+03
3.030900000000000000e+04
2.160500000000000000e+04
9.789000000000000000e+03
2.293500000000000000e+04
1.118000000000000000e+04
3.183500000000000000e+04
1.906200000000000000e+04
8.882000000000000000e+03
9.087000000000000000e+03
2.178100000000000000e+04
1.369600000000000000e+04
2.196800000000000000e+04
6.097000000000000000e+03
1.044100000000000000e+04
2.001700000000000000e+04
2.482200000000000000e+04
1.124900000000000000e+04
6.377000000000000000e+03
4.300000000000000000e+03
2.001500000000000000e+04
2.212100000000000000e+04
3.497700000000000000e+04
1.460000000000000000e+04
2.106000000000000000e+04
1.327600000000000000e+04
4.379900000000000000e+04
1.835900000000000000e+04
6.661000000000000000e+03
2.143900000000000000e+04
3.282900000000000000e+04
1.104100000000000000e+04
8.512000000000000000e+03
1.597000000000000000e+04
1.412200000000000000e+04
8.381000000000000000e+03
1.183100000000000000e+04
2.023900000000000000e+04
7.944000000000000000e+03
1.719700000000000000e+04
1.385900000000000000e+04
1.354800000000000000e+04
8.463000000000000000e+03
3.177900000000000000e+04
1.336600000000000000e+04
2.467200000000000000e+04
2.036300000000000000e+04
2.166900000000000000e+04
1.805300000000000000e+04
1.236600000000000000e+04
1.252200000000000000e+04
1.160700000000000000e+04
4.512000000000000000e+03
1.018600000000000000e+04
2.031100000000000000e+04
2.282000000000000000e+04
9.698000000000000000e+03
1.469300000000000000e+04
8.213000000000000000e+03
8.914000000000000000e+03
1.302500000000000000e+04
3.835700000000000000e+04
1.797800000000000000e+04
3.651000000000000000e+04
6.962000000000000000e+03
7.718000000000000000e+03
2.109200000000000000e+04
8.737800000000000000e+04
6.624000000000000000e+03
9.468000000000000000e+03
1.092700000000000000e+04
4.883000000000000000e+03
7.546000000000000000e+03
2.893500000000000000e+04
6.775000000000000000e+03
9.254000000000000000e+03
8.434000000000000000e+03
1.116500000000000000e+04
4.250100000000000000e+04
1.085100000000000000e+04
1.692200000000000000e+04
7.190000000000000000e+03
1.048000000000000000e+04
1.839200000000000000e+04
9.491000000000000000e+03
1.765000000000000000e+04
1.496600000000000000e+04
8.978000000000000000e+03
6.670000000000000000e+04
1.482900000000000000e+04
1.002000000000000000e+04
1.494900000000000000e+04
1.301200000000000000e+04
1.865000000000000000e+04
2.446800000000000000e+04
6.023000000000000000e+03
1.048500000000000000e+04
1.385200000000000000e+04
1.000700000000000000e+04
1.165700000000000000e+04
2.720800000000000000e+04
4.431200000000000000e+04
2.434300000000000000e+04
1.304600000000000000e+04
2.017000000000000000e+04
8.792000000000000000e+03
7.909000000000000000e+03
3.291500000000000000e+04
6.495000000000000000e+03
2.638500000000000000e+04
2.003400000000000000e+04
1.305600000000000000e+04
8.316000000000000000e+03
2.471800000000000000e+04
2.497700000000000000e+04
1.836800000000000000e+04
4.738000000000000000e+03
1.266100000000000000e+04
7.844000000000000000e+03
8.014000000000000000e+03
1.864800000000000000e+04
1.908700000000000000e+04
5.460000000000000000e+03
1.153500000000000000e+04
8.435000000000000000e+03
1.282600000000000000e+04
5.034000000000000000e+03
1.835100000000000000e+04
1.290900000000000000e+04
5.350000000000000000e+03
4.573000000000000000e+03
1.278100000000000000e+04
6.049800000000000000e+04
2.439500000000000000e+04
1.695700000000000000e+04
8.780000000000000000e+03
1.215000000000000000e+04
3.791000000000000000e+03
5.442000000000000000e+03
1.454700000000000000e+04
4.354000000000000000e+03
3.216400000000000000e+04
1.460300000000000000e+04
1.533900000000000000e+04
5.788800000000000000e+04
8.037000000000000000e+03
1.038600000000000000e+04
1.527800000000000000e+04
1.499300000000000000e+04
1.350500000000000000e+04
2.371300000000000000e+04
2.012600000000000000e+04
1.750800000000000000e+04
1.257600000000000000e+04
3.131500000000000000e+04
1.009300000000000000e+04
1.210200000000000000e+04
7.489000000000000000e+03
1.662100000000000000e+04
2.156800000000000000e+04
6.002000000000000000e+03
1.248700000000000000e+04
1.089400000000000000e+04
1.204200000000000000e+04
1.418700000000000000e+04
6.443000000000000000e+03
1.007100000000000000e+04
1.544000000000000000e+04
1.362200000000000000e+04
2.981800000000000000e+04
9.358000000000000000e+03
1.427600000000000000e+04
1.076900000000000000e+04
8.746000000000000000e+03
1.479300000000000000e+04
3.050500000000000000e+04
6.137000000000000000e+03
1.948900000000000000e+04
1.285100000000000000e+04
1.948000000000000000e+04
1.803700000000000000e+04
7.453000000000000000e+03
1.892300000000000000e+04
2.832100000000000000e+04
2.555700000000000000e+04
1.262400000000000000e+04
6.210000000000000000e+03
3.136200000000000000e+04
1.813700000000000000e+04
7.927000000000000000e+03
1.480100000000000000e+04
1.339500000000000000e+04
1.284000000000000000e+04
1.169700000000000000e+04
1.714200000000000000e+04
3.536000000000000000e+03
2.339300000000000000e+04
1.393200000000000000e+04
4.044000000000000000e+03
2.214100000000000000e+04
4.276500000000000000e+04
1.604800000000000000e+04
1.961700000000000000e+04
3.086300000000000000e+04
2.194700000000000000e+04
5.630000000000000000e+03
5.600000000000000000e+03
4.641000000000000000e+03
2.598100000000000000e+04
4.699000000000000000e+03
5.998000000000000000e+03
1.572700000000000000e+04
5.590000000000000000e+03
1.605600000000000000e+04
1.438400000000000000e+04
9.239000000000000000e+03
7.599000000000000000e+03
1.525400000000000000e+04
7.263000000000000000e+03
4.229600000000000000e+04
6.556000000000000000e+03
9.546000000000000000e+03
5.628000000000000000e+03
1.357100000000000000e+04
1.718400000000000000e+04
5.142200000000000000e+04
5.050000000000000000e+03
9.990000000000000000e+03
2.110200000000000000e+04
8.556000000000000000e+03
2.313800000000000000e+04
1.960500000000000000e+04
1.425200000000000000e+04
1.499000000000000000e+04
1.735500000000000000e+04
1.954700000000000000e+04
8.265000000000000000e+03
1.230500000000000000e+04
3.329000000000000000e+03
6.190000000000000000e+03
6.483000000000000000e+03
3.230900000000000000e+04
1.330400000000000000e+04
4.968000000000000000e+03
3.115800000000000000e+04
1.006000000000000000e+04
2.047300000000000000e+04
2.833500000000000000e+04
1.327300000000000000e+04
1.181700000000000000e+04
8.023000000000000000e+03
2.840900000000000000e+04
1.603700000000000000e+04
5.571000000000000000e+03
6.604000000000000000e+03
