1.942000000000000000e+04
4.274300000000000000e+04
1.526300000000000000e+04
1.182900000000000000e+04
1.144400000000000000e+04
1.772100000000000000e+04
1.720500000000000000e+04
5.114000000000000000e+03
6.085000000000000000e+03
4.604200000000000000e+04
1.280000000000000000e+04
9.742000000000000000e+03
1.093500000000000000e+04
1.373300000000000000e+04
1.594200000000000000e+04
2.069600000000000000e+04
3.249700000000000000e+04
9.573000000000000000e+03
5.732000000000000000e+03
1.928300000000000000e+04
8.747000000000000000e+03
1.796200000000000000e+04
1.369000000000000000e+04
9.514000000000000000e+03
1.073900000000000000e+04
8.954000000000000000e+03
2.163100000000000000e+04
7.937000000000000000e+03
3.286100000000000000e+04
3.275500000000000000e+04
1.476800000000000000e+04
2.183200000000000000e+04
1.121700000000000000e+04
1.808900000000000000e+04
1.579700000000000000e+04
1.099700000000000000e+04
1.683300000000000000e+04
1.766100000000000000e+04
2.226700000000000000e+04
1.237100000000000000e+04
9.003000000000000000e+03
1.240000000000000000e+04
1.272900000000000000e+04
1.785500000000000000e+04
2.344400000000000000e+04
2.399200000000000000e+04
1.598000000000000000e+04
1.038900000000000000e+04
2.319300000000000000e+04
1.097200000000000000e+04
1.182300000000000000e+04
1.078100000000000000e+04
1.221400000000000000e+04
7.750000000000000000e+03
9.367000000000000000e+03
1.048800000000000000e+04
5.933000000000000000e+03
1.097000000000000000e+04
1.854800000000000000e+04
1.009400000000000000e+04
1.394200000000000000e+04
1.267200000000000000e+04
3.496700000000000000e+04
1.477300000000000000e+04
7.577900000000000000e+04
7.377000000000000000e+03
1.675400000000000000e+04
9.242000000000000000e+03
8.270000000000000000e+03
2.426300000000000000e+04
5.530000000000000000e+03
2.714300000000000000e+04
8.368000000000000000e+03
9.565000000000000000e+03
7.417000000000000000e+03
1.716700000000000000e+04
3.966800000000000000e+04
2.172500000000000000e+04
2.902900000000000000e+04
1.176900000000000000e+04
1.151800000000000000e+04
8.767000000000000000e+03
1.237900000000000000e+04
9.995000000000000000e+03
2.512600000000000000e+04
1.231300000000000000e+04
2.620600000000000000e+04
1.012100000000000000e+04
9.918000000000000000e+03
1.034500000000000000e+04
2.034000000000000000e+04
1.025400000000000000e+04
2.790200000000000000e+04
2.387000000000000000e+04
3.755000000000000000e+03
1.054400000000000000e+04
2.281900000000000000e+04
9.701000000000000000e+03
1.792300000000000000e+04
1.528900000000000000e+04
6.166000000000000000e+03
1.831700000000000000e+04
1.212000000000000000e+04
7.946000000000000000e+03
1.115200000000000000e+04
9.022000000000000000e+03
1.637900000000000000e+04
2.256200000000000000e+04
1.537200000000000000e+04
2.054200000000000000e+04
1.094200000000000000e+04
1.102100000000000000e+04
1.316600000000000000e+04
1.164500000000000000e+04
2.256000000000000000e+04
1.734400000000000000e+04
7.022000000000000000e+03
7.862000000000000000e+03
1.996400000000000000e+04
1.356600000000000000e+04
7.864000000000000000e+03
1.514200000000000000e+04
3.350400000000000000e+04
1.532700000000000000e+04
1.694700000000000000e+04
8.132000000000000000e+03
1.653400000000000000e+04
1.698300000000000000e+04
9.149000000000000000e+03
2.630300000000000000e+04
1.509600000000000000e+04
1.327000000000000000e+04
1.783600000000000000e+04
1.782100000000000000e+04
3.356300000000000000e+04
2.544000000000000000e+04
1.663000000000000000e+04
3.956100000000000000e+04
2.036000000000000000e+04
1.718800000000000000e+04
1.754000000000000000e+04
3.606400000000000000e+04
8.508000000000000000e+03
2.648000000000000000e+04
9.423000000000000000e+03
1.921100000000000000e+04
5.845000000000000000e+03
9.475000000000000000e+03
1.206100000000000000e+04
3.962000000000000000e+03
1.745400000000000000e+04
8.176000000000000000e+03
2.846300000000000000e+04
3.137300000000000000e+04
6.823000000000000000e+03
6.077200000000000000e+04
8.530000000000000000e+03
2.619400000000000000e+04
5.581000000000000000e+03
1.258200000000000000e+04
5.842000000000000000e+03
1.186000000000000000e+04
2.014300000000000000e+04
1.323100000000000000e+04
1.646200000000000000e+04
7.595000000000000000e+03
3.571500000000000000e+04
5.005100000000000000e+04
1.184100000000000000e+04
2.305200000000000000e+04
3.496700000000000000e+04
6.405000000000000000e+03
1.156000000000000000e+04
2.030100000000000000e+04
4.890700000000000000e+04
2.250400000000000000e+04
1.272100000000000000e+04
2.191500000000000000e+04
1.738100000000000000e+04
7.077000000000000000e+03
1.401100000000000000e+04
3.110200000000000000e+04
1.453800000000000000e+04
1.200800000000000000e+04
1.980600000000000000e+04
1.501800000000000000e+04
1.590600000000000000e+04
1.399800000000000000e+04
8.038000000000000000e+03
3.314600000000000000e+04
3.567700000000000000e+04
2.892400000000000000e+04
8.613000000000000000e+03
9.251000000000000000e+03
7.552000000000000000e+03
1.421400000000000000e+04
4.743000000000000000e+04
1.180400000000000000e+04
6.403000000000000000e+03
9.277000000000000000e+03
9.614000000000000000e+03
1.292600000000000000e+04
4.073600000000000000e+04
1.430200000000000000e+04
2.759000000000000000e+04
9.693000000000000000e+03
3.260700000000000000e+04
2.081400000000000000e+04
8.784000000000000000e+03
8.279000000000000000e+03
1.780100000000000000e+04
1.331400000000000000e+04
4.162700000000000000e+04
1.855500000000000000e+04
6.967000000000000000e+03
7.754000000000000000e+03
2.424900000000000000e+04
6.592000000000000000e+03
6.316000000000000000e+03
9.711000000000000000e+03
3.435500000000000000e+04
3.753900000000000000e+04
1.642800000000000000e+04
2.304300000000000000e+04
1.317300000000000000e+04
5.610000000000000000e+03
1.045700000000000000e+04
5.693000000000000000e+03
1.690200000000000000e+04
3.056900000000000000e+04
6.102000000000000000e+03
1.628200000000000000e+04
1.723900000000000000e+04
1.773100000000000000e+04
2.306400000000000000e+04
6.669000000000000000e+03
2.628500000000000000e+04
2.811400000000000000e+04
1.805100000000000000e+04
1.535400000000000000e+04
1.055700000000000000e+04
2.920900000000000000e+04
7.716000000000000000e+03
7.584000000000000000e+03
1.595900000000000000e+04
7.538000000000000000e+03
1.687600000000000000e+04
1.501600000000000000e+04
3.969800000000000000e+04
2.161000000000000000e+04
1.913300000000000000e+04
1.900300000000000000e+04
1.739300000000000000e+04
3.911400000000000000e+04
9.815000000000000000e+03
1.538200000000000000e+04
1.683400000000000000e+04
2.148100000000000000e+04
1.305900000000000000e+04
1.944300000000000000e+04
1.108300000000000000e+04
1.247500000000000000e+04
1.194100000000000000e+04
1.612200000000000000e+04
2.314100000000000000e+04
5.112900000000000000e+04
3.389700000000000000e+04
3.202600000000000000e+04
1.236900000000000000e+04
1.444800000000000000e+04
1.770800000000000000e+04
7.452000000000000000e+03
1.423600000000000000e+04
3.966400000000000000e+04
1.025500000000000000e+04
1.010500000000000000e+04
1.185500000000000000e+04
1.351300000000000000e+04
1.177100000000000000e+04
1.360100000000000000e+04
5.027000000000000000e+03
1.618600000000000000e+04
1.950500000000000000e+04
9.439000000000000000e+03
7.781000000000000000e+03
2.155700000000000000e+04
1.677200000000000000e+04
3.019800000000000000e+04
2.401400000000000000e+04
1.976100000000000000e+04
2.199200000000000000e+04
9.868000000000000000e+03
1.694100000000000000e+04
8.084000000000000000e+03
1.239600000000000000e+04
9.871000000000000000e+03
1.376300000000000000e+04
1.404900000000000000e+04
1.976200000000000000e+04
6.388000000000000000e+03
2.365500000000000000e+04
1.186800000000000000e+04
1.159700000000000000e+04
6.511000000000000000e+03
1.055800000000000000e+04
6.019000000000000000e+03
1.800000000000000000e+04
1.000100000000000000e+04
5.353000000000000000e+03
1.006000000000000000e+04
8.436000000000000000e+03
1.451600000000000000e+04
1.489400000000000000e+04
2.040900000000000000e+04
1.857600000000000000e+04
2.402900000000000000e+04
1.530200000000000000e+04
1.502400000000000000e+04
1.060800000000000000e+04
2.615900000000000000e+04
1.195400000000000000e+04
1.021000000000000000e+04
1.866800000000000000e+04
6.930000000000000000e+03
1.213300000000000000e+04
1.382700000000000000e+04
7.283000000000000000e+03
1.141800000000000000e+04
2.362700000000000000e+04
6.318000000000000000e+03
1.697200000000000000e+04
9.473000000000000000e+03
7.578000000000000000e+03
1.055500000000000000e+04
1.301100000000000000e+04
2.943000000000000000e+04
1.349400000000000000e+04
4.539300000000000000e+04
1.521800000000000000e+04
1.087700000000000000e+04
1.619700000000000000e+04
1.959300000000000000e+04
8.622000000000000000e+03
1.303500000000000000e+04
3.217700000000000000e+04
9.168000000000000000e+03
2.252900000000000000e+04
1.539600000000000000e+04
1.369600000000000000e+04
3.666000000000000000e+03
8.069000000000000000e+03
1.956100000000000000e+04
4.389600000000000000e+04
3.465500000000000000e+04
3.324200000000000000e+04
1.666100000000000000e+04
1.067800000000000000e+04
2.801400000000000000e+04
1.627900000000000000e+04
1.388600000000000000e+04
1.291700000000000000e+04
2.223900000000000000e+04
8.677000000000000000e+03
1.493200000000000000e+04
1.825000000000000000e+04
4.453000000000000000e+03
2.221400000000000000e+04
1.460300000000000000e+04
2.495300000000000000e+04
7.221000000000000000e+03
1.023200000000000000e+04
1.349600000000000000e+04
1.399900000000000000e+04
4.008000000000000000e+03
2.184700000000000000e+04
8.966000000000000000e+03
8.448000000000000000e+03
1.698600000000000000e+04
5.884400000000000000e+04
7.018000000000000000e+03
2.579600000000000000e+04
1.679100000000000000e+04
7.734000000000000000e+03
1.339500000000000000e+04
7.203800000000000000e+04
1.648000000000000000e+04
1.693400000000000000e+04
1.270000000000000000e+04
1.787300000000000000e+04
2.375900000000000000e+04
1.322000000000000000e+04
2.416400000000000000e+04
1.914000000000000000e+04
4.310200000000000000e+04
9.378000000000000000e+03
3.850400000000000000e+04
1.742200000000000000e+04
8.418000000000000000e+03
1.119700000000000000e+04
1.739300000000000000e+04
5.182000000000000000e+03
1.082300000000000000e+04
1.524800000000000000e+04
8.836000000000000000e+03
1.558000000000000000e+04
6.285000000000000000e+03
1.374400000000000000e+04
2.714400000000000000e+04
3.882900000000000000e+04
7.805000000000000000e+03
9.221000000000000000e+03
8.133000000000000000e+03
3.083000000000000000e+04
1.116900000000000000e+04
1.036000000000000000e+04
2.240200000000000000e+04
1.262400000000000000e+04
2.149500000000000000e+04
1.396200000000000000e+04
3.056800000000000000e+04
1.871900000000000000e+04
1.850200000000000000e+04
6.134000000000000000e+03
1.107900000000000000e+04
1.129200000000000000e+04
7.850000000000000000e+03
1.208900000000000000e+04
4.837000000000000000e+03
2.312500000000000000e+04
2.280500000000000000e+04
1.582900000000000000e+04
2.040200000000000000e+04
1.085000000000000000e+04
3.673400000000000000e+04
1.209500000000000000e+04
2.059300000000000000e+04
1.067900000000000000e+04
9.166000000000000000e+03
1.950000000000000000e+04
4.891300000000000000e+04
7.098000000000000000e+03
1.571000000000000000e+04
3.097300000000000000e+04
2.602800000000000000e+04
2.181500000000000000e+04
9.417000000000000000e+03
2.164100000000000000e+04
1.342800000000000000e+04
3.382700000000000000e+04
1.767100000000000000e+04
5.107000000000000000e+03
6.074000000000000000e+03
3.335400000000000000e+04
8.936000000000000000e+03
1.724300000000000000e+04
1.006300000000000000e+04
2.148700000000000000e+04
7.112000000000000000e+03
2.492100000000000000e+04
1.890400000000000000e+04
2.152900000000000000e+04
1.878300000000000000e+04
1.225000000000000000e+04
2.934300000000000000e+04
1.018300000000000000e+04
2.941700000000000000e+04
6.812000000000000000e+03
2.271600000000000000e+04
5.066600000000000000e+04
1.117200000000000000e+04
2.269000000000000000e+04
1.169700000000000000e+04
1.964100000000000000e+04
1.655500000000000000e+04
8.608000000000000000e+03
9.234000000000000000e+03
8.408000000000000000e+03
9.800000000000000000e+03
1.137800000000000000e+04
5.644000000000000000e+03
3.307200000000000000e+04
1.396600000000000000e+04
6.738000000000000000e+03
1.085300000000000000e+04
1.681300000000000000e+04
1.239500000000000000e+04
1.313200000000000000e+04
2.445500000000000000e+04
8.675000000000000000e+03
5.988000000000000000e+03
1.107600000000000000e+04
7.867000000000000000e+03
2.767500000000000000e+04
1.340500000000000000e+04
2.245300000000000000e+04
2.756500000000000000e+04
2.450200000000000000e+04
2.145000000000000000e+04
1.005700000000000000e+04
1.991700000000000000e+04
1.316800000000000000e+04
6.132000000000000000e+03
2.240400000000000000e+04
1.711600000000000000e+04
8.790000000000000000e+03
3.462200000000000000e+04
2.800000000000000000e+04
2.013200000000000000e+04
1.125700000000000000e+04
9.799000000000000000e+03
7.639000000000000000e+03
1.363100000000000000e+04
1.620800000000000000e+04
7.936000000000000000e+03
1.746800000000000000e+04
3.655300000000000000e+04
1.634400000000000000e+04
5.629000000000000000e+03
8.874000000000000000e+03
4.327300000000000000e+04
1.410300000000000000e+04
9.909000000000000000e+03
2.195000000000000000e+04
4.320600000000000000e+04
2.259600000000000000e+04
1.473700000000000000e+04
1.663600000000000000e+04
5.036500000000000000e+04
1.114500000000000000e+04
1.014500000000000000e+04
8.885000000000000000e+03
6.141000000000000000e+03
1.753100000000000000e+04
6.997000000000000000e+03
3.401400000000000000e+04
1.877800000000000000e+04
3.018900000000000000e+04
2.000600000000000000e+04
3.072200000000000000e+04
1.268500000000000000e+04
1.216100000000000000e+04
1.873200000000000000e+04
1.330700000000000000e+04
1.667000000000000000e+04
1.018600000000000000e+04
2.131700000000000000e+04
4.560000000000000000e+03
5.748000000000000000e+03
2.555100000000000000e+04
2.743000000000000000e+04
2.660600000000000000e+04
1.553100000000000000e+04
3.553700000000000000e+04
4.575300000000000000e+04
1.343000000000000000e+04
9.792000000000000000e+03
3.007400000000000000e+04
1.040500000000000000e+04
4.399400000000000000e+04
2.703400000000000000e+04
2.456400000000000000e+04
1.059000000000000000e+04
1.680900000000000000e+04
8.974000000000000000e+03
1.485600000000000000e+04
8.579000000000000000e+03
9.516000000000000000e+03
1.464600000000000000e+04
1.980400000000000000e+04
1.949500000000000000e+04
1.300300000000000000e+04
2.784800000000000000e+04
2.365000000000000000e+04
2.215500000000000000e+04
9.895000000000000000e+03
1.060100000000000000e+04
9.484000000000000000e+03
1.647600000000000000e+04
1.245900000000000000e+04
4.729000000000000000e+03
2.035800000000000000e+04
8.991000000000000000e+03
1.586700000000000000e+04
2.498100000000000000e+04
1.012700000000000000e+04
1.267500000000000000e+04
1.651000000000000000e+04
1.120800000000000000e+04
1.658900000000000000e+04
2.939700000000000000e+04
8.305000000000000000e+03
3.880200000000000000e+04
2.548200000000000000e+04
2.769100000000000000e+04
2.517900000000000000e+04
4.519000000000000000e+03
3.180400000000000000e+04
2.768800000000000000e+04
8.491000000000000000e+03
1.700000000000000000e+04
2.265500000000000000e+04
5.338000000000000000e+03
1.241100000000000000e+04
1.326800000000000000e+04
2.155000000000000000e+04
2.805600000000000000e+04
9.755000000000000000e+03
1.108500000000000000e+04
1.226900000000000000e+04
1.065100000000000000e+04
1.822200000000000000e+04
8.604000000000000000e+03
2.272200000000000000e+04
3.081300000000000000e+04
1.167300000000000000e+04
2.921400000000000000e+04
8.535000000000000000e+03
2.520000000000000000e+04
1.317900000000000000e+04
9.609000000000000000e+03
2.729400000000000000e+04
2.253600000000000000e+04
9.323000000000000000e+03
3.549000000000000000e+03
2.433100000000000000e+04
1.370600000000000000e+04
3.211900000000000000e+04
4.042400000000000000e+04
1.919500000000000000e+04
2.361700000000000000e+04
1.508900000000000000e+04
7.826000000000000000e+03
2.545800000000000000e+04
2.089900000000000000e+04
2.286300000000000000e+04
1.136200000000000000e+04
8.622000000000000000e+03
5.506000000000000000e+03
1.450100000000000000e+04
2.494800000000000000e+04
9.345000000000000000e+03
2.175100000000000000e+04
4.774700000000000000e+04
1.689000000000000000e+04
1.088000000000000000e+04
1.118700000000000000e+04
2.612900000000000000e+04
2.291700000000000000e+04
1.233700000000000000e+04
4.013300000000000000e+04
8.594000000000000000e+03
7.858000000000000000e+03
1.724400000000000000e+04
1.999100000000000000e+04
2.330900000000000000e+04
1.246800000000000000e+04
1.438200000000000000e+04
2.671200000000000000e+04
1.057000000000000000e+04
3.070100000000000000e+04
2.555000000000000000e+04
1.396900000000000000e+04
1.550600000000000000e+04
1.839600000000000000e+04
5.341300000000000000e+04
1.979100000000000000e+04
3.194800000000000000e+04
1.208800000000000000e+04
1.861600000000000000e+04
2.392400000000000000e+04
1.852600000000000000e+04
1.170300000000000000e+04
4.754900000000000000e+04
2.683100000000000000e+04
8.104000000000000000e+03
8.928000000000000000e+03
1.987900000000000000e+04
1.664900000000000000e+04
1.885000000000000000e+04
6.835000000000000000e+03
9.204000000000000000e+03
1.534300000000000000e+04
8.935000000000000000e+03
4.321400000000000000e+04
1.003000000000000000e+04
8.458000000000000000e+03
4.760000000000000000e+03
6.632000000000000000e+03
3.478200000000000000e+04
1.733000000000000000e+04
9.231000000000000000e+03
1.057200000000000000e+04
9.124000000000000000e+03
2.100900000000000000e+04
2.934100000000000000e+04
4.283100000000000000e+04
1.240700000000000000e+04
1.923300000000000000e+04
1.644700000000000000e+04
1.912900000000000000e+04
5.935000000000000000e+03
1.623700000000000000e+04
3.029800000000000000e+04
1.490400000000000000e+04
9.039000000000000000e+03
2.792500000000000000e+04
1.501600000000000000e+04
1.439500000000000000e+04
2.643400000000000000e+04
1.110200000000000000e+04
1.092600000000000000e+04
1.157000000000000000e+04
6.142000000000000000e+03
2.231500000000000000e+04
1.607900000000000000e+04
2.138900000000000000e+04
1.314500000000000000e+04
3.332000000000000000e+04
9.557000000000000000e+03
3.278700000000000000e+04
1.179500000000000000e+04
8.238000000000000000e+03
2.228300000000000000e+04
1.705300000000000000e+04
1.225100000000000000e+04
1.569900000000000000e+04
1.257800000000000000e+04
1.860600000000000000e+04
1.874400000000000000e+04
8.740000000000000000e+03
1.726700000000000000e+04
1.174100000000000000e+04
9.100000000000000000e+03
1.000200000000000000e+04
4.040000000000000000e+04
1.897900000000000000e+04
2.232400000000000000e+04
1.136600000000000000e+04
4.911100000000000000e+04
2.500900000000000000e+04
2.277000000000000000e+04
6.257000000000000000e+03
8.098000000000000000e+03
2.366900000000000000e+04
1.787100000000000000e+04
7.876000000000000000e+03
1.259400000000000000e+04
2.821300000000000000e+04
1.345900000000000000e+04
2.182500000000000000e+04
1.473600000000000000e+04
1.727000000000000000e+04
2.084600000000000000e+04
2.656000000000000000e+04
3.970800000000000000e+04
1.158200000000000000e+04
1.303200000000000000e+04
7.173000000000000000e+03
6.958000000000000000e+03
7.870000000000000000e+03
2.334000000000000000e+04
6.233000000000000000e+03
2.192900000000000000e+04
2.041500000000000000e+04
1.175400000000000000e+04
2.101400000000000000e+04
2.022700000000000000e+04
6.735000000000000000e+03
1.164500000000000000e+04
4.509400000000000000e+04
8.083000000000000000e+03
2.362400000000000000e+04
1.853500000000000000e+04
1.438100000000000000e+04
2.261800000000000000e+04
2.593400000000000000e+04
2.082400000000000000e+04
3.263500000000000000e+04
1.958400000000000000e+04
2.649100000000000000e+04
9.657000000000000000e+03
2.240600000000000000e+04
2.007900000000000000e+04
2.183500000000000000e+04
2.839200000000000000e+04
8.310000000000000000e+03
1.840900000000000000e+04
1.644800000000000000e+04
3.993700000000000000e+04
4.404100000000000000e+04
4.499000000000000000e+04
2.570700000000000000e+04
1.136700000000000000e+04
9.404000000000000000e+03
1.852900000000000000e+04
1.972300000000000000e+04
7.917000000000000000e+03
6.169000000000000000e+03
2.607700000000000000e+04
1.255800000000000000e+04
7.548000000000000000e+03
8.184000000000000000e+03
7.754000000000000000e+03
7.059500000000000000e+04
4.822800000000000000e+04
3.978700000000000000e+04
4.814000000000000000e+04
1.347900000000000000e+04
2.055800000000000000e+04
2.137100000000000000e+04
2.389600000000000000e+04
1.322100000000000000e+04
2.186500000000000000e+04
3.580700000000000000e+04
2.213300000000000000e+04
2.591500000000000000e+04
1.807000000000000000e+04
8.680000000000000000e+03
1.355300000000000000e+04
1.047700000000000000e+04
3.268300000000000000e+04
8.323000000000000000e+03
1.495400000000000000e+04
9.542000000000000000e+03
1.561300000000000000e+04
1.838200000000000000e+04
1.926800000000000000e+04
8.621000000000000000e+03
9.588000000000000000e+03
1.351400000000000000e+04
1.126000000000000000e+04
9.707000000000000000e+03
2.059500000000000000e+04
1.903000000000000000e+04
5.093000000000000000e+03
2.281200000000000000e+04
3.480700000000000000e+04
3.207200000000000000e+04
1.406000000000000000e+04
9.952000000000000000e+03
4.591700000000000000e+04
5.590000000000000000e+03
8.237000000000000000e+03
1.151800000000000000e+04
1.345300000000000000e+04
3.031900000000000000e+04
6.911000000000000000e+03
2.928600000000000000e+04
1.226900000000000000e+04
8.205000000000000000e+03
2.461100000000000000e+04
7.840000000000000000e+03
8.549000000000000000e+03
1.393900000000000000e+04
1.046500000000000000e+04
6.663000000000000000e+03
1.181600000000000000e+04
1.973800000000000000e+04
7.548000000000000000e+03
1.539100000000000000e+04
1.002300000000000000e+04
3.695000000000000000e+04
1.445500000000000000e+04
5.087000000000000000e+03
1.511800000000000000e+04
3.189300000000000000e+04
2.528500000000000000e+04
1.184700000000000000e+04
7.928000000000000000e+03
1.080300000000000000e+04
1.180000000000000000e+04
7.384000000000000000e+03
1.137100000000000000e+04
1.495600000000000000e+04
1.141400000000000000e+04
9.247000000000000000e+03
2.817600000000000000e+04
8.242000000000000000e+03
4.370000000000000000e+03
7.204000000000000000e+03
2.289400000000000000e+04
1.853900000000000000e+04
2.075600000000000000e+04
8.316000000000000000e+03
1.932700000000000000e+04
2.318400000000000000e+04
2.054600000000000000e+04
2.891500000000000000e+04
4.261300000000000000e+04
1.458400000000000000e+04
1.102800000000000000e+04
5.309000000000000000e+03
1.390100000000000000e+04
2.354100000000000000e+04
1.250200000000000000e+04
2.362400000000000000e+04
2.482300000000000000e+04
1.894600000000000000e+04
1.610500000000000000e+04
1.269500000000000000e+04
4.312500000000000000e+04
2.594600000000000000e+04
1.656700000000000000e+04
1.017700000000000000e+04
1.225300000000000000e+04
5.845000000000000000e+03
4.649000000000000000e+03
4.522000000000000000e+03
5.442000000000000000e+03
2.148500000000000000e+04
1.931200000000000000e+04
1.562900000000000000e+04
1.860200000000000000e+04
6.298000000000000000e+03
1.174400000000000000e+04
3.958300000000000000e+04
2.077900000000000000e+04
2.944500000000000000e+04
2.994100000000000000e+04
7.301000000000000000e+03
2.481400000000000000e+04
1.498000000000000000e+04
1.786300000000000000e+04
1.484500000000000000e+04
2.267100000000000000e+04
1.588500000000000000e+04
1.151000000000000000e+04
1.024100000000000000e+04
1.150200000000000000e+04
1.018500000000000000e+04
1.710800000000000000e+04
3.117000000000000000e+04
1.664800000000000000e+04
1.920700000000000000e+04
2.287800000000000000e+04
6.761000000000000000e+03
2.334700000000000000e+04
8.778000000000000000e+03
9.415000000000000000e+03
1.149600000000000000e+04
9.411100000000000000e+04
1.591300000000000000e+04
8.826000000000000000e+03
1.935100000000000000e+04
9.511000000000000000e+03
2.432600000000000000e+04
3.681000000000000000e+03
8.704000000000000000e+03
1.262900000000000000e+04
1.621900000000000000e+04
6.542700000000000000e+04
7.699000000000000000e+03
1.620500000000000000e+04
1.129600000000000000e+04
1.496200000000000000e+04
1.659100000000000000e+04
7.072000000000000000e+03
3.254500000000000000e+04
4.215000000000000000e+04
2.662900000000000000e+04
2.500900000000000000e+04
2.430000000000000000e+04
1.007000000000000000e+04
7.143000000000000000e+03
1.776100000000000000e+04
3.646200000000000000e+04
1.719200000000000000e+04
2.369500000000000000e+04
3.333200000000000000e+04
1.014400000000000000e+04
1.211900000000000000e+04
8.899000000000000000e+03
1.066700000000000000e+04
2.370800000000000000e+04
1.879400000000000000e+04
1.063800000000000000e+04
4.209600000000000000e+04
1.334800000000000000e+04
2.644500000000000000e+04
1.082500000000000000e+04
1.936900000000000000e+04
2.534600000000000000e+04
1.051500000000000000e+04
6.741000000000000000e+03
3.084500000000000000e+04
1.339000000000000000e+04
7.901000000000000000e+03
1.379600000000000000e+04
1.761000000000000000e+04
1.223700000000000000e+04
1.511600000000000000e+04
1.738700000000000000e+04
6.629000000000000000e+03
3.673500000000000000e+04
1.848200000000000000e+04
3.385700000000000000e+04
1.293100000000000000e+04
1.147400000000000000e+04
1.793800000000000000e+04
1.837100000000000000e+04
