3.129700000000000000e+04
3.332300000000000000e+04
3.724800000000000000e+04
1.200200000000000000e+04
8.124000000000000000e+03
6.983000000000000000e+03
6.840000000000000000e+03
1.911300000000000000e+04
1.503400000000000000e+04
2.043400000000000000e+04
1.033600000000000000e+04
2.895900000000000000e+04
1.139800000000000000e+04
3.020800000000000000e+04
1.182500000000000000e+04
2.007000000000000000e+04
1.248900000000000000e+04
9.013000000000000000e+03
1.509000000000000000e+04
1.276000000000000000e+04
1.277500000000000000e+04
1.628100000000000000e+04
1.327700000000000000e+04
1.851000000000000000e+04
2.400000000000000000e+04
2.454100000000000000e+04
1.458500000000000000e+04
1.184800000000000000e+04
1.028100000000000000e+04
9.743000000000000000e+03
1.763500000000000000e+04
1.971700000000000000e+04
1.695400000000000000e+04
2.271300000000000000e+04
1.365400000000000000e+04
2.464600000000000000e+04
1.818600000000000000e+04
5.396600000000000000e+04
3.598400000000000000e+04
2.436600000000000000e+04
2.618400000000000000e+04
3.540800000000000000e+04
8.252000000000000000e+03
1.224000000000000000e+04
1.148300000000000000e+04
2.471900000000000000e+04
2.243200000000000000e+04
2.702300000000000000e+04
1.259300000000000000e+04
1.856500000000000000e+04
2.524200000000000000e+04
1.889100000000000000e+04
3.739100000000000000e+04
2.400000000000000000e+04
2.933800000000000000e+04
1.505300000000000000e+04
8.961000000000000000e+03
1.342900000000000000e+04
1.361300000000000000e+04
1.773000000000000000e+04
4.311000000000000000e+03
1.992200000000000000e+04
1.891500000000000000e+04
2.302400000000000000e+04
1.504900000000000000e+04
1.351500000000000000e+04
1.224300000000000000e+04
3.158000000000000000e+04
7.988000000000000000e+03
1.830100000000000000e+04
1.510800000000000000e+04
1.264200000000000000e+04
4.661000000000000000e+04
1.984200000000000000e+04
2.911500000000000000e+04
1.090600000000000000e+04
1.202600000000000000e+04
1.536900000000000000e+04
2.600600000000000000e+04
1.181500000000000000e+04
8.505000000000000000e+03
1.061200000000000000e+04
6.585000000000000000e+03
2.252300000000000000e+04
8.659000000000000000e+03
1.347700000000000000e+04
1.472200000000000000e+04
1.727100000000000000e+04
1.470100000000000000e+04
8.491000000000000000e+03
1.222000000000000000e+04
4.058500000000000000e+04
5.079000000000000000e+03
3.490800000000000000e+04
1.731900000000000000e+04
6.243000000000000000e+04
6.938000000000000000e+03
2.565600000000000000e+04
1.432300000000000000e+04
1.084900000000000000e+04
2.510400000000000000e+04
1.187500000000000000e+04
2.551300000000000000e+04
3.576000000000000000e+04
2.339600000000000000e+04
3.896600000000000000e+04
8.562000000000000000e+03
1.450400000000000000e+04
5.352600000000000000e+04
1.541500000000000000e+04
2.844000000000000000e+03
8.442000000000000000e+03
1.328300000000000000e+04
4.480500000000000000e+04
1.660800000000000000e+04
2.200500000000000000e+04
3.724000000000000000e+04
8.201000000000000000e+03
7.476000000000000000e+03
1.924100000000000000e+04
1.734600000000000000e+04
2.341400000000000000e+04
2.752800000000000000e+04
1.935900000000000000e+04
1.799600000000000000e+04
1.809300000000000000e+04
1.631500000000000000e+04
2.236000000000000000e+04
1.505200000000000000e+04
7.775000000000000000e+03
2.961400000000000000e+04
2.452500000000000000e+04
7.959000000000000000e+03
1.114300000000000000e+04
6.121000000000000000e+03
2.152500000000000000e+04
9.201000000000000000e+03
2.191100000000000000e+04
1.667800000000000000e+04
8.822000000000000000e+03
3.345600000000000000e+04
1.206600000000000000e+04
1.046900000000000000e+04
1.311600000000000000e+04
1.900200000000000000e+04
9.272000000000000000e+03
2.092400000000000000e+04
2.378300000000000000e+04
3.439000000000000000e+03
1.291700000000000000e+04
1.067900000000000000e+04
2.365400000000000000e+04
1.244300000000000000e+04
1.403700000000000000e+04
1.678600000000000000e+04
2.287900000000000000e+04
1.044700000000000000e+04
1.748000000000000000e+04
1.293800000000000000e+04
2.315200000000000000e+04
2.713900000000000000e+04
1.439200000000000000e+04
7.894000000000000000e+03
3.004300000000000000e+04
1.068700000000000000e+04
1.829200000000000000e+04
1.346500000000000000e+04
4.684000000000000000e+03
1.122800000000000000e+04
2.828800000000000000e+04
3.099500000000000000e+04
1.772100000000000000e+04
1.254500000000000000e+04
9.938000000000000000e+03
1.788700000000000000e+04
1.244000000000000000e+04
1.210300000000000000e+04
2.371200000000000000e+04
1.131000000000000000e+04
1.327300000000000000e+04
1.386100000000000000e+04
5.609500000000000000e+04
6.301000000000000000e+03
1.729600000000000000e+04
9.981000000000000000e+03
1.812600000000000000e+04
1.216800000000000000e+04
1.560800000000000000e+04
1.385800000000000000e+04
2.367300000000000000e+04
8.710000000000000000e+03
2.920300000000000000e+04
5.425000000000000000e+03
1.746800000000000000e+04
7.018000000000000000e+03
9.292000000000000000e+03
1.430800000000000000e+04
1.249600000000000000e+04
3.022900000000000000e+04
1.312300000000000000e+04
1.168800000000000000e+04
1.346600000000000000e+04
2.395100000000000000e+04
1.850100000000000000e+04
4.622100000000000000e+04
1.846500000000000000e+04
1.021300000000000000e+04
2.029900000000000000e+04
3.207900000000000000e+04
1.670900000000000000e+04
8.453000000000000000e+03
1.868100000000000000e+04
1.293500000000000000e+04
1.296200000000000000e+04
1.225900000000000000e+04
2.310400000000000000e+04
1.175900000000000000e+04
7.423000000000000000e+03
1.055200000000000000e+04
1.183700000000000000e+04
3.762000000000000000e+03
2.889100000000000000e+04
1.325700000000000000e+04
1.698500000000000000e+04
3.190100000000000000e+04
1.423800000000000000e+04
1.608800000000000000e+04
1.291800000000000000e+04
7.577000000000000000e+03
1.316600000000000000e+04
1.105300000000000000e+04
1.832000000000000000e+04
1.063800000000000000e+04
1.846500000000000000e+04
1.320800000000000000e+04
2.261300000000000000e+04
8.972600000000000000e+04
1.910000000000000000e+04
1.189900000000000000e+04
2.886300000000000000e+04
1.758400000000000000e+04
6.063000000000000000e+03
1.095900000000000000e+04
6.302000000000000000e+03
6.372000000000000000e+03
1.992700000000000000e+04
4.254300000000000000e+04
5.822000000000000000e+03
1.130000000000000000e+04
2.397700000000000000e+04
1.910900000000000000e+04
5.068600000000000000e+04
5.865000000000000000e+03
4.599000000000000000e+03
1.398800000000000000e+04
7.147000000000000000e+03
2.784500000000000000e+04
1.007200000000000000e+04
2.537900000000000000e+04
6.804300000000000000e+04
5.764000000000000000e+03
2.288000000000000000e+04
1.920700000000000000e+04
3.135400000000000000e+04
8.869000000000000000e+03
7.065000000000000000e+03
1.389500000000000000e+04
2.973800000000000000e+04
2.195500000000000000e+04
1.333800000000000000e+04
1.730300000000000000e+04
1.192800000000000000e+04
8.526000000000000000e+03
1.058500000000000000e+04
1.649200000000000000e+04
1.531100000000000000e+04
2.407500000000000000e+04
7.317000000000000000e+03
1.314900000000000000e+04
1.075000000000000000e+04
1.291800000000000000e+04
3.204900000000000000e+04
1.413800000000000000e+04
1.196300000000000000e+04
2.244700000000000000e+04
3.260600000000000000e+04
5.521600000000000000e+04
1.598400000000000000e+04
2.727000000000000000e+04
2.676500000000000000e+04
3.487200000000000000e+04
6.895000000000000000e+03
2.418100000000000000e+04
2.598700000000000000e+04
9.096000000000000000e+03
7.851000000000000000e+03
9.506000000000000000e+03
2.056800000000000000e+04
7.954000000000000000e+03
1.038100000000000000e+04
1.943700000000000000e+04
4.364200000000000000e+04
1.057400000000000000e+04
2.356600000000000000e+04
4.158000000000000000e+03
1.804500000000000000e+04
3.095200000000000000e+04
2.649700000000000000e+04
1.301900000000000000e+04
2.205600000000000000e+04
2.660000000000000000e+04
1.220500000000000000e+04
1.620100000000000000e+04
1.315800000000000000e+04
1.989900000000000000e+04
8.046000000000000000e+03
6.468000000000000000e+03
2.647500000000000000e+04
1.024800000000000000e+04
2.341800000000000000e+04
2.778900000000000000e+04
1.005500000000000000e+04
4.674000000000000000e+03
1.315000000000000000e+04
1.795300000000000000e+04
1.830600000000000000e+04
1.319900000000000000e+04
7.029000000000000000e+03
4.747000000000000000e+03
3.285900000000000000e+04
5.262900000000000000e+04
2.274400000000000000e+04
9.195000000000000000e+03
2.591500000000000000e+04
6.399000000000000000e+03
3.504000000000000000e+04
9.844000000000000000e+03
1.818500000000000000e+04
2.686300000000000000e+04
5.707000000000000000e+03
2.157900000000000000e+04
3.561800000000000000e+04
3.105800000000000000e+04
7.411300000000000000e+04
6.488000000000000000e+03
2.566300000000000000e+04
1.863600000000000000e+04
1.103200000000000000e+04
1.099500000000000000e+04
8.574000000000000000e+03
1.132300000000000000e+04
7.718000000000000000e+03
5.404000000000000000e+03
2.273300000000000000e+04
1.038900000000000000e+04
2.134000000000000000e+04
3.752000000000000000e+04
6.102000000000000000e+03
1.852700000000000000e+04
9.271000000000000000e+03
2.047600000000000000e+04
1.136900000000000000e+04
9.518000000000000000e+03
1.344500000000000000e+04
3.681100000000000000e+04
1.024400000000000000e+04
2.594400000000000000e+04
1.892300000000000000e+04
1.034400000000000000e+04
1.310400000000000000e+04
4.107100000000000000e+04
1.146300000000000000e+04
2.305300000000000000e+04
9.597000000000000000e+03
1.642400000000000000e+04
1.769800000000000000e+04
1.765200000000000000e+04
3.631200000000000000e+04
1.468700000000000000e+04
3.195900000000000000e+04
5.439800000000000000e+04
1.777100000000000000e+04
1.345400000000000000e+04
1.518500000000000000e+04
6.946000000000000000e+03
4.638400000000000000e+04
1.246200000000000000e+04
1.214700000000000000e+04
1.959000000000000000e+04
1.255400000000000000e+04
2.367700000000000000e+04
1.417600000000000000e+04
1.441500000000000000e+04
4.361000000000000000e+03
1.883100000000000000e+04
1.446000000000000000e+04
7.730000000000000000e+03
7.831000000000000000e+03
6.139000000000000000e+03
7.133000000000000000e+03
3.818300000000000000e+04
1.304900000000000000e+04
1.262400000000000000e+04
3.052000000000000000e+04
3.089900000000000000e+04
1.450100000000000000e+04
9.082000000000000000e+03
1.848400000000000000e+04
1.474200000000000000e+04
1.218300000000000000e+04
5.102000000000000000e+03
1.276100000000000000e+04
4.196100000000000000e+04
1.984700000000000000e+04
2.366200000000000000e+04
1.650300000000000000e+04
2.197400000000000000e+04
1.901300000000000000e+04
1.002300000000000000e+04
1.602900000000000000e+04
1.069100000000000000e+04
1.625200000000000000e+04
2.867400000000000000e+04
3.861100000000000000e+04
3.127700000000000000e+04
1.990900000000000000e+04
8.925000000000000000e+03
1.235100000000000000e+04
2.306800000000000000e+04
1.050500000000000000e+04
9.354800000000000000e+04
1.831800000000000000e+04
5.800000000000000000e+03
1.360400000000000000e+04
1.772100000000000000e+04
1.386500000000000000e+04
1.576100000000000000e+04
1.020600000000000000e+04
1.506100000000000000e+04
1.187700000000000000e+04
3.792800000000000000e+04
2.152400000000000000e+04
1.828500000000000000e+04
1.009700000000000000e+04
2.293800000000000000e+04
9.808000000000000000e+03
1.291200000000000000e+04
1.054900000000000000e+04
4.030400000000000000e+04
3.720100000000000000e+04
7.478000000000000000e+03
9.037000000000000000e+03
1.816900000000000000e+04
6.866000000000000000e+03
3.825300000000000000e+04
2.688000000000000000e+04
1.339200000000000000e+04
2.651000000000000000e+04
1.677000000000000000e+04
1.581200000000000000e+04
7.178000000000000000e+03
1.441200000000000000e+04
2.355200000000000000e+04
1.396900000000000000e+04
1.287100000000000000e+04
7.164000000000000000e+03
1.096800000000000000e+04
1.287100000000000000e+04
1.816800000000000000e+04
3.305300000000000000e+04
9.356000000000000000e+03
1.457200000000000000e+04
9.100000000000000000e+03
2.721600000000000000e+04
2.355000000000000000e+04
2.614200000000000000e+04
1.291300000000000000e+04
1.659900000000000000e+04
1.226300000000000000e+04
3.887500000000000000e+04
3.887000000000000000e+04
9.327000000000000000e+03
2.458400000000000000e+04
1.824900000000000000e+04
3.646600000000000000e+04
2.905700000000000000e+04
1.776300000000000000e+04
2.636600000000000000e+04
1.798200000000000000e+04
1.282200000000000000e+04
8.397000000000000000e+03
1.275600000000000000e+04
3.420400000000000000e+04
1.642200000000000000e+04
2.024200000000000000e+04
2.408900000000000000e+04
1.851900000000000000e+04
1.388600000000000000e+04
1.187000000000000000e+04
1.638200000000000000e+04
8.402000000000000000e+03
9.820000000000000000e+03
1.438000000000000000e+04
4.753900000000000000e+04
1.181400000000000000e+04
4.549100000000000000e+04
1.103400000000000000e+04
4.225700000000000000e+04
4.716700000000000000e+04
1.198000000000000000e+04
1.005700000000000000e+04
3.658900000000000000e+04
1.528000000000000000e+04
6.690000000000000000e+03
7.820000000000000000e+03
9.401000000000000000e+03
1.300300000000000000e+04
9.966000000000000000e+03
4.303900000000000000e+04
4.356300000000000000e+04
8.464000000000000000e+03
4.503700000000000000e+04
1.656100000000000000e+04
2.282800000000000000e+04
2.119400000000000000e+04
1.466400000000000000e+04
3.348700000000000000e+04
1.892600000000000000e+04
1.710100000000000000e+04
2.577600000000000000e+04
2.029800000000000000e+04
8.275000000000000000e+03
2.177800000000000000e+04
1.367800000000000000e+04
3.619800000000000000e+04
2.591900000000000000e+04
1.297600000000000000e+04
1.500000000000000000e+04
1.501300000000000000e+04
6.073000000000000000e+03
1.226200000000000000e+04
6.226000000000000000e+03
1.250800000000000000e+04
1.770600000000000000e+04
1.063300000000000000e+04
3.015400000000000000e+04
8.167000000000000000e+03
3.229300000000000000e+04
1.302200000000000000e+04
1.219900000000000000e+04
1.025200000000000000e+04
7.059000000000000000e+03
1.262400000000000000e+04
2.392400000000000000e+04
1.411900000000000000e+04
2.036300000000000000e+04
9.049000000000000000e+03
1.310900000000000000e+04
1.245900000000000000e+04
1.143600000000000000e+04
2.014300000000000000e+04
2.608500000000000000e+04
1.039300000000000000e+04
3.003700000000000000e+04
2.513500000000000000e+04
1.267200000000000000e+04
1.462100000000000000e+04
8.824000000000000000e+03
2.559700000000000000e+04
2.427900000000000000e+04
8.158000000000000000e+03
7.499000000000000000e+03
2.258300000000000000e+04
1.625700000000000000e+04
7.533000000000000000e+03
2.713100000000000000e+04
1.556100000000000000e+04
2.305100000000000000e+04
2.190200000000000000e+04
1.424200000000000000e+04
1.292900000000000000e+04
9.855000000000000000e+03
9.602000000000000000e+03
1.167600000000000000e+04
1.934000000000000000e+04
6.737000000000000000e+03
1.755000000000000000e+04
2.716700000000000000e+04
1.676400000000000000e+04
2.331400000000000000e+04
1.448400000000000000e+04
2.202500000000000000e+04
2.071900000000000000e+04
3.277100000000000000e+04
3.090900000000000000e+04
2.326700000000000000e+04
7.221000000000000000e+03
7.353000000000000000e+03
1.509100000000000000e+04
3.119900000000000000e+04
7.403000000000000000e+03
1.567700000000000000e+04
1.053300000000000000e+04
1.657700000000000000e+04
1.620900000000000000e+04
5.411000000000000000e+03
1.712000000000000000e+04
2.017900000000000000e+04
1.347400000000000000e+04
9.132000000000000000e+03
1.125600000000000000e+04
3.357800000000000000e+04
2.136700000000000000e+04
4.568000000000000000e+04
6.740000000000000000e+03
2.060800000000000000e+04
2.369600000000000000e+04
2.994200000000000000e+04
2.124100000000000000e+04
1.144700000000000000e+04
8.913000000000000000e+03
2.808200000000000000e+04
1.873700000000000000e+04
6.085000000000000000e+03
2.737300000000000000e+04
2.255000000000000000e+04
9.289000000000000000e+03
1.107300000000000000e+04
1.612000000000000000e+04
3.375400000000000000e+04
1.420900000000000000e+04
1.249000000000000000e+04
2.410600000000000000e+04
2.280700000000000000e+04
1.360300000000000000e+04
8.319000000000000000e+03
3.557200000000000000e+04
6.048000000000000000e+03
1.886100000000000000e+04
4.641000000000000000e+03
2.062800000000000000e+04
1.570300000000000000e+04
2.211800000000000000e+04
1.161600000000000000e+04
1.323000000000000000e+04
1.387300000000000000e+04
1.874800000000000000e+04
1.821900000000000000e+04
1.399300000000000000e+04
3.527800000000000000e+04
2.186000000000000000e+04
3.066500000000000000e+04
2.252300000000000000e+04
1.974100000000000000e+04
1.245000000000000000e+04
1.243600000000000000e+04
1.537500000000000000e+04
3.404900000000000000e+04
3.785000000000000000e+04
1.018900000000000000e+04
7.838000000000000000e+03
1.264900000000000000e+04
3.149000000000000000e+04
3.233800000000000000e+04
2.069600000000000000e+04
5.645000000000000000e+03
1.258500000000000000e+04
3.426900000000000000e+04
1.502200000000000000e+04
2.433800000000000000e+04
1.419600000000000000e+04
1.004200000000000000e+04
2.407000000000000000e+04
2.393600000000000000e+04
1.076600000000000000e+04
1.565900000000000000e+04
1.216100000000000000e+04
1.074100000000000000e+04
1.645200000000000000e+04
4.085200000000000000e+04
9.718000000000000000e+03
2.015800000000000000e+04
1.673800000000000000e+04
2.446600000000000000e+04
1.927700000000000000e+04
1.165700000000000000e+04
3.308300000000000000e+04
2.063900000000000000e+04
3.800000000000000000e+03
1.075900000000000000e+04
2.144300000000000000e+04
2.215800000000000000e+04
8.882000000000000000e+03
5.700000000000000000e+03
2.500200000000000000e+04
1.822300000000000000e+04
1.027400000000000000e+04
6.584000000000000000e+03
1.232300000000000000e+04
3.562600000000000000e+04
1.012200000000000000e+04
1.413300000000000000e+04
2.245300000000000000e+04
1.118100000000000000e+04
1.174900000000000000e+04
1.554500000000000000e+04
1.053600000000000000e+04
1.954500000000000000e+04
6.373000000000000000e+03
8.768000000000000000e+03
4.098900000000000000e+04
1.791200000000000000e+04
2.336600000000000000e+04
4.517000000000000000e+03
3.483900000000000000e+04
3.578900000000000000e+04
9.533000000000000000e+03
1.756100000000000000e+04
3.347500000000000000e+04
1.279200000000000000e+04
1.415100000000000000e+04
9.631000000000000000e+03
3.732200000000000000e+04
3.633600000000000000e+04
2.480400000000000000e+04
1.410000000000000000e+04
1.855100000000000000e+04
7.751000000000000000e+03
1.161400000000000000e+04
1.229300000000000000e+04
8.564000000000000000e+03
1.150800000000000000e+04
1.066700000000000000e+04
3.388600000000000000e+04
9.250000000000000000e+03
2.018000000000000000e+04
1.387300000000000000e+04
1.160800000000000000e+04
9.580000000000000000e+03
4.289900000000000000e+04
2.134100000000000000e+04
2.337000000000000000e+04
1.321100000000000000e+04
1.934200000000000000e+04
1.492000000000000000e+04
6.386000000000000000e+03
1.039800000000000000e+04
2.789300000000000000e+04
8.171000000000000000e+03
3.161800000000000000e+04
1.429400000000000000e+04
1.528700000000000000e+04
8.450000000000000000e+03
8.555000000000000000e+03
1.084200000000000000e+04
8.650000000000000000e+03
1.307800000000000000e+04
1.660500000000000000e+04
1.550600000000000000e+04
2.120400000000000000e+04
1.407900000000000000e+04
4.325900000000000000e+04
5.554000000000000000e+03
1.161600000000000000e+04
2.820000000000000000e+04
1.610300000000000000e+04
1.277000000000000000e+04
1.759900000000000000e+04
1.292000000000000000e+04
1.773400000000000000e+04
9.710000000000000000e+03
1.363600000000000000e+04
2.059400000000000000e+04
1.230900000000000000e+04
9.997000000000000000e+03
9.305000000000000000e+03
5.658700000000000000e+04
1.281700000000000000e+04
1.307500000000000000e+04
1.729900000000000000e+04
1.209400000000000000e+04
1.344400000000000000e+04
2.884400000000000000e+04
6.579100000000000000e+04
1.859200000000000000e+04
9.619000000000000000e+03
2.903300000000000000e+04
3.306400000000000000e+04
9.316000000000000000e+03
1.167900000000000000e+04
3.072300000000000000e+04
3.667700000000000000e+04
1.811500000000000000e+04
3.662100000000000000e+04
4.994300000000000000e+04
4.963500000000000000e+04
1.409500000000000000e+04
1.693700000000000000e+04
1.018100000000000000e+04
1.608900000000000000e+04
3.049200000000000000e+04
6.269000000000000000e+03
8.689000000000000000e+03
1.191900000000000000e+04
2.129600000000000000e+04
1.646300000000000000e+04
1.970700000000000000e+04
2.306400000000000000e+04
1.645500000000000000e+04
1.290700000000000000e+04
2.420600000000000000e+04
2.907200000000000000e+04
1.590800000000000000e+04
1.281900000000000000e+04
7.251000000000000000e+03
2.505400000000000000e+04
1.529900000000000000e+04
1.819100000000000000e+04
7.804000000000000000e+03
4.734000000000000000e+03
1.442800000000000000e+04
4.536200000000000000e+04
6.169000000000000000e+03
8.418000000000000000e+03
7.792000000000000000e+03
1.442800000000000000e+04
1.066200000000000000e+04
3.683400000000000000e+04
1.895800000000000000e+04
1.288300000000000000e+04
2.377800000000000000e+04
3.463900000000000000e+04
1.251200000000000000e+04
1.698400000000000000e+04
2.022100000000000000e+04
2.459200000000000000e+04
2.087100000000000000e+04
3.233100000000000000e+04
1.119800000000000000e+04
9.091000000000000000e+03
1.045400000000000000e+04
1.893000000000000000e+04
1.843800000000000000e+04
1.802100000000000000e+04
1.144200000000000000e+04
2.684300000000000000e+04
3.213900000000000000e+04
1.593300000000000000e+04
2.829000000000000000e+04
1.604000000000000000e+04
3.242500000000000000e+04
1.594400000000000000e+04
1.076400000000000000e+04
1.236200000000000000e+04
3.186500000000000000e+04
1.454300000000000000e+04
1.331200000000000000e+04
6.034000000000000000e+03
1.071900000000000000e+04
1.314000000000000000e+04
9.952000000000000000e+03
2.439100000000000000e+04
2.587500000000000000e+04
1.972400000000000000e+04
9.186000000000000000e+03
5.569800000000000000e+04
7.475000000000000000e+03
1.418200000000000000e+04
1.038700000000000000e+04
6.846800000000000000e+04
3.788500000000000000e+04
1.990000000000000000e+04
8.592000000000000000e+03
7.461000000000000000e+03
1.788200000000000000e+04
2.102100000000000000e+04
1.787000000000000000e+04
2.893700000000000000e+04
8.744000000000000000e+03
8.277000000000000000e+03
1.430600000000000000e+04
1.938900000000000000e+04
1.851600000000000000e+04
1.892400000000000000e+04
1.708100000000000000e+04
2.391800000000000000e+04
1.418400000000000000e+04
1.753500000000000000e+04
3.118500000000000000e+04
3.236500000000000000e+04
2.083300000000000000e+04
4.108000000000000000e+03
1.948900000000000000e+04
1.265100000000000000e+04
1.616100000000000000e+04
7.509000000000000000e+03
2.122000000000000000e+04
9.449000000000000000e+03
6.057000000000000000e+03
1.272700000000000000e+04
1.673000000000000000e+04
5.031100000000000000e+04
1.412700000000000000e+04
2.066700000000000000e+04
2.448800000000000000e+04
1.460100000000000000e+04
1.007200000000000000e+04
3.073500000000000000e+04
9.617000000000000000e+03
4.997000000000000000e+04
2.059500000000000000e+04
1.556800000000000000e+04
1.319500000000000000e+04
1.545100000000000000e+04
1.428500000000000000e+04
8.378000000000000000e+03
8.944000000000000000e+03
1.890400000000000000e+04
2.631100000000000000e+04
3.514500000000000000e+04
1.301900000000000000e+04
6.255000000000000000e+03
2.924700000000000000e+04
2.582600000000000000e+04
1.667800000000000000e+04
1.552600000000000000e+04
2.486400000000000000e+04
1.016200000000000000e+04
1.014600000000000000e+04
3.264400000000000000e+04
2.663400000000000000e+04
8.768000000000000000e+03
1.099400000000000000e+04
3.258900000000000000e+04
1.408800000000000000e+04
3.765200000000000000e+04
1.053200000000000000e+04
8.337000000000000000e+03
2.042300000000000000e+04
2.311300000000000000e+04
9.826000000000000000e+03
1.354900000000000000e+04
1.479800000000000000e+04
2.667200000000000000e+04
1.590200000000000000e+04
1.458100000000000000e+04
2.889000000000000000e+04
5.855000000000000000e+03
2.992700000000000000e+04
1.177500000000000000e+04
3.893400000000000000e+04
1.471800000000000000e+04
2.845300000000000000e+04
2.475200000000000000e+04
1.783200000000000000e+04
8.049000000000000000e+03
1.495300000000000000e+04
1.600000000000000000e+04
3.478500000000000000e+04
2.778700000000000000e+04
8.662000000000000000e+03
1.755700000000000000e+04
1.766900000000000000e+04
1.953700000000000000e+04
8.771000000000000000e+03
8.011000000000000000e+03
3.049400000000000000e+04
8.373000000000000000e+03
2.445600000000000000e+04
1.089200000000000000e+04
1.473000000000000000e+04
2.286300000000000000e+04
8.322000000000000000e+03
2.017800000000000000e+04
3.568800000000000000e+04
7.138000000000000000e+03
1.467400000000000000e+04
1.484800000000000000e+04
6.836000000000000000e+03
2.102500000000000000e+04
2.581600000000000000e+04
2.903400000000000000e+04
1.265200000000000000e+04
2.541300000000000000e+04
1.531300000000000000e+04
8.190000000000000000e+03
2.228800000000000000e+04
1.927200000000000000e+04
5.393400000000000000e+04
4.022300000000000000e+04
4.022100000000000000e+04
1.618800000000000000e+04
7.465000000000000000e+03
9.637000000000000000e+03
7.903000000000000000e+03
1.138500000000000000e+04
7.408000000000000000e+03
3.914500000000000000e+04
8.490000000000000000e+03
1.198900000000000000e+04
