8.750000000000000000e+02
2.761000000000000000e+03
1.280000000000000000e+03
1.834000000000000000e+03
1.170000000000000000e+03
7.890000000000000000e+02
5.301000000000000000e+03
2.087000000000000000e+03
2.156000000000000000e+03
2.079000000000000000e+03
2.417000000000000000e+03
1.878000000000000000e+03
1.378000000000000000e+03
2.185000000000000000e+03
6.710000000000000000e+02
1.631000000000000000e+03
3.077000000000000000e+03
4.010000000000000000e+03
7.630000000000000000e+02
5.329000000000000000e+03
9.640000000000000000e+02
1.943000000000000000e+03
1.632000000000000000e+03
1.434000000000000000e+03
7.980000000000000000e+02
1.748000000000000000e+03
1.795000000000000000e+03
2.187000000000000000e+03
8.920000000000000000e+02
2.080000000000000000e+03
5.440000000000000000e+03
1.391000000000000000e+03
4.541000000000000000e+03
1.722000000000000000e+03
1.397000000000000000e+03
9.450000000000000000e+02
2.342000000000000000e+03
1.659000000000000000e+03
8.850000000000000000e+02
1.678000000000000000e+03
9.480000000000000000e+02
5.700000000000000000e+02
7.960000000000000000e+02
1.433000000000000000e+03
2.697000000000000000e+03
2.418000000000000000e+03
1.472000000000000000e+03
1.747000000000000000e+03
5.052000000000000000e+03
4.280000000000000000e+03
1.207000000000000000e+03
3.923000000000000000e+03
2.911000000000000000e+03
1.261000000000000000e+03
9.480000000000000000e+02
2.749000000000000000e+03
1.140000000000000000e+03
1.666000000000000000e+03
4.092000000000000000e+03
1.406000000000000000e+03
1.027000000000000000e+03
8.680000000000000000e+02
9.030000000000000000e+02
1.410000000000000000e+03
1.129000000000000000e+03
1.124000000000000000e+03
1.009000000000000000e+03
9.990000000000000000e+02
2.031000000000000000e+03
2.360000000000000000e+03
1.131000000000000000e+03
1.198000000000000000e+03
4.211000000000000000e+03
1.545000000000000000e+03
3.186000000000000000e+03
1.542000000000000000e+03
1.186000000000000000e+03
7.990000000000000000e+02
4.704000000000000000e+03
9.230000000000000000e+02
1.240000000000000000e+03
2.914000000000000000e+03
7.490000000000000000e+02
2.599000000000000000e+03
2.028000000000000000e+03
2.057000000000000000e+03
6.900000000000000000e+02
2.324000000000000000e+03
7.670000000000000000e+02
1.331000000000000000e+03
6.719000000000000000e+03
2.456000000000000000e+03
1.679000000000000000e+03
1.483000000000000000e+03
1.189000000000000000e+03
3.356000000000000000e+03
1.841000000000000000e+03
4.599000000000000000e+03
2.225000000000000000e+03
1.676000000000000000e+03
1.371000000000000000e+03
3.331000000000000000e+03
1.587000000000000000e+03
1.568000000000000000e+03
2.621000000000000000e+03
1.492000000000000000e+03
3.625000000000000000e+03
8.230000000000000000e+02
2.015000000000000000e+03
1.234000000000000000e+03
2.456000000000000000e+03
1.650000000000000000e+03
4.581000000000000000e+03
1.287000000000000000e+03
4.385000000000000000e+03
2.084000000000000000e+03
3.736000000000000000e+03
1.478000000000000000e+03
3.175000000000000000e+03
1.903000000000000000e+03
4.970000000000000000e+02
2.036000000000000000e+03
1.280000000000000000e+03
8.350000000000000000e+02
2.494000000000000000e+03
8.590000000000000000e+02
1.310000000000000000e+03
3.025000000000000000e+03
1.769000000000000000e+03
8.550000000000000000e+02
1.506000000000000000e+03
1.552000000000000000e+03
2.402000000000000000e+03
7.170000000000000000e+02
9.950000000000000000e+02
1.953000000000000000e+03
3.049000000000000000e+03
2.291000000000000000e+03
2.988000000000000000e+03
3.782000000000000000e+03
1.853000000000000000e+03
3.052000000000000000e+03
2.327000000000000000e+03
2.683000000000000000e+03
2.283000000000000000e+03
3.562000000000000000e+03
1.394000000000000000e+03
1.924000000000000000e+03
2.625000000000000000e+03
1.873000000000000000e+03
1.601000000000000000e+03
2.487000000000000000e+03
1.390000000000000000e+03
1.656000000000000000e+03
3.459000000000000000e+03
1.129000000000000000e+03
1.855000000000000000e+03
3.807000000000000000e+03
4.219000000000000000e+03
2.017000000000000000e+03
2.476000000000000000e+03
9.460000000000000000e+02
5.790000000000000000e+03
2.489000000000000000e+03
1.942000000000000000e+03
7.000000000000000000e+02
4.510000000000000000e+02
1.122000000000000000e+03
1.591000000000000000e+03
9.960000000000000000e+02
1.936000000000000000e+03
2.120000000000000000e+03
3.579000000000000000e+03
3.535000000000000000e+03
1.892000000000000000e+03
1.164000000000000000e+03
2.566000000000000000e+03
9.990000000000000000e+02
1.338000000000000000e+03
1.938000000000000000e+03
7.300000000000000000e+02
2.231000000000000000e+03
7.600000000000000000e+02
1.401000000000000000e+03
1.055000000000000000e+03
2.828000000000000000e+03
2.440000000000000000e+03
4.001000000000000000e+03
1.252000000000000000e+03
1.571000000000000000e+03
6.080000000000000000e+02
1.221000000000000000e+03
1.912000000000000000e+03
1.236000000000000000e+03
1.526000000000000000e+03
3.268000000000000000e+03
4.240000000000000000e+02
4.123000000000000000e+03
3.742000000000000000e+03
1.807000000000000000e+03
4.910000000000000000e+02
6.222000000000000000e+03
7.010000000000000000e+02
3.382000000000000000e+03
1.218000000000000000e+03
1.971000000000000000e+03
1.624000000000000000e+03
1.087000000000000000e+03
7.480000000000000000e+02
1.052000000000000000e+03
1.442000000000000000e+03
3.512000000000000000e+03
2.008000000000000000e+03
4.589000000000000000e+03
1.682000000000000000e+03
5.509000000000000000e+03
2.887000000000000000e+03
1.122000000000000000e+03
1.422000000000000000e+03
1.104000000000000000e+03
1.025000000000000000e+03
1.245000000000000000e+03
1.109000000000000000e+03
4.704000000000000000e+03
2.694000000000000000e+03
3.521000000000000000e+03
3.163000000000000000e+03
1.210000000000000000e+03
1.403000000000000000e+03
9.668000000000000000e+03
1.360000000000000000e+03
1.038000000000000000e+03
1.845000000000000000e+03
2.749000000000000000e+03
1.893000000000000000e+03
2.598000000000000000e+03
2.731000000000000000e+03
2.282000000000000000e+03
1.377000000000000000e+03
1.337000000000000000e+03
1.484000000000000000e+03
6.890000000000000000e+02
5.780000000000000000e+02
1.401000000000000000e+03
2.204000000000000000e+03
1.088000000000000000e+03
2.771000000000000000e+03
2.202000000000000000e+03
1.113000000000000000e+03
1.675000000000000000e+03
2.038000000000000000e+03
1.846000000000000000e+03
3.705000000000000000e+03
2.833000000000000000e+03
2.173000000000000000e+03
1.728000000000000000e+03
1.173000000000000000e+03
2.861000000000000000e+03
9.580000000000000000e+02
2.613000000000000000e+03
1.392000000000000000e+03
3.046000000000000000e+03
1.453000000000000000e+03
1.500000000000000000e+03
2.267000000000000000e+03
2.024000000000000000e+03
6.860000000000000000e+02
1.183000000000000000e+03
2.768000000000000000e+03
4.796000000000000000e+03
1.927000000000000000e+03
3.910000000000000000e+02
2.368000000000000000e+03
2.136000000000000000e+03
5.620000000000000000e+03
3.394000000000000000e+03
3.221000000000000000e+03
3.059000000000000000e+03
7.450000000000000000e+02
8.710000000000000000e+02
7.170000000000000000e+02
5.720000000000000000e+02
1.319000000000000000e+03
1.052000000000000000e+03
3.130000000000000000e+03
8.670000000000000000e+02
9.440000000000000000e+02
2.098000000000000000e+03
9.710000000000000000e+02
1.620000000000000000e+03
5.650000000000000000e+02
1.566000000000000000e+03
8.700000000000000000e+02
9.930000000000000000e+02
1.891000000000000000e+03
1.112000000000000000e+03
3.840000000000000000e+03
1.323000000000000000e+03
1.216000000000000000e+03
1.082000000000000000e+03
1.950000000000000000e+03
6.765000000000000000e+03
1.057000000000000000e+03
1.592000000000000000e+03
1.659000000000000000e+03
1.096000000000000000e+03
3.990000000000000000e+03
8.170000000000000000e+02
1.317000000000000000e+03
1.310000000000000000e+03
1.703000000000000000e+03
2.501000000000000000e+03
4.754000000000000000e+03
1.241000000000000000e+03
1.141000000000000000e+03
5.570000000000000000e+02
1.293000000000000000e+03
2.130000000000000000e+03
2.334000000000000000e+03
1.363000000000000000e+03
3.582000000000000000e+03
1.534000000000000000e+03
3.430000000000000000e+03
1.085000000000000000e+03
2.691000000000000000e+03
1.256000000000000000e+03
1.906000000000000000e+03
9.980000000000000000e+02
1.676000000000000000e+03
2.310000000000000000e+03
1.677000000000000000e+03
3.533000000000000000e+03
5.094000000000000000e+03
5.470000000000000000e+02
9.530000000000000000e+02
3.411000000000000000e+03
1.867000000000000000e+03
1.700000000000000000e+03
3.308000000000000000e+03
1.065000000000000000e+03
1.184000000000000000e+03
1.691000000000000000e+03
2.942000000000000000e+03
1.540000000000000000e+03
2.741000000000000000e+03
5.603000000000000000e+03
2.376000000000000000e+03
1.378000000000000000e+03
1.662000000000000000e+03
1.370000000000000000e+03
1.806000000000000000e+03
1.847000000000000000e+03
2.534000000000000000e+03
9.580000000000000000e+02
2.029000000000000000e+03
4.891000000000000000e+03
2.013000000000000000e+03
1.014000000000000000e+03
2.473000000000000000e+03
4.356000000000000000e+03
2.277000000000000000e+03
1.889000000000000000e+03
1.720000000000000000e+03
2.017000000000000000e+03
7.300000000000000000e+02
3.152000000000000000e+03
5.500000000000000000e+03
2.180000000000000000e+03
1.435000000000000000e+03
2.055000000000000000e+03
1.516000000000000000e+03
8.470000000000000000e+02
2.017000000000000000e+03
1.328000000000000000e+03
1.253000000000000000e+03
9.432000000000000000e+03
4.021000000000000000e+03
2.786000000000000000e+03
2.069000000000000000e+03
7.490000000000000000e+02
9.060000000000000000e+02
1.031000000000000000e+03
3.703000000000000000e+03
9.580000000000000000e+02
1.332000000000000000e+03
2.146000000000000000e+03
1.397000000000000000e+03
8.840000000000000000e+02
1.682000000000000000e+03
4.512000000000000000e+03
2.826000000000000000e+03
1.233000000000000000e+03
1.863000000000000000e+03
1.200000000000000000e+03
1.373000000000000000e+03
1.546000000000000000e+03
3.276000000000000000e+03
1.296000000000000000e+03
1.177000000000000000e+03
5.690000000000000000e+02
4.956000000000000000e+03
1.670000000000000000e+03
3.421000000000000000e+03
3.206000000000000000e+03
1.712000000000000000e+03
3.600000000000000000e+03
2.781000000000000000e+03
8.850000000000000000e+02
1.448000000000000000e+03
1.194000000000000000e+03
3.386000000000000000e+03
1.118000000000000000e+03
1.776000000000000000e+03
1.209000000000000000e+03
3.106000000000000000e+03
1.803000000000000000e+03
1.675000000000000000e+03
3.286000000000000000e+03
2.907000000000000000e+03
9.570000000000000000e+02
1.891000000000000000e+03
2.384000000000000000e+03
3.018000000000000000e+03
9.550000000000000000e+02
1.200000000000000000e+03
2.299000000000000000e+03
3.022000000000000000e+03
4.517000000000000000e+03
8.360000000000000000e+02
1.993000000000000000e+03
1.383000000000000000e+03
4.767000000000000000e+03
9.310000000000000000e+02
1.952000000000000000e+03
1.799000000000000000e+03
6.960000000000000000e+02
7.410000000000000000e+02
1.439000000000000000e+03
7.145000000000000000e+03
1.923000000000000000e+03
8.400000000000000000e+02
1.125000000000000000e+03
2.469000000000000000e+03
1.100000000000000000e+03
1.291000000000000000e+03
6.257000000000000000e+03
3.296000000000000000e+03
2.916000000000000000e+03
7.190000000000000000e+02
7.190000000000000000e+02
2.782000000000000000e+03
1.509000000000000000e+03
1.006000000000000000e+03
3.004000000000000000e+03
2.389000000000000000e+03
8.560000000000000000e+02
1.556000000000000000e+03
2.130000000000000000e+03
2.266000000000000000e+03
2.786000000000000000e+03
1.078000000000000000e+03
1.790000000000000000e+03
8.770000000000000000e+03
1.603000000000000000e+03
2.971000000000000000e+03
1.948000000000000000e+03
1.011000000000000000e+03
5.739000000000000000e+03
2.173000000000000000e+03
3.324000000000000000e+03
1.947000000000000000e+03
1.660000000000000000e+03
1.431000000000000000e+03
2.481000000000000000e+03
2.887000000000000000e+03
2.904000000000000000e+03
1.114000000000000000e+03
2.109000000000000000e+03
4.339000000000000000e+03
1.342000000000000000e+03
2.573000000000000000e+03
4.219000000000000000e+03
1.892000000000000000e+03
3.963000000000000000e+03
1.237000000000000000e+03
6.140000000000000000e+02
9.080000000000000000e+02
1.889000000000000000e+03
1.092000000000000000e+03
5.450000000000000000e+02
2.643000000000000000e+03
2.314000000000000000e+03
1.046000000000000000e+03
1.926000000000000000e+03
1.325000000000000000e+03
2.542000000000000000e+03
9.060000000000000000e+02
1.217000000000000000e+03
1.573000000000000000e+03
3.046000000000000000e+03
3.707000000000000000e+03
1.107000000000000000e+03
1.447000000000000000e+03
1.573000000000000000e+03
3.525000000000000000e+03
2.342000000000000000e+03
7.940000000000000000e+02
4.948000000000000000e+03
9.240000000000000000e+02
2.121000000000000000e+03
8.670000000000000000e+02
1.869000000000000000e+03
1.106000000000000000e+03
1.156000000000000000e+03
1.186000000000000000e+03
1.475000000000000000e+03
2.164000000000000000e+03
9.790000000000000000e+02
3.170000000000000000e+03
4.321000000000000000e+03
2.646000000000000000e+03
1.411000000000000000e+03
1.964000000000000000e+03
7.540000000000000000e+02
1.533000000000000000e+03
2.847000000000000000e+03
3.500000000000000000e+03
2.128000000000000000e+03
3.599000000000000000e+03
1.164000000000000000e+03
1.270000000000000000e+03
2.907000000000000000e+03
1.783000000000000000e+03
1.425000000000000000e+03
1.505000000000000000e+03
1.706000000000000000e+03
5.713000000000000000e+03
4.813000000000000000e+03
1.116000000000000000e+03
3.468000000000000000e+03
2.952000000000000000e+03
9.850000000000000000e+02
1.431000000000000000e+03
1.234000000000000000e+03
2.035000000000000000e+03
3.760000000000000000e+02
1.640000000000000000e+03
1.832000000000000000e+03
1.347000000000000000e+03
4.527000000000000000e+03
3.118000000000000000e+03
3.267000000000000000e+03
1.044000000000000000e+03
2.542000000000000000e+03
5.146000000000000000e+03
1.106000000000000000e+03
1.638000000000000000e+03
1.885000000000000000e+03
9.620000000000000000e+02
1.831000000000000000e+03
9.680000000000000000e+02
2.148000000000000000e+03
3.826000000000000000e+03
2.758000000000000000e+03
4.213000000000000000e+03
1.206000000000000000e+03
2.413000000000000000e+03
4.308000000000000000e+03
1.373000000000000000e+03
5.232000000000000000e+03
1.021000000000000000e+03
2.177000000000000000e+03
3.657000000000000000e+03
2.891000000000000000e+03
1.841000000000000000e+03
2.735000000000000000e+03
1.771000000000000000e+03
2.333000000000000000e+03
2.980000000000000000e+03
2.032000000000000000e+03
1.928000000000000000e+03
1.311000000000000000e+03
1.452000000000000000e+03
1.827000000000000000e+03
3.262000000000000000e+03
2.727000000000000000e+03
1.422000000000000000e+03
3.346000000000000000e+03
3.687000000000000000e+03
4.060000000000000000e+03
1.070000000000000000e+03
9.590000000000000000e+02
2.012000000000000000e+03
2.006000000000000000e+03
1.747000000000000000e+03
1.878000000000000000e+03
4.692000000000000000e+03
9.800000000000000000e+02
1.136000000000000000e+03
1.899000000000000000e+03
9.220000000000000000e+02
1.325000000000000000e+03
1.945000000000000000e+03
7.270000000000000000e+02
1.028000000000000000e+03
1.766000000000000000e+03
8.730000000000000000e+02
9.770000000000000000e+02
1.036000000000000000e+03
1.290000000000000000e+03
4.186000000000000000e+03
1.482000000000000000e+03
1.061000000000000000e+03
5.417000000000000000e+03
3.870000000000000000e+03
6.420000000000000000e+02
2.608000000000000000e+03
2.841000000000000000e+03
1.515000000000000000e+03
2.072000000000000000e+03
2.268000000000000000e+03
2.011000000000000000e+03
3.570000000000000000e+02
1.212000000000000000e+03
3.987000000000000000e+03
3.074000000000000000e+03
2.975000000000000000e+03
3.008000000000000000e+03
1.885000000000000000e+03
1.064000000000000000e+03
5.294000000000000000e+03
1.224000000000000000e+03
2.521000000000000000e+03
2.266000000000000000e+03
1.197000000000000000e+03
1.997000000000000000e+03
7.190000000000000000e+02
1.975000000000000000e+03
2.232000000000000000e+03
1.815000000000000000e+03
5.064000000000000000e+03
2.061000000000000000e+03
3.086000000000000000e+03
4.170000000000000000e+02
1.450000000000000000e+03
1.239000000000000000e+03
5.061000000000000000e+03
9.150000000000000000e+02
2.479000000000000000e+03
2.703000000000000000e+03
2.174000000000000000e+03
2.145000000000000000e+03
1.288000000000000000e+03
7.520000000000000000e+02
7.790000000000000000e+02
1.288000000000000000e+03
1.024000000000000000e+03
4.649000000000000000e+03
9.980000000000000000e+02
3.678000000000000000e+03
3.658000000000000000e+03
1.184000000000000000e+03
1.732000000000000000e+03
2.746000000000000000e+03
4.254000000000000000e+03
1.262000000000000000e+03
8.590000000000000000e+02
2.063000000000000000e+03
1.952000000000000000e+03
3.039000000000000000e+03
1.384000000000000000e+03
5.585000000000000000e+03
1.399000000000000000e+03
8.040000000000000000e+02
1.315000000000000000e+03
2.380000000000000000e+03
1.552000000000000000e+03
2.633000000000000000e+03
8.610000000000000000e+02
8.510000000000000000e+02
2.566000000000000000e+03
1.769000000000000000e+03
4.944000000000000000e+03
8.790000000000000000e+02
1.129000000000000000e+03
2.070000000000000000e+03
8.930000000000000000e+02
2.775000000000000000e+03
2.990000000000000000e+03
1.317000000000000000e+03
1.400000000000000000e+03
2.164000000000000000e+03
7.775000000000000000e+03
1.954000000000000000e+03
6.571000000000000000e+03
3.849000000000000000e+03
2.119000000000000000e+03
9.030000000000000000e+02
1.371000000000000000e+03
5.690000000000000000e+02
2.332000000000000000e+03
8.050000000000000000e+02
1.525000000000000000e+03
3.490000000000000000e+02
4.780000000000000000e+02
2.467000000000000000e+03
2.149000000000000000e+03
4.745000000000000000e+03
9.650000000000000000e+02
1.222000000000000000e+03
2.624000000000000000e+03
7.890000000000000000e+02
2.688000000000000000e+03
2.301000000000000000e+03
1.592000000000000000e+03
4.006000000000000000e+03
3.460000000000000000e+03
1.001000000000000000e+03
4.415000000000000000e+03
7.590000000000000000e+02
1.161000000000000000e+03
1.572000000000000000e+03
2.116000000000000000e+03
2.084000000000000000e+03
9.040000000000000000e+02
9.320000000000000000e+02
1.174000000000000000e+03
1.026000000000000000e+03
1.325000000000000000e+03
1.701000000000000000e+03
1.673000000000000000e+03
1.129000000000000000e+03
1.148000000000000000e+03
2.274000000000000000e+03
6.015000000000000000e+03
7.780000000000000000e+02
8.120000000000000000e+02
7.790000000000000000e+02
1.405000000000000000e+03
1.626000000000000000e+03
6.920000000000000000e+02
2.489000000000000000e+03
1.486000000000000000e+03
1.972000000000000000e+03
1.716000000000000000e+03
1.848000000000000000e+03
2.190000000000000000e+03
2.858000000000000000e+03
1.669000000000000000e+03
2.356000000000000000e+03
3.423000000000000000e+03
9.050000000000000000e+02
1.112000000000000000e+03
2.279000000000000000e+03
1.378000000000000000e+03
1.512000000000000000e+03
1.527000000000000000e+03
3.715000000000000000e+03
6.320000000000000000e+02
3.747000000000000000e+03
1.367000000000000000e+03
8.650000000000000000e+02
2.304000000000000000e+03
1.096000000000000000e+03
1.766000000000000000e+03
4.414000000000000000e+03
1.296000000000000000e+03
4.828000000000000000e+03
1.917000000000000000e+03
5.490000000000000000e+02
2.434000000000000000e+03
1.149000000000000000e+03
6.820000000000000000e+02
1.161000000000000000e+03
8.940000000000000000e+02
1.788000000000000000e+03
1.733000000000000000e+03
9.040000000000000000e+02
1.609000000000000000e+03
2.142000000000000000e+03
7.170000000000000000e+02
1.638000000000000000e+03
2.995000000000000000e+03
1.198000000000000000e+03
2.941000000000000000e+03
4.137000000000000000e+03
3.470000000000000000e+02
4.463000000000000000e+03
9.770000000000000000e+02
1.549000000000000000e+03
2.976000000000000000e+03
1.002000000000000000e+03
2.590000000000000000e+03
4.289000000000000000e+03
1.702000000000000000e+03
1.560000000000000000e+03
1.840000000000000000e+03
1.017000000000000000e+03
2.365000000000000000e+03
1.537000000000000000e+03
6.645000000000000000e+03
2.483000000000000000e+03
1.548000000000000000e+03
2.088000000000000000e+03
1.052000000000000000e+03
3.085000000000000000e+03
1.476000000000000000e+03
1.353000000000000000e+03
1.960000000000000000e+03
1.448000000000000000e+03
3.133000000000000000e+03
1.237000000000000000e+03
2.164000000000000000e+03
1.730000000000000000e+03
1.590000000000000000e+03
1.475000000000000000e+03
2.851000000000000000e+03
1.640000000000000000e+03
1.714000000000000000e+03
1.038000000000000000e+03
4.270000000000000000e+03
2.143000000000000000e+03
1.308000000000000000e+03
1.902000000000000000e+03
1.263000000000000000e+03
1.827000000000000000e+03
1.306000000000000000e+03
1.553000000000000000e+03
1.340000000000000000e+03
2.130000000000000000e+03
6.826000000000000000e+03
3.967000000000000000e+03
4.127000000000000000e+03
1.344000000000000000e+03
6.920000000000000000e+02
1.418000000000000000e+03
9.330000000000000000e+02
3.692000000000000000e+03
2.302000000000000000e+03
7.080000000000000000e+02
1.108000000000000000e+03
2.944000000000000000e+03
1.971000000000000000e+03
3.875000000000000000e+03
2.500000000000000000e+03
1.684000000000000000e+03
2.806000000000000000e+03
1.880000000000000000e+03
2.373000000000000000e+03
9.140000000000000000e+02
6.947000000000000000e+03
2.055000000000000000e+03
2.679000000000000000e+03
2.055000000000000000e+03
1.341000000000000000e+03
9.020000000000000000e+02
1.550000000000000000e+03
9.270000000000000000e+02
1.175000000000000000e+03
8.250000000000000000e+02
8.510000000000000000e+02
1.670000000000000000e+03
1.300000000000000000e+03
3.081000000000000000e+03
5.870000000000000000e+02
2.276000000000000000e+03
2.956000000000000000e+03
1.813000000000000000e+03
5.970000000000000000e+02
1.072000000000000000e+03
1.211000000000000000e+03
1.128000000000000000e+03
1.365000000000000000e+03
2.364000000000000000e+03
1.755000000000000000e+03
3.249000000000000000e+03
5.930000000000000000e+02
1.576000000000000000e+03
4.124000000000000000e+03
9.560000000000000000e+02
1.097000000000000000e+03
1.048000000000000000e+03
1.944000000000000000e+03
7.050000000000000000e+02
1.014000000000000000e+03
1.698000000000000000e+03
3.338000000000000000e+03
1.864000000000000000e+03
2.745000000000000000e+03
1.594000000000000000e+03
1.142000000000000000e+03
6.110000000000000000e+02
1.517000000000000000e+03
1.330000000000000000e+03
1.610000000000000000e+03
1.382000000000000000e+03
7.204000000000000000e+03
2.127000000000000000e+03
1.718000000000000000e+03
2.039000000000000000e+03
3.660000000000000000e+02
2.057000000000000000e+03
2.694000000000000000e+03
6.370000000000000000e+02
1.359000000000000000e+03
1.857000000000000000e+03
5.780000000000000000e+03
8.530000000000000000e+02
7.420000000000000000e+02
1.805000000000000000e+03
3.203000000000000000e+03
2.614000000000000000e+03
3.598000000000000000e+03
1.043000000000000000e+03
8.190000000000000000e+02
3.172000000000000000e+03
8.840000000000000000e+02
2.789000000000000000e+03
3.327000000000000000e+03
1.236000000000000000e+03
2.605000000000000000e+03
1.445000000000000000e+03
1.407000000000000000e+03
1.667000000000000000e+03
1.457000000000000000e+03
5.860000000000000000e+02
9.270000000000000000e+02
1.901000000000000000e+03
2.094000000000000000e+03
5.349000000000000000e+03
3.032000000000000000e+03
1.620000000000000000e+03
2.837000000000000000e+03
8.300000000000000000e+02
2.972000000000000000e+03
1.758000000000000000e+03
1.053000000000000000e+03
1.335000000000000000e+03
1.410000000000000000e+03
2.034000000000000000e+03
1.199000000000000000e+03
1.344000000000000000e+03
8.680000000000000000e+02
2.134000000000000000e+03
2.971000000000000000e+03
2.769000000000000000e+03
7.350000000000000000e+02
1.475000000000000000e+03
2.097000000000000000e+03
3.506000000000000000e+03
1.909000000000000000e+03
2.764000000000000000e+03
2.226000000000000000e+03
3.755000000000000000e+03
1.782000000000000000e+03
1.882000000000000000e+03
1.960000000000000000e+03
9.090000000000000000e+02
1.897000000000000000e+03
1.515000000000000000e+03
2.872000000000000000e+03
3.965000000000000000e+03
1.525000000000000000e+03
2.371000000000000000e+03
1.360000000000000000e+03
2.223000000000000000e+03
2.197000000000000000e+03
2.890000000000000000e+03
1.777000000000000000e+03
3.697000000000000000e+03
1.660000000000000000e+03
1.559000000000000000e+03
2.674000000000000000e+03
1.867000000000000000e+03
1.116000000000000000e+03
5.320000000000000000e+03
9.220000000000000000e+02
7.460000000000000000e+02
1.514000000000000000e+03
9.860000000000000000e+02
1.412000000000000000e+03
1.947000000000000000e+03
1.369000000000000000e+03
1.873000000000000000e+03
3.042000000000000000e+03
2.848000000000000000e+03
2.092000000000000000e+03
1.792000000000000000e+03
6.250000000000000000e+02
1.625000000000000000e+03
3.259000000000000000e+03
2.722000000000000000e+03
1.744000000000000000e+03
9.970000000000000000e+02
2.158000000000000000e+03
3.648000000000000000e+03
2.809000000000000000e+03
1.731000000000000000e+03
1.795000000000000000e+03
3.413000000000000000e+03
