9.801000000000000000e+03
1.188600000000000000e+04
8.236000000000000000e+03
8.268000000000000000e+03
1.507000000000000000e+04
7.920000000000000000e+03
2.099500000000000000e+04
1.811000000000000000e+04
7.744000000000000000e+03
5.529000000000000000e+03
4.964000000000000000e+03
1.158200000000000000e+04
1.655100000000000000e+04
3.489000000000000000e+04
1.063000000000000000e+04
1.535300000000000000e+04
1.351600000000000000e+04
5.999000000000000000e+03
9.428000000000000000e+03
2.171100000000000000e+04
9.395000000000000000e+03
6.479000000000000000e+03
1.349600000000000000e+04
8.120000000000000000e+03
1.269100000000000000e+04
6.742000000000000000e+03
6.376000000000000000e+03
1.225300000000000000e+04
3.236400000000000000e+04
1.169900000000000000e+04
4.660000000000000000e+03
5.926000000000000000e+03
1.025000000000000000e+04
1.251200000000000000e+04
1.224500000000000000e+04
2.064400000000000000e+04
1.062600000000000000e+04
1.053000000000000000e+04
3.992000000000000000e+03
7.053000000000000000e+03
2.428800000000000000e+04
1.670400000000000000e+04
2.289400000000000000e+04
1.250200000000000000e+04
1.767900000000000000e+04
1.221400000000000000e+04
3.354100000000000000e+04
7.598000000000000000e+03
7.741000000000000000e+03
2.320200000000000000e+04
2.762700000000000000e+04
3.126400000000000000e+04
1.083700000000000000e+04
8.769000000000000000e+03
5.637000000000000000e+03
1.348100000000000000e+04
1.751700000000000000e+04
2.327600000000000000e+04
1.294200000000000000e+04
1.738100000000000000e+04
5.657000000000000000e+03
1.933000000000000000e+04
3.200100000000000000e+04
1.202000000000000000e+04
4.375000000000000000e+03
5.018000000000000000e+03
3.878000000000000000e+03
1.130500000000000000e+04
1.893500000000000000e+04
9.701000000000000000e+03
5.156000000000000000e+03
1.622600000000000000e+04
8.679000000000000000e+03
9.360000000000000000e+03
1.574800000000000000e+04
4.890000000000000000e+03
1.023100000000000000e+04
7.029000000000000000e+03
3.709000000000000000e+03
2.138200000000000000e+04
1.183400000000000000e+04
2.523600000000000000e+04
7.173000000000000000e+03
4.044000000000000000e+03
3.339200000000000000e+04
9.102000000000000000e+03
1.436300000000000000e+04
1.076800000000000000e+04
7.038000000000000000e+03
1.404800000000000000e+04
1.924700000000000000e+04
5.032000000000000000e+03
5.383000000000000000e+03
6.789000000000000000e+03
1.845100000000000000e+04
1.841200000000000000e+04
1.543200000000000000e+04
6.873000000000000000e+03
3.117400000000000000e+04
3.940400000000000000e+04
2.750000000000000000e+04
9.948000000000000000e+03
6.528000000000000000e+03
1.462500000000000000e+04
1.330400000000000000e+04
1.952600000000000000e+04
6.660000000000000000e+03
1.011800000000000000e+04
7.705000000000000000e+03
5.427000000000000000e+03
2.619300000000000000e+04
2.477900000000000000e+04
1.068600000000000000e+04
1.322700000000000000e+04
1.083200000000000000e+04
2.291200000000000000e+04
1.193700000000000000e+04
4.814000000000000000e+03
6.494000000000000000e+03
9.739000000000000000e+03
3.336200000000000000e+04
1.596200000000000000e+04
1.331100000000000000e+04
1.887100000000000000e+04
9.925000000000000000e+03
8.772000000000000000e+03
1.473000000000000000e+04
2.281000000000000000e+04
6.789000000000000000e+03
3.499400000000000000e+04
1.978000000000000000e+04
3.532000000000000000e+03
4.948900000000000000e+04
2.087800000000000000e+04
1.122000000000000000e+04
1.252400000000000000e+04
9.790000000000000000e+03
1.962600000000000000e+04
3.882000000000000000e+03
1.746100000000000000e+04
1.335900000000000000e+04
1.574000000000000000e+04
2.968100000000000000e+04
2.512900000000000000e+04
1.131600000000000000e+04
2.088400000000000000e+04
1.183600000000000000e+04
1.555900000000000000e+04
1.466300000000000000e+04
1.806100000000000000e+04
8.051000000000000000e+03
1.029900000000000000e+04
1.354900000000000000e+04
5.438700000000000000e+04
1.918300000000000000e+04
6.797000000000000000e+03
1.483500000000000000e+04
5.440000000000000000e+03
2.397100000000000000e+04
4.858000000000000000e+03
1.308400000000000000e+04
6.040000000000000000e+03
1.674700000000000000e+04
2.051700000000000000e+04
1.850500000000000000e+04
1.904800000000000000e+04
1.743900000000000000e+04
3.860000000000000000e+03
7.558000000000000000e+03
2.335400000000000000e+04
2.715500000000000000e+04
8.702000000000000000e+03
2.642000000000000000e+03
1.577300000000000000e+04
2.520300000000000000e+04
1.448700000000000000e+04
3.402800000000000000e+04
2.873300000000000000e+04
1.195800000000000000e+04
1.012300000000000000e+04
9.013000000000000000e+03
2.851200000000000000e+04
2.332800000000000000e+04
1.858700000000000000e+04
1.318100000000000000e+04
3.661700000000000000e+04
9.009000000000000000e+03
5.357000000000000000e+03
6.107000000000000000e+03
1.268100000000000000e+04
5.712000000000000000e+03
1.545200000000000000e+04
5.258000000000000000e+03
1.776100000000000000e+04
1.306900000000000000e+04
1.315000000000000000e+04
9.724000000000000000e+03
6.901000000000000000e+03
1.679300000000000000e+04
7.754000000000000000e+03
1.896000000000000000e+04
2.074700000000000000e+04
1.479000000000000000e+04
3.409000000000000000e+04
1.246300000000000000e+04
2.809900000000000000e+04
1.783000000000000000e+04
8.038000000000000000e+03
1.193900000000000000e+04
1.359000000000000000e+04
5.331000000000000000e+03
1.537700000000000000e+04
6.196000000000000000e+03
1.176700000000000000e+04
1.647400000000000000e+04
2.828300000000000000e+04
1.653400000000000000e+04
7.053000000000000000e+03
8.020000000000000000e+03
1.910600000000000000e+04
6.752000000000000000e+03
1.319800000000000000e+04
7.659000000000000000e+03
6.571000000000000000e+03
3.483000000000000000e+03
1.646700000000000000e+04
1.137300000000000000e+04
3.202900000000000000e+04
2.602400000000000000e+04
3.843000000000000000e+04
8.595000000000000000e+03
1.004500000000000000e+04
1.514800000000000000e+04
1.007500000000000000e+04
5.624000000000000000e+03
1.826900000000000000e+04
1.200600000000000000e+04
1.999100000000000000e+04
1.692800000000000000e+04
2.876700000000000000e+04
1.445200000000000000e+04
2.290700000000000000e+04
1.062700000000000000e+04
1.450700000000000000e+04
1.434900000000000000e+04
1.067600000000000000e+04
4.512700000000000000e+04
1.638500000000000000e+04
1.030100000000000000e+04
1.334600000000000000e+04
2.175800000000000000e+04
2.372000000000000000e+04
1.986600000000000000e+04
1.616900000000000000e+04
1.195600000000000000e+04
2.712400000000000000e+04
1.192900000000000000e+04
2.373100000000000000e+04
1.383700000000000000e+04
1.330100000000000000e+04
7.977000000000000000e+03
1.374700000000000000e+04
8.232000000000000000e+03
8.224000000000000000e+03
1.252200000000000000e+04
2.533300000000000000e+04
7.945000000000000000e+03
3.805100000000000000e+04
1.612100000000000000e+04
1.106400000000000000e+04
1.357000000000000000e+04
1.260400000000000000e+04
4.662000000000000000e+03
1.595300000000000000e+04
1.789700000000000000e+04
6.389000000000000000e+03
6.275000000000000000e+03
6.996000000000000000e+03
1.845000000000000000e+04
1.195200000000000000e+04
1.291300000000000000e+04
1.966200000000000000e+04
1.527300000000000000e+04
3.123000000000000000e+03
1.583500000000000000e+04
1.783300000000000000e+04
2.498900000000000000e+04
1.983700000000000000e+04
3.045700000000000000e+04
1.822700000000000000e+04
6.180000000000000000e+03
9.433000000000000000e+03
1.357300000000000000e+04
6.422000000000000000e+03
1.199400000000000000e+04
1.112400000000000000e+04
6.970000000000000000e+03
2.025900000000000000e+04
3.466000000000000000e+04
8.066000000000000000e+03
1.264100000000000000e+04
1.680500000000000000e+04
1.452200000000000000e+04
1.145900000000000000e+04
5.365000000000000000e+03
1.204000000000000000e+04
1.869900000000000000e+04
3.180000000000000000e+03
1.909600000000000000e+04
1.007000000000000000e+04
1.086900000000000000e+04
1.819600000000000000e+04
4.417000000000000000e+03
1.195000000000000000e+04
2.415600000000000000e+04
1.179800000000000000e+04
9.269000000000000000e+03
5.559000000000000000e+03
9.082000000000000000e+03
1.612100000000000000e+04
1.911000000000000000e+04
9.855000000000000000e+03
1.929200000000000000e+04
2.243500000000000000e+04
3.856000000000000000e+03
7.082000000000000000e+03
2.494700000000000000e+04
9.750000000000000000e+03
9.007000000000000000e+03
6.994000000000000000e+03
9.241000000000000000e+03
2.358400000000000000e+04
1.006500000000000000e+04
1.754100000000000000e+04
8.970000000000000000e+03
7.735000000000000000e+03
1.170500000000000000e+04
8.219000000000000000e+03
1.812200000000000000e+04
1.804500000000000000e+04
1.619400000000000000e+04
1.456800000000000000e+04
1.233900000000000000e+04
4.338000000000000000e+03
7.976000000000000000e+03
7.007000000000000000e+03
8.602000000000000000e+03
2.243100000000000000e+04
1.156000000000000000e+04
1.052400000000000000e+04
5.620000000000000000e+03
9.347000000000000000e+03
2.953700000000000000e+04
1.127400000000000000e+04
1.866000000000000000e+03
8.411000000000000000e+03
3.474000000000000000e+03
1.984000000000000000e+04
1.689000000000000000e+04
6.506000000000000000e+03
9.363000000000000000e+03
9.562000000000000000e+03
4.380200000000000000e+04
2.090900000000000000e+04
3.619000000000000000e+03
1.702500000000000000e+04
1.194100000000000000e+04
6.803000000000000000e+03
9.271000000000000000e+03
8.428000000000000000e+03
3.588900000000000000e+04
8.404000000000000000e+03
1.578500000000000000e+04
7.558000000000000000e+03
6.806000000000000000e+03
1.933700000000000000e+04
1.528500000000000000e+04
6.047000000000000000e+03
6.688000000000000000e+03
1.310000000000000000e+04
1.139600000000000000e+04
1.289000000000000000e+04
1.112500000000000000e+04
2.771100000000000000e+04
1.397200000000000000e+04
1.332000000000000000e+04
2.002000000000000000e+04
2.652000000000000000e+03
1.752900000000000000e+04
2.140200000000000000e+04
3.700200000000000000e+04
9.451000000000000000e+03
2.665400000000000000e+04
2.242700000000000000e+04
1.855500000000000000e+04
2.452900000000000000e+04
1.129200000000000000e+04
1.188000000000000000e+04
1.218200000000000000e+04
8.104000000000000000e+03
1.964800000000000000e+04
1.035400000000000000e+04
2.433900000000000000e+04
1.695200000000000000e+04
1.255100000000000000e+04
1.364400000000000000e+04
1.889500000000000000e+04
3.019000000000000000e+04
3.866000000000000000e+03
5.311000000000000000e+03
1.305500000000000000e+04
1.047500000000000000e+04
1.377800000000000000e+04
8.030000000000000000e+03
3.639000000000000000e+03
1.257200000000000000e+04
7.160000000000000000e+03
2.084200000000000000e+04
2.744400000000000000e+04
6.556000000000000000e+03
7.368000000000000000e+03
1.218400000000000000e+04
2.413800000000000000e+04
5.780500000000000000e+04
1.213800000000000000e+04
3.634200000000000000e+04
5.448000000000000000e+03
7.557000000000000000e+03
5.330000000000000000e+03
1.307200000000000000e+04
3.117300000000000000e+04
2.545300000000000000e+04
1.388000000000000000e+04
1.268000000000000000e+04
2.015000000000000000e+04
2.125900000000000000e+04
8.213000000000000000e+03
2.140600000000000000e+04
1.477800000000000000e+04
1.789800000000000000e+04
1.268900000000000000e+04
3.108100000000000000e+04
3.542400000000000000e+04
3.137600000000000000e+04
2.606200000000000000e+04
3.344100000000000000e+04
1.585500000000000000e+04
8.411000000000000000e+03
1.504300000000000000e+04
4.195000000000000000e+03
1.959100000000000000e+04
9.055000000000000000e+03
1.031600000000000000e+04
7.802000000000000000e+03
2.261100000000000000e+04
6.327000000000000000e+03
1.502900000000000000e+04
2.982100000000000000e+04
4.857000000000000000e+03
7.992000000000000000e+03
3.181200000000000000e+04
1.685900000000000000e+04
3.868000000000000000e+03
1.269700000000000000e+04
1.721300000000000000e+04
1.263500000000000000e+04
7.611000000000000000e+03
2.459600000000000000e+04
1.966900000000000000e+04
8.933000000000000000e+03
2.888000000000000000e+04
8.342000000000000000e+03
1.532000000000000000e+04
3.158700000000000000e+04
2.995300000000000000e+04
2.565000000000000000e+04
7.419000000000000000e+03
1.403400000000000000e+04
8.749000000000000000e+03
2.638400000000000000e+04
1.051900000000000000e+04
1.306000000000000000e+04
1.939300000000000000e+04
4.981000000000000000e+03
7.403000000000000000e+03
1.946400000000000000e+04
7.800000000000000000e+03
9.323000000000000000e+03
8.252000000000000000e+03
1.087900000000000000e+04
2.271900000000000000e+04
5.892000000000000000e+03
1.354200000000000000e+04
1.906500000000000000e+04
1.020500000000000000e+04
1.329300000000000000e+04
8.523000000000000000e+03
9.254000000000000000e+03
1.374400000000000000e+04
3.913000000000000000e+03
3.989500000000000000e+04
2.216400000000000000e+04
3.198500000000000000e+04
5.827000000000000000e+03
9.604000000000000000e+03
8.619000000000000000e+03
1.726100000000000000e+04
2.032000000000000000e+04
3.546000000000000000e+03
2.356800000000000000e+04
2.438000000000000000e+03
7.675000000000000000e+03
2.309800000000000000e+04
9.412000000000000000e+03
2.297400000000000000e+04
1.723800000000000000e+04
6.407000000000000000e+03
1.149900000000000000e+04
1.877000000000000000e+04
3.199400000000000000e+04
2.393900000000000000e+04
1.413900000000000000e+04
9.622000000000000000e+03
3.583300000000000000e+04
1.541900000000000000e+04
1.107100000000000000e+04
1.912600000000000000e+04
1.165000000000000000e+04
2.119200000000000000e+04
2.040200000000000000e+04
1.126000000000000000e+04
8.685000000000000000e+03
9.775000000000000000e+03
7.308000000000000000e+03
6.995000000000000000e+03
1.343500000000000000e+04
1.076600000000000000e+04
4.772000000000000000e+03
1.071100000000000000e+04
1.409300000000000000e+04
1.281800000000000000e+04
9.647000000000000000e+03
1.770200000000000000e+04
5.024600000000000000e+04
1.326300000000000000e+04
5.209000000000000000e+03
9.190000000000000000e+03
1.016400000000000000e+04
1.161600000000000000e+04
2.355300000000000000e+04
2.014500000000000000e+04
1.667800000000000000e+04
2.398400000000000000e+04
2.271600000000000000e+04
1.364700000000000000e+04
7.421000000000000000e+03
1.605600000000000000e+04
2.595200000000000000e+04
6.792000000000000000e+03
9.505000000000000000e+03
1.274300000000000000e+04
2.514900000000000000e+04
1.160500000000000000e+04
1.080600000000000000e+04
1.688500000000000000e+04
1.267400000000000000e+04
1.098100000000000000e+04
1.033100000000000000e+04
1.381200000000000000e+04
1.872500000000000000e+04
1.391300000000000000e+04
9.947000000000000000e+03
2.519500000000000000e+04
1.270100000000000000e+04
5.869000000000000000e+03
1.045900000000000000e+04
6.374000000000000000e+03
8.353000000000000000e+03
9.337000000000000000e+03
1.057900000000000000e+04
9.507000000000000000e+03
5.789800000000000000e+04
1.171200000000000000e+04
5.813400000000000000e+04
6.375000000000000000e+03
4.392000000000000000e+03
6.787000000000000000e+03
1.425700000000000000e+04
2.098500000000000000e+04
2.742800000000000000e+04
1.234100000000000000e+04
1.307700000000000000e+04
1.280200000000000000e+04
1.275600000000000000e+04
1.447200000000000000e+04
6.128000000000000000e+03
1.392400000000000000e+04
1.477100000000000000e+04
8.257000000000000000e+03
9.507000000000000000e+03
1.416200000000000000e+04
2.693100000000000000e+04
4.160200000000000000e+04
1.604200000000000000e+04
6.924000000000000000e+03
1.537700000000000000e+04
1.555600000000000000e+04
1.141600000000000000e+04
8.119000000000000000e+03
8.285000000000000000e+03
3.848800000000000000e+04
1.667800000000000000e+04
3.774900000000000000e+04
2.917800000000000000e+04
1.110800000000000000e+04
1.432900000000000000e+04
1.345800000000000000e+04
1.434000000000000000e+04
1.530200000000000000e+04
1.501900000000000000e+04
8.753000000000000000e+03
5.341000000000000000e+03
1.467600000000000000e+04
1.068700000000000000e+04
1.441000000000000000e+04
9.619000000000000000e+03
2.365500000000000000e+04
8.901000000000000000e+03
8.326000000000000000e+03
1.305600000000000000e+04
2.410700000000000000e+04
2.375500000000000000e+04
6.748000000000000000e+03
1.914200000000000000e+04
1.180900000000000000e+04
1.112900000000000000e+04
9.666000000000000000e+03
7.758000000000000000e+03
5.646000000000000000e+03
8.038000000000000000e+03
1.781800000000000000e+04
5.021900000000000000e+04
2.007700000000000000e+04
1.566900000000000000e+04
7.661000000000000000e+03
1.943100000000000000e+04
9.219000000000000000e+03
2.041800000000000000e+04
1.097900000000000000e+04
1.781000000000000000e+04
6.902000000000000000e+03
6.303000000000000000e+03
1.220800000000000000e+04
2.403200000000000000e+04
5.672000000000000000e+03
1.466400000000000000e+04
7.446000000000000000e+03
2.974100000000000000e+04
1.767900000000000000e+04
5.594000000000000000e+03
1.251100000000000000e+04
1.633000000000000000e+04
1.920700000000000000e+04
1.523900000000000000e+04
8.089000000000000000e+03
3.747500000000000000e+04
1.510900000000000000e+04
7.754000000000000000e+03
9.334000000000000000e+03
1.388800000000000000e+04
2.156800000000000000e+04
5.350000000000000000e+03
8.947000000000000000e+03
6.661000000000000000e+03
7.866000000000000000e+03
9.273000000000000000e+03
9.609000000000000000e+03
1.268200000000000000e+04
5.600000000000000000e+03
9.495000000000000000e+03
2.801100000000000000e+04
1.410300000000000000e+04
1.913000000000000000e+04
3.373200000000000000e+04
1.326800000000000000e+04
1.500600000000000000e+04
3.944000000000000000e+03
1.105200000000000000e+04
2.553700000000000000e+04
1.736600000000000000e+04
1.476900000000000000e+04
1.984100000000000000e+04
9.248000000000000000e+03
3.124100000000000000e+04
2.307100000000000000e+04
1.641300000000000000e+04
9.799000000000000000e+03
9.444000000000000000e+03
2.447200000000000000e+04
7.762000000000000000e+03
1.486100000000000000e+04
1.169300000000000000e+04
7.550000000000000000e+03
1.995500000000000000e+04
1.472700000000000000e+04
2.207200000000000000e+04
1.054800000000000000e+04
1.082100000000000000e+04
5.453000000000000000e+03
1.924000000000000000e+04
1.540200000000000000e+04
1.250400000000000000e+04
2.591900000000000000e+04
1.386400000000000000e+04
2.534800000000000000e+04
1.496500000000000000e+04
5.822000000000000000e+03
1.105800000000000000e+04
2.827000000000000000e+04
8.697000000000000000e+03
1.256100000000000000e+04
1.887500000000000000e+04
2.400500000000000000e+04
1.890800000000000000e+04
1.100900000000000000e+04
9.869000000000000000e+03
1.815600000000000000e+04
2.429500000000000000e+04
3.013700000000000000e+04
1.890300000000000000e+04
7.136000000000000000e+03
9.885000000000000000e+03
6.278000000000000000e+03
8.259000000000000000e+03
9.202000000000000000e+03
3.922000000000000000e+03
1.826200000000000000e+04
2.223600000000000000e+04
3.833500000000000000e+04
1.868300000000000000e+04
6.244000000000000000e+03
1.767200000000000000e+04
3.153800000000000000e+04
2.737100000000000000e+04
9.572000000000000000e+03
2.389400000000000000e+04
5.926000000000000000e+03
1.676600000000000000e+04
9.091000000000000000e+03
1.381700000000000000e+04
1.456600000000000000e+04
1.840500000000000000e+04
1.883800000000000000e+04
1.969300000000000000e+04
3.538000000000000000e+03
9.783000000000000000e+03
3.314100000000000000e+04
1.132100000000000000e+04
5.482000000000000000e+03
1.002500000000000000e+04
1.778600000000000000e+04
2.899400000000000000e+04
7.177000000000000000e+03
1.610900000000000000e+04
1.569400000000000000e+04
1.736000000000000000e+04
1.691400000000000000e+04
2.125400000000000000e+04
1.481300000000000000e+04
1.345500000000000000e+04
1.661400000000000000e+04
1.105800000000000000e+04
5.728000000000000000e+03
1.454800000000000000e+04
8.034000000000000000e+03
1.184900000000000000e+04
3.730500000000000000e+04
8.430000000000000000e+03
2.214000000000000000e+04
1.902500000000000000e+04
8.801000000000000000e+03
7.303000000000000000e+03
1.586600000000000000e+04
2.396200000000000000e+04
1.100400000000000000e+04
1.265300000000000000e+04
2.224300000000000000e+04
5.472000000000000000e+03
2.318300000000000000e+04
2.452500000000000000e+04
1.036600000000000000e+04
1.808000000000000000e+04
1.390300000000000000e+04
9.574000000000000000e+03
3.277900000000000000e+04
4.980200000000000000e+04
1.436400000000000000e+04
2.053700000000000000e+04
2.546100000000000000e+04
7.755000000000000000e+03
9.814000000000000000e+03
2.821900000000000000e+04
1.365700000000000000e+04
7.818000000000000000e+03
7.967000000000000000e+03
6.726000000000000000e+03
1.150500000000000000e+04
1.721800000000000000e+04
1.599800000000000000e+04
7.512000000000000000e+03
1.554300000000000000e+04
5.635000000000000000e+03
1.964300000000000000e+04
1.932500000000000000e+04
7.796000000000000000e+03
1.467700000000000000e+04
1.372500000000000000e+04
9.514000000000000000e+03
1.466600000000000000e+04
2.873100000000000000e+04
1.776100000000000000e+04
4.767000000000000000e+03
1.775900000000000000e+04
7.883000000000000000e+03
9.677000000000000000e+03
2.905700000000000000e+04
6.001000000000000000e+03
1.460900000000000000e+04
4.096000000000000000e+03
3.047200000000000000e+04
2.327100000000000000e+04
7.881000000000000000e+03
2.029800000000000000e+04
1.180000000000000000e+04
2.317300000000000000e+04
1.198700000000000000e+04
7.953000000000000000e+03
1.866900000000000000e+04
1.124900000000000000e+04
2.256300000000000000e+04
1.186200000000000000e+04
7.895000000000000000e+03
1.820200000000000000e+04
4.596000000000000000e+03
2.783300000000000000e+04
6.115000000000000000e+03
9.314000000000000000e+03
3.140200000000000000e+04
9.568000000000000000e+03
1.100900000000000000e+04
3.387700000000000000e+04
5.659000000000000000e+03
2.471500000000000000e+04
8.243000000000000000e+03
1.216500000000000000e+04
4.841000000000000000e+03
3.723000000000000000e+03
2.094800000000000000e+04
1.207100000000000000e+04
6.334000000000000000e+03
1.636400000000000000e+04
1.377000000000000000e+04
7.491000000000000000e+03
3.145800000000000000e+04
3.747000000000000000e+03
2.005200000000000000e+04
9.451000000000000000e+03
9.651000000000000000e+03
2.491400000000000000e+04
1.286000000000000000e+04
8.756000000000000000e+03
5.529000000000000000e+03
5.247000000000000000e+03
1.297300000000000000e+04
2.579900000000000000e+04
9.469000000000000000e+03
9.430000000000000000e+03
1.661700000000000000e+04
6.139000000000000000e+03
3.641700000000000000e+04
2.050700000000000000e+04
3.096000000000000000e+04
6.619000000000000000e+03
1.111500000000000000e+04
3.051600000000000000e+04
1.780300000000000000e+04
1.374200000000000000e+04
2.667600000000000000e+04
1.446200000000000000e+04
3.971100000000000000e+04
1.244200000000000000e+04
8.246000000000000000e+03
1.220900000000000000e+04
2.429600000000000000e+04
3.744800000000000000e+04
2.229300000000000000e+04
8.763000000000000000e+03
9.225000000000000000e+03
6.409000000000000000e+03
1.895300000000000000e+04
9.001000000000000000e+03
2.348100000000000000e+04
5.905000000000000000e+03
8.423000000000000000e+03
9.732000000000000000e+03
1.011200000000000000e+04
9.665000000000000000e+03
8.007000000000000000e+03
1.929400000000000000e+04
1.641500000000000000e+04
8.222000000000000000e+03
1.029000000000000000e+04
1.986100000000000000e+04
8.151000000000000000e+03
1.010300000000000000e+04
1.889800000000000000e+04
3.839000000000000000e+03
1.548600000000000000e+04
1.377600000000000000e+04
9.747000000000000000e+03
6.338000000000000000e+03
1.633100000000000000e+04
2.107100000000000000e+04
1.023500000000000000e+04
7.608000000000000000e+03
3.182300000000000000e+04
1.073100000000000000e+04
7.040900000000000000e+04
2.114500000000000000e+04
7.088000000000000000e+03
6.532000000000000000e+03
5.894000000000000000e+03
1.651600000000000000e+04
5.811000000000000000e+03
5.000000000000000000e+03
4.485000000000000000e+03
4.037600000000000000e+04
1.443700000000000000e+04
1.309100000000000000e+04
7.716000000000000000e+03
9.594000000000000000e+03
1.044000000000000000e+04
2.015400000000000000e+04
6.438000000000000000e+03
1.693600000000000000e+04
6.533700000000000000e+04
2.736200000000000000e+04
8.863000000000000000e+03
1.068900000000000000e+04
8.998000000000000000e+03
5.634000000000000000e+03
4.702300000000000000e+04
8.051000000000000000e+03
8.972000000000000000e+03
1.294200000000000000e+04
8.496000000000000000e+03
1.591700000000000000e+04
8.818000000000000000e+03
5.343000000000000000e+03
3.469000000000000000e+03
1.031500000000000000e+04
2.214800000000000000e+04
2.152200000000000000e+04
6.783000000000000000e+03
2.583300000000000000e+04
1.678000000000000000e+03
1.177500000000000000e+04
9.060000000000000000e+03
8.582000000000000000e+03
2.945000000000000000e+03
7.512000000000000000e+03
7.524000000000000000e+03
2.781900000000000000e+04
1.741100000000000000e+04
2.529800000000000000e+04
9.606000000000000000e+03
4.690000000000000000e+03
1.395900000000000000e+04
1.038600000000000000e+04
3.729000000000000000e+03
1.526700000000000000e+04
3.474200000000000000e+04
3.297400000000000000e+04
1.190600000000000000e+04
2.071700000000000000e+04
1.007100000000000000e+04
5.656000000000000000e+03
1.592800000000000000e+04
1.317300000000000000e+04
1.124000000000000000e+04
1.630000000000000000e+04
9.660000000000000000e+03
4.712000000000000000e+03
9.853000000000000000e+03
1.434200000000000000e+04
2.537000000000000000e+04
1.097200000000000000e+04
1.324500000000000000e+04
8.437000000000000000e+03
1.136100000000000000e+04
