2.631700000000000000e+04
1.437000000000000000e+04
1.431500000000000000e+04
1.470200000000000000e+04
3.618400000000000000e+04
1.622800000000000000e+04
1.125500000000000000e+04
7.360000000000000000e+03
1.330900000000000000e+04
1.050100000000000000e+04
7.524000000000000000e+03
3.382400000000000000e+04
1.338500000000000000e+04
8.998000000000000000e+03
6.157000000000000000e+03
9.252000000000000000e+03
6.300000000000000000e+03
3.578300000000000000e+04
1.210300000000000000e+04
3.262400000000000000e+04
1.963600000000000000e+04
2.443600000000000000e+04
1.023600000000000000e+04
1.182600000000000000e+04
7.201000000000000000e+03
1.016900000000000000e+04
5.529300000000000000e+04
3.116300000000000000e+04
2.521600000000000000e+04
1.712400000000000000e+04
1.164100000000000000e+04
1.246500000000000000e+04
1.916800000000000000e+04
6.438000000000000000e+03
7.391000000000000000e+03
1.161800000000000000e+04
8.093000000000000000e+03
1.704500000000000000e+04
1.638600000000000000e+04
8.853000000000000000e+03
1.536800000000000000e+04
2.529000000000000000e+04
1.352600000000000000e+04
9.310000000000000000e+03
1.840900000000000000e+04
5.504800000000000000e+04
2.300000000000000000e+04
1.770100000000000000e+04
5.995200000000000000e+04
1.585400000000000000e+04
9.987000000000000000e+03
1.546500000000000000e+04
4.960500000000000000e+04
1.456500000000000000e+04
2.486100000000000000e+04
2.973400000000000000e+04
5.591000000000000000e+03
1.286200000000000000e+04
8.940000000000000000e+03
7.013000000000000000e+03
1.732500000000000000e+04
1.389700000000000000e+04
1.868300000000000000e+04
2.016700000000000000e+04
5.240000000000000000e+03
3.674400000000000000e+04
3.244500000000000000e+04
1.000700000000000000e+04
2.928800000000000000e+04
1.449100000000000000e+04
1.432800000000000000e+04
1.069500000000000000e+04
3.294600000000000000e+04
1.211700000000000000e+04
2.351600000000000000e+04
7.698000000000000000e+03
3.070300000000000000e+04
9.034000000000000000e+03
1.181100000000000000e+04
2.168500000000000000e+04
1.204100000000000000e+04
3.771300000000000000e+04
1.299800000000000000e+04
5.386400000000000000e+04
1.202800000000000000e+04
1.172300000000000000e+04
7.247000000000000000e+03
2.594600000000000000e+04
3.019800000000000000e+04
1.540200000000000000e+04
1.404200000000000000e+04
1.542900000000000000e+04
1.792000000000000000e+04
1.515200000000000000e+04
1.114000000000000000e+04
1.785100000000000000e+04
1.425400000000000000e+04
1.620800000000000000e+04
2.313800000000000000e+04
1.622400000000000000e+04
1.107500000000000000e+04
1.211600000000000000e+04
3.862500000000000000e+04
2.342200000000000000e+04
5.564900000000000000e+04
1.612000000000000000e+04
8.939000000000000000e+03
3.021900000000000000e+04
1.079900000000000000e+04
1.088300000000000000e+04
1.654000000000000000e+04
2.615000000000000000e+04
8.431000000000000000e+03
1.242300000000000000e+04
3.112900000000000000e+04
2.330900000000000000e+04
3.010800000000000000e+04
7.835000000000000000e+03
8.361000000000000000e+03
1.322700000000000000e+04
1.557800000000000000e+04
3.399500000000000000e+04
1.129800000000000000e+04
3.476700000000000000e+04
2.078500000000000000e+04
5.365600000000000000e+04
8.174000000000000000e+03
1.439600000000000000e+04
2.151000000000000000e+04
1.164900000000000000e+04
1.083800000000000000e+04
7.846000000000000000e+03
1.231400000000000000e+04
5.318700000000000000e+04
1.144300000000000000e+04
1.574400000000000000e+04
2.353600000000000000e+04
5.631000000000000000e+04
1.715500000000000000e+04
3.713700000000000000e+04
1.937700000000000000e+04
1.501500000000000000e+04
2.331400000000000000e+04
1.823700000000000000e+04
2.400700000000000000e+04
3.132800000000000000e+04
1.300700000000000000e+04
2.758200000000000000e+04
1.368800000000000000e+04
6.512000000000000000e+03
4.241600000000000000e+04
1.658200000000000000e+04
2.962300000000000000e+04
9.655000000000000000e+03
1.612400000000000000e+04
2.107500000000000000e+04
1.730000000000000000e+04
1.095900000000000000e+04
2.130700000000000000e+04
2.217000000000000000e+04
1.980900000000000000e+04
9.026000000000000000e+03
2.676900000000000000e+04
9.461000000000000000e+03
2.872200000000000000e+04
2.965100000000000000e+04
6.817000000000000000e+03
6.095000000000000000e+03
1.560300000000000000e+04
7.721000000000000000e+03
1.883200000000000000e+04
8.332000000000000000e+03
8.120000000000000000e+03
8.789000000000000000e+03
1.277700000000000000e+04
1.768200000000000000e+04
2.719800000000000000e+04
1.217400000000000000e+04
6.227000000000000000e+03
3.126900000000000000e+04
1.119300000000000000e+04
1.168000000000000000e+04
1.800400000000000000e+04
1.530900000000000000e+04
9.341000000000000000e+03
4.595000000000000000e+03
1.328000000000000000e+04
2.515500000000000000e+04
3.021500000000000000e+04
1.599400000000000000e+04
3.683100000000000000e+04
1.106600000000000000e+04
8.242000000000000000e+03
1.097300000000000000e+04
2.685100000000000000e+04
1.513500000000000000e+04
7.227000000000000000e+03
8.071000000000000000e+03
2.062400000000000000e+04
1.312300000000000000e+04
1.305200000000000000e+04
1.078500000000000000e+04
5.490000000000000000e+03
4.972300000000000000e+04
1.361200000000000000e+04
1.474000000000000000e+04
2.564000000000000000e+04
9.504000000000000000e+03
9.178000000000000000e+03
2.784300000000000000e+04
1.447700000000000000e+04
2.013200000000000000e+04
7.567000000000000000e+03
1.588700000000000000e+04
6.124000000000000000e+03
1.265800000000000000e+04
2.169300000000000000e+04
1.479700000000000000e+04
1.432300000000000000e+04
2.613800000000000000e+04
9.184000000000000000e+03
2.073200000000000000e+04
2.146400000000000000e+04
3.233900000000000000e+04
9.640000000000000000e+03
7.277000000000000000e+03
1.231100000000000000e+04
2.361800000000000000e+04
1.588300000000000000e+04
1.257800000000000000e+04
8.926000000000000000e+03
1.801200000000000000e+04
8.205000000000000000e+03
5.214000000000000000e+03
2.344000000000000000e+04
1.726300000000000000e+04
1.247200000000000000e+04
7.946000000000000000e+03
8.592000000000000000e+03
1.681000000000000000e+04
3.027800000000000000e+04
2.115600000000000000e+04
1.893400000000000000e+04
2.406900000000000000e+04
1.611100000000000000e+04
1.285200000000000000e+04
1.892500000000000000e+04
3.260100000000000000e+04
3.391400000000000000e+04
2.838500000000000000e+04
1.284900000000000000e+04
1.429600000000000000e+04
1.199600000000000000e+04
4.796700000000000000e+04
1.200600000000000000e+04
1.476800000000000000e+04
8.916000000000000000e+03
6.524000000000000000e+03
1.371500000000000000e+04
4.828000000000000000e+03
1.738900000000000000e+04
3.180400000000000000e+04
1.177500000000000000e+04
7.201000000000000000e+03
2.401100000000000000e+04
2.670600000000000000e+04
2.770500000000000000e+04
1.541000000000000000e+04
1.246800000000000000e+04
1.112400000000000000e+04
1.402200000000000000e+04
1.084800000000000000e+04
2.962700000000000000e+04
9.402000000000000000e+03
1.420800000000000000e+04
4.215600000000000000e+04
1.438500000000000000e+04
8.171000000000000000e+03
1.822000000000000000e+04
3.090800000000000000e+04
6.033000000000000000e+03
9.115000000000000000e+03
1.684900000000000000e+04
1.224700000000000000e+04
3.898000000000000000e+04
1.150900000000000000e+04
2.684100000000000000e+04
1.140500000000000000e+04
5.457200000000000000e+04
6.440000000000000000e+03
2.328700000000000000e+04
8.211000000000000000e+03
2.858700000000000000e+04
1.907100000000000000e+04
9.074000000000000000e+03
6.844000000000000000e+03
1.742600000000000000e+04
2.237700000000000000e+04
1.137900000000000000e+04
1.085900000000000000e+04
1.574100000000000000e+04
4.123800000000000000e+04
1.632200000000000000e+04
1.636200000000000000e+04
1.384700000000000000e+04
1.037600000000000000e+04
1.088800000000000000e+04
1.456100000000000000e+04
3.154400000000000000e+04
2.375200000000000000e+04
2.309100000000000000e+04
2.506600000000000000e+04
1.335500000000000000e+04
1.508700000000000000e+04
1.647100000000000000e+04
1.598700000000000000e+04
1.778700000000000000e+04
5.676300000000000000e+04
2.173100000000000000e+04
1.761700000000000000e+04
1.357000000000000000e+04
1.005400000000000000e+04
3.527000000000000000e+04
1.656400000000000000e+04
9.300000000000000000e+03
5.462000000000000000e+03
3.170100000000000000e+04
1.209300000000000000e+04
1.244300000000000000e+04
1.722800000000000000e+04
3.199800000000000000e+04
2.531800000000000000e+04
8.151000000000000000e+03
7.345000000000000000e+03
2.403000000000000000e+04
1.410100000000000000e+04
2.895600000000000000e+04
1.930800000000000000e+04
1.291800000000000000e+04
9.500000000000000000e+03
1.232600000000000000e+04
6.787000000000000000e+03
7.113000000000000000e+03
8.268000000000000000e+03
1.447900000000000000e+04
6.564700000000000000e+04
1.108400000000000000e+04
2.032800000000000000e+04
2.450300000000000000e+04
7.900000000000000000e+03
9.285000000000000000e+03
1.369400000000000000e+04
1.557300000000000000e+04
2.158200000000000000e+04
1.461300000000000000e+04
2.411300000000000000e+04
3.656600000000000000e+04
4.628000000000000000e+03
8.842000000000000000e+03
1.703100000000000000e+04
2.040800000000000000e+04
1.036300000000000000e+04
1.136100000000000000e+04
1.478400000000000000e+04
1.127900000000000000e+04
2.988100000000000000e+04
1.425100000000000000e+04
1.288600000000000000e+04
1.807400000000000000e+04
2.044800000000000000e+04
2.151500000000000000e+04
3.288700000000000000e+04
1.756800000000000000e+04
1.738600000000000000e+04
1.010900000000000000e+04
2.657800000000000000e+04
5.899000000000000000e+03
1.526700000000000000e+04
1.372100000000000000e+04
2.959200000000000000e+04
7.432000000000000000e+03
1.726800000000000000e+04
2.554200000000000000e+04
1.426900000000000000e+04
2.654300000000000000e+04
2.087800000000000000e+04
1.295400000000000000e+04
2.578300000000000000e+04
1.580500000000000000e+04
1.818300000000000000e+04
1.456700000000000000e+04
1.511500000000000000e+04
2.133500000000000000e+04
9.529000000000000000e+03
8.977000000000000000e+03
1.883600000000000000e+04
5.915000000000000000e+03
3.290400000000000000e+04
1.304600000000000000e+04
1.121000000000000000e+04
7.875000000000000000e+03
9.540000000000000000e+03
1.415400000000000000e+04
9.473000000000000000e+03
1.066400000000000000e+04
1.387900000000000000e+04
1.819700000000000000e+04
2.365400000000000000e+04
1.003600000000000000e+04
4.062000000000000000e+04
8.894000000000000000e+03
1.150400000000000000e+04
9.651000000000000000e+03
1.223800000000000000e+04
5.616300000000000000e+04
2.420500000000000000e+04
1.471800000000000000e+04
3.789700000000000000e+04
1.929000000000000000e+04
6.365000000000000000e+03
1.895900000000000000e+04
1.932000000000000000e+04
1.315000000000000000e+04
8.158000000000000000e+03
2.182200000000000000e+04
2.105600000000000000e+04
2.953700000000000000e+04
2.127500000000000000e+04
1.550900000000000000e+04
1.814900000000000000e+04
2.659600000000000000e+04
1.056900000000000000e+04
1.027200000000000000e+04
5.616900000000000000e+04
8.383000000000000000e+03
8.807000000000000000e+03
6.077500000000000000e+04
2.366700000000000000e+04
5.823000000000000000e+03
1.388000000000000000e+04
1.327100000000000000e+04
3.883800000000000000e+04
1.946300000000000000e+04
3.268300000000000000e+04
2.937200000000000000e+04
2.737400000000000000e+04
1.683600000000000000e+04
2.601600000000000000e+04
7.692000000000000000e+03
1.789600000000000000e+04
8.916000000000000000e+03
1.917100000000000000e+04
2.196100000000000000e+04
1.027800000000000000e+04
7.090000000000000000e+03
4.140700000000000000e+04
1.765900000000000000e+04
1.086400000000000000e+04
9.576000000000000000e+03
1.319900000000000000e+04
1.501500000000000000e+04
3.660800000000000000e+04
8.627000000000000000e+03
1.610100000000000000e+04
1.059600000000000000e+04
1.565000000000000000e+04
1.316000000000000000e+04
1.583400000000000000e+04
3.754000000000000000e+03
6.100000000000000000e+03
9.542000000000000000e+03
1.461600000000000000e+04
1.839800000000000000e+04
8.145000000000000000e+03
1.504200000000000000e+04
1.618400000000000000e+04
1.365500000000000000e+04
3.231000000000000000e+03
2.537300000000000000e+04
5.214000000000000000e+03
1.784800000000000000e+04
2.883300000000000000e+04
1.028900000000000000e+04
1.187400000000000000e+04
8.933000000000000000e+03
5.554600000000000000e+04
3.145100000000000000e+04
3.890800000000000000e+04
2.639100000000000000e+04
1.244500000000000000e+04
6.500000000000000000e+03
1.363800000000000000e+04
2.404300000000000000e+04
2.171000000000000000e+04
4.465600000000000000e+04
1.387100000000000000e+04
8.361000000000000000e+03
1.415500000000000000e+04
2.059800000000000000e+04
4.722800000000000000e+04
2.299900000000000000e+04
2.577200000000000000e+04
6.888000000000000000e+03
2.053700000000000000e+04
1.849100000000000000e+04
2.277700000000000000e+04
8.770000000000000000e+03
3.076600000000000000e+04
6.392000000000000000e+03
1.759600000000000000e+04
1.563000000000000000e+04
5.371000000000000000e+03
1.865200000000000000e+04
2.364700000000000000e+04
1.731500000000000000e+04
1.068500000000000000e+04
1.792700000000000000e+04
1.507500000000000000e+04
3.341200000000000000e+04
3.064800000000000000e+04
2.649300000000000000e+04
1.975300000000000000e+04
1.573700000000000000e+04
2.743600000000000000e+04
1.438800000000000000e+04
1.220500000000000000e+04
2.540300000000000000e+04
1.487700000000000000e+04
4.491300000000000000e+04
1.215400000000000000e+04
2.261500000000000000e+04
6.079000000000000000e+03
6.546000000000000000e+03
4.498600000000000000e+04
1.685800000000000000e+04
1.397400000000000000e+04
1.623800000000000000e+04
1.468800000000000000e+04
2.389700000000000000e+04
2.561600000000000000e+04
5.547000000000000000e+03
1.224300000000000000e+04
1.899700000000000000e+04
2.070900000000000000e+04
1.374100000000000000e+04
1.140800000000000000e+04
1.693200000000000000e+04
1.554600000000000000e+04
9.337000000000000000e+03
1.382200000000000000e+04
1.236900000000000000e+04
1.479900000000000000e+04
2.120400000000000000e+04
1.344400000000000000e+04
9.532000000000000000e+03
1.227200000000000000e+04
8.536000000000000000e+03
1.427600000000000000e+04
1.757100000000000000e+04
2.764600000000000000e+04
1.021700000000000000e+04
2.374300000000000000e+04
6.082000000000000000e+03
1.957000000000000000e+04
6.028000000000000000e+03
2.177600000000000000e+04
1.596300000000000000e+04
2.173100000000000000e+04
2.591700000000000000e+04
2.128800000000000000e+04
1.281300000000000000e+04
1.762800000000000000e+04
2.136000000000000000e+04
1.254200000000000000e+04
1.247900000000000000e+04
1.544000000000000000e+04
1.576000000000000000e+04
1.530900000000000000e+04
1.284900000000000000e+04
8.688000000000000000e+03
1.635400000000000000e+04
7.333000000000000000e+03
1.392000000000000000e+04
7.750000000000000000e+03
2.020300000000000000e+04
1.818200000000000000e+04
1.586200000000000000e+04
2.928000000000000000e+04
1.160500000000000000e+04
1.856100000000000000e+04
2.381400000000000000e+04
1.500600000000000000e+04
1.922900000000000000e+04
1.430000000000000000e+04
3.677800000000000000e+04
2.727200000000000000e+04
4.769800000000000000e+04
1.569400000000000000e+04
1.666200000000000000e+04
9.490000000000000000e+03
2.928800000000000000e+04
3.330100000000000000e+04
3.546600000000000000e+04
1.566300000000000000e+04
2.271500000000000000e+04
1.391700000000000000e+04
3.451900000000000000e+04
1.155400000000000000e+04
3.882500000000000000e+04
1.859500000000000000e+04
3.823500000000000000e+04
1.637000000000000000e+04
5.960400000000000000e+04
4.383000000000000000e+03
6.057000000000000000e+03
1.583800000000000000e+04
1.800300000000000000e+04
4.430900000000000000e+04
1.654500000000000000e+04
9.186000000000000000e+03
1.273600000000000000e+04
5.677000000000000000e+04
1.552000000000000000e+04
2.649500000000000000e+04
1.253100000000000000e+04
1.266400000000000000e+04
1.534900000000000000e+04
1.504700000000000000e+04
1.758200000000000000e+04
1.735500000000000000e+04
3.012300000000000000e+04
3.164600000000000000e+04
1.858200000000000000e+04
1.666500000000000000e+04
7.893000000000000000e+03
1.415600000000000000e+04
1.195100000000000000e+04
2.261600000000000000e+04
2.210200000000000000e+04
9.239000000000000000e+03
8.694000000000000000e+03
2.931600000000000000e+04
1.625600000000000000e+04
1.061800000000000000e+04
8.355000000000000000e+03
5.457900000000000000e+04
8.791000000000000000e+03
2.202300000000000000e+04
8.899000000000000000e+03
1.227000000000000000e+04
8.896000000000000000e+03
2.788200000000000000e+04
4.398800000000000000e+04
3.929300000000000000e+04
2.722300000000000000e+04
4.870500000000000000e+04
4.962000000000000000e+03
1.302800000000000000e+04
4.861000000000000000e+04
1.510900000000000000e+04
2.587100000000000000e+04
8.005000000000000000e+03
1.554000000000000000e+04
3.006700000000000000e+04
7.990000000000000000e+03
1.368000000000000000e+04
1.192900000000000000e+04
2.161900000000000000e+04
2.080700000000000000e+04
4.850900000000000000e+04
3.077900000000000000e+04
3.551300000000000000e+04
1.298300000000000000e+04
1.134300000000000000e+04
8.229000000000000000e+03
1.302100000000000000e+04
3.316100000000000000e+04
8.487000000000000000e+03
2.470700000000000000e+04
1.037300000000000000e+04
2.909400000000000000e+04
1.859400000000000000e+04
1.177300000000000000e+04
7.843000000000000000e+03
1.970900000000000000e+04
1.508600000000000000e+04
6.315000000000000000e+03
1.695700000000000000e+04
5.301600000000000000e+04
1.472200000000000000e+04
4.086400000000000000e+04
3.534400000000000000e+04
4.108500000000000000e+04
1.055700000000000000e+04
1.207800000000000000e+04
2.282000000000000000e+04
1.020000000000000000e+04
3.478900000000000000e+04
1.265600000000000000e+04
4.866000000000000000e+03
8.954000000000000000e+03
2.133600000000000000e+04
1.510800000000000000e+04
1.334600000000000000e+04
1.980100000000000000e+04
1.893400000000000000e+04
1.119900000000000000e+04
1.800800000000000000e+04
3.866000000000000000e+04
2.832800000000000000e+04
2.819600000000000000e+04
9.395000000000000000e+03
1.531500000000000000e+04
1.308200000000000000e+04
1.035600000000000000e+04
2.687500000000000000e+04
9.753000000000000000e+03
3.316300000000000000e+04
2.208600000000000000e+04
1.129200000000000000e+04
2.034800000000000000e+04
2.475500000000000000e+04
2.402800000000000000e+04
8.564000000000000000e+03
1.572000000000000000e+04
1.953100000000000000e+04
2.063700000000000000e+04
6.253000000000000000e+03
1.758800000000000000e+04
4.352800000000000000e+04
3.789900000000000000e+04
1.294300000000000000e+04
5.432000000000000000e+03
1.731700000000000000e+04
1.689000000000000000e+04
6.291400000000000000e+04
9.402000000000000000e+03
1.805000000000000000e+04
8.842000000000000000e+03
8.522000000000000000e+03
1.426000000000000000e+04
1.917800000000000000e+04
7.703000000000000000e+03
2.010500000000000000e+04
1.881900000000000000e+04
3.084900000000000000e+04
1.347600000000000000e+04
4.294600000000000000e+04
1.098700000000000000e+04
8.212000000000000000e+03
8.924000000000000000e+03
1.696200000000000000e+04
8.896000000000000000e+03
1.010500000000000000e+04
1.300600000000000000e+04
1.110800000000000000e+04
8.120000000000000000e+03
1.760800000000000000e+04
3.064800000000000000e+04
1.250300000000000000e+04
3.014900000000000000e+04
7.202000000000000000e+03
1.155300000000000000e+04
1.359900000000000000e+04
2.202700000000000000e+04
1.616000000000000000e+04
8.130000000000000000e+03
1.537900000000000000e+04
2.816300000000000000e+04
8.461000000000000000e+03
3.998000000000000000e+03
2.089700000000000000e+04
1.210200000000000000e+04
2.073600000000000000e+04
1.945300000000000000e+04
5.642500000000000000e+04
3.502000000000000000e+04
1.055100000000000000e+04
1.981200000000000000e+04
1.685000000000000000e+04
1.184400000000000000e+04
1.399800000000000000e+04
5.452000000000000000e+03
6.252000000000000000e+03
3.545300000000000000e+04
9.544000000000000000e+03
2.625800000000000000e+04
7.538000000000000000e+03
2.026100000000000000e+04
2.229800000000000000e+04
2.038200000000000000e+04
2.788800000000000000e+04
1.375200000000000000e+04
2.244400000000000000e+04
1.443200000000000000e+04
1.832400000000000000e+04
1.877500000000000000e+04
2.400300000000000000e+04
1.256700000000000000e+04
2.863000000000000000e+04
8.932000000000000000e+03
9.767000000000000000e+03
1.722000000000000000e+04
1.257100000000000000e+04
4.804600000000000000e+04
1.638100000000000000e+04
1.856900000000000000e+04
1.083300000000000000e+04
1.137100000000000000e+04
9.629000000000000000e+03
2.238700000000000000e+04
9.875000000000000000e+03
1.255600000000000000e+04
9.106000000000000000e+03
3.348900000000000000e+04
1.340600000000000000e+04
1.095100000000000000e+04
1.934000000000000000e+04
2.498300000000000000e+04
1.352100000000000000e+04
9.371000000000000000e+03
1.845200000000000000e+04
8.171000000000000000e+03
2.435900000000000000e+04
1.048100000000000000e+04
1.392300000000000000e+04
2.040400000000000000e+04
2.013400000000000000e+04
1.436500000000000000e+04
3.500200000000000000e+04
2.231800000000000000e+04
1.388700000000000000e+04
8.373000000000000000e+03
2.510300000000000000e+04
1.473400000000000000e+04
9.913000000000000000e+03
1.622700000000000000e+04
2.085500000000000000e+04
2.014900000000000000e+04
5.116000000000000000e+03
1.555500000000000000e+04
1.049600000000000000e+04
1.281300000000000000e+04
7.768000000000000000e+03
7.477000000000000000e+03
9.846000000000000000e+03
2.220100000000000000e+04
1.055000000000000000e+04
1.250400000000000000e+04
9.039000000000000000e+03
2.840100000000000000e+04
1.736100000000000000e+04
1.645100000000000000e+04
9.094000000000000000e+03
2.037100000000000000e+04
1.901000000000000000e+04
4.095200000000000000e+04
1.327600000000000000e+04
2.186500000000000000e+04
1.220400000000000000e+04
5.214000000000000000e+03
1.365500000000000000e+04
2.189000000000000000e+04
1.604400000000000000e+04
1.878600000000000000e+04
2.803300000000000000e+04
2.119300000000000000e+04
2.218700000000000000e+04
9.937000000000000000e+03
6.967000000000000000e+03
4.567000000000000000e+03
2.200100000000000000e+04
1.712900000000000000e+04
1.194700000000000000e+04
1.472800000000000000e+04
1.445100000000000000e+04
8.316000000000000000e+03
1.977500000000000000e+04
1.524100000000000000e+04
1.555800000000000000e+04
1.741300000000000000e+04
1.838900000000000000e+04
8.853000000000000000e+03
3.142800000000000000e+04
1.433700000000000000e+04
1.649600000000000000e+04
2.567300000000000000e+04
1.148400000000000000e+04
2.152500000000000000e+04
1.326800000000000000e+04
3.526100000000000000e+04
1.520800000000000000e+04
2.486500000000000000e+04
1.417600000000000000e+04
1.475000000000000000e+04
1.445200000000000000e+04
1.488300000000000000e+04
4.224100000000000000e+04
1.547800000000000000e+04
5.523000000000000000e+03
3.756000000000000000e+03
1.341300000000000000e+04
2.955600000000000000e+04
8.965000000000000000e+03
2.237300000000000000e+04
9.785000000000000000e+03
1.987400000000000000e+04
1.805500000000000000e+04
2.652400000000000000e+04
9.784000000000000000e+03
1.147000000000000000e+04
9.554000000000000000e+03
2.120100000000000000e+04
1.004100000000000000e+04
3.388000000000000000e+03
2.900500000000000000e+04
6.489000000000000000e+03
1.641400000000000000e+04
1.674400000000000000e+04
1.090200000000000000e+04
1.161400000000000000e+04
7.521000000000000000e+03
8.050000000000000000e+03
8.098000000000000000e+03
3.501300000000000000e+04
1.102800000000000000e+04
3.132700000000000000e+04
2.256100000000000000e+04
1.835400000000000000e+04
5.253200000000000000e+04
1.192700000000000000e+04
3.874700000000000000e+04
4.272000000000000000e+03
2.387300000000000000e+04
1.181900000000000000e+04
2.015800000000000000e+04
1.389700000000000000e+04
6.200200000000000000e+04
1.122200000000000000e+04
1.594500000000000000e+04
2.077500000000000000e+04
7.782000000000000000e+03
5.226000000000000000e+03
1.522200000000000000e+04
1.302600000000000000e+04
8.276000000000000000e+03
8.914000000000000000e+03
2.104100000000000000e+04
7.905000000000000000e+03
1.772000000000000000e+04
1.732300000000000000e+04
6.306000000000000000e+03
3.608900000000000000e+04
5.136000000000000000e+03
3.233300000000000000e+04
9.403000000000000000e+03
2.136200000000000000e+04
2.300200000000000000e+04
1.266200000000000000e+04
8.416000000000000000e+03
1.661900000000000000e+04
2.708500000000000000e+04
1.434500000000000000e+04
2.471000000000000000e+04
2.183300000000000000e+04
3.865600000000000000e+04
2.887500000000000000e+04
7.636000000000000000e+03
3.086300000000000000e+04
2.553800000000000000e+04
8.452000000000000000e+03
1.399200000000000000e+04
1.599500000000000000e+04
1.457900000000000000e+04
9.093000000000000000e+03
1.059700000000000000e+04
1.872200000000000000e+04
2.978900000000000000e+04
5.697000000000000000e+03
3.166800000000000000e+04
2.099500000000000000e+04
3.346000000000000000e+04
2.570800000000000000e+04
7.201000000000000000e+03
5.128200000000000000e+04
1.657900000000000000e+04
1.633600000000000000e+04
2.439600000000000000e+04
6.215000000000000000e+03
1.799700000000000000e+04
4.346300000000000000e+04
6.135600000000000000e+04
2.428300000000000000e+04
2.317400000000000000e+04
1.717000000000000000e+04
2.987700000000000000e+04
8.501000000000000000e+03
9.323000000000000000e+03
1.989900000000000000e+04
1.176100000000000000e+04
