6.267000000000000000e+03
5.573000000000000000e+03
3.583000000000000000e+03
1.037900000000000000e+04
4.753000000000000000e+03
3.202000000000000000e+03
1.637300000000000000e+04
6.404000000000000000e+03
2.739000000000000000e+03
3.409000000000000000e+03
1.112800000000000000e+04
1.011500000000000000e+04
6.621000000000000000e+03
7.996000000000000000e+03
2.082000000000000000e+03
2.259000000000000000e+03
1.738500000000000000e+04
7.374000000000000000e+03
1.245100000000000000e+04
1.421000000000000000e+03
4.873000000000000000e+03
1.071100000000000000e+04
2.552000000000000000e+03
5.424000000000000000e+03
6.207000000000000000e+03
6.254000000000000000e+03
3.598000000000000000e+03
5.316000000000000000e+03
1.647900000000000000e+04
8.940000000000000000e+03
2.023300000000000000e+04
2.585000000000000000e+03
6.294000000000000000e+03
6.456000000000000000e+03
4.031000000000000000e+03
8.206000000000000000e+03
1.833100000000000000e+04
6.139000000000000000e+03
4.029000000000000000e+03
3.931000000000000000e+03
3.430000000000000000e+03
7.308000000000000000e+03
5.253000000000000000e+03
4.255000000000000000e+03
1.108700000000000000e+04
1.158900000000000000e+04
1.301000000000000000e+04
8.067000000000000000e+03
5.128000000000000000e+03
1.351600000000000000e+04
2.349800000000000000e+04
1.730100000000000000e+04
8.897000000000000000e+03
6.674000000000000000e+03
2.857000000000000000e+03
2.879000000000000000e+03
1.192100000000000000e+04
1.747900000000000000e+04
2.744000000000000000e+03
5.168000000000000000e+03
2.659000000000000000e+03
5.306000000000000000e+03
6.801000000000000000e+03
5.475000000000000000e+03
8.007000000000000000e+03
1.039000000000000000e+04
1.070900000000000000e+04
1.538500000000000000e+04
5.444000000000000000e+03
1.399700000000000000e+04
7.448000000000000000e+03
6.303000000000000000e+03
7.730000000000000000e+03
1.481800000000000000e+04
5.017000000000000000e+03
1.961700000000000000e+04
1.446400000000000000e+04
4.221000000000000000e+03
5.593000000000000000e+03
1.771500000000000000e+04
9.601000000000000000e+03
1.110900000000000000e+04
4.915000000000000000e+03
3.437000000000000000e+03
4.574000000000000000e+03
7.704000000000000000e+03
9.223000000000000000e+03
7.460000000000000000e+03
6.333000000000000000e+03
4.287000000000000000e+03
4.552000000000000000e+03
8.865000000000000000e+03
1.639300000000000000e+04
4.111000000000000000e+03
1.163300000000000000e+04
2.002000000000000000e+03
1.449400000000000000e+04
6.717000000000000000e+03
1.110800000000000000e+04
6.482000000000000000e+03
3.568000000000000000e+03
7.945000000000000000e+03
1.000900000000000000e+04
3.407000000000000000e+03
3.297000000000000000e+03
8.615000000000000000e+03
1.161000000000000000e+04
1.158000000000000000e+03
2.562000000000000000e+03
9.094000000000000000e+03
6.771000000000000000e+03
5.781000000000000000e+03
6.892000000000000000e+03
2.362000000000000000e+03
1.542700000000000000e+04
7.283000000000000000e+03
1.137100000000000000e+04
1.438400000000000000e+04
5.213000000000000000e+03
9.673000000000000000e+03
4.528000000000000000e+03
2.958900000000000000e+04
4.896000000000000000e+03
4.199000000000000000e+03
1.605000000000000000e+04
9.733000000000000000e+03
5.979000000000000000e+03
8.423000000000000000e+03
8.854000000000000000e+03
1.515900000000000000e+04
5.596000000000000000e+03
1.095300000000000000e+04
2.565000000000000000e+03
4.330000000000000000e+03
1.425400000000000000e+04
1.062100000000000000e+04
6.019000000000000000e+03
1.807400000000000000e+04
3.209000000000000000e+03
9.029000000000000000e+03
2.258000000000000000e+03
2.387000000000000000e+03
6.268000000000000000e+03
2.172500000000000000e+04
2.402000000000000000e+03
6.951000000000000000e+03
4.230000000000000000e+03
4.402000000000000000e+03
8.929000000000000000e+03
6.832000000000000000e+03
4.121000000000000000e+03
1.476500000000000000e+04
7.639000000000000000e+03
4.526000000000000000e+03
7.283000000000000000e+03
3.516000000000000000e+03
4.976000000000000000e+03
9.548000000000000000e+03
2.527000000000000000e+03
1.082500000000000000e+04
2.114000000000000000e+03
8.229000000000000000e+03
6.583000000000000000e+03
9.918000000000000000e+03
2.398800000000000000e+04
1.171800000000000000e+04
1.355500000000000000e+04
6.218000000000000000e+03
5.093000000000000000e+03
6.118000000000000000e+03
3.718000000000000000e+03
1.998000000000000000e+03
1.620000000000000000e+03
7.364000000000000000e+03
3.276000000000000000e+03
4.189000000000000000e+03
5.133000000000000000e+03
4.056000000000000000e+03
5.721000000000000000e+03
1.495000000000000000e+03
1.948800000000000000e+04
3.033000000000000000e+03
4.590000000000000000e+03
4.946000000000000000e+03
1.090100000000000000e+04
7.622000000000000000e+03
6.619000000000000000e+03
3.512000000000000000e+03
5.414000000000000000e+03
6.483000000000000000e+03
1.530400000000000000e+04
5.786000000000000000e+03
5.535000000000000000e+03
7.285000000000000000e+03
4.005000000000000000e+03
4.661000000000000000e+03
2.360800000000000000e+04
1.947700000000000000e+04
1.506700000000000000e+04
1.701500000000000000e+04
1.598400000000000000e+04
7.000000000000000000e+03
4.064000000000000000e+03
5.724000000000000000e+03
1.024200000000000000e+04
5.334000000000000000e+03
5.403000000000000000e+03
5.217000000000000000e+03
8.339000000000000000e+03
8.697000000000000000e+03
7.765000000000000000e+03
3.477000000000000000e+03
9.055000000000000000e+03
3.992200000000000000e+04
7.880000000000000000e+03
3.442000000000000000e+03
1.871000000000000000e+03
3.344000000000000000e+03
8.672000000000000000e+03
4.019000000000000000e+03
6.786000000000000000e+03
7.526000000000000000e+03
8.661000000000000000e+03
2.314000000000000000e+03
3.711000000000000000e+03
6.027000000000000000e+03
3.938000000000000000e+03
5.180000000000000000e+03
1.026300000000000000e+04
1.729500000000000000e+04
1.498300000000000000e+04
2.854000000000000000e+03
5.674000000000000000e+03
9.254000000000000000e+03
5.751000000000000000e+03
2.456000000000000000e+03
7.133000000000000000e+03
2.641000000000000000e+03
6.053000000000000000e+03
4.034000000000000000e+03
1.070000000000000000e+04
5.166000000000000000e+03
3.281000000000000000e+03
9.941000000000000000e+03
3.942000000000000000e+03
3.119200000000000000e+04
9.097000000000000000e+03
2.844400000000000000e+04
4.529000000000000000e+03
3.329000000000000000e+03
1.388200000000000000e+04
9.615000000000000000e+03
4.168000000000000000e+03
5.550000000000000000e+03
1.582400000000000000e+04
7.008000000000000000e+03
2.460000000000000000e+03
3.426000000000000000e+03
8.588000000000000000e+03
4.148000000000000000e+03
4.640000000000000000e+03
8.198000000000000000e+03
1.111000000000000000e+04
1.319300000000000000e+04
2.862000000000000000e+03
7.890000000000000000e+03
4.972000000000000000e+03
1.439600000000000000e+04
8.729000000000000000e+03
9.123000000000000000e+03
9.705000000000000000e+03
3.147000000000000000e+03
8.351000000000000000e+03
7.175000000000000000e+03
4.320000000000000000e+03
6.099000000000000000e+03
6.770000000000000000e+03
1.246500000000000000e+04
3.405000000000000000e+03
1.707100000000000000e+04
2.189400000000000000e+04
4.636000000000000000e+03
4.438000000000000000e+03
5.469000000000000000e+03
3.379000000000000000e+03
5.341000000000000000e+03
1.427400000000000000e+04
6.798000000000000000e+03
6.676000000000000000e+03
1.184300000000000000e+04
4.779000000000000000e+03
6.705000000000000000e+03
1.107200000000000000e+04
6.095000000000000000e+03
4.669000000000000000e+03
1.832100000000000000e+04
1.868500000000000000e+04
5.128000000000000000e+03
2.049900000000000000e+04
1.469800000000000000e+04
9.183000000000000000e+03
1.332900000000000000e+04
7.502000000000000000e+03
3.925000000000000000e+03
8.254000000000000000e+03
3.956000000000000000e+03
1.026800000000000000e+04
4.372000000000000000e+03
6.482000000000000000e+03
4.114000000000000000e+03
6.294000000000000000e+03
7.348000000000000000e+03
5.814000000000000000e+03
1.381900000000000000e+04
2.337200000000000000e+04
2.529700000000000000e+04
5.896000000000000000e+03
1.024600000000000000e+04
5.974000000000000000e+03
2.288700000000000000e+04
7.203000000000000000e+03
3.027000000000000000e+03
6.159000000000000000e+03
7.109000000000000000e+03
1.059900000000000000e+04
6.534000000000000000e+03
7.016000000000000000e+03
3.760000000000000000e+03
1.098000000000000000e+04
4.739000000000000000e+03
2.519000000000000000e+03
9.791000000000000000e+03
3.384000000000000000e+03
1.099700000000000000e+04
5.170000000000000000e+03
1.398000000000000000e+03
6.348000000000000000e+03
2.148000000000000000e+03
7.500000000000000000e+03
1.417100000000000000e+04
9.090000000000000000e+03
1.066900000000000000e+04
2.950000000000000000e+03
1.544100000000000000e+04
7.009000000000000000e+03
3.296000000000000000e+03
7.645000000000000000e+03
5.527000000000000000e+03
9.747000000000000000e+03
7.090000000000000000e+03
9.468000000000000000e+03
7.461000000000000000e+03
6.399000000000000000e+03
9.880000000000000000e+03
9.372000000000000000e+03
1.412500000000000000e+04
3.514000000000000000e+03
3.283000000000000000e+03
8.955000000000000000e+03
3.501000000000000000e+03
6.808000000000000000e+03
3.343000000000000000e+03
5.815000000000000000e+03
4.505000000000000000e+03
1.171300000000000000e+04
1.040700000000000000e+04
1.224000000000000000e+04
4.371000000000000000e+03
1.167600000000000000e+04
5.945000000000000000e+03
6.816000000000000000e+03
9.434000000000000000e+03
1.054200000000000000e+04
4.239000000000000000e+03
6.447000000000000000e+03
3.411000000000000000e+03
4.660000000000000000e+03
1.818700000000000000e+04
6.197000000000000000e+03
5.720000000000000000e+03
2.550000000000000000e+03
2.977000000000000000e+03
1.401100000000000000e+04
5.982000000000000000e+03
8.118000000000000000e+03
1.202100000000000000e+04
3.618000000000000000e+03
4.434000000000000000e+03
3.304000000000000000e+03
5.927000000000000000e+03
9.165000000000000000e+03
1.484300000000000000e+04
1.562100000000000000e+04
5.064000000000000000e+03
1.251300000000000000e+04
6.486000000000000000e+03
6.533000000000000000e+03
9.315000000000000000e+03
8.397000000000000000e+03
6.199000000000000000e+03
2.584000000000000000e+03
8.755000000000000000e+03
8.176000000000000000e+03
3.262000000000000000e+03
4.735000000000000000e+03
1.193300000000000000e+04
4.912000000000000000e+03
5.282000000000000000e+03
1.385600000000000000e+04
5.787000000000000000e+03
9.059000000000000000e+03
4.131000000000000000e+03
1.061800000000000000e+04
3.450000000000000000e+03
3.472000000000000000e+03
5.466000000000000000e+03
6.972000000000000000e+03
8.424000000000000000e+03
3.695000000000000000e+03
1.325400000000000000e+04
1.517600000000000000e+04
1.736000000000000000e+03
5.706000000000000000e+03
1.510300000000000000e+04
6.426000000000000000e+03
1.725600000000000000e+04
2.081000000000000000e+04
2.808400000000000000e+04
4.849000000000000000e+03
4.169000000000000000e+03
5.333000000000000000e+03
9.553000000000000000e+03
8.712000000000000000e+03
8.348000000000000000e+03
2.324500000000000000e+04
4.015000000000000000e+03
2.406000000000000000e+03
1.074900000000000000e+04
8.024000000000000000e+03
5.915000000000000000e+03
4.353000000000000000e+03
4.248000000000000000e+03
4.398000000000000000e+03
1.040300000000000000e+04
9.461000000000000000e+03
8.413000000000000000e+03
1.000900000000000000e+04
2.059000000000000000e+03
2.789000000000000000e+03
7.328000000000000000e+03
6.953000000000000000e+03
1.646600000000000000e+04
5.947000000000000000e+03
3.310000000000000000e+03
6.953000000000000000e+03
8.258000000000000000e+03
5.185000000000000000e+03
1.336800000000000000e+04
6.371000000000000000e+03
1.618200000000000000e+04
1.220900000000000000e+04
8.541000000000000000e+03
1.515300000000000000e+04
2.090100000000000000e+04
3.344000000000000000e+03
5.438000000000000000e+03
1.177800000000000000e+04
1.570400000000000000e+04
7.860000000000000000e+03
4.375000000000000000e+03
2.902000000000000000e+03
3.354000000000000000e+03
1.038300000000000000e+04
3.003200000000000000e+04
1.351300000000000000e+04
5.635000000000000000e+03
1.529000000000000000e+04
3.789000000000000000e+03
1.201200000000000000e+04
1.152800000000000000e+04
6.955000000000000000e+03
6.346000000000000000e+03
1.010800000000000000e+04
4.625000000000000000e+03
4.424000000000000000e+03
2.672000000000000000e+03
4.785000000000000000e+03
8.656000000000000000e+03
7.407000000000000000e+03
9.181000000000000000e+03
8.026000000000000000e+03
3.239000000000000000e+03
1.025500000000000000e+04
4.029000000000000000e+03
5.208000000000000000e+03
6.852000000000000000e+03
7.404000000000000000e+03
5.891000000000000000e+03
1.340600000000000000e+04
7.438000000000000000e+03
1.118900000000000000e+04
7.180000000000000000e+03
5.834000000000000000e+03
7.652000000000000000e+03
6.449000000000000000e+03
4.067000000000000000e+03
4.394000000000000000e+03
4.232000000000000000e+03
4.654000000000000000e+03
5.299000000000000000e+03
2.045000000000000000e+04
4.765000000000000000e+03
1.441600000000000000e+04
8.019000000000000000e+03
4.099000000000000000e+03
2.019000000000000000e+03
1.664000000000000000e+04
9.022000000000000000e+03
6.427000000000000000e+03
7.356000000000000000e+03
2.202000000000000000e+03
3.660000000000000000e+03
5.874000000000000000e+03
8.736000000000000000e+03
9.480000000000000000e+03
1.060700000000000000e+04
2.471000000000000000e+03
6.731000000000000000e+03
2.103000000000000000e+03
9.089000000000000000e+03
1.389700000000000000e+04
2.638000000000000000e+03
6.222000000000000000e+03
5.801000000000000000e+03
1.127500000000000000e+04
5.904000000000000000e+03
9.941000000000000000e+03
6.843000000000000000e+03
7.697000000000000000e+03
3.765000000000000000e+03
3.218000000000000000e+03
8.784000000000000000e+03
1.005600000000000000e+04
5.578000000000000000e+03
5.500000000000000000e+03
1.238300000000000000e+04
1.342100000000000000e+04
4.073000000000000000e+03
2.348800000000000000e+04
4.919000000000000000e+03
2.328000000000000000e+03
1.019100000000000000e+04
5.148000000000000000e+03
1.386000000000000000e+03
1.324400000000000000e+04
8.056000000000000000e+03
1.673900000000000000e+04
6.903000000000000000e+03
6.527000000000000000e+03
2.295000000000000000e+03
5.230000000000000000e+03
2.348800000000000000e+04
3.547000000000000000e+03
4.315000000000000000e+03
3.605000000000000000e+03
7.671000000000000000e+03
1.090100000000000000e+04
1.547900000000000000e+04
6.767000000000000000e+03
6.970000000000000000e+03
3.472000000000000000e+03
6.346000000000000000e+03
1.609500000000000000e+04
6.228000000000000000e+03
4.108000000000000000e+03
4.165000000000000000e+03
1.324000000000000000e+04
4.814000000000000000e+03
1.444300000000000000e+04
2.428000000000000000e+04
6.988000000000000000e+03
1.563000000000000000e+03
1.940800000000000000e+04
6.306000000000000000e+03
2.743700000000000000e+04
4.671000000000000000e+03
1.404000000000000000e+03
6.359000000000000000e+03
5.290000000000000000e+03
4.296000000000000000e+03
1.099700000000000000e+04
7.783000000000000000e+03
9.208000000000000000e+03
1.871500000000000000e+04
6.568000000000000000e+03
3.682000000000000000e+03
3.138000000000000000e+03
5.042000000000000000e+03
8.817000000000000000e+03
4.859000000000000000e+03
1.022700000000000000e+04
6.627000000000000000e+03
6.310000000000000000e+03
9.028000000000000000e+03
5.874000000000000000e+03
8.858000000000000000e+03
8.543000000000000000e+03
3.538000000000000000e+03
1.641100000000000000e+04
4.895000000000000000e+03
1.364200000000000000e+04
1.464700000000000000e+04
7.195000000000000000e+03
2.041200000000000000e+04
5.144000000000000000e+03
5.443000000000000000e+03
8.431000000000000000e+03
5.745000000000000000e+03
5.099000000000000000e+03
3.441000000000000000e+03
1.536000000000000000e+03
1.740000000000000000e+04
2.532000000000000000e+04
4.772000000000000000e+03
2.794000000000000000e+03
5.205000000000000000e+03
9.506000000000000000e+03
8.830000000000000000e+03
5.506000000000000000e+03
3.997000000000000000e+03
9.380000000000000000e+03
2.626000000000000000e+03
6.869000000000000000e+03
5.224000000000000000e+03
3.770000000000000000e+03
4.922000000000000000e+03
8.672000000000000000e+03
1.249600000000000000e+04
2.176000000000000000e+03
8.007000000000000000e+03
6.572000000000000000e+03
4.845000000000000000e+03
1.117100000000000000e+04
9.342000000000000000e+03
4.849000000000000000e+03
1.211600000000000000e+04
8.610000000000000000e+03
6.496000000000000000e+03
2.307000000000000000e+03
1.346800000000000000e+04
8.777000000000000000e+03
2.971000000000000000e+03
1.601100000000000000e+04
6.948000000000000000e+03
1.026700000000000000e+04
4.477000000000000000e+03
2.329000000000000000e+03
6.640000000000000000e+03
5.947000000000000000e+03
7.522000000000000000e+03
1.119700000000000000e+04
5.135000000000000000e+03
9.539000000000000000e+03
5.679000000000000000e+03
7.801000000000000000e+03
4.154000000000000000e+03
1.884200000000000000e+04
6.673000000000000000e+03
4.757000000000000000e+03
6.463000000000000000e+03
6.555000000000000000e+03
9.012000000000000000e+03
1.045300000000000000e+04
1.093200000000000000e+04
6.593000000000000000e+03
9.694000000000000000e+03
6.696000000000000000e+03
3.906000000000000000e+03
5.286000000000000000e+03
6.349000000000000000e+03
5.863000000000000000e+03
2.597000000000000000e+03
7.683000000000000000e+03
1.066600000000000000e+04
5.556000000000000000e+03
3.863000000000000000e+03
1.086800000000000000e+04
8.038000000000000000e+03
2.911000000000000000e+03
4.041000000000000000e+03
7.975000000000000000e+03
8.039000000000000000e+03
5.960000000000000000e+03
7.977000000000000000e+03
2.042900000000000000e+04
4.982000000000000000e+03
8.922000000000000000e+03
1.309100000000000000e+04
5.910000000000000000e+03
5.749000000000000000e+03
4.930000000000000000e+03
5.739000000000000000e+03
1.138300000000000000e+04
3.181000000000000000e+03
8.402000000000000000e+03
7.342000000000000000e+03
6.631000000000000000e+03
3.377000000000000000e+03
6.657000000000000000e+03
2.919000000000000000e+03
1.335000000000000000e+04
3.012000000000000000e+03
6.391000000000000000e+03
1.829000000000000000e+04
3.382000000000000000e+03
1.764000000000000000e+03
1.520400000000000000e+04
4.952000000000000000e+03
4.665000000000000000e+03
1.031900000000000000e+04
9.313000000000000000e+03
3.671000000000000000e+03
1.042600000000000000e+04
4.534000000000000000e+03
4.855000000000000000e+03
2.339800000000000000e+04
5.854000000000000000e+03
8.268000000000000000e+03
6.116000000000000000e+03
4.238000000000000000e+03
6.245000000000000000e+03
1.337500000000000000e+04
6.291000000000000000e+03
7.731000000000000000e+03
1.244000000000000000e+04
4.408000000000000000e+03
3.204000000000000000e+03
7.877000000000000000e+03
6.947000000000000000e+03
2.108800000000000000e+04
5.783000000000000000e+03
2.031000000000000000e+04
5.681000000000000000e+03
1.967000000000000000e+03
1.381400000000000000e+04
1.418200000000000000e+04
2.267000000000000000e+03
6.512000000000000000e+03
1.320700000000000000e+04
4.836000000000000000e+03
9.075000000000000000e+03
2.440000000000000000e+03
1.912000000000000000e+03
2.238300000000000000e+04
1.151000000000000000e+04
1.858600000000000000e+04
9.162000000000000000e+03
4.441000000000000000e+03
2.072900000000000000e+04
6.755000000000000000e+03
3.822000000000000000e+03
2.243000000000000000e+03
3.462000000000000000e+03
2.796000000000000000e+03
3.064000000000000000e+03
3.953000000000000000e+03
1.251500000000000000e+04
1.637000000000000000e+03
8.358000000000000000e+03
1.742900000000000000e+04
9.764000000000000000e+03
2.136200000000000000e+04
3.636000000000000000e+03
2.837000000000000000e+03
4.627000000000000000e+03
3.519000000000000000e+03
5.406000000000000000e+03
3.600000000000000000e+03
1.340400000000000000e+04
7.859000000000000000e+03
5.708000000000000000e+03
2.583000000000000000e+03
3.404000000000000000e+03
4.618000000000000000e+03
5.466000000000000000e+03
2.351000000000000000e+03
6.596000000000000000e+03
1.148800000000000000e+04
3.748000000000000000e+03
1.545200000000000000e+04
3.984000000000000000e+03
9.170000000000000000e+03
1.163500000000000000e+04
4.595000000000000000e+03
9.021000000000000000e+03
8.878000000000000000e+03
7.089000000000000000e+03
5.888000000000000000e+03
5.668000000000000000e+03
3.258000000000000000e+03
1.741900000000000000e+04
9.739000000000000000e+03
1.902000000000000000e+03
9.472000000000000000e+03
1.066700000000000000e+04
3.178000000000000000e+03
8.037000000000000000e+03
4.561000000000000000e+03
5.126000000000000000e+03
1.461300000000000000e+04
6.576000000000000000e+03
4.212000000000000000e+03
5.641000000000000000e+03
3.122000000000000000e+03
8.433000000000000000e+03
4.084000000000000000e+03
4.780000000000000000e+03
1.074900000000000000e+04
8.817000000000000000e+03
7.165000000000000000e+03
2.822000000000000000e+03
1.103400000000000000e+04
8.429000000000000000e+03
3.116000000000000000e+03
5.622000000000000000e+03
1.315300000000000000e+04
1.190100000000000000e+04
1.838700000000000000e+04
2.088000000000000000e+03
7.936000000000000000e+03
4.301000000000000000e+03
5.875000000000000000e+03
1.000300000000000000e+04
6.820000000000000000e+03
2.902000000000000000e+03
1.008700000000000000e+04
3.957000000000000000e+03
2.100000000000000000e+03
2.043700000000000000e+04
2.166400000000000000e+04
1.054100000000000000e+04
6.046000000000000000e+03
1.644500000000000000e+04
5.359000000000000000e+03
8.228000000000000000e+03
1.105900000000000000e+04
1.574400000000000000e+04
4.994000000000000000e+03
6.497000000000000000e+03
4.911000000000000000e+03
1.255000000000000000e+04
6.162000000000000000e+03
3.607000000000000000e+03
8.487000000000000000e+03
6.074000000000000000e+03
5.501000000000000000e+03
8.482000000000000000e+03
6.348000000000000000e+03
1.096100000000000000e+04
6.745000000000000000e+03
7.868000000000000000e+03
6.895000000000000000e+03
1.198400000000000000e+04
3.849000000000000000e+03
3.696000000000000000e+03
4.952000000000000000e+03
3.616000000000000000e+03
6.379000000000000000e+03
6.066000000000000000e+03
1.926000000000000000e+03
7.615000000000000000e+03
3.097000000000000000e+03
9.286000000000000000e+03
5.599000000000000000e+03
3.036000000000000000e+03
5.280000000000000000e+03
3.066000000000000000e+03
8.365000000000000000e+03
2.356400000000000000e+04
8.381000000000000000e+03
5.016000000000000000e+03
3.194000000000000000e+03
3.935000000000000000e+03
5.484000000000000000e+03
3.728000000000000000e+03
4.947000000000000000e+03
3.839000000000000000e+03
6.267000000000000000e+03
1.793200000000000000e+04
4.106000000000000000e+03
1.743600000000000000e+04
2.914000000000000000e+03
6.754000000000000000e+03
8.934000000000000000e+03
6.652000000000000000e+03
4.573000000000000000e+03
6.748000000000000000e+03
5.689000000000000000e+03
7.022000000000000000e+03
1.358900000000000000e+04
1.092700000000000000e+04
9.929000000000000000e+03
1.465500000000000000e+04
7.605000000000000000e+03
8.841000000000000000e+03
4.413000000000000000e+03
3.814000000000000000e+03
3.482000000000000000e+03
1.024400000000000000e+04
1.565100000000000000e+04
2.210000000000000000e+03
7.848000000000000000e+03
1.316300000000000000e+04
9.273000000000000000e+03
4.630000000000000000e+03
1.208900000000000000e+04
7.774000000000000000e+03
1.070000000000000000e+04
6.870000000000000000e+03
1.431000000000000000e+04
6.764000000000000000e+03
1.233900000000000000e+04
6.646000000000000000e+03
2.471000000000000000e+03
3.992000000000000000e+03
7.661000000000000000e+03
3.825000000000000000e+03
5.102000000000000000e+03
4.311000000000000000e+03
8.585000000000000000e+03
2.665000000000000000e+03
4.136000000000000000e+03
5.515000000000000000e+03
4.724000000000000000e+03
1.091500000000000000e+04
6.818000000000000000e+03
8.004000000000000000e+03
4.478000000000000000e+03
9.499000000000000000e+03
1.936200000000000000e+04
4.033000000000000000e+03
4.790000000000000000e+03
3.786000000000000000e+03
2.858800000000000000e+04
5.830000000000000000e+03
7.379000000000000000e+03
3.660000000000000000e+03
4.464000000000000000e+03
3.523000000000000000e+03
8.584000000000000000e+03
1.800900000000000000e+04
6.799000000000000000e+03
5.282000000000000000e+03
7.557000000000000000e+03
5.821000000000000000e+03
9.773000000000000000e+03
4.214000000000000000e+03
3.878000000000000000e+03
5.973000000000000000e+03
5.257000000000000000e+03
7.510000000000000000e+03
3.342000000000000000e+03
7.495000000000000000e+03
4.421000000000000000e+03
2.727000000000000000e+03
4.206000000000000000e+03
5.651000000000000000e+03
6.429000000000000000e+03
1.926600000000000000e+04
2.998000000000000000e+03
2.582000000000000000e+03
1.314900000000000000e+04
6.896000000000000000e+03
5.496000000000000000e+03
1.168400000000000000e+04
7.035000000000000000e+03
3.909000000000000000e+03
3.853000000000000000e+03
8.159000000000000000e+03
5.148000000000000000e+03
3.672000000000000000e+03
4.604000000000000000e+03
1.241900000000000000e+04
2.018000000000000000e+04
1.258100000000000000e+04
5.487000000000000000e+03
1.083200000000000000e+04
7.744000000000000000e+03
9.142000000000000000e+03
4.196000000000000000e+03
7.087000000000000000e+03
9.811000000000000000e+03
7.576000000000000000e+03
3.209000000000000000e+03
9.297000000000000000e+03
5.598000000000000000e+03
8.110000000000000000e+03
7.002000000000000000e+03
2.289600000000000000e+04
1.506900000000000000e+04
