1.286700000000000000e+04
1.295200000000000000e+04
1.222300000000000000e+04
1.001400000000000000e+04
2.001900000000000000e+04
1.998000000000000000e+04
6.760000000000000000e+03
1.109900000000000000e+04
2.114100000000000000e+04
1.702300000000000000e+04
1.509600000000000000e+04
2.139500000000000000e+04
4.913000000000000000e+03
1.259300000000000000e+04
5.761000000000000000e+03
6.750000000000000000e+03
9.788000000000000000e+03
4.727000000000000000e+03
1.329500000000000000e+04
1.773000000000000000e+04
3.748000000000000000e+04
1.530600000000000000e+04
3.155600000000000000e+04
3.374000000000000000e+03
8.743000000000000000e+03
9.816000000000000000e+03
1.500600000000000000e+04
8.803000000000000000e+03
2.180100000000000000e+04
1.424400000000000000e+04
1.014600000000000000e+04
1.370400000000000000e+04
1.536100000000000000e+04
7.793000000000000000e+03
2.863300000000000000e+04
1.639100000000000000e+04
5.065000000000000000e+03
1.290200000000000000e+04
7.594000000000000000e+03
1.723000000000000000e+04
1.671300000000000000e+04
1.342200000000000000e+04
6.588000000000000000e+03
9.838000000000000000e+03
8.987000000000000000e+03
1.203700000000000000e+04
1.142800000000000000e+04
1.225100000000000000e+04
3.851000000000000000e+03
3.745000000000000000e+03
7.748000000000000000e+03
1.659500000000000000e+04
1.373900000000000000e+04
4.928000000000000000e+03
2.916600000000000000e+04
1.914100000000000000e+04
1.581000000000000000e+04
7.975000000000000000e+03
7.313000000000000000e+03
5.693000000000000000e+03
1.213500000000000000e+04
1.203700000000000000e+04
8.384000000000000000e+03
3.130200000000000000e+04
2.242700000000000000e+04
1.674300000000000000e+04
1.244200000000000000e+04
1.894900000000000000e+04
7.365000000000000000e+03
2.457400000000000000e+04
2.539900000000000000e+04
3.894000000000000000e+04
9.655000000000000000e+03
1.129500000000000000e+04
1.738000000000000000e+04
1.706500000000000000e+04
4.105000000000000000e+03
4.837000000000000000e+03
1.147000000000000000e+04
2.050700000000000000e+04
3.929000000000000000e+03
1.981700000000000000e+04
1.077200000000000000e+04
2.201300000000000000e+04
1.619100000000000000e+04
1.518100000000000000e+04
1.050000000000000000e+04
1.282400000000000000e+04
8.928000000000000000e+03
7.608000000000000000e+03
8.906000000000000000e+03
1.795000000000000000e+04
8.328000000000000000e+03
4.547000000000000000e+03
6.313000000000000000e+03
9.561000000000000000e+03
2.731000000000000000e+03
1.213900000000000000e+04
6.840000000000000000e+03
4.380000000000000000e+04
7.459000000000000000e+03
1.342500000000000000e+04
1.578800000000000000e+04
1.568300000000000000e+04
1.069300000000000000e+04
7.176000000000000000e+03
7.889000000000000000e+03
8.503000000000000000e+03
8.279000000000000000e+03
9.450000000000000000e+03
6.467000000000000000e+03
1.669200000000000000e+04
7.325000000000000000e+03
2.365100000000000000e+04
8.238000000000000000e+03
1.366200000000000000e+04
1.347400000000000000e+04
1.744200000000000000e+04
1.602900000000000000e+04
6.522000000000000000e+03
5.329000000000000000e+03
2.036400000000000000e+04
5.274000000000000000e+03
2.187200000000000000e+04
4.264000000000000000e+03
2.018400000000000000e+04
9.911000000000000000e+03
1.668900000000000000e+04
2.460600000000000000e+04
9.631000000000000000e+03
1.538200000000000000e+04
5.036000000000000000e+03
1.099700000000000000e+04
5.290000000000000000e+03
6.226000000000000000e+03
9.339000000000000000e+03
1.508700000000000000e+04
6.364200000000000000e+04
1.290700000000000000e+04
2.639600000000000000e+04
1.723100000000000000e+04
6.125000000000000000e+03
7.398000000000000000e+03
2.044400000000000000e+04
6.430000000000000000e+03
9.890000000000000000e+03
3.417000000000000000e+03
8.029000000000000000e+03
3.732000000000000000e+03
1.362200000000000000e+04
3.711000000000000000e+03
1.503300000000000000e+04
7.291000000000000000e+03
2.765500000000000000e+04
1.082400000000000000e+04
2.511200000000000000e+04
1.193300000000000000e+04
6.251000000000000000e+03
9.970000000000000000e+03
6.657000000000000000e+03
8.118000000000000000e+03
1.200800000000000000e+04
2.163200000000000000e+04
5.517000000000000000e+03
5.267600000000000000e+04
1.680600000000000000e+04
1.586300000000000000e+04
1.673800000000000000e+04
1.312200000000000000e+04
8.717000000000000000e+03
7.268000000000000000e+03
1.032300000000000000e+04
1.715000000000000000e+04
2.586500000000000000e+04
9.016000000000000000e+03
1.262600000000000000e+04
3.919000000000000000e+03
1.635100000000000000e+04
4.265900000000000000e+04
1.736300000000000000e+04
3.901000000000000000e+03
5.410000000000000000e+03
5.233000000000000000e+03
2.494100000000000000e+04
1.333200000000000000e+04
7.186000000000000000e+03
5.128000000000000000e+03
1.352900000000000000e+04
1.036400000000000000e+04
2.260000000000000000e+04
9.875000000000000000e+03
1.759600000000000000e+04
1.365500000000000000e+04
1.357000000000000000e+04
9.355000000000000000e+03
1.412900000000000000e+04
7.480000000000000000e+03
1.250300000000000000e+04
5.665000000000000000e+03
2.347500000000000000e+04
7.742000000000000000e+03
2.407200000000000000e+04
2.741100000000000000e+04
1.391800000000000000e+04
9.486000000000000000e+03
1.444500000000000000e+04
1.134800000000000000e+04
9.172000000000000000e+03
3.903000000000000000e+03
5.172000000000000000e+03
1.140400000000000000e+04
1.758100000000000000e+04
7.747000000000000000e+03
1.070900000000000000e+04
6.550000000000000000e+03
1.470900000000000000e+04
1.070900000000000000e+04
1.891200000000000000e+04
1.991600000000000000e+04
1.415200000000000000e+04
1.719300000000000000e+04
9.660000000000000000e+03
1.116100000000000000e+04
2.510000000000000000e+04
2.648900000000000000e+04
1.064000000000000000e+04
2.045900000000000000e+04
5.099000000000000000e+03
8.638000000000000000e+03
1.314300000000000000e+04
3.678000000000000000e+03
9.388000000000000000e+03
6.397000000000000000e+03
7.190000000000000000e+03
2.167500000000000000e+04
7.660000000000000000e+03
5.784000000000000000e+03
6.428000000000000000e+03
5.990000000000000000e+03
1.111100000000000000e+04
2.554900000000000000e+04
1.044700000000000000e+04
1.043700000000000000e+04
4.677000000000000000e+03
1.554100000000000000e+04
1.889700000000000000e+04
1.482000000000000000e+04
8.404000000000000000e+03
1.320900000000000000e+04
9.123000000000000000e+03
1.753500000000000000e+04
1.353400000000000000e+04
1.603000000000000000e+04
4.856000000000000000e+03
1.250600000000000000e+04
5.686000000000000000e+03
1.980800000000000000e+04
4.244000000000000000e+03
9.504000000000000000e+03
9.871000000000000000e+03
5.331000000000000000e+03
2.748000000000000000e+03
1.259100000000000000e+04
3.513900000000000000e+04
2.020800000000000000e+04
2.675000000000000000e+03
1.130100000000000000e+04
1.781100000000000000e+04
1.326000000000000000e+04
1.108500000000000000e+04
1.041700000000000000e+04
4.267000000000000000e+03
2.852000000000000000e+03
4.570000000000000000e+03
6.009000000000000000e+03
2.573300000000000000e+04
1.224100000000000000e+04
1.020200000000000000e+04
5.819000000000000000e+03
2.726500000000000000e+04
2.596200000000000000e+04
8.280000000000000000e+03
1.843800000000000000e+04
9.297000000000000000e+03
4.331000000000000000e+03
1.925100000000000000e+04
1.808300000000000000e+04
9.471000000000000000e+03
1.514300000000000000e+04
2.282100000000000000e+04
6.028000000000000000e+03
9.496000000000000000e+03
7.711000000000000000e+03
1.147800000000000000e+04
1.418800000000000000e+04
2.561800000000000000e+04
1.400800000000000000e+04
1.253800000000000000e+04
7.194000000000000000e+03
1.271200000000000000e+04
2.295500000000000000e+04
8.678000000000000000e+03
2.464900000000000000e+04
7.883000000000000000e+03
1.472100000000000000e+04
2.158000000000000000e+04
1.536700000000000000e+04
9.819000000000000000e+03
8.272000000000000000e+03
1.968000000000000000e+04
8.205000000000000000e+03
5.120300000000000000e+04
9.527000000000000000e+03
1.206000000000000000e+04
2.939700000000000000e+04
1.329400000000000000e+04
9.294000000000000000e+03
8.068000000000000000e+03
3.225500000000000000e+04
1.204100000000000000e+04
1.854000000000000000e+04
7.261000000000000000e+03
1.067400000000000000e+04
7.365000000000000000e+03
2.111600000000000000e+04
1.446800000000000000e+04
1.959900000000000000e+04
3.414600000000000000e+04
1.224300000000000000e+04
1.100400000000000000e+04
9.314000000000000000e+03
3.482200000000000000e+04
1.548100000000000000e+04
6.999000000000000000e+03
2.453200000000000000e+04
4.848000000000000000e+03
8.515000000000000000e+03
2.105900000000000000e+04
3.722500000000000000e+04
6.839000000000000000e+03
1.521100000000000000e+04
1.550000000000000000e+04
1.843800000000000000e+04
1.054500000000000000e+04
5.318000000000000000e+03
2.645200000000000000e+04
7.593000000000000000e+03
1.429100000000000000e+04
2.236800000000000000e+04
2.402900000000000000e+04
6.848100000000000000e+04
1.659600000000000000e+04
7.161000000000000000e+03
6.398000000000000000e+03
4.064000000000000000e+03
6.019000000000000000e+03
2.981600000000000000e+04
1.396900000000000000e+04
1.111400000000000000e+04
1.245100000000000000e+04
3.046400000000000000e+04
8.510000000000000000e+03
4.113800000000000000e+04
2.618800000000000000e+04
1.075300000000000000e+04
3.443000000000000000e+03
1.231900000000000000e+04
8.737000000000000000e+03
7.175000000000000000e+03
2.968200000000000000e+04
2.261700000000000000e+04
6.002000000000000000e+03
8.322000000000000000e+03
1.157000000000000000e+04
3.482000000000000000e+03
5.572000000000000000e+03
1.514900000000000000e+04
1.909000000000000000e+04
9.916000000000000000e+03
4.926000000000000000e+03
5.343000000000000000e+03
1.723800000000000000e+04
2.814400000000000000e+04
2.286800000000000000e+04
7.177000000000000000e+03
3.552000000000000000e+03
4.656000000000000000e+03
6.735000000000000000e+03
5.142000000000000000e+03
1.183500000000000000e+04
1.670600000000000000e+04
6.807000000000000000e+03
1.622000000000000000e+04
7.633000000000000000e+03
9.873000000000000000e+03
8.182000000000000000e+03
5.567000000000000000e+03
8.614000000000000000e+03
6.875000000000000000e+03
7.450000000000000000e+03
5.320000000000000000e+03
1.023100000000000000e+04
4.608500000000000000e+04
7.450000000000000000e+03
1.019900000000000000e+04
9.096000000000000000e+03
1.810800000000000000e+04
8.604000000000000000e+03
1.958700000000000000e+04
3.250700000000000000e+04
1.308400000000000000e+04
9.056000000000000000e+03
3.558000000000000000e+03
6.181000000000000000e+03
7.129000000000000000e+03
6.800000000000000000e+03
9.942000000000000000e+03
1.010200000000000000e+04
1.161600000000000000e+04
4.658000000000000000e+03
1.995200000000000000e+04
5.990000000000000000e+03
9.917000000000000000e+03
8.592000000000000000e+03
3.891000000000000000e+03
9.874000000000000000e+03
1.462700000000000000e+04
3.149900000000000000e+04
2.178600000000000000e+04
1.308900000000000000e+04
1.770400000000000000e+04
1.021100000000000000e+04
1.223300000000000000e+04
2.328100000000000000e+04
1.268300000000000000e+04
1.119200000000000000e+04
4.852000000000000000e+03
9.974000000000000000e+03
1.143500000000000000e+04
1.280300000000000000e+04
1.220500000000000000e+04
9.263000000000000000e+03
9.620000000000000000e+03
5.100000000000000000e+03
3.111000000000000000e+03
5.492000000000000000e+03
2.706400000000000000e+04
7.754000000000000000e+03
1.271200000000000000e+04
2.580500000000000000e+04
1.171000000000000000e+04
1.102700000000000000e+04
9.104000000000000000e+03
1.485300000000000000e+04
2.692300000000000000e+04
1.356200000000000000e+04
6.511000000000000000e+03
1.385500000000000000e+04
7.921000000000000000e+03
1.406000000000000000e+04
4.975000000000000000e+03
4.875000000000000000e+03
7.376000000000000000e+03
1.329900000000000000e+04
9.752000000000000000e+03
4.668000000000000000e+03
7.864000000000000000e+03
1.414700000000000000e+04
4.409000000000000000e+03
2.038900000000000000e+04
6.520000000000000000e+03
6.142500000000000000e+04
6.823000000000000000e+03
1.575800000000000000e+04
6.183000000000000000e+03
2.672100000000000000e+04
3.633200000000000000e+04
8.710000000000000000e+03
2.227800000000000000e+04
1.439600000000000000e+04
1.194800000000000000e+04
7.709000000000000000e+03
1.416200000000000000e+04
1.037800000000000000e+04
1.330700000000000000e+04
2.685800000000000000e+04
1.630900000000000000e+04
5.159000000000000000e+03
1.202500000000000000e+04
4.932000000000000000e+03
7.098000000000000000e+03
8.178000000000000000e+03
9.295000000000000000e+03
5.668000000000000000e+03
8.733000000000000000e+03
8.601000000000000000e+03
2.108700000000000000e+04
1.271800000000000000e+04
2.064500000000000000e+04
3.041800000000000000e+04
1.435800000000000000e+04
2.218100000000000000e+04
5.932000000000000000e+03
5.780000000000000000e+03
1.938400000000000000e+04
4.471000000000000000e+03
2.633400000000000000e+04
6.134000000000000000e+03
1.043600000000000000e+04
6.200000000000000000e+03
5.144000000000000000e+03
2.224700000000000000e+04
2.139500000000000000e+04
1.522700000000000000e+04
8.458000000000000000e+03
2.486300000000000000e+04
2.940400000000000000e+04
8.560000000000000000e+03
2.187200000000000000e+04
4.474000000000000000e+03
9.149000000000000000e+03
1.327300000000000000e+04
1.641900000000000000e+04
2.428900000000000000e+04
8.394000000000000000e+03
6.476000000000000000e+03
7.755000000000000000e+03
6.980000000000000000e+03
2.084300000000000000e+04
5.235000000000000000e+03
3.563300000000000000e+04
1.006300000000000000e+04
1.273700000000000000e+04
1.595600000000000000e+04
5.982000000000000000e+03
6.780000000000000000e+03
1.741600000000000000e+04
8.293000000000000000e+03
9.738000000000000000e+03
4.424000000000000000e+03
5.237000000000000000e+03
7.807000000000000000e+03
2.480500000000000000e+04
2.865500000000000000e+04
1.442500000000000000e+04
1.217200000000000000e+04
8.925000000000000000e+03
1.299600000000000000e+04
5.013000000000000000e+03
3.456000000000000000e+04
1.467900000000000000e+04
5.806000000000000000e+03
1.459200000000000000e+04
2.225600000000000000e+04
6.624000000000000000e+03
2.392400000000000000e+04
1.664700000000000000e+04
1.459300000000000000e+04
5.412000000000000000e+03
1.104100000000000000e+04
4.557100000000000000e+04
2.339200000000000000e+04
1.403900000000000000e+04
6.748000000000000000e+03
4.754500000000000000e+04
2.765600000000000000e+04
1.722000000000000000e+04
1.496100000000000000e+04
1.851700000000000000e+04
3.353500000000000000e+04
1.412500000000000000e+04
1.671100000000000000e+04
9.043000000000000000e+03
1.091700000000000000e+04
9.500000000000000000e+03
5.412000000000000000e+03
1.385500000000000000e+04
4.250900000000000000e+04
2.279900000000000000e+04
3.182700000000000000e+04
6.624000000000000000e+03
4.511000000000000000e+03
2.141900000000000000e+04
1.382800000000000000e+04
1.502800000000000000e+04
8.169000000000000000e+03
8.777000000000000000e+03
1.412500000000000000e+04
1.926100000000000000e+04
1.134500000000000000e+04
1.064300000000000000e+04
1.467900000000000000e+04
1.215300000000000000e+04
6.949000000000000000e+03
8.594000000000000000e+03
6.721000000000000000e+03
2.239000000000000000e+03
6.486000000000000000e+03
6.384000000000000000e+03
1.849000000000000000e+04
7.675000000000000000e+03
7.837000000000000000e+03
1.335300000000000000e+04
2.461500000000000000e+04
3.532000000000000000e+03
1.174700000000000000e+04
1.406700000000000000e+04
9.605000000000000000e+03
2.072300000000000000e+04
3.751000000000000000e+03
1.613600000000000000e+04
3.773000000000000000e+03
3.915000000000000000e+03
1.232300000000000000e+04
2.709500000000000000e+04
1.461500000000000000e+04
7.007000000000000000e+03
1.235500000000000000e+04
1.056400000000000000e+04
1.098900000000000000e+04
1.854200000000000000e+04
5.256000000000000000e+03
1.059300000000000000e+04
1.006100000000000000e+04
5.786000000000000000e+03
1.570800000000000000e+04
1.187000000000000000e+04
5.982000000000000000e+03
8.233000000000000000e+03
6.999000000000000000e+03
2.400400000000000000e+04
4.723100000000000000e+04
7.197000000000000000e+03
1.086000000000000000e+04
1.374300000000000000e+04
4.723000000000000000e+03
2.996900000000000000e+04
8.766000000000000000e+03
9.840000000000000000e+03
3.952000000000000000e+03
1.702300000000000000e+04
9.519000000000000000e+03
5.059000000000000000e+03
4.306000000000000000e+03
1.668900000000000000e+04
8.316000000000000000e+03
2.147700000000000000e+04
4.223000000000000000e+03
2.654600000000000000e+04
2.443300000000000000e+04
1.346700000000000000e+04
1.400700000000000000e+04
1.299200000000000000e+04
4.152000000000000000e+03
5.927000000000000000e+03
1.594400000000000000e+04
3.311800000000000000e+04
3.974000000000000000e+03
1.701200000000000000e+04
1.206500000000000000e+04
1.083700000000000000e+04
8.388000000000000000e+03
8.389000000000000000e+03
8.974000000000000000e+03
4.209900000000000000e+04
3.154700000000000000e+04
1.048000000000000000e+04
8.060000000000000000e+03
1.106200000000000000e+04
2.048200000000000000e+04
6.246000000000000000e+03
2.109700000000000000e+04
4.835000000000000000e+03
1.590900000000000000e+04
1.531400000000000000e+04
3.106500000000000000e+04
6.713000000000000000e+03
1.088100000000000000e+04
1.211900000000000000e+04
5.741000000000000000e+03
1.235000000000000000e+04
2.559800000000000000e+04
1.447200000000000000e+04
2.586900000000000000e+04
8.167000000000000000e+03
9.515000000000000000e+03
1.039500000000000000e+04
1.928700000000000000e+04
9.466000000000000000e+03
3.936000000000000000e+03
3.950000000000000000e+03
4.131000000000000000e+03
5.117000000000000000e+03
5.773000000000000000e+03
3.437000000000000000e+03
1.188700000000000000e+04
2.156100000000000000e+04
9.153000000000000000e+03
1.365300000000000000e+04
3.268200000000000000e+04
8.620000000000000000e+03
7.956000000000000000e+03
5.681000000000000000e+03
2.486300000000000000e+04
5.202000000000000000e+03
1.949000000000000000e+04
9.463000000000000000e+03
3.158400000000000000e+04
1.239800000000000000e+04
2.840300000000000000e+04
8.792000000000000000e+03
1.124600000000000000e+04
4.953000000000000000e+03
9.594000000000000000e+03
1.081300000000000000e+04
6.667000000000000000e+03
5.779000000000000000e+03
1.019300000000000000e+04
2.215600000000000000e+04
3.015600000000000000e+04
2.101000000000000000e+04
9.869000000000000000e+03
8.106000000000000000e+03
2.473400000000000000e+04
7.930000000000000000e+03
1.615600000000000000e+04
1.006700000000000000e+04
2.324900000000000000e+04
1.589900000000000000e+04
7.050000000000000000e+03
5.002000000000000000e+03
7.798000000000000000e+03
3.998000000000000000e+03
4.534000000000000000e+03
1.736800000000000000e+04
1.415100000000000000e+04
6.951000000000000000e+03
6.098000000000000000e+03
2.070100000000000000e+04
1.825400000000000000e+04
1.320600000000000000e+04
1.276000000000000000e+04
4.912000000000000000e+03
2.087900000000000000e+04
2.468100000000000000e+04
6.363000000000000000e+03
6.431000000000000000e+03
5.264000000000000000e+03
9.684000000000000000e+03
4.540000000000000000e+03
2.495200000000000000e+04
1.547500000000000000e+04
1.124900000000000000e+04
1.728100000000000000e+04
6.582000000000000000e+03
7.290000000000000000e+03
2.712600000000000000e+04
2.904800000000000000e+04
5.934000000000000000e+03
1.752600000000000000e+04
1.646700000000000000e+04
2.146200000000000000e+04
4.748000000000000000e+03
1.001100000000000000e+04
2.823400000000000000e+04
5.349000000000000000e+03
2.011500000000000000e+04
5.849000000000000000e+03
5.471000000000000000e+03
7.518000000000000000e+03
1.160800000000000000e+04
6.595000000000000000e+03
1.663900000000000000e+04
4.464000000000000000e+03
3.842900000000000000e+04
1.998800000000000000e+04
7.154000000000000000e+03
2.492700000000000000e+04
1.257600000000000000e+04
4.173000000000000000e+03
1.104500000000000000e+04
1.531500000000000000e+04
1.584100000000000000e+04
3.723000000000000000e+03
1.589600000000000000e+04
1.291100000000000000e+04
1.738200000000000000e+04
1.041500000000000000e+04
7.684000000000000000e+03
1.541100000000000000e+04
1.596700000000000000e+04
5.487000000000000000e+03
1.548800000000000000e+04
1.482300000000000000e+04
1.144300000000000000e+04
1.330200000000000000e+04
2.800100000000000000e+04
7.416000000000000000e+03
8.395000000000000000e+03
9.338000000000000000e+03
7.405000000000000000e+03
1.201100000000000000e+04
8.604000000000000000e+03
1.661900000000000000e+04
1.005700000000000000e+04
8.331000000000000000e+03
9.518000000000000000e+03
9.327000000000000000e+03
1.318800000000000000e+04
1.144100000000000000e+04
1.093300000000000000e+04
1.018900000000000000e+04
2.400500000000000000e+04
1.468000000000000000e+04
1.916600000000000000e+04
6.819000000000000000e+03
6.831000000000000000e+03
1.585600000000000000e+04
3.742000000000000000e+04
1.384400000000000000e+04
9.515000000000000000e+03
9.705000000000000000e+03
2.090700000000000000e+04
1.250900000000000000e+04
8.575000000000000000e+03
7.114000000000000000e+03
1.685200000000000000e+04
7.952000000000000000e+03
4.431500000000000000e+04
1.281300000000000000e+04
1.234600000000000000e+04
1.961300000000000000e+04
7.586000000000000000e+03
4.546000000000000000e+03
4.815000000000000000e+03
1.176100000000000000e+04
1.002900000000000000e+04
1.670600000000000000e+04
1.348800000000000000e+04
5.405000000000000000e+03
1.557500000000000000e+04
1.097700000000000000e+04
3.182000000000000000e+04
1.830000000000000000e+04
4.042500000000000000e+04
9.571000000000000000e+03
2.718000000000000000e+03
1.111000000000000000e+04
7.664000000000000000e+03
2.296600000000000000e+04
1.827000000000000000e+04
7.821000000000000000e+03
2.376900000000000000e+04
1.508100000000000000e+04
1.299200000000000000e+04
4.636000000000000000e+03
1.939700000000000000e+04
9.989000000000000000e+03
1.229600000000000000e+04
7.259000000000000000e+03
1.712800000000000000e+04
5.064000000000000000e+03
9.920000000000000000e+03
7.748000000000000000e+03
2.083900000000000000e+04
1.071000000000000000e+04
8.625000000000000000e+03
1.269100000000000000e+04
2.200300000000000000e+04
7.243000000000000000e+03
2.054600000000000000e+04
1.763000000000000000e+04
3.032000000000000000e+04
9.745000000000000000e+03
1.361500000000000000e+04
3.044300000000000000e+04
2.390300000000000000e+04
4.037800000000000000e+04
2.461600000000000000e+04
1.472600000000000000e+04
9.378000000000000000e+03
1.213600000000000000e+04
7.739000000000000000e+03
4.373000000000000000e+03
3.047900000000000000e+04
6.380000000000000000e+03
8.610000000000000000e+03
7.454000000000000000e+03
6.945000000000000000e+03
1.428600000000000000e+04
2.817800000000000000e+04
1.286200000000000000e+04
7.098000000000000000e+03
2.229700000000000000e+04
1.903900000000000000e+04
2.170600000000000000e+04
4.649000000000000000e+03
1.229600000000000000e+04
1.530600000000000000e+04
2.106000000000000000e+04
7.798000000000000000e+03
1.707300000000000000e+04
4.934000000000000000e+03
1.120300000000000000e+04
1.273200000000000000e+04
6.442000000000000000e+03
1.937300000000000000e+04
1.668600000000000000e+04
1.711400000000000000e+04
1.187200000000000000e+04
1.293700000000000000e+04
5.620000000000000000e+03
1.250800000000000000e+04
1.218600000000000000e+04
1.843700000000000000e+04
5.337000000000000000e+03
1.377200000000000000e+04
5.249000000000000000e+03
1.704000000000000000e+04
6.267000000000000000e+03
2.993000000000000000e+03
5.161000000000000000e+03
8.462000000000000000e+03
1.687100000000000000e+04
5.735000000000000000e+03
1.288600000000000000e+04
9.813000000000000000e+03
1.373800000000000000e+04
5.470000000000000000e+03
3.625000000000000000e+03
1.748300000000000000e+04
5.766000000000000000e+03
6.527000000000000000e+03
6.091000000000000000e+03
1.571600000000000000e+04
2.037800000000000000e+04
8.115000000000000000e+03
1.647500000000000000e+04
5.294000000000000000e+03
1.145600000000000000e+04
6.780000000000000000e+03
7.840000000000000000e+03
1.223800000000000000e+04
1.007000000000000000e+04
1.447100000000000000e+04
1.398400000000000000e+04
1.591800000000000000e+04
9.661000000000000000e+03
1.027400000000000000e+04
1.075300000000000000e+04
9.587000000000000000e+03
1.593000000000000000e+04
8.443000000000000000e+03
2.790000000000000000e+04
6.344000000000000000e+03
1.411400000000000000e+04
8.168000000000000000e+03
2.611500000000000000e+04
7.292000000000000000e+03
1.148000000000000000e+04
9.073000000000000000e+03
6.254000000000000000e+03
1.235200000000000000e+04
2.676700000000000000e+04
1.081700000000000000e+04
2.075900000000000000e+04
5.112500000000000000e+04
1.055600000000000000e+04
5.203000000000000000e+03
9.685000000000000000e+03
7.471000000000000000e+03
2.302600000000000000e+04
1.024200000000000000e+04
9.239000000000000000e+03
1.309300000000000000e+04
1.462800000000000000e+04
5.253000000000000000e+03
7.534000000000000000e+03
1.219700000000000000e+04
1.110100000000000000e+04
7.765000000000000000e+03
4.742000000000000000e+03
1.061600000000000000e+04
3.925200000000000000e+04
1.874900000000000000e+04
1.710900000000000000e+04
6.597000000000000000e+03
9.781000000000000000e+03
1.886000000000000000e+04
6.441000000000000000e+03
5.259000000000000000e+03
8.504000000000000000e+03
3.627000000000000000e+03
8.199000000000000000e+03
1.501700000000000000e+04
2.136200000000000000e+04
2.246300000000000000e+04
1.724100000000000000e+04
1.416700000000000000e+04
3.124500000000000000e+04
