1.400000000000000000e+03
1.527000000000000000e+03
5.478000000000000000e+03
1.602000000000000000e+03
7.690000000000000000e+02
1.282000000000000000e+03
1.757000000000000000e+03
1.209000000000000000e+03
1.383000000000000000e+03
1.424000000000000000e+03
3.631000000000000000e+03
1.629000000000000000e+03
1.733000000000000000e+03
2.008000000000000000e+03
1.102000000000000000e+03
1.095000000000000000e+03
1.592000000000000000e+03
6.360000000000000000e+02
1.241000000000000000e+03
1.410000000000000000e+03
2.653000000000000000e+03
4.065000000000000000e+03
5.660000000000000000e+02
2.598000000000000000e+03
2.055000000000000000e+03
7.280000000000000000e+02
1.174000000000000000e+03
9.040000000000000000e+02
1.604000000000000000e+03
1.447000000000000000e+03
2.926000000000000000e+03
3.577000000000000000e+03
1.433000000000000000e+03
2.312000000000000000e+03
9.390000000000000000e+02
1.216000000000000000e+03
3.356000000000000000e+03
2.803000000000000000e+03
1.120000000000000000e+03
3.127000000000000000e+03
2.332000000000000000e+03
3.050000000000000000e+03
2.223000000000000000e+03
2.261000000000000000e+03
3.502000000000000000e+03
3.564000000000000000e+03
6.706000000000000000e+03
1.964000000000000000e+03
7.360000000000000000e+02
3.117000000000000000e+03
2.418000000000000000e+03
3.542000000000000000e+03
1.822000000000000000e+03
6.540000000000000000e+02
1.408000000000000000e+03
2.213000000000000000e+03
1.281000000000000000e+03
1.486000000000000000e+03
1.534000000000000000e+03
1.929000000000000000e+03
1.733000000000000000e+03
1.386000000000000000e+03
3.215000000000000000e+03
1.625000000000000000e+03
3.470000000000000000e+03
1.655000000000000000e+03
1.288000000000000000e+03
1.825000000000000000e+03
1.986000000000000000e+03
4.371000000000000000e+03
1.620000000000000000e+03
1.621000000000000000e+03
1.341000000000000000e+03
2.397000000000000000e+03
1.479000000000000000e+03
3.324000000000000000e+03
1.659000000000000000e+03
3.949000000000000000e+03
7.650000000000000000e+02
1.516000000000000000e+03
1.355000000000000000e+03
1.560000000000000000e+03
3.759000000000000000e+03
4.428000000000000000e+03
2.723000000000000000e+03
2.093000000000000000e+03
2.326000000000000000e+03
1.894000000000000000e+03
7.000000000000000000e+02
2.711000000000000000e+03
3.994000000000000000e+03
2.710000000000000000e+03
8.870000000000000000e+02
6.851000000000000000e+03
9.520000000000000000e+02
1.153000000000000000e+03
3.592000000000000000e+03
2.249000000000000000e+03
7.230000000000000000e+02
1.145000000000000000e+03
1.955000000000000000e+03
3.342000000000000000e+03
4.665000000000000000e+03
2.181000000000000000e+03
6.690000000000000000e+02
1.603000000000000000e+03
1.682000000000000000e+03
2.916000000000000000e+03
1.197000000000000000e+03
1.469000000000000000e+03
1.740000000000000000e+03
1.579000000000000000e+03
3.474000000000000000e+03
6.810000000000000000e+02
1.628000000000000000e+03
1.972000000000000000e+03
7.320000000000000000e+02
1.566000000000000000e+03
1.309000000000000000e+03
1.220000000000000000e+03
1.646000000000000000e+03
3.681000000000000000e+03
1.576000000000000000e+03
1.208000000000000000e+03
7.250000000000000000e+02
8.380000000000000000e+02
1.609000000000000000e+03
2.018000000000000000e+03
8.090000000000000000e+02
1.341000000000000000e+03
1.784000000000000000e+03
1.310000000000000000e+03
1.504000000000000000e+03
1.159000000000000000e+03
9.810000000000000000e+02
1.894000000000000000e+03
9.430000000000000000e+02
7.290000000000000000e+02
8.790000000000000000e+02
1.730000000000000000e+03
1.974000000000000000e+03
1.909000000000000000e+03
7.420000000000000000e+02
1.653000000000000000e+03
3.065000000000000000e+03
2.130000000000000000e+03
2.296000000000000000e+03
1.227000000000000000e+03
2.601000000000000000e+03
1.231000000000000000e+03
5.850000000000000000e+02
4.537000000000000000e+03
1.040000000000000000e+03
1.358000000000000000e+03
3.326000000000000000e+03
4.600000000000000000e+02
1.006000000000000000e+03
5.399000000000000000e+03
5.021000000000000000e+03
3.458000000000000000e+03
9.500000000000000000e+02
1.587000000000000000e+03
6.680000000000000000e+02
1.974000000000000000e+03
2.146000000000000000e+03
2.484000000000000000e+03
6.900000000000000000e+02
2.192000000000000000e+03
1.288000000000000000e+03
1.509000000000000000e+03
2.269000000000000000e+03
1.964000000000000000e+03
2.029000000000000000e+03
2.947000000000000000e+03
2.639000000000000000e+03
1.511000000000000000e+03
1.646000000000000000e+03
4.451000000000000000e+03
5.710000000000000000e+02
1.611000000000000000e+03
2.745000000000000000e+03
1.647000000000000000e+03
5.194000000000000000e+03
1.766000000000000000e+03
1.559000000000000000e+03
9.120000000000000000e+02
2.965000000000000000e+03
9.550000000000000000e+02
1.073000000000000000e+03
1.135000000000000000e+03
1.241000000000000000e+03
2.844000000000000000e+03
9.370000000000000000e+02
9.600000000000000000e+02
1.369000000000000000e+03
2.416000000000000000e+03
6.930000000000000000e+02
9.820000000000000000e+02
3.396000000000000000e+03
1.210000000000000000e+03
2.194000000000000000e+03
1.963000000000000000e+03
6.990000000000000000e+02
2.755000000000000000e+03
9.926000000000000000e+03
2.414000000000000000e+03
2.019000000000000000e+03
8.230000000000000000e+02
6.173000000000000000e+03
3.089000000000000000e+03
5.020000000000000000e+02
1.893000000000000000e+03
1.497000000000000000e+03
5.930000000000000000e+02
1.273000000000000000e+03
6.870000000000000000e+02
2.052000000000000000e+03
1.240000000000000000e+03
1.372000000000000000e+03
7.000000000000000000e+02
1.015000000000000000e+03
1.625000000000000000e+03
7.010000000000000000e+02
3.188000000000000000e+03
1.370000000000000000e+03
1.410000000000000000e+03
1.196000000000000000e+03
4.122000000000000000e+03
1.647000000000000000e+03
1.299000000000000000e+03
2.117000000000000000e+03
2.216000000000000000e+03
1.341000000000000000e+03
1.625000000000000000e+03
2.938000000000000000e+03
3.183000000000000000e+03
1.919000000000000000e+03
5.500000000000000000e+02
1.967000000000000000e+03
3.351000000000000000e+03
2.085000000000000000e+03
1.659000000000000000e+03
3.173000000000000000e+03
8.690000000000000000e+02
1.204000000000000000e+03
4.991000000000000000e+03
2.149000000000000000e+03
1.637000000000000000e+03
2.229000000000000000e+03
2.865000000000000000e+03
2.177000000000000000e+03
6.150000000000000000e+02
1.481000000000000000e+03
2.762000000000000000e+03
3.679000000000000000e+03
1.735000000000000000e+03
3.366000000000000000e+03
6.710000000000000000e+02
1.588000000000000000e+03
1.111000000000000000e+03
8.320000000000000000e+02
4.696000000000000000e+03
1.939000000000000000e+03
1.810000000000000000e+03
1.166000000000000000e+03
2.346000000000000000e+03
4.850000000000000000e+02
2.427000000000000000e+03
8.920000000000000000e+02
1.709000000000000000e+03
3.504000000000000000e+03
1.232000000000000000e+03
3.581000000000000000e+03
1.694000000000000000e+03
2.403000000000000000e+03
8.630000000000000000e+02
2.784000000000000000e+03
1.199000000000000000e+03
1.865000000000000000e+03
2.943000000000000000e+03
1.343000000000000000e+03
1.421000000000000000e+03
9.380000000000000000e+02
2.473000000000000000e+03
2.769000000000000000e+03
3.660000000000000000e+02
1.211000000000000000e+03
2.163000000000000000e+03
1.828000000000000000e+03
1.316000000000000000e+03
9.710000000000000000e+02
7.191000000000000000e+03
2.839000000000000000e+03
1.423000000000000000e+03
1.651000000000000000e+03
1.077000000000000000e+03
4.463000000000000000e+03
2.338000000000000000e+03
1.018000000000000000e+03
1.990000000000000000e+03
1.227000000000000000e+03
1.266000000000000000e+03
2.091000000000000000e+03
1.302000000000000000e+03
1.091000000000000000e+03
2.249000000000000000e+03
1.012000000000000000e+03
2.663000000000000000e+03
4.253000000000000000e+03
1.364000000000000000e+03
3.132000000000000000e+03
4.485000000000000000e+03
1.058000000000000000e+03
2.016000000000000000e+03
9.940000000000000000e+02
1.359000000000000000e+03
1.274000000000000000e+03
1.558000000000000000e+03
2.319000000000000000e+03
2.021000000000000000e+03
1.427000000000000000e+03
1.327000000000000000e+03
4.839000000000000000e+03
3.268000000000000000e+03
2.311000000000000000e+03
6.440000000000000000e+02
7.480000000000000000e+02
2.817000000000000000e+03
1.015000000000000000e+03
9.850000000000000000e+02
1.429000000000000000e+03
1.716000000000000000e+03
1.064000000000000000e+03
1.517000000000000000e+03
2.645000000000000000e+03
1.079000000000000000e+03
1.001000000000000000e+03
1.062000000000000000e+03
1.441000000000000000e+03
1.017000000000000000e+03
1.099000000000000000e+03
2.154000000000000000e+03
6.363000000000000000e+03
2.255000000000000000e+03
4.360000000000000000e+02
2.370000000000000000e+03
1.183000000000000000e+03
8.300000000000000000e+02
1.828000000000000000e+03
1.130000000000000000e+03
2.042000000000000000e+03
1.692000000000000000e+03
2.862000000000000000e+03
2.846000000000000000e+03
6.830000000000000000e+02
2.085000000000000000e+03
7.421000000000000000e+03
2.785000000000000000e+03
3.027000000000000000e+03
9.520000000000000000e+02
2.242000000000000000e+03
8.090000000000000000e+02
8.360000000000000000e+02
1.261000000000000000e+03
1.324000000000000000e+03
1.678000000000000000e+03
1.363000000000000000e+03
1.697000000000000000e+03
2.608000000000000000e+03
3.093000000000000000e+03
1.116000000000000000e+03
1.656000000000000000e+03
2.825000000000000000e+03
8.700000000000000000e+02
1.660000000000000000e+03
1.977000000000000000e+03
2.816000000000000000e+03
5.560000000000000000e+02
7.610000000000000000e+02
2.656000000000000000e+03
2.306000000000000000e+03
2.105000000000000000e+03
2.545000000000000000e+03
5.690000000000000000e+02
1.023000000000000000e+03
3.043000000000000000e+03
3.283000000000000000e+03
3.455000000000000000e+03
1.285000000000000000e+03
1.801000000000000000e+03
6.233000000000000000e+03
1.386000000000000000e+03
1.241000000000000000e+03
3.847000000000000000e+03
1.408000000000000000e+03
1.018000000000000000e+03
3.946000000000000000e+03
1.541000000000000000e+03
1.994000000000000000e+03
2.036000000000000000e+03
1.079000000000000000e+03
1.367000000000000000e+03
9.900000000000000000e+02
2.885000000000000000e+03
1.959000000000000000e+03
3.803000000000000000e+03
1.022000000000000000e+03
6.890000000000000000e+02
1.392000000000000000e+03
6.162000000000000000e+03
4.720000000000000000e+02
1.326000000000000000e+03
3.540000000000000000e+03
1.315000000000000000e+03
4.155000000000000000e+03
2.866000000000000000e+03
2.505000000000000000e+03
3.864000000000000000e+03
4.495000000000000000e+03
2.942000000000000000e+03
2.149000000000000000e+03
3.631000000000000000e+03
8.870000000000000000e+02
1.175000000000000000e+03
1.846000000000000000e+03
5.830000000000000000e+02
1.220000000000000000e+03
1.521000000000000000e+03
7.450000000000000000e+02
1.781000000000000000e+03
3.059000000000000000e+03
1.220000000000000000e+03
1.216000000000000000e+03
3.226000000000000000e+03
4.190000000000000000e+02
1.330000000000000000e+03
1.288000000000000000e+03
1.481000000000000000e+03
8.940000000000000000e+02
1.136000000000000000e+03
2.205000000000000000e+03
2.482000000000000000e+03
4.352000000000000000e+03
9.760000000000000000e+02
2.040000000000000000e+03
2.579000000000000000e+03
3.299000000000000000e+03
6.173000000000000000e+03
1.069000000000000000e+03
1.214000000000000000e+03
1.228000000000000000e+03
1.031000000000000000e+03
1.022000000000000000e+03
1.858000000000000000e+03
1.238000000000000000e+03
1.036000000000000000e+03
2.558000000000000000e+03
1.868000000000000000e+03
1.667000000000000000e+03
2.180000000000000000e+03
1.290000000000000000e+03
4.769000000000000000e+03
1.086000000000000000e+03
1.883000000000000000e+03
1.503000000000000000e+03
1.401000000000000000e+03
2.139000000000000000e+03
7.190000000000000000e+02
8.260000000000000000e+02
3.298000000000000000e+03
2.730000000000000000e+03
1.421000000000000000e+03
1.534000000000000000e+03
4.049000000000000000e+03
1.255000000000000000e+03
1.760000000000000000e+03
3.001000000000000000e+03
1.863000000000000000e+03
3.293000000000000000e+03
1.231000000000000000e+03
2.678000000000000000e+03
3.110000000000000000e+03
1.350000000000000000e+03
1.503000000000000000e+03
3.042000000000000000e+03
1.183000000000000000e+03
1.350000000000000000e+03
1.487000000000000000e+03
3.699000000000000000e+03
1.421000000000000000e+03
3.100000000000000000e+03
3.026000000000000000e+03
7.590000000000000000e+02
3.471000000000000000e+03
1.444000000000000000e+03
4.924000000000000000e+03
5.130000000000000000e+02
2.294000000000000000e+03
1.748000000000000000e+03
2.192000000000000000e+03
2.389000000000000000e+03
3.705000000000000000e+03
1.100000000000000000e+03
1.458000000000000000e+03
6.229000000000000000e+03
1.290000000000000000e+03
1.892000000000000000e+03
1.811000000000000000e+03
1.564000000000000000e+03
9.520000000000000000e+02
2.093000000000000000e+03
5.874000000000000000e+03
7.890000000000000000e+02
1.981000000000000000e+03
2.278000000000000000e+03
9.840000000000000000e+02
1.997000000000000000e+03
3.585000000000000000e+03
1.715000000000000000e+03
1.343000000000000000e+03
2.218000000000000000e+03
2.721000000000000000e+03
2.122000000000000000e+03
1.463000000000000000e+03
1.551000000000000000e+03
8.180000000000000000e+02
1.888000000000000000e+03
1.796000000000000000e+03
4.083000000000000000e+03
2.466000000000000000e+03
3.554000000000000000e+03
1.723000000000000000e+03
5.240000000000000000e+03
1.693000000000000000e+03
2.325000000000000000e+03
3.723000000000000000e+03
5.653000000000000000e+03
1.076000000000000000e+03
1.812000000000000000e+03
2.489000000000000000e+03
3.736000000000000000e+03
2.602000000000000000e+03
1.255000000000000000e+03
1.775000000000000000e+03
2.599000000000000000e+03
8.400000000000000000e+02
3.306000000000000000e+03
1.305000000000000000e+03
1.501000000000000000e+03
2.270000000000000000e+03
1.711000000000000000e+03
2.660000000000000000e+03
2.388000000000000000e+03
2.347000000000000000e+03
7.170000000000000000e+02
3.692000000000000000e+03
1.245000000000000000e+03
2.953000000000000000e+03
5.121000000000000000e+03
1.760000000000000000e+03
1.665000000000000000e+03
2.753000000000000000e+03
3.659000000000000000e+03
2.310000000000000000e+03
1.453000000000000000e+03
1.897000000000000000e+03
1.184000000000000000e+03
2.137000000000000000e+03
1.251000000000000000e+03
4.536000000000000000e+03
5.544000000000000000e+03
1.268000000000000000e+03
2.324000000000000000e+03
1.876000000000000000e+03
7.790000000000000000e+02
1.511000000000000000e+03
3.497000000000000000e+03
1.882000000000000000e+03
3.571000000000000000e+03
1.328000000000000000e+03
2.388000000000000000e+03
2.428000000000000000e+03
1.127000000000000000e+03
2.138000000000000000e+03
1.524000000000000000e+03
9.310000000000000000e+02
1.005000000000000000e+03
1.358000000000000000e+03
9.340000000000000000e+02
2.394000000000000000e+03
1.036000000000000000e+03
1.963000000000000000e+03
1.931000000000000000e+03
1.818000000000000000e+03
8.620000000000000000e+02
1.490000000000000000e+03
1.328000000000000000e+03
1.779000000000000000e+03
1.871000000000000000e+03
2.489000000000000000e+03
1.988000000000000000e+03
3.261000000000000000e+03
2.179000000000000000e+03
3.340000000000000000e+03
1.525000000000000000e+03
2.088000000000000000e+03
2.062000000000000000e+03
4.582000000000000000e+03
3.076000000000000000e+03
1.551000000000000000e+03
1.071000000000000000e+03
1.812000000000000000e+03
3.392000000000000000e+03
1.411000000000000000e+03
6.280000000000000000e+02
1.336000000000000000e+03
1.351000000000000000e+03
1.523000000000000000e+03
1.753000000000000000e+03
6.930000000000000000e+02
1.702000000000000000e+03
2.153000000000000000e+03
2.905000000000000000e+03
3.187000000000000000e+03
2.447000000000000000e+03
2.706000000000000000e+03
1.283000000000000000e+03
3.798000000000000000e+03
8.930000000000000000e+02
2.540000000000000000e+03
9.170000000000000000e+02
6.790000000000000000e+02
4.005000000000000000e+03
3.210000000000000000e+03
5.670000000000000000e+02
1.329000000000000000e+03
1.250000000000000000e+03
2.907000000000000000e+03
2.109000000000000000e+03
2.122000000000000000e+03
1.126000000000000000e+03
1.707000000000000000e+03
9.980000000000000000e+02
7.250000000000000000e+02
7.090000000000000000e+02
1.858000000000000000e+03
1.328000000000000000e+03
1.402000000000000000e+03
3.084000000000000000e+03
1.409000000000000000e+03
6.376000000000000000e+03
1.757000000000000000e+03
2.958000000000000000e+03
4.540000000000000000e+02
3.689000000000000000e+03
2.164000000000000000e+03
6.191000000000000000e+03
3.669000000000000000e+03
7.248000000000000000e+03
6.730000000000000000e+02
1.046000000000000000e+03
3.381000000000000000e+03
1.159000000000000000e+03
1.577000000000000000e+03
2.111000000000000000e+03
1.663000000000000000e+03
3.899000000000000000e+03
2.304000000000000000e+03
1.308000000000000000e+03
1.587000000000000000e+03
1.268000000000000000e+03
2.133000000000000000e+03
2.919000000000000000e+03
6.500000000000000000e+02
2.480000000000000000e+03
3.468000000000000000e+03
2.352000000000000000e+03
1.474000000000000000e+03
1.576000000000000000e+03
7.200000000000000000e+02
1.874000000000000000e+03
1.262000000000000000e+03
5.293000000000000000e+03
1.258000000000000000e+03
1.282000000000000000e+03
1.855000000000000000e+03
7.970000000000000000e+02
1.745000000000000000e+03
9.630000000000000000e+02
1.484000000000000000e+03
2.477000000000000000e+03
2.036000000000000000e+03
2.838000000000000000e+03
1.494000000000000000e+03
1.125000000000000000e+03
2.581000000000000000e+03
1.565000000000000000e+03
1.506000000000000000e+03
5.040000000000000000e+02
6.819000000000000000e+03
8.600000000000000000e+02
1.657000000000000000e+03
6.900000000000000000e+02
1.701000000000000000e+03
1.110000000000000000e+03
2.520000000000000000e+03
8.980000000000000000e+02
1.692000000000000000e+03
8.170000000000000000e+02
4.467000000000000000e+03
4.290000000000000000e+03
2.381000000000000000e+03
2.832000000000000000e+03
4.416000000000000000e+03
1.164000000000000000e+03
2.322000000000000000e+03
1.470000000000000000e+03
1.364000000000000000e+03
1.751000000000000000e+03
1.480000000000000000e+03
2.639000000000000000e+03
1.703000000000000000e+03
3.519000000000000000e+03
3.569000000000000000e+03
2.416000000000000000e+03
1.706000000000000000e+03
2.467000000000000000e+03
8.150000000000000000e+02
1.759000000000000000e+03
5.872000000000000000e+03
1.638000000000000000e+03
1.372000000000000000e+03
1.678000000000000000e+03
8.650000000000000000e+02
2.193000000000000000e+03
1.728000000000000000e+03
1.416000000000000000e+03
9.620000000000000000e+02
8.017000000000000000e+03
1.384000000000000000e+03
6.218000000000000000e+03
2.670000000000000000e+03
2.665000000000000000e+03
3.843000000000000000e+03
2.077000000000000000e+03
2.932000000000000000e+03
1.143000000000000000e+03
1.215000000000000000e+03
1.937000000000000000e+03
6.440000000000000000e+02
1.917000000000000000e+03
2.294000000000000000e+03
4.610000000000000000e+03
5.084000000000000000e+03
3.473000000000000000e+03
1.819000000000000000e+03
2.473000000000000000e+03
4.849000000000000000e+03
8.170000000000000000e+02
2.974000000000000000e+03
3.875000000000000000e+03
1.144000000000000000e+03
2.551000000000000000e+03
2.759000000000000000e+03
1.698000000000000000e+03
1.971000000000000000e+03
5.660000000000000000e+02
5.835000000000000000e+03
1.087000000000000000e+03
6.870000000000000000e+03
1.105000000000000000e+03
8.450000000000000000e+02
4.271000000000000000e+03
2.463000000000000000e+03
7.020000000000000000e+02
1.006000000000000000e+03
1.774000000000000000e+03
1.818000000000000000e+03
1.651000000000000000e+03
8.660000000000000000e+02
2.538000000000000000e+03
7.730000000000000000e+02
4.217000000000000000e+03
1.401000000000000000e+03
5.430000000000000000e+02
1.634000000000000000e+03
1.450000000000000000e+03
1.476000000000000000e+03
3.003000000000000000e+03
2.615000000000000000e+03
5.629000000000000000e+03
1.966000000000000000e+03
2.676000000000000000e+03
4.297000000000000000e+03
1.636000000000000000e+03
3.892000000000000000e+03
1.097000000000000000e+03
3.225000000000000000e+03
2.323000000000000000e+03
1.590000000000000000e+03
4.903000000000000000e+03
2.192000000000000000e+03
6.428000000000000000e+03
2.730000000000000000e+03
2.651000000000000000e+03
2.159000000000000000e+03
1.202000000000000000e+03
1.841000000000000000e+03
2.026000000000000000e+03
1.216000000000000000e+03
9.290000000000000000e+02
2.188000000000000000e+03
1.185000000000000000e+03
4.690000000000000000e+02
1.154000000000000000e+03
1.170000000000000000e+03
2.467000000000000000e+03
3.475000000000000000e+03
1.696000000000000000e+03
1.437000000000000000e+03
7.860000000000000000e+02
8.340000000000000000e+02
1.236000000000000000e+03
1.733000000000000000e+03
1.028000000000000000e+03
2.559000000000000000e+03
3.650000000000000000e+03
3.407000000000000000e+03
8.840000000000000000e+02
1.059000000000000000e+03
1.582000000000000000e+03
3.042000000000000000e+03
1.533000000000000000e+03
1.691000000000000000e+03
1.774000000000000000e+03
2.338000000000000000e+03
1.517000000000000000e+03
1.128000000000000000e+03
7.490000000000000000e+02
9.500000000000000000e+02
9.930000000000000000e+02
5.090000000000000000e+03
2.674000000000000000e+03
5.280000000000000000e+03
3.591000000000000000e+03
7.920000000000000000e+02
2.185000000000000000e+03
1.731000000000000000e+03
2.302000000000000000e+03
2.704000000000000000e+03
3.555000000000000000e+03
1.523000000000000000e+03
1.461000000000000000e+03
1.725000000000000000e+03
1.349000000000000000e+03
1.601000000000000000e+03
1.101000000000000000e+03
2.029000000000000000e+03
1.897000000000000000e+03
2.336000000000000000e+03
1.596000000000000000e+03
7.940000000000000000e+02
2.472000000000000000e+03
2.652000000000000000e+03
1.199000000000000000e+03
8.170000000000000000e+02
1.345000000000000000e+03
1.563000000000000000e+03
5.290000000000000000e+02
8.175000000000000000e+03
2.405000000000000000e+03
8.210000000000000000e+02
1.164000000000000000e+03
6.187000000000000000e+03
3.918000000000000000e+03
2.708000000000000000e+03
9.340000000000000000e+02
1.398000000000000000e+03
4.411000000000000000e+03
2.050000000000000000e+03
3.369000000000000000e+03
1.927000000000000000e+03
2.278000000000000000e+03
2.405000000000000000e+03
2.119000000000000000e+03
1.648000000000000000e+03
1.796000000000000000e+03
8.730000000000000000e+02
2.043000000000000000e+03
2.397000000000000000e+03
2.182000000000000000e+03
1.534000000000000000e+03
5.554000000000000000e+03
2.791000000000000000e+03
1.345000000000000000e+03
1.605000000000000000e+03
8.578000000000000000e+03
2.192000000000000000e+03
3.632000000000000000e+03
3.726000000000000000e+03
2.865000000000000000e+03
1.330000000000000000e+03
1.997000000000000000e+03
3.007000000000000000e+03
2.630000000000000000e+03
2.735000000000000000e+03
2.850000000000000000e+03
3.658000000000000000e+03
3.322000000000000000e+03
4.462000000000000000e+03
1.624000000000000000e+03
2.105000000000000000e+03
2.372000000000000000e+03
1.549000000000000000e+03
1.667000000000000000e+03
2.617000000000000000e+03
4.793000000000000000e+03
2.282000000000000000e+03
2.554000000000000000e+03
3.450000000000000000e+03
1.869000000000000000e+03
1.426000000000000000e+03
3.841000000000000000e+03
1.896000000000000000e+03
2.549000000000000000e+03
1.178000000000000000e+03
2.210000000000000000e+03
2.180000000000000000e+03
3.394000000000000000e+03
3.814000000000000000e+03
7.505000000000000000e+03
1.820000000000000000e+03
1.374000000000000000e+03
1.214000000000000000e+03
2.294000000000000000e+03
1.582000000000000000e+03
2.519000000000000000e+03
9.520000000000000000e+02
7.920000000000000000e+02
1.293000000000000000e+03
4.127000000000000000e+03
2.114000000000000000e+03
1.872000000000000000e+03
2.515000000000000000e+03
1.466000000000000000e+03
2.989000000000000000e+03
1.644000000000000000e+03
1.078000000000000000e+03
7.160000000000000000e+02
4.508000000000000000e+03
1.673000000000000000e+03
3.690000000000000000e+03
1.676000000000000000e+03
1.170000000000000000e+03
1.313000000000000000e+03
2.309000000000000000e+03
4.610000000000000000e+03
2.579000000000000000e+03
1.782000000000000000e+03
1.831000000000000000e+03
3.195000000000000000e+03
3.084000000000000000e+03
1.031000000000000000e+03
2.450000000000000000e+03
1.861000000000000000e+03
1.135000000000000000e+03
9.540000000000000000e+02
1.046000000000000000e+03
2.305000000000000000e+03
1.309000000000000000e+03
3.658000000000000000e+03
2.375000000000000000e+03
1.918000000000000000e+03
1.592000000000000000e+03
6.112000000000000000e+03
1.198000000000000000e+03
1.175000000000000000e+03
1.880000000000000000e+03
3.479000000000000000e+03
7.270000000000000000e+02
1.736000000000000000e+03
9.400000000000000000e+02
4.316000000000000000e+03
1.598000000000000000e+03
3.279000000000000000e+03
5.900000000000000000e+02
2.620000000000000000e+03
2.299000000000000000e+03
3.849000000000000000e+03
8.550000000000000000e+02
1.837000000000000000e+03
1.002000000000000000e+03
4.750000000000000000e+02
2.996000000000000000e+03
1.191000000000000000e+03
2.571000000000000000e+03
1.988000000000000000e+03
2.806000000000000000e+03
3.848000000000000000e+03
1.921000000000000000e+03
