2.608000000000000000e+03
9.280000000000000000e+02
3.656000000000000000e+03
1.353000000000000000e+03
1.689000000000000000e+03
4.058000000000000000e+03
9.840000000000000000e+02
9.780000000000000000e+02
1.599000000000000000e+03
1.539000000000000000e+03
5.640000000000000000e+02
3.125000000000000000e+03
1.815000000000000000e+03
7.770000000000000000e+02
2.950000000000000000e+03
1.944000000000000000e+03
7.460000000000000000e+02
1.103000000000000000e+03
3.065000000000000000e+03
1.987000000000000000e+03
1.984000000000000000e+03
9.710000000000000000e+02
1.105000000000000000e+03
1.506000000000000000e+03
5.700000000000000000e+02
7.250000000000000000e+02
2.090000000000000000e+03
1.149000000000000000e+03
2.479000000000000000e+03
1.688000000000000000e+03
5.458000000000000000e+03
5.205000000000000000e+03
6.670000000000000000e+02
2.093000000000000000e+03
1.952000000000000000e+03
1.666000000000000000e+03
6.540000000000000000e+02
2.148000000000000000e+03
1.509000000000000000e+03
7.580000000000000000e+02
2.752000000000000000e+03
2.114000000000000000e+03
1.618000000000000000e+03
1.581000000000000000e+03
1.168000000000000000e+03
1.298000000000000000e+03
3.083000000000000000e+03
3.525000000000000000e+03
2.555000000000000000e+03
1.356000000000000000e+03
2.530000000000000000e+03
8.700000000000000000e+02
1.283000000000000000e+03
2.239000000000000000e+03
1.931000000000000000e+03
2.043000000000000000e+03
2.223000000000000000e+03
2.305000000000000000e+03
3.473000000000000000e+03
8.430000000000000000e+02
4.210000000000000000e+03
8.970000000000000000e+02
1.833000000000000000e+03
2.656000000000000000e+03
6.150000000000000000e+02
1.073000000000000000e+03
1.250000000000000000e+03
2.181000000000000000e+03
2.115000000000000000e+03
1.190000000000000000e+03
8.720000000000000000e+02
1.485000000000000000e+03
8.140000000000000000e+02
1.960000000000000000e+03
8.110000000000000000e+02
3.447000000000000000e+03
1.383000000000000000e+03
1.532000000000000000e+03
2.082000000000000000e+03
1.169000000000000000e+03
5.020000000000000000e+02
1.206000000000000000e+03
3.344000000000000000e+03
2.343000000000000000e+03
1.311000000000000000e+03
7.990000000000000000e+02
1.027000000000000000e+03
1.634000000000000000e+03
3.774000000000000000e+03
1.912000000000000000e+03
1.259000000000000000e+03
7.460000000000000000e+02
8.210000000000000000e+02
2.207000000000000000e+03
3.630000000000000000e+03
2.344000000000000000e+03
7.730000000000000000e+02
1.326000000000000000e+03
8.070000000000000000e+02
6.096000000000000000e+03
5.470000000000000000e+02
2.321000000000000000e+03
9.390000000000000000e+02
7.950000000000000000e+02
1.577000000000000000e+03
1.104000000000000000e+03
1.668000000000000000e+03
3.922000000000000000e+03
9.270000000000000000e+02
4.868000000000000000e+03
1.823000000000000000e+03
8.650000000000000000e+02
5.530000000000000000e+02
2.657000000000000000e+03
7.830000000000000000e+02
3.800000000000000000e+02
2.917000000000000000e+03
1.208000000000000000e+03
8.500000000000000000e+02
1.034000000000000000e+03
2.263000000000000000e+03
2.280000000000000000e+03
6.660000000000000000e+02
8.130000000000000000e+02
2.017000000000000000e+03
1.722000000000000000e+03
1.502000000000000000e+03
9.100000000000000000e+02
2.734000000000000000e+03
3.360000000000000000e+03
1.455000000000000000e+03
3.606000000000000000e+03
7.740000000000000000e+02
1.751000000000000000e+03
7.030000000000000000e+02
2.629000000000000000e+03
3.372000000000000000e+03
2.634000000000000000e+03
3.113000000000000000e+03
3.017000000000000000e+03
1.864000000000000000e+03
6.920000000000000000e+02
2.566000000000000000e+03
2.541000000000000000e+03
1.437000000000000000e+03
1.445000000000000000e+03
1.506000000000000000e+03
8.420000000000000000e+02
1.421000000000000000e+03
6.370000000000000000e+02
6.260000000000000000e+02
2.900000000000000000e+03
2.221000000000000000e+03
8.830000000000000000e+02
2.311000000000000000e+03
2.131000000000000000e+03
1.806000000000000000e+03
3.460000000000000000e+03
5.260000000000000000e+02
9.250000000000000000e+02
1.743000000000000000e+03
1.426000000000000000e+03
1.099000000000000000e+03
1.849000000000000000e+03
7.780000000000000000e+02
3.147000000000000000e+03
1.795000000000000000e+03
3.316000000000000000e+03
2.056000000000000000e+03
1.667000000000000000e+03
8.720000000000000000e+02
1.624000000000000000e+03
1.619000000000000000e+03
9.380000000000000000e+02
4.810000000000000000e+02
2.082000000000000000e+03
6.040000000000000000e+02
1.508000000000000000e+03
8.730000000000000000e+02
1.160000000000000000e+03
6.106000000000000000e+03
1.636000000000000000e+03
1.508000000000000000e+03
1.445000000000000000e+03
1.679000000000000000e+03
7.020000000000000000e+02
1.707000000000000000e+03
1.148000000000000000e+03
5.610000000000000000e+02
3.264000000000000000e+03
5.800000000000000000e+02
1.107000000000000000e+03
2.490000000000000000e+03
2.791000000000000000e+03
1.849000000000000000e+03
3.060000000000000000e+02
1.376000000000000000e+03
5.560000000000000000e+02
1.354000000000000000e+03
3.960000000000000000e+02
1.587000000000000000e+03
5.920000000000000000e+02
1.570000000000000000e+03
2.384000000000000000e+03
1.019000000000000000e+03
2.161000000000000000e+03
1.960000000000000000e+03
4.210000000000000000e+02
6.750000000000000000e+02
1.576000000000000000e+03
2.830000000000000000e+03
2.151000000000000000e+03
3.710000000000000000e+03
8.780000000000000000e+02
1.372000000000000000e+03
2.343000000000000000e+03
6.770000000000000000e+02
7.630000000000000000e+02
1.684000000000000000e+03
1.367000000000000000e+03
1.340000000000000000e+03
4.146000000000000000e+03
3.770000000000000000e+02
1.246000000000000000e+03
1.638000000000000000e+03
1.736000000000000000e+03
1.866000000000000000e+03
3.612000000000000000e+03
2.497000000000000000e+03
5.880000000000000000e+02
6.230000000000000000e+02
1.797000000000000000e+03
2.071000000000000000e+03
7.090000000000000000e+02
3.569000000000000000e+03
1.455000000000000000e+03
5.001000000000000000e+03
1.771000000000000000e+03
5.820000000000000000e+02
1.371000000000000000e+03
2.183000000000000000e+03
9.800000000000000000e+02
7.070000000000000000e+02
1.503000000000000000e+03
7.850000000000000000e+02
1.347000000000000000e+03
5.640000000000000000e+02
5.700000000000000000e+02
1.017000000000000000e+03
2.271000000000000000e+03
2.376000000000000000e+03
1.290000000000000000e+03
1.264000000000000000e+03
1.255000000000000000e+03
1.330000000000000000e+03
1.425000000000000000e+03
6.550000000000000000e+02
3.891000000000000000e+03
9.310000000000000000e+02
1.518000000000000000e+03
4.963000000000000000e+03
1.705000000000000000e+03
1.330000000000000000e+03
1.544000000000000000e+03
2.413000000000000000e+03
1.405000000000000000e+03
3.028000000000000000e+03
2.362000000000000000e+03
5.570000000000000000e+02
9.210000000000000000e+02
1.200000000000000000e+03
2.011000000000000000e+03
8.380000000000000000e+02
1.097000000000000000e+03
1.171000000000000000e+03
6.010000000000000000e+02
5.760000000000000000e+02
1.293000000000000000e+03
6.160000000000000000e+02
1.487000000000000000e+03
1.387000000000000000e+03
6.270000000000000000e+02
1.450000000000000000e+03
2.258000000000000000e+03
1.454000000000000000e+03
1.885000000000000000e+03
1.168000000000000000e+03
1.195000000000000000e+03
1.634000000000000000e+03
1.234000000000000000e+03
1.784000000000000000e+03
1.457000000000000000e+03
9.230000000000000000e+02
1.877000000000000000e+03
2.212000000000000000e+03
2.966000000000000000e+03
8.630000000000000000e+02
6.080000000000000000e+02
1.354000000000000000e+03
1.042000000000000000e+03
3.693000000000000000e+03
1.709000000000000000e+03
1.710000000000000000e+03
2.471000000000000000e+03
2.632000000000000000e+03
9.280000000000000000e+02
2.608000000000000000e+03
3.843000000000000000e+03
5.690000000000000000e+02
1.491000000000000000e+03
3.429000000000000000e+03
6.220000000000000000e+02
4.270000000000000000e+02
9.200000000000000000e+02
8.340000000000000000e+02
1.494000000000000000e+03
7.720000000000000000e+02
1.147000000000000000e+03
1.247000000000000000e+03
2.804000000000000000e+03
1.838000000000000000e+03
1.349000000000000000e+03
1.322000000000000000e+03
5.990000000000000000e+02
8.930000000000000000e+02
1.545000000000000000e+03
1.096000000000000000e+03
1.888000000000000000e+03
1.545000000000000000e+03
1.051000000000000000e+03
1.187000000000000000e+03
7.340000000000000000e+02
2.578000000000000000e+03
2.158000000000000000e+03
1.343000000000000000e+03
2.760000000000000000e+02
1.841000000000000000e+03
2.338000000000000000e+03
8.200000000000000000e+02
2.242000000000000000e+03
1.479000000000000000e+03
8.070000000000000000e+02
3.262000000000000000e+03
1.564000000000000000e+03
1.224000000000000000e+03
1.883000000000000000e+03
1.004000000000000000e+03
1.489000000000000000e+03
7.280000000000000000e+02
1.457000000000000000e+03
4.425000000000000000e+03
5.875000000000000000e+03
1.123000000000000000e+03
7.180000000000000000e+02
2.190000000000000000e+03
1.134000000000000000e+03
2.535000000000000000e+03
1.593000000000000000e+03
1.404000000000000000e+03
1.296000000000000000e+03
1.156000000000000000e+03
1.138000000000000000e+03
2.347000000000000000e+03
3.377000000000000000e+03
4.250000000000000000e+02
2.019000000000000000e+03
2.243000000000000000e+03
3.433000000000000000e+03
2.126000000000000000e+03
2.265000000000000000e+03
1.082000000000000000e+03
4.990000000000000000e+02
2.385000000000000000e+03
3.938000000000000000e+03
3.828000000000000000e+03
1.186000000000000000e+03
1.521000000000000000e+03
3.162000000000000000e+03
1.552000000000000000e+03
1.733000000000000000e+03
2.194000000000000000e+03
1.571000000000000000e+03
7.720000000000000000e+02
1.582000000000000000e+03
6.460000000000000000e+02
6.500000000000000000e+02
3.750000000000000000e+02
1.719000000000000000e+03
1.437000000000000000e+03
1.657000000000000000e+03
1.313000000000000000e+03
1.809000000000000000e+03
9.230000000000000000e+02
1.358000000000000000e+03
1.130000000000000000e+03
7.450000000000000000e+02
1.556000000000000000e+03
2.056000000000000000e+03
1.959000000000000000e+03
3.703000000000000000e+03
7.920000000000000000e+02
2.667000000000000000e+03
1.393000000000000000e+03
2.120000000000000000e+03
4.940000000000000000e+02
8.690000000000000000e+02
1.924000000000000000e+03
7.154000000000000000e+03
1.447000000000000000e+03
1.655000000000000000e+03
2.294000000000000000e+03
1.382000000000000000e+03
5.070000000000000000e+02
2.353000000000000000e+03
1.352000000000000000e+03
2.441000000000000000e+03
3.644000000000000000e+03
1.972000000000000000e+03
7.100000000000000000e+02
1.780000000000000000e+03
2.702000000000000000e+03
6.270000000000000000e+02
5.785000000000000000e+03
1.928000000000000000e+03
3.503000000000000000e+03
1.210000000000000000e+03
1.486000000000000000e+03
2.556000000000000000e+03
1.492000000000000000e+03
4.131000000000000000e+03
1.388000000000000000e+03
5.240000000000000000e+02
3.006000000000000000e+03
7.700000000000000000e+02
3.449000000000000000e+03
4.079000000000000000e+03
1.222000000000000000e+03
1.193000000000000000e+03
8.180000000000000000e+02
1.167000000000000000e+03
2.761000000000000000e+03
1.940000000000000000e+03
2.626000000000000000e+03
1.004000000000000000e+03
1.928000000000000000e+03
8.560000000000000000e+02
8.120000000000000000e+02
3.307000000000000000e+03
3.099000000000000000e+03
2.731000000000000000e+03
5.730000000000000000e+02
2.362000000000000000e+03
1.098000000000000000e+03
2.155000000000000000e+03
3.453000000000000000e+03
1.795000000000000000e+03
2.885000000000000000e+03
8.050000000000000000e+02
4.596000000000000000e+03
4.274000000000000000e+03
1.272000000000000000e+03
3.190000000000000000e+03
1.892000000000000000e+03
3.001000000000000000e+03
2.484000000000000000e+03
3.844000000000000000e+03
1.738000000000000000e+03
1.806000000000000000e+03
8.120000000000000000e+02
3.505000000000000000e+03
1.472000000000000000e+03
1.479000000000000000e+03
6.800000000000000000e+02
2.639000000000000000e+03
1.715000000000000000e+03
1.179000000000000000e+03
7.170000000000000000e+02
1.609000000000000000e+03
2.717000000000000000e+03
1.188000000000000000e+03
2.796000000000000000e+03
2.779000000000000000e+03
1.039000000000000000e+03
1.027000000000000000e+03
1.320000000000000000e+03
1.704000000000000000e+03
2.177000000000000000e+03
4.492000000000000000e+03
1.084000000000000000e+03
5.630000000000000000e+02
5.740000000000000000e+02
2.227000000000000000e+03
2.534000000000000000e+03
1.925000000000000000e+03
1.578000000000000000e+03
4.270000000000000000e+02
2.683000000000000000e+03
1.044000000000000000e+03
8.130000000000000000e+02
1.704000000000000000e+03
5.190000000000000000e+02
7.160000000000000000e+02
9.990000000000000000e+02
1.203000000000000000e+03
1.572000000000000000e+03
1.245000000000000000e+03
5.560000000000000000e+02
1.182000000000000000e+03
6.340000000000000000e+02
9.240000000000000000e+02
8.460000000000000000e+02
2.540000000000000000e+03
1.740000000000000000e+03
2.833000000000000000e+03
1.121000000000000000e+03
1.040000000000000000e+03
1.271000000000000000e+03
1.913000000000000000e+03
9.850000000000000000e+02
7.160000000000000000e+02
8.820000000000000000e+02
7.470000000000000000e+02
1.426000000000000000e+03
8.960000000000000000e+02
1.253000000000000000e+03
2.958000000000000000e+03
5.750000000000000000e+02
1.407000000000000000e+03
2.747000000000000000e+03
2.903000000000000000e+03
1.954000000000000000e+03
9.930000000000000000e+02
4.341000000000000000e+03
8.270000000000000000e+02
1.010000000000000000e+03
2.074000000000000000e+03
1.211000000000000000e+03
1.643000000000000000e+03
1.129000000000000000e+03
4.380000000000000000e+02
4.511000000000000000e+03
8.960000000000000000e+02
8.240000000000000000e+02
1.290000000000000000e+03
1.228000000000000000e+03
1.206000000000000000e+03
3.949000000000000000e+03
1.777000000000000000e+03
6.470000000000000000e+02
2.095000000000000000e+03
9.470000000000000000e+02
1.480000000000000000e+03
1.502000000000000000e+03
4.420000000000000000e+02
2.402000000000000000e+03
1.692000000000000000e+03
1.496000000000000000e+03
2.299000000000000000e+03
1.679000000000000000e+03
2.102000000000000000e+03
1.591000000000000000e+03
1.120000000000000000e+03
1.489000000000000000e+03
2.444000000000000000e+03
4.320000000000000000e+02
1.186000000000000000e+03
1.930000000000000000e+03
9.190000000000000000e+02
1.151000000000000000e+03
9.900000000000000000e+02
2.199000000000000000e+03
1.628000000000000000e+03
1.272000000000000000e+03
7.990000000000000000e+02
2.047000000000000000e+03
3.841000000000000000e+03
4.663000000000000000e+03
1.010000000000000000e+03
8.330000000000000000e+02
1.861000000000000000e+03
2.625000000000000000e+03
1.187000000000000000e+03
1.749000000000000000e+03
1.131000000000000000e+03
6.320000000000000000e+02
1.131000000000000000e+03
2.286000000000000000e+03
1.479000000000000000e+03
1.345000000000000000e+03
9.080000000000000000e+02
1.366000000000000000e+03
2.605000000000000000e+03
1.454000000000000000e+03
1.904000000000000000e+03
5.610000000000000000e+02
4.311000000000000000e+03
1.851000000000000000e+03
1.432000000000000000e+03
3.081000000000000000e+03
2.327000000000000000e+03
3.003000000000000000e+03
2.496000000000000000e+03
1.459000000000000000e+03
1.446000000000000000e+03
1.741000000000000000e+03
4.560000000000000000e+02
2.953000000000000000e+03
1.992000000000000000e+03
3.681000000000000000e+03
9.970000000000000000e+02
1.121000000000000000e+03
1.078000000000000000e+03
9.910000000000000000e+02
3.929000000000000000e+03
1.853000000000000000e+03
2.474000000000000000e+03
2.193000000000000000e+03
1.981000000000000000e+03
1.279000000000000000e+03
9.820000000000000000e+02
2.651000000000000000e+03
1.763000000000000000e+03
2.759000000000000000e+03
1.150000000000000000e+03
1.292000000000000000e+03
1.150000000000000000e+03
7.830000000000000000e+02
1.268000000000000000e+03
7.510000000000000000e+02
2.508000000000000000e+03
2.601000000000000000e+03
2.043000000000000000e+03
7.260000000000000000e+02
9.920000000000000000e+02
4.311000000000000000e+03
6.200000000000000000e+02
7.440000000000000000e+02
1.589000000000000000e+03
3.379000000000000000e+03
9.640000000000000000e+02
4.883000000000000000e+03
1.411000000000000000e+03
8.620000000000000000e+02
1.555000000000000000e+03
8.439000000000000000e+03
1.276000000000000000e+03
5.820000000000000000e+02
1.634000000000000000e+03
1.647000000000000000e+03
2.063000000000000000e+03
1.801000000000000000e+03
2.506000000000000000e+03
3.676000000000000000e+03
2.074000000000000000e+03
2.438000000000000000e+03
4.236000000000000000e+03
8.495000000000000000e+03
1.383000000000000000e+03
3.650000000000000000e+02
1.453000000000000000e+03
1.899000000000000000e+03
9.520000000000000000e+02
2.029000000000000000e+03
6.140000000000000000e+02
8.470000000000000000e+02
1.632000000000000000e+03
1.505000000000000000e+03
2.678000000000000000e+03
1.740000000000000000e+03
1.005000000000000000e+03
2.373000000000000000e+03
4.475000000000000000e+03
1.593000000000000000e+03
2.608000000000000000e+03
1.851000000000000000e+03
1.970000000000000000e+03
2.722000000000000000e+03
1.416000000000000000e+03
1.483000000000000000e+03
8.630000000000000000e+02
4.839000000000000000e+03
2.905000000000000000e+03
1.845000000000000000e+03
6.920000000000000000e+02
2.131000000000000000e+03
1.619000000000000000e+03
6.950000000000000000e+02
8.120000000000000000e+02
1.441000000000000000e+03
1.266000000000000000e+03
2.003000000000000000e+03
1.330000000000000000e+03
1.275000000000000000e+03
1.124000000000000000e+03
2.932000000000000000e+03
2.157000000000000000e+03
1.706000000000000000e+03
2.364000000000000000e+03
1.813000000000000000e+03
1.034000000000000000e+03
1.950000000000000000e+03
2.643000000000000000e+03
2.123000000000000000e+03
1.267000000000000000e+03
2.519000000000000000e+03
1.000000000000000000e+03
1.611000000000000000e+03
1.713000000000000000e+03
1.361000000000000000e+03
1.523000000000000000e+03
2.399000000000000000e+03
1.913000000000000000e+03
5.280000000000000000e+02
2.432000000000000000e+03
2.434000000000000000e+03
1.183000000000000000e+03
1.260000000000000000e+03
2.303000000000000000e+03
3.049000000000000000e+03
1.350000000000000000e+03
4.680000000000000000e+02
2.342000000000000000e+03
3.002000000000000000e+03
9.320000000000000000e+02
1.710000000000000000e+03
9.950000000000000000e+02
2.798000000000000000e+03
2.288000000000000000e+03
3.546000000000000000e+03
3.345000000000000000e+03
1.419000000000000000e+03
2.619000000000000000e+03
1.945000000000000000e+03
1.745000000000000000e+03
9.530000000000000000e+02
3.714000000000000000e+03
2.194000000000000000e+03
1.043000000000000000e+03
2.561000000000000000e+03
1.198000000000000000e+03
1.681000000000000000e+03
1.008000000000000000e+03
2.687000000000000000e+03
5.500000000000000000e+02
6.850000000000000000e+02
1.604000000000000000e+03
2.032000000000000000e+03
2.007000000000000000e+03
1.763000000000000000e+03
1.034000000000000000e+03
1.982000000000000000e+03
1.781000000000000000e+03
1.486000000000000000e+03
6.630000000000000000e+02
6.600000000000000000e+02
2.495000000000000000e+03
4.667000000000000000e+03
1.279000000000000000e+03
1.218000000000000000e+03
1.332000000000000000e+03
1.416000000000000000e+03
3.097000000000000000e+03
1.253000000000000000e+03
6.040000000000000000e+02
2.192000000000000000e+03
1.102000000000000000e+03
2.775000000000000000e+03
8.350000000000000000e+02
3.329000000000000000e+03
2.651000000000000000e+03
7.300000000000000000e+02
1.653000000000000000e+03
4.649000000000000000e+03
1.002000000000000000e+03
1.769000000000000000e+03
6.850000000000000000e+02
1.509000000000000000e+03
2.270000000000000000e+03
2.859000000000000000e+03
1.263000000000000000e+03
3.936000000000000000e+03
1.571000000000000000e+03
4.610000000000000000e+02
6.610000000000000000e+02
2.200000000000000000e+03
7.090000000000000000e+02
1.480000000000000000e+03
3.890000000000000000e+03
4.970000000000000000e+02
2.276000000000000000e+03
6.710000000000000000e+02
1.698000000000000000e+03
6.090000000000000000e+02
1.569000000000000000e+03
1.092000000000000000e+03
3.776000000000000000e+03
2.049000000000000000e+03
1.996000000000000000e+03
2.254000000000000000e+03
3.069000000000000000e+03
6.030000000000000000e+02
2.511000000000000000e+03
3.159000000000000000e+03
1.296000000000000000e+03
1.518000000000000000e+03
2.999000000000000000e+03
1.800000000000000000e+03
9.570000000000000000e+02
1.914000000000000000e+03
1.020000000000000000e+03
8.880000000000000000e+02
6.430000000000000000e+02
1.720000000000000000e+03
1.115000000000000000e+03
1.501000000000000000e+03
1.859000000000000000e+03
1.253000000000000000e+03
1.834000000000000000e+03
1.691000000000000000e+03
2.514000000000000000e+03
6.640000000000000000e+02
3.262000000000000000e+03
6.140000000000000000e+02
1.835000000000000000e+03
1.177000000000000000e+03
1.430000000000000000e+03
1.197000000000000000e+03
4.177000000000000000e+03
3.622000000000000000e+03
1.989000000000000000e+03
2.173000000000000000e+03
2.016000000000000000e+03
5.631000000000000000e+03
2.054000000000000000e+03
1.062000000000000000e+03
7.240000000000000000e+02
1.014000000000000000e+03
1.897000000000000000e+03
5.750000000000000000e+02
2.120000000000000000e+03
1.755000000000000000e+03
1.827000000000000000e+03
1.142000000000000000e+03
8.490000000000000000e+02
2.267000000000000000e+03
1.255000000000000000e+03
7.060000000000000000e+02
1.814000000000000000e+03
7.650000000000000000e+02
1.454000000000000000e+03
2.873000000000000000e+03
1.536000000000000000e+03
2.463000000000000000e+03
2.381000000000000000e+03
6.390000000000000000e+02
2.053000000000000000e+03
8.070000000000000000e+02
1.006000000000000000e+03
3.133000000000000000e+03
2.911000000000000000e+03
1.056000000000000000e+03
1.658000000000000000e+03
9.990000000000000000e+02
2.166000000000000000e+03
3.119000000000000000e+03
1.737000000000000000e+03
1.900000000000000000e+03
6.720000000000000000e+02
3.685000000000000000e+03
1.268000000000000000e+03
4.192000000000000000e+03
1.019000000000000000e+03
3.313000000000000000e+03
1.243000000000000000e+03
1.061000000000000000e+03
1.641000000000000000e+03
5.890000000000000000e+02
2.543000000000000000e+03
1.608000000000000000e+03
8.280000000000000000e+02
1.237000000000000000e+03
1.584000000000000000e+03
1.461000000000000000e+03
3.223000000000000000e+03
1.624000000000000000e+03
1.078000000000000000e+03
8.700000000000000000e+02
3.344000000000000000e+03
1.530000000000000000e+03
2.197000000000000000e+03
2.803000000000000000e+03
5.020000000000000000e+02
3.111000000000000000e+03
1.663000000000000000e+03
6.960000000000000000e+02
2.534000000000000000e+03
1.490000000000000000e+03
4.680000000000000000e+02
2.396000000000000000e+03
1.303000000000000000e+03
2.023000000000000000e+03
1.579000000000000000e+03
7.460000000000000000e+02
8.370000000000000000e+02
5.220000000000000000e+02
1.320000000000000000e+03
2.059000000000000000e+03
1.105000000000000000e+03
1.607000000000000000e+03
2.057000000000000000e+03
1.841000000000000000e+03
1.509000000000000000e+03
2.216000000000000000e+03
1.808000000000000000e+03
2.526000000000000000e+03
5.310000000000000000e+02
1.213000000000000000e+03
7.050000000000000000e+02
9.910000000000000000e+02
7.840000000000000000e+02
1.426000000000000000e+03
2.174000000000000000e+03
5.530000000000000000e+02
1.798000000000000000e+03
2.003000000000000000e+03
1.519000000000000000e+03
3.471000000000000000e+03
7.540000000000000000e+02
1.449000000000000000e+03
1.407000000000000000e+03
3.543000000000000000e+03
1.320000000000000000e+03
1.061000000000000000e+03
3.730000000000000000e+02
1.833000000000000000e+03
1.396000000000000000e+03
1.646000000000000000e+03
1.440000000000000000e+03
2.935000000000000000e+03
5.063000000000000000e+03
5.440000000000000000e+02
1.294000000000000000e+03
1.137000000000000000e+03
8.300000000000000000e+02
2.482000000000000000e+03
1.847000000000000000e+03
2.198000000000000000e+03
3.727000000000000000e+03
3.849000000000000000e+03
2.055000000000000000e+03
1.305000000000000000e+03
1.218000000000000000e+03
2.090000000000000000e+03
9.290000000000000000e+02
7.700000000000000000e+02
3.945000000000000000e+03
5.615000000000000000e+03
1.587000000000000000e+03
8.980000000000000000e+02
7.170000000000000000e+02
6.690000000000000000e+02
1.554000000000000000e+03
2.721000000000000000e+03
3.089000000000000000e+03
1.429000000000000000e+03
2.883000000000000000e+03
8.210000000000000000e+02
7.780000000000000000e+02
1.032000000000000000e+03
9.520000000000000000e+02
1.607000000000000000e+03
1.583000000000000000e+03
1.214000000000000000e+03
1.066000000000000000e+03
1.704000000000000000e+03
1.881000000000000000e+03
1.177000000000000000e+03
5.440000000000000000e+02
5.200000000000000000e+02
7.050000000000000000e+02
1.328000000000000000e+03
9.130000000000000000e+02
7.360000000000000000e+02
3.580000000000000000e+03
1.235000000000000000e+03
1.729000000000000000e+03
2.262000000000000000e+03
2.116000000000000000e+03
1.294000000000000000e+03
1.960000000000000000e+03
3.462000000000000000e+03
1.356000000000000000e+03
2.292000000000000000e+03
1.834000000000000000e+03
1.531000000000000000e+03
3.260000000000000000e+03
1.918000000000000000e+03
1.400000000000000000e+03
1.083000000000000000e+03
2.699000000000000000e+03
