2.067100000000000000e+04
1.247800000000000000e+04
4.068000000000000000e+03
2.067100000000000000e+04
2.123200000000000000e+04
3.544100000000000000e+04
1.099300000000000000e+04
4.757900000000000000e+04
1.879900000000000000e+04
4.251400000000000000e+04
1.071100000000000000e+04
9.951000000000000000e+03
2.202200000000000000e+04
2.410300000000000000e+04
1.192600000000000000e+04
3.358400000000000000e+04
2.569500000000000000e+04
1.842100000000000000e+04
3.726000000000000000e+03
1.623100000000000000e+04
9.375700000000000000e+04
1.534400000000000000e+04
9.133000000000000000e+03
1.044900000000000000e+04
7.254000000000000000e+03
2.026600000000000000e+04
1.692800000000000000e+04
4.285500000000000000e+04
1.404300000000000000e+04
3.845000000000000000e+03
2.001400000000000000e+04
3.554700000000000000e+04
8.420000000000000000e+03
1.324500000000000000e+04
8.946000000000000000e+03
1.295100000000000000e+04
2.360400000000000000e+04
8.244000000000000000e+03
1.435500000000000000e+04
3.331100000000000000e+04
1.055800000000000000e+04
2.206500000000000000e+04
5.796000000000000000e+03
1.909600000000000000e+04
1.443400000000000000e+04
2.410300000000000000e+04
6.376000000000000000e+03
5.263000000000000000e+03
1.198600000000000000e+04
3.425000000000000000e+03
1.360200000000000000e+04
1.935000000000000000e+04
1.207800000000000000e+04
1.204300000000000000e+04
3.811700000000000000e+04
1.325900000000000000e+04
4.396000000000000000e+04
9.848000000000000000e+03
4.031000000000000000e+04
2.132500000000000000e+04
1.448400000000000000e+04
1.458400000000000000e+04
6.094000000000000000e+03
3.879900000000000000e+04
6.829000000000000000e+03
9.550000000000000000e+03
1.943100000000000000e+04
2.285500000000000000e+04
1.123400000000000000e+04
1.231200000000000000e+04
1.277300000000000000e+04
7.326000000000000000e+03
1.297600000000000000e+04
1.387900000000000000e+04
1.946200000000000000e+04
1.016700000000000000e+04
3.288600000000000000e+04
1.201800000000000000e+04
9.036000000000000000e+03
9.079000000000000000e+03
2.565100000000000000e+04
2.365900000000000000e+04
1.112100000000000000e+04
2.355300000000000000e+04
2.603300000000000000e+04
8.073000000000000000e+03
6.446000000000000000e+03
7.574000000000000000e+03
9.082000000000000000e+03
2.242000000000000000e+04
1.201700000000000000e+04
1.258400000000000000e+04
1.140300000000000000e+04
8.904000000000000000e+03
3.393000000000000000e+04
8.565000000000000000e+03
2.561500000000000000e+04
1.188200000000000000e+04
1.006700000000000000e+04
1.871700000000000000e+04
1.859300000000000000e+04
2.895800000000000000e+04
1.852400000000000000e+04
5.441500000000000000e+04
6.032000000000000000e+03
9.788000000000000000e+03
9.502000000000000000e+03
5.440000000000000000e+03
1.026100000000000000e+04
2.254600000000000000e+04
1.460800000000000000e+04
1.643100000000000000e+04
6.918800000000000000e+04
1.340100000000000000e+04
1.153100000000000000e+04
1.007500000000000000e+04
6.933000000000000000e+03
1.279700000000000000e+04
5.981000000000000000e+03
2.078000000000000000e+04
1.662600000000000000e+04
5.103000000000000000e+03
1.152500000000000000e+04
8.590000000000000000e+03
1.045200000000000000e+04
1.455700000000000000e+04
3.148800000000000000e+04
1.588500000000000000e+04
8.666000000000000000e+03
1.245500000000000000e+04
1.686300000000000000e+04
3.682000000000000000e+03
1.076600000000000000e+04
6.703000000000000000e+03
2.132200000000000000e+04
1.501200000000000000e+04
9.245000000000000000e+03
1.354600000000000000e+04
1.300600000000000000e+04
1.296300000000000000e+04
1.611900000000000000e+04
2.248500000000000000e+04
9.011000000000000000e+03
1.690500000000000000e+04
1.045600000000000000e+04
1.094700000000000000e+04
7.898000000000000000e+03
6.057700000000000000e+04
8.059000000000000000e+03
1.792800000000000000e+04
1.231200000000000000e+04
2.469100000000000000e+04
6.448000000000000000e+03
1.185100000000000000e+04
8.970000000000000000e+03
2.121700000000000000e+04
1.887700000000000000e+04
1.503000000000000000e+04
1.119900000000000000e+04
9.856000000000000000e+03
1.557400000000000000e+04
6.736000000000000000e+03
1.071600000000000000e+04
4.561800000000000000e+04
1.117600000000000000e+04
8.993000000000000000e+03
6.822000000000000000e+03
3.021800000000000000e+04
1.194200000000000000e+04
3.097400000000000000e+04
2.821300000000000000e+04
9.211000000000000000e+03
1.059700000000000000e+04
2.221300000000000000e+04
1.253700000000000000e+04
8.826000000000000000e+03
3.921100000000000000e+04
8.004000000000000000e+03
1.941700000000000000e+04
3.062900000000000000e+04
1.390800000000000000e+04
9.454000000000000000e+03
1.325600000000000000e+04
2.084000000000000000e+04
3.321000000000000000e+04
2.131800000000000000e+04
2.976200000000000000e+04
2.078600000000000000e+04
1.164800000000000000e+04
1.071200000000000000e+04
1.286100000000000000e+04
8.100000000000000000e+03
2.757600000000000000e+04
1.764000000000000000e+04
2.542900000000000000e+04
1.936300000000000000e+04
1.539500000000000000e+04
3.694100000000000000e+04
9.027000000000000000e+03
1.996600000000000000e+04
1.093500000000000000e+04
1.277300000000000000e+04
5.503000000000000000e+03
3.106600000000000000e+04
2.029000000000000000e+04
1.346300000000000000e+04
1.046400000000000000e+04
3.980300000000000000e+04
5.653000000000000000e+03
7.684000000000000000e+03
1.591000000000000000e+04
8.599000000000000000e+03
8.729000000000000000e+03
7.906000000000000000e+03
5.957000000000000000e+03
1.143400000000000000e+04
1.343700000000000000e+04
3.352600000000000000e+04
9.946000000000000000e+03
1.463700000000000000e+04
3.008700000000000000e+04
1.548200000000000000e+04
1.391900000000000000e+04
2.192300000000000000e+04
1.929000000000000000e+04
2.487200000000000000e+04
2.423000000000000000e+04
8.845000000000000000e+03
1.476800000000000000e+04
8.857000000000000000e+03
1.134400000000000000e+04
5.800000000000000000e+03
2.223100000000000000e+04
3.701900000000000000e+04
2.534900000000000000e+04
1.149100000000000000e+04
2.666700000000000000e+04
8.967000000000000000e+03
5.950000000000000000e+03
1.016000000000000000e+04
2.435600000000000000e+04
3.643700000000000000e+04
8.961000000000000000e+03
8.030000000000000000e+03
1.297000000000000000e+04
8.053000000000000000e+03
3.638700000000000000e+04
3.070700000000000000e+04
4.808000000000000000e+03
1.142700000000000000e+04
3.684300000000000000e+04
1.578700000000000000e+04
1.367300000000000000e+04
1.489100000000000000e+04
1.986100000000000000e+04
3.818400000000000000e+04
1.671200000000000000e+04
5.148000000000000000e+03
1.196100000000000000e+04
2.196000000000000000e+04
2.273300000000000000e+04
1.553700000000000000e+04
1.247900000000000000e+04
2.526000000000000000e+04
9.652000000000000000e+03
1.638000000000000000e+04
1.630100000000000000e+04
1.481500000000000000e+04
9.462000000000000000e+03
9.094000000000000000e+03
1.134000000000000000e+04
1.389600000000000000e+04
1.003100000000000000e+04
1.026800000000000000e+04
1.668100000000000000e+04
2.767700000000000000e+04
6.809900000000000000e+04
1.254700000000000000e+04
1.335800000000000000e+04
1.406200000000000000e+04
2.577400000000000000e+04
1.064100000000000000e+04
1.804400000000000000e+04
1.511900000000000000e+04
9.524000000000000000e+03
1.331500000000000000e+04
7.178000000000000000e+03
1.454100000000000000e+04
9.524000000000000000e+03
1.770200000000000000e+04
1.353600000000000000e+04
1.478400000000000000e+04
1.148700000000000000e+04
2.486000000000000000e+04
7.949000000000000000e+03
1.223000000000000000e+04
8.825000000000000000e+03
2.024500000000000000e+04
8.344000000000000000e+03
1.223500000000000000e+04
1.034500000000000000e+04
1.301100000000000000e+04
1.799900000000000000e+04
2.561200000000000000e+04
1.105600000000000000e+04
6.736000000000000000e+03
8.143000000000000000e+03
9.523000000000000000e+03
3.125000000000000000e+03
7.268000000000000000e+03
7.792000000000000000e+03
2.082600000000000000e+04
6.173000000000000000e+03
1.000800000000000000e+04
1.510200000000000000e+04
1.125300000000000000e+04
1.108800000000000000e+04
2.165700000000000000e+04
1.571900000000000000e+04
1.081500000000000000e+04
9.328000000000000000e+03
9.694000000000000000e+03
2.712300000000000000e+04
1.299200000000000000e+04
6.477000000000000000e+03
1.755800000000000000e+04
1.855600000000000000e+04
2.044400000000000000e+04
2.308100000000000000e+04
1.946400000000000000e+04
6.869000000000000000e+03
1.471500000000000000e+04
1.798600000000000000e+04
9.976000000000000000e+03
2.924600000000000000e+04
2.927900000000000000e+04
3.870900000000000000e+04
4.779700000000000000e+04
1.308700000000000000e+04
3.661300000000000000e+04
1.758300000000000000e+04
6.925000000000000000e+03
3.049500000000000000e+04
1.227100000000000000e+04
5.831000000000000000e+03
8.814000000000000000e+03
7.327000000000000000e+03
1.432000000000000000e+04
7.232000000000000000e+03
1.522700000000000000e+04
7.104000000000000000e+04
1.323300000000000000e+04
3.246000000000000000e+04
2.929700000000000000e+04
6.723000000000000000e+03
1.715500000000000000e+04
3.351300000000000000e+04
1.046500000000000000e+04
3.218700000000000000e+04
1.333600000000000000e+04
1.839000000000000000e+04
8.806000000000000000e+03
7.642000000000000000e+03
2.715500000000000000e+04
7.220000000000000000e+03
1.744100000000000000e+04
1.906500000000000000e+04
6.977000000000000000e+03
1.990100000000000000e+04
2.450100000000000000e+04
6.841000000000000000e+03
7.940000000000000000e+03
1.410900000000000000e+04
2.169100000000000000e+04
1.430300000000000000e+04
3.403500000000000000e+04
3.418600000000000000e+04
1.419000000000000000e+04
5.754000000000000000e+04
2.497400000000000000e+04
1.047900000000000000e+04
1.573700000000000000e+04
3.756500000000000000e+04
2.016200000000000000e+04
2.533100000000000000e+04
9.228000000000000000e+03
2.218500000000000000e+04
9.154000000000000000e+03
6.226800000000000000e+04
1.396400000000000000e+04
1.105300000000000000e+04
1.953800000000000000e+04
1.095300000000000000e+04
9.191000000000000000e+03
1.082200000000000000e+04
9.981000000000000000e+03
2.182300000000000000e+04
1.251100000000000000e+04
1.065200000000000000e+04
7.531000000000000000e+03
1.275400000000000000e+04
3.910000000000000000e+03
1.482600000000000000e+04
1.832200000000000000e+04
2.406400000000000000e+04
7.363000000000000000e+03
3.120200000000000000e+04
1.568800000000000000e+04
4.503100000000000000e+04
3.893000000000000000e+03
3.734600000000000000e+04
1.623400000000000000e+04
2.303100000000000000e+04
3.719300000000000000e+04
1.155400000000000000e+04
3.023200000000000000e+04
1.259000000000000000e+04
1.096900000000000000e+04
2.363700000000000000e+04
8.722000000000000000e+03
1.259400000000000000e+04
9.826000000000000000e+03
1.482300000000000000e+04
9.450000000000000000e+03
6.035200000000000000e+04
4.103000000000000000e+04
1.665800000000000000e+04
2.632000000000000000e+04
1.943200000000000000e+04
1.669300000000000000e+04
8.155000000000000000e+03
2.481300000000000000e+04
1.456100000000000000e+04
1.043400000000000000e+04
2.479200000000000000e+04
1.933900000000000000e+04
1.366900000000000000e+04
1.091100000000000000e+04
6.443000000000000000e+03
2.945000000000000000e+03
2.497400000000000000e+04
1.991900000000000000e+04
8.835000000000000000e+03
2.092300000000000000e+04
6.769000000000000000e+03
1.600200000000000000e+04
2.630700000000000000e+04
3.102200000000000000e+04
1.161300000000000000e+04
1.290400000000000000e+04
2.408900000000000000e+04
1.046400000000000000e+04
9.127000000000000000e+03
4.228300000000000000e+04
2.658400000000000000e+04
7.890000000000000000e+03
3.208300000000000000e+04
1.437700000000000000e+04
1.299400000000000000e+04
2.415200000000000000e+04
1.206600000000000000e+04
2.334200000000000000e+04
2.410100000000000000e+04
9.664000000000000000e+03
1.056300000000000000e+04
2.111500000000000000e+04
1.599700000000000000e+04
7.199800000000000000e+04
8.592000000000000000e+03
2.429800000000000000e+04
7.525000000000000000e+03
1.052500000000000000e+04
6.652000000000000000e+03
1.132200000000000000e+04
2.830100000000000000e+04
1.163100000000000000e+04
2.668200000000000000e+04
9.410000000000000000e+03
2.604500000000000000e+04
1.348700000000000000e+04
1.878700000000000000e+04
1.538000000000000000e+04
2.817300000000000000e+04
1.704100000000000000e+04
2.440300000000000000e+04
2.114500000000000000e+04
3.071900000000000000e+04
1.495200000000000000e+04
2.360400000000000000e+04
1.315800000000000000e+04
1.551900000000000000e+04
2.839700000000000000e+04
1.866300000000000000e+04
1.507800000000000000e+04
2.217800000000000000e+04
1.390000000000000000e+04
1.263700000000000000e+04
5.189600000000000000e+04
3.710400000000000000e+04
9.362000000000000000e+03
1.105900000000000000e+04
7.894000000000000000e+03
2.047000000000000000e+04
1.938700000000000000e+04
1.182800000000000000e+04
9.129000000000000000e+03
5.508000000000000000e+03
2.211100000000000000e+04
1.846500000000000000e+04
1.002700000000000000e+04
1.237900000000000000e+04
9.913000000000000000e+03
1.329500000000000000e+04
1.611700000000000000e+04
1.435900000000000000e+04
5.792000000000000000e+03
1.167400000000000000e+04
3.954800000000000000e+04
5.410900000000000000e+04
2.858500000000000000e+04
2.025000000000000000e+04
1.967000000000000000e+04
1.751400000000000000e+04
8.853000000000000000e+03
2.789400000000000000e+04
1.893300000000000000e+04
1.280800000000000000e+04
2.529800000000000000e+04
1.354700000000000000e+04
1.160000000000000000e+04
1.471700000000000000e+04
7.322000000000000000e+03
2.230800000000000000e+04
1.608500000000000000e+04
7.976000000000000000e+03
1.844300000000000000e+04
7.768000000000000000e+03
2.025000000000000000e+04
5.860000000000000000e+03
2.079000000000000000e+04
1.606100000000000000e+04
1.523400000000000000e+04
1.395300000000000000e+04
1.750900000000000000e+04
3.491900000000000000e+04
1.085300000000000000e+04
7.053000000000000000e+03
1.657600000000000000e+04
4.039000000000000000e+03
1.256100000000000000e+04
2.956300000000000000e+04
2.125100000000000000e+04
2.503300000000000000e+04
2.887700000000000000e+04
2.842700000000000000e+04
1.047300000000000000e+04
1.193500000000000000e+04
2.259100000000000000e+04
8.452000000000000000e+03
2.614400000000000000e+04
1.150300000000000000e+04
8.655000000000000000e+03
2.451000000000000000e+04
1.789100000000000000e+04
7.870000000000000000e+03
1.666100000000000000e+04
2.639400000000000000e+04
1.559000000000000000e+04
6.701000000000000000e+03
1.921700000000000000e+04
1.393700000000000000e+04
9.135000000000000000e+03
1.694800000000000000e+04
1.082400000000000000e+04
5.352200000000000000e+04
9.870000000000000000e+03
2.105700000000000000e+04
3.103900000000000000e+04
2.167900000000000000e+04
3.053500000000000000e+04
1.251300000000000000e+04
1.696200000000000000e+04
2.255100000000000000e+04
4.132500000000000000e+04
1.484700000000000000e+04
7.507000000000000000e+03
2.228800000000000000e+04
1.173000000000000000e+04
1.816900000000000000e+04
1.144000000000000000e+04
4.716800000000000000e+04
1.539600000000000000e+04
1.623200000000000000e+04
1.454100000000000000e+04
1.300700000000000000e+04
2.585400000000000000e+04
1.616600000000000000e+04
1.787800000000000000e+04
7.986000000000000000e+03
1.290800000000000000e+04
7.514000000000000000e+03
2.966000000000000000e+04
7.743000000000000000e+03
2.511100000000000000e+04
5.433800000000000000e+04
8.391000000000000000e+03
1.115900000000000000e+04
1.535900000000000000e+04
1.028500000000000000e+04
4.789500000000000000e+04
2.410300000000000000e+04
5.049100000000000000e+04
9.309000000000000000e+03
8.844000000000000000e+03
3.918300000000000000e+04
1.084600000000000000e+04
1.481800000000000000e+04
1.067500000000000000e+04
1.925400000000000000e+04
1.348800000000000000e+04
1.864700000000000000e+04
1.301700000000000000e+04
1.078700000000000000e+04
7.897000000000000000e+03
8.308000000000000000e+03
1.666900000000000000e+04
2.773200000000000000e+04
5.552800000000000000e+04
1.296700000000000000e+04
1.539100000000000000e+04
1.619900000000000000e+04
4.975800000000000000e+04
2.121300000000000000e+04
1.261200000000000000e+04
1.266500000000000000e+04
2.394100000000000000e+04
1.845300000000000000e+04
1.491500000000000000e+04
1.897200000000000000e+04
1.353300000000000000e+04
6.208000000000000000e+03
6.019000000000000000e+03
9.931000000000000000e+03
3.199200000000000000e+04
1.627500000000000000e+04
9.520000000000000000e+03
1.677500000000000000e+04
1.325800000000000000e+04
1.792700000000000000e+04
2.780400000000000000e+04
2.792700000000000000e+04
9.072000000000000000e+03
7.272000000000000000e+03
7.997000000000000000e+03
1.720400000000000000e+04
8.374000000000000000e+03
2.854700000000000000e+04
1.225200000000000000e+04
5.807000000000000000e+03
1.425300000000000000e+04
6.203000000000000000e+03
1.935100000000000000e+04
1.365100000000000000e+04
1.799800000000000000e+04
1.830600000000000000e+04
1.021600000000000000e+04
5.228000000000000000e+03
1.872000000000000000e+04
9.679000000000000000e+03
2.171400000000000000e+04
2.319900000000000000e+04
1.500100000000000000e+04
1.361000000000000000e+04
3.852100000000000000e+04
2.061700000000000000e+04
9.818000000000000000e+03
1.726900000000000000e+04
2.618200000000000000e+04
2.320500000000000000e+04
2.424300000000000000e+04
1.266500000000000000e+04
1.554100000000000000e+04
1.973700000000000000e+04
1.901700000000000000e+04
7.192000000000000000e+03
5.972900000000000000e+04
1.017900000000000000e+04
2.040500000000000000e+04
3.736900000000000000e+04
2.114600000000000000e+04
4.154000000000000000e+03
1.575800000000000000e+04
3.969200000000000000e+04
1.295500000000000000e+04
1.141300000000000000e+04
1.976000000000000000e+04
1.115200000000000000e+04
1.611300000000000000e+04
8.055000000000000000e+03
1.522000000000000000e+04
1.780300000000000000e+04
1.753300000000000000e+04
1.594600000000000000e+04
1.309700000000000000e+04
2.373800000000000000e+04
5.187300000000000000e+04
2.463600000000000000e+04
7.611000000000000000e+03
6.811000000000000000e+03
3.279200000000000000e+04
8.340000000000000000e+03
2.802500000000000000e+04
3.462600000000000000e+04
1.528400000000000000e+04
2.719500000000000000e+04
8.247000000000000000e+03
9.230000000000000000e+03
2.596800000000000000e+04
7.229000000000000000e+03
1.321900000000000000e+04
1.700800000000000000e+04
2.417500000000000000e+04
1.539800000000000000e+04
1.289400000000000000e+04
1.867700000000000000e+04
2.241200000000000000e+04
1.245200000000000000e+04
8.513000000000000000e+03
1.335800000000000000e+04
2.662100000000000000e+04
7.480000000000000000e+03
2.931400000000000000e+04
8.492000000000000000e+03
6.479000000000000000e+03
1.960600000000000000e+04
2.032800000000000000e+04
1.313600000000000000e+04
1.129700000000000000e+04
6.442000000000000000e+03
5.712000000000000000e+03
3.128000000000000000e+04
3.095700000000000000e+04
2.215300000000000000e+04
8.828000000000000000e+03
8.667000000000000000e+03
9.696000000000000000e+03
3.658000000000000000e+03
4.916000000000000000e+03
1.437300000000000000e+04
1.546400000000000000e+04
2.415100000000000000e+04
2.143900000000000000e+04
1.388500000000000000e+04
5.747000000000000000e+03
7.503000000000000000e+03
1.247400000000000000e+04
2.397400000000000000e+04
1.252800000000000000e+04
4.731000000000000000e+03
8.709000000000000000e+03
8.842000000000000000e+03
1.654400000000000000e+04
1.453100000000000000e+04
1.849900000000000000e+04
3.920000000000000000e+03
1.789400000000000000e+04
1.294600000000000000e+04
1.024800000000000000e+04
9.452000000000000000e+03
8.937000000000000000e+03
6.413000000000000000e+03
3.442000000000000000e+03
1.817800000000000000e+04
6.313000000000000000e+03
1.711300000000000000e+04
1.255200000000000000e+04
1.437100000000000000e+04
1.255000000000000000e+04
3.004300000000000000e+04
2.465700000000000000e+04
3.899000000000000000e+04
5.290200000000000000e+04
1.262200000000000000e+04
1.334200000000000000e+04
2.329400000000000000e+04
1.714400000000000000e+04
1.253800000000000000e+04
6.253000000000000000e+03
3.710000000000000000e+04
2.723800000000000000e+04
7.939000000000000000e+03
1.869000000000000000e+04
1.741000000000000000e+04
1.469800000000000000e+04
1.671400000000000000e+04
1.193300000000000000e+04
1.885900000000000000e+04
2.268900000000000000e+04
9.885000000000000000e+03
1.759000000000000000e+04
7.780000000000000000e+03
3.275000000000000000e+04
6.419000000000000000e+03
7.615000000000000000e+03
2.075500000000000000e+04
3.512800000000000000e+04
1.369500000000000000e+04
5.645000000000000000e+03
1.304500000000000000e+04
1.494300000000000000e+04
3.742600000000000000e+04
2.699100000000000000e+04
2.432900000000000000e+04
1.266200000000000000e+04
2.355300000000000000e+04
2.724800000000000000e+04
1.107800000000000000e+04
1.696000000000000000e+04
1.552900000000000000e+04
1.175700000000000000e+04
9.168000000000000000e+03
9.625000000000000000e+03
9.829000000000000000e+03
1.059100000000000000e+04
1.465000000000000000e+04
7.173000000000000000e+03
1.670000000000000000e+04
9.482000000000000000e+03
9.968000000000000000e+03
2.225000000000000000e+04
2.861400000000000000e+04
2.490900000000000000e+04
6.283000000000000000e+03
8.082000000000000000e+03
2.015400000000000000e+04
8.930000000000000000e+03
1.438400000000000000e+04
1.182100000000000000e+04
6.941000000000000000e+03
7.609000000000000000e+03
1.594300000000000000e+04
9.573000000000000000e+03
6.752000000000000000e+03
2.606000000000000000e+04
2.188700000000000000e+04
1.384300000000000000e+04
1.160900000000000000e+04
1.978200000000000000e+04
1.036500000000000000e+04
4.709500000000000000e+04
1.448600000000000000e+04
8.044000000000000000e+03
5.597000000000000000e+03
9.668000000000000000e+03
1.371700000000000000e+04
1.054400000000000000e+04
1.410800000000000000e+04
2.150700000000000000e+04
5.059200000000000000e+04
7.757000000000000000e+03
1.329700000000000000e+04
2.069800000000000000e+04
9.948000000000000000e+03
1.385400000000000000e+04
3.817500000000000000e+04
9.796000000000000000e+03
8.175000000000000000e+03
1.251300000000000000e+04
1.061200000000000000e+04
1.730600000000000000e+04
8.012000000000000000e+03
1.434000000000000000e+04
2.198500000000000000e+04
3.840800000000000000e+04
4.198500000000000000e+04
2.997800000000000000e+04
1.883100000000000000e+04
3.940000000000000000e+04
1.464200000000000000e+04
2.058100000000000000e+04
8.144000000000000000e+03
1.036800000000000000e+04
1.334300000000000000e+04
2.321600000000000000e+04
1.070100000000000000e+04
6.978000000000000000e+03
2.797700000000000000e+04
9.250000000000000000e+03
8.106000000000000000e+03
1.403800000000000000e+04
8.129000000000000000e+03
1.054800000000000000e+04
1.687600000000000000e+04
2.813900000000000000e+04
6.066000000000000000e+03
3.834900000000000000e+04
2.512500000000000000e+04
3.008200000000000000e+04
9.283000000000000000e+03
1.433900000000000000e+04
9.756000000000000000e+03
1.515300000000000000e+04
7.931000000000000000e+03
1.979300000000000000e+04
2.381100000000000000e+04
7.949000000000000000e+03
5.645400000000000000e+04
1.070400000000000000e+04
1.021900000000000000e+04
1.881900000000000000e+04
1.045400000000000000e+04
1.336000000000000000e+04
1.025700000000000000e+04
1.121000000000000000e+04
1.459400000000000000e+04
1.226700000000000000e+04
1.745500000000000000e+04
3.644000000000000000e+04
3.398100000000000000e+04
2.180500000000000000e+04
2.264800000000000000e+04
1.650700000000000000e+04
1.931500000000000000e+04
9.645000000000000000e+03
5.370000000000000000e+03
2.961500000000000000e+04
2.239300000000000000e+04
1.096100000000000000e+04
4.527500000000000000e+04
1.510400000000000000e+04
1.015400000000000000e+04
1.419900000000000000e+04
3.704000000000000000e+04
2.762000000000000000e+04
1.864800000000000000e+04
1.083100000000000000e+04
1.496400000000000000e+04
4.360700000000000000e+04
3.597500000000000000e+04
5.550000000000000000e+03
1.407800000000000000e+04
1.287900000000000000e+04
1.852900000000000000e+04
5.615000000000000000e+03
1.076900000000000000e+04
3.864000000000000000e+03
9.192000000000000000e+03
1.282000000000000000e+04
2.911300000000000000e+04
2.208600000000000000e+04
5.969000000000000000e+03
1.668300000000000000e+04
1.760500000000000000e+04
1.007900000000000000e+04
9.101000000000000000e+03
3.862100000000000000e+04
1.081600000000000000e+04
1.946500000000000000e+04
2.455600000000000000e+04
1.070700000000000000e+04
1.663600000000000000e+04
1.762600000000000000e+04
1.312000000000000000e+04
1.707200000000000000e+04
1.369900000000000000e+04
2.042600000000000000e+04
1.318500000000000000e+04
7.314000000000000000e+03
1.057400000000000000e+04
1.337600000000000000e+04
8.519000000000000000e+03
1.203500000000000000e+04
1.402800000000000000e+04
2.035800000000000000e+04
8.739000000000000000e+03
2.203700000000000000e+04
1.377800000000000000e+04
2.407100000000000000e+04
1.202900000000000000e+04
1.383200000000000000e+04
2.322500000000000000e+04
4.641100000000000000e+04
3.125400000000000000e+04
6.906000000000000000e+03
1.428500000000000000e+04
9.665000000000000000e+03
7.237000000000000000e+03
2.182700000000000000e+04
1.682700000000000000e+04
3.135400000000000000e+04
2.493000000000000000e+04
1.233500000000000000e+04
1.158700000000000000e+04
2.293000000000000000e+04
2.328000000000000000e+04
3.419200000000000000e+04
2.445200000000000000e+04
7.146000000000000000e+03
3.683600000000000000e+04
4.054300000000000000e+04
