1.273400000000000000e+04
3.949000000000000000e+03
8.902000000000000000e+03
2.092100000000000000e+04
7.283000000000000000e+03
2.009400000000000000e+04
3.906000000000000000e+03
1.313000000000000000e+04
5.134000000000000000e+03
5.435000000000000000e+03
2.391800000000000000e+04
6.044000000000000000e+03
2.830000000000000000e+04
1.948400000000000000e+04
2.124000000000000000e+04
1.044400000000000000e+04
2.330900000000000000e+04
3.095000000000000000e+03
4.255000000000000000e+03
9.240000000000000000e+03
8.658000000000000000e+03
6.339000000000000000e+03
7.197000000000000000e+03
1.173200000000000000e+04
9.171000000000000000e+03
5.697000000000000000e+03
2.509400000000000000e+04
4.243200000000000000e+04
1.079400000000000000e+04
1.599700000000000000e+04
7.238000000000000000e+03
1.032000000000000000e+04
5.028000000000000000e+03
9.033000000000000000e+03
8.997000000000000000e+03
2.020200000000000000e+04
6.854000000000000000e+03
4.701000000000000000e+03
1.050200000000000000e+04
7.154000000000000000e+03
9.980000000000000000e+03
2.800000000000000000e+03
7.144000000000000000e+03
3.186300000000000000e+04
2.817800000000000000e+04
7.441000000000000000e+03
7.674000000000000000e+03
1.803200000000000000e+04
7.427000000000000000e+03
6.482000000000000000e+03
9.477000000000000000e+03
8.783000000000000000e+03
2.099800000000000000e+04
1.794300000000000000e+04
1.281000000000000000e+04
5.262000000000000000e+03
6.646000000000000000e+03
8.961000000000000000e+03
2.168200000000000000e+04
6.961000000000000000e+03
1.544300000000000000e+04
1.038900000000000000e+04
3.266500000000000000e+04
1.096500000000000000e+04
2.129200000000000000e+04
3.938000000000000000e+03
4.297000000000000000e+03
1.054500000000000000e+04
2.831700000000000000e+04
1.963500000000000000e+04
1.561400000000000000e+04
8.010000000000000000e+03
3.358000000000000000e+03
1.136500000000000000e+04
2.514700000000000000e+04
1.647700000000000000e+04
2.901000000000000000e+04
1.203100000000000000e+04
2.436100000000000000e+04
1.582700000000000000e+04
1.684400000000000000e+04
7.231000000000000000e+03
3.647000000000000000e+03
4.436000000000000000e+03
7.339000000000000000e+03
1.613000000000000000e+04
1.182800000000000000e+04
6.631000000000000000e+03
1.652100000000000000e+04
1.278600000000000000e+04
6.615000000000000000e+03
1.502200000000000000e+04
3.292000000000000000e+03
4.735000000000000000e+03
1.079500000000000000e+04
3.772100000000000000e+04
1.064800000000000000e+04
8.647000000000000000e+03
1.651000000000000000e+03
7.731000000000000000e+03
1.115000000000000000e+04
7.728000000000000000e+03
6.416000000000000000e+03
1.043600000000000000e+04
1.352600000000000000e+04
1.910100000000000000e+04
1.912200000000000000e+04
8.242000000000000000e+03
1.527800000000000000e+04
7.443000000000000000e+03
2.081400000000000000e+04
1.958200000000000000e+04
1.807500000000000000e+04
1.371400000000000000e+04
5.193000000000000000e+03
9.617000000000000000e+03
3.141800000000000000e+04
9.871000000000000000e+03
1.321100000000000000e+04
7.599000000000000000e+03
4.165000000000000000e+03
4.110000000000000000e+03
1.303300000000000000e+04
1.205000000000000000e+04
1.559300000000000000e+04
1.918200000000000000e+04
3.266000000000000000e+03
2.292100000000000000e+04
1.293300000000000000e+04
7.563000000000000000e+03
2.805000000000000000e+03
7.649000000000000000e+03
8.067000000000000000e+03
7.156000000000000000e+03
2.492900000000000000e+04
1.113200000000000000e+04
9.281000000000000000e+03
5.577000000000000000e+03
1.020500000000000000e+04
8.131000000000000000e+03
3.081000000000000000e+03
9.460000000000000000e+03
7.275000000000000000e+03
7.786000000000000000e+03
4.487000000000000000e+03
6.420000000000000000e+03
1.514500000000000000e+04
1.552300000000000000e+04
9.968000000000000000e+03
4.847000000000000000e+03
2.685900000000000000e+04
1.525800000000000000e+04
4.378000000000000000e+03
1.973100000000000000e+04
4.880000000000000000e+03
1.007900000000000000e+04
4.592000000000000000e+03
1.700700000000000000e+04
2.718800000000000000e+04
5.671000000000000000e+03
5.089000000000000000e+03
1.021100000000000000e+04
6.360000000000000000e+03
3.589400000000000000e+04
8.181000000000000000e+03
1.318400000000000000e+04
4.790000000000000000e+03
4.304000000000000000e+03
1.870600000000000000e+04
1.581000000000000000e+04
2.191600000000000000e+04
4.814000000000000000e+03
1.022000000000000000e+04
1.499200000000000000e+04
8.880000000000000000e+03
1.593300000000000000e+04
5.108000000000000000e+03
2.023100000000000000e+04
1.188600000000000000e+04
2.102600000000000000e+04
1.317700000000000000e+04
1.987600000000000000e+04
2.803700000000000000e+04
2.024800000000000000e+04
9.541000000000000000e+03
9.983000000000000000e+03
1.324100000000000000e+04
4.113000000000000000e+03
1.480100000000000000e+04
5.337000000000000000e+03
2.385800000000000000e+04
1.053900000000000000e+04
1.035600000000000000e+04
1.195500000000000000e+04
1.675300000000000000e+04
7.393000000000000000e+03
9.279000000000000000e+03
6.853000000000000000e+03
1.897800000000000000e+04
1.739500000000000000e+04
6.734000000000000000e+03
2.711200000000000000e+04
1.047100000000000000e+04
4.406000000000000000e+03
3.222700000000000000e+04
1.310400000000000000e+04
5.702000000000000000e+03
5.904000000000000000e+03
1.458300000000000000e+04
5.911000000000000000e+03
6.051000000000000000e+03
8.303000000000000000e+03
7.184000000000000000e+03
5.636000000000000000e+03
1.218100000000000000e+04
1.293900000000000000e+04
1.258500000000000000e+04
5.391000000000000000e+03
6.818000000000000000e+03
3.166000000000000000e+03
1.096200000000000000e+04
1.228900000000000000e+04
7.525000000000000000e+03
6.192000000000000000e+03
1.303900000000000000e+04
1.493600000000000000e+04
1.692100000000000000e+04
1.264900000000000000e+04
1.600500000000000000e+04
3.490800000000000000e+04
5.217000000000000000e+03
1.077800000000000000e+04
1.078000000000000000e+04
7.171000000000000000e+03
2.124700000000000000e+04
7.612000000000000000e+03
1.187500000000000000e+04
2.471000000000000000e+03
1.115700000000000000e+04
9.798000000000000000e+03
1.960200000000000000e+04
6.859000000000000000e+03
7.681000000000000000e+03
1.348800000000000000e+04
1.991200000000000000e+04
7.994000000000000000e+03
1.724300000000000000e+04
3.923000000000000000e+03
2.306700000000000000e+04
2.383500000000000000e+04
1.772100000000000000e+04
1.065300000000000000e+04
2.304100000000000000e+04
1.186600000000000000e+04
5.513000000000000000e+03
6.908000000000000000e+03
1.640000000000000000e+04
9.655000000000000000e+03
1.293500000000000000e+04
1.406200000000000000e+04
7.002000000000000000e+03
2.999000000000000000e+04
1.214600000000000000e+04
2.460200000000000000e+04
6.666000000000000000e+03
9.919000000000000000e+03
9.156000000000000000e+03
1.284200000000000000e+04
8.058000000000000000e+03
1.368700000000000000e+04
2.890000000000000000e+03
4.208000000000000000e+03
1.755300000000000000e+04
1.651400000000000000e+04
1.940500000000000000e+04
1.113400000000000000e+04
6.805000000000000000e+03
6.874000000000000000e+03
9.998000000000000000e+03
6.864000000000000000e+03
1.049700000000000000e+04
7.374000000000000000e+03
3.292000000000000000e+03
2.215800000000000000e+04
2.017300000000000000e+04
6.960000000000000000e+03
6.890000000000000000e+03
4.237000000000000000e+03
6.692000000000000000e+03
2.122500000000000000e+04
1.192600000000000000e+04
4.497000000000000000e+03
1.988700000000000000e+04
3.603000000000000000e+03
6.015000000000000000e+03
1.052800000000000000e+04
6.185000000000000000e+03
8.536000000000000000e+03
8.946000000000000000e+03
1.135000000000000000e+04
1.656500000000000000e+04
7.611000000000000000e+03
7.419000000000000000e+03
1.136100000000000000e+04
1.076000000000000000e+04
1.014300000000000000e+04
3.276000000000000000e+03
5.777000000000000000e+03
8.094000000000000000e+03
4.690000000000000000e+03
5.990000000000000000e+03
1.058100000000000000e+04
1.758200000000000000e+04
7.497000000000000000e+03
7.328000000000000000e+03
7.097000000000000000e+03
1.374400000000000000e+04
4.776000000000000000e+03
1.619200000000000000e+04
1.995100000000000000e+04
1.002900000000000000e+04
1.986300000000000000e+04
1.252900000000000000e+04
1.052600000000000000e+04
1.395000000000000000e+04
1.142700000000000000e+04
2.588800000000000000e+04
1.157500000000000000e+04
1.186500000000000000e+04
1.716100000000000000e+04
3.415000000000000000e+03
9.782000000000000000e+03
8.314000000000000000e+03
1.065600000000000000e+04
2.438000000000000000e+04
1.115000000000000000e+04
2.088000000000000000e+04
1.055700000000000000e+04
6.757000000000000000e+03
2.960300000000000000e+04
1.326700000000000000e+04
1.093200000000000000e+04
8.150000000000000000e+03
1.772700000000000000e+04
5.514000000000000000e+03
1.531300000000000000e+04
9.051000000000000000e+03
1.263900000000000000e+04
6.862000000000000000e+03
1.033500000000000000e+04
8.071000000000000000e+03
1.420400000000000000e+04
5.132000000000000000e+03
6.595000000000000000e+03
4.386900000000000000e+04
8.792000000000000000e+03
2.080700000000000000e+04
5.252200000000000000e+04
1.221200000000000000e+04
1.780100000000000000e+04
8.776000000000000000e+03
6.162000000000000000e+03
5.991000000000000000e+03
9.766000000000000000e+03
8.760000000000000000e+03
1.232600000000000000e+04
1.079300000000000000e+04
3.300400000000000000e+04
5.196000000000000000e+03
6.617000000000000000e+03
7.291000000000000000e+03
5.186000000000000000e+03
2.084100000000000000e+04
8.222000000000000000e+03
8.635000000000000000e+03
3.498000000000000000e+03
7.099000000000000000e+03
8.005000000000000000e+04
2.941000000000000000e+03
9.075000000000000000e+03
8.633000000000000000e+03
6.922000000000000000e+03
3.121900000000000000e+04
8.484000000000000000e+03
9.342000000000000000e+03
1.576100000000000000e+04
2.960400000000000000e+04
1.336500000000000000e+04
3.588900000000000000e+04
6.681000000000000000e+03
1.774400000000000000e+04
5.868000000000000000e+03
2.244300000000000000e+04
4.298000000000000000e+03
5.336000000000000000e+03
1.560000000000000000e+04
8.202000000000000000e+03
4.372000000000000000e+03
6.999000000000000000e+03
1.869600000000000000e+04
1.263800000000000000e+04
9.309000000000000000e+03
9.571000000000000000e+03
2.338500000000000000e+04
1.006200000000000000e+04
5.576000000000000000e+03
8.385000000000000000e+03
5.621000000000000000e+03
7.382000000000000000e+03
2.012800000000000000e+04
2.722000000000000000e+03
4.960000000000000000e+03
3.567500000000000000e+04
6.948000000000000000e+03
6.102000000000000000e+03
6.783000000000000000e+03
4.954000000000000000e+03
1.107600000000000000e+04
9.514000000000000000e+03
3.725000000000000000e+03
1.772900000000000000e+04
5.078000000000000000e+03
8.514000000000000000e+03
6.854000000000000000e+03
5.903000000000000000e+03
1.123000000000000000e+04
8.682000000000000000e+03
6.230000000000000000e+03
2.558800000000000000e+04
1.861100000000000000e+04
9.549000000000000000e+03
1.134000000000000000e+04
6.078000000000000000e+03
6.241000000000000000e+03
1.202600000000000000e+04
4.545000000000000000e+03
8.472000000000000000e+03
1.308400000000000000e+04
7.797000000000000000e+03
4.741000000000000000e+03
7.464000000000000000e+03
2.114000000000000000e+04
1.136900000000000000e+04
1.352100000000000000e+04
5.846000000000000000e+03
9.892000000000000000e+03
2.723900000000000000e+04
8.303000000000000000e+03
1.426600000000000000e+04
2.472500000000000000e+04
2.979100000000000000e+04
2.430400000000000000e+04
1.404700000000000000e+04
1.249300000000000000e+04
9.166000000000000000e+03
1.077500000000000000e+04
1.012500000000000000e+04
9.585000000000000000e+03
4.353000000000000000e+03
1.201200000000000000e+04
1.969500000000000000e+04
1.019100000000000000e+04
1.352100000000000000e+04
5.806000000000000000e+03
2.996800000000000000e+04
1.347600000000000000e+04
1.092000000000000000e+04
5.424000000000000000e+03
1.331600000000000000e+04
8.007000000000000000e+03
1.094900000000000000e+04
6.411000000000000000e+03
7.898000000000000000e+03
2.056800000000000000e+04
9.870000000000000000e+03
3.634000000000000000e+03
1.428700000000000000e+04
1.196700000000000000e+04
6.245000000000000000e+03
7.957000000000000000e+03
1.466700000000000000e+04
2.656400000000000000e+04
6.189000000000000000e+03
1.365400000000000000e+04
1.075100000000000000e+04
1.045200000000000000e+04
6.987000000000000000e+03
1.591200000000000000e+04
6.437000000000000000e+03
4.968000000000000000e+03
1.376100000000000000e+04
1.070300000000000000e+04
7.396000000000000000e+03
8.782000000000000000e+03
4.758000000000000000e+03
1.569000000000000000e+04
2.345200000000000000e+04
1.158600000000000000e+04
1.452800000000000000e+04
8.119000000000000000e+03
3.457400000000000000e+04
2.058500000000000000e+04
6.029000000000000000e+03
6.166000000000000000e+03
4.926000000000000000e+03
7.041000000000000000e+03
7.856000000000000000e+03
8.674000000000000000e+03
2.807400000000000000e+04
4.813000000000000000e+03
8.260000000000000000e+03
1.094700000000000000e+04
1.062100000000000000e+04
1.405000000000000000e+04
5.906000000000000000e+03
3.871100000000000000e+04
1.148100000000000000e+04
9.280000000000000000e+03
4.831000000000000000e+03
6.471000000000000000e+03
1.058200000000000000e+04
7.833000000000000000e+03
8.841000000000000000e+03
8.592000000000000000e+03
8.732000000000000000e+03
3.312100000000000000e+04
3.230000000000000000e+03
1.029100000000000000e+04
3.750000000000000000e+03
1.008900000000000000e+04
9.828000000000000000e+03
2.144400000000000000e+04
7.809000000000000000e+03
9.197000000000000000e+03
1.221700000000000000e+04
1.193100000000000000e+04
1.013000000000000000e+04
7.907000000000000000e+03
1.388700000000000000e+04
1.338100000000000000e+04
7.537000000000000000e+03
2.767000000000000000e+03
2.268100000000000000e+04
1.589300000000000000e+04
2.197900000000000000e+04
6.309000000000000000e+03
8.140000000000000000e+03
8.464000000000000000e+03
6.007000000000000000e+03
6.420000000000000000e+03
5.847000000000000000e+03
4.793000000000000000e+03
9.375000000000000000e+03
1.748200000000000000e+04
1.403900000000000000e+04
8.008000000000000000e+03
2.891000000000000000e+03
9.531000000000000000e+03
1.287500000000000000e+04
7.155000000000000000e+03
1.607100000000000000e+04
1.097400000000000000e+04
5.919000000000000000e+03
6.566000000000000000e+03
1.317900000000000000e+04
3.633000000000000000e+03
6.843000000000000000e+03
1.353000000000000000e+04
1.266900000000000000e+04
8.955000000000000000e+03
2.349000000000000000e+03
9.246000000000000000e+03
7.770000000000000000e+03
1.771200000000000000e+04
7.114000000000000000e+03
3.125100000000000000e+04
1.882700000000000000e+04
1.676100000000000000e+04
7.305000000000000000e+03
3.003000000000000000e+03
1.085700000000000000e+04
2.116400000000000000e+04
1.132900000000000000e+04
8.848000000000000000e+03
4.055000000000000000e+03
5.569000000000000000e+03
9.625000000000000000e+03
9.138000000000000000e+03
1.837200000000000000e+04
1.259400000000000000e+04
1.210500000000000000e+04
3.164000000000000000e+03
1.540300000000000000e+04
1.404300000000000000e+04
1.941100000000000000e+04
3.485000000000000000e+03
6.579000000000000000e+03
4.066000000000000000e+03
4.257000000000000000e+03
4.895000000000000000e+03
1.608200000000000000e+04
6.410000000000000000e+03
1.367400000000000000e+04
7.227000000000000000e+03
1.331200000000000000e+04
4.947000000000000000e+03
1.044500000000000000e+04
1.283800000000000000e+04
1.063500000000000000e+04
7.781000000000000000e+03
8.192000000000000000e+03
8.419000000000000000e+03
1.957900000000000000e+04
4.941000000000000000e+03
8.159000000000000000e+03
4.326000000000000000e+03
1.793600000000000000e+04
2.336000000000000000e+03
3.018000000000000000e+03
1.464000000000000000e+04
1.356700000000000000e+04
3.444000000000000000e+03
1.000500000000000000e+04
6.453000000000000000e+03
7.453000000000000000e+03
4.988000000000000000e+03
9.152000000000000000e+03
2.032500000000000000e+04
6.209000000000000000e+03
4.133200000000000000e+04
1.649100000000000000e+04
9.794000000000000000e+03
1.340800000000000000e+04
1.593800000000000000e+04
8.315000000000000000e+03
5.850000000000000000e+03
7.343000000000000000e+03
1.978600000000000000e+04
6.501000000000000000e+03
1.050600000000000000e+04
8.611000000000000000e+03
5.194000000000000000e+03
2.173700000000000000e+04
2.195100000000000000e+04
6.206000000000000000e+03
5.102000000000000000e+03
2.170400000000000000e+04
7.316000000000000000e+03
3.053100000000000000e+04
5.931000000000000000e+03
2.891000000000000000e+03
1.052100000000000000e+04
1.349400000000000000e+04
6.708000000000000000e+03
1.611800000000000000e+04
1.726800000000000000e+04
4.445900000000000000e+04
2.467000000000000000e+04
9.275000000000000000e+03
5.095000000000000000e+03
8.483000000000000000e+03
2.349300000000000000e+04
6.938000000000000000e+03
1.097000000000000000e+04
1.240800000000000000e+04
1.600800000000000000e+04
4.379000000000000000e+03
2.162500000000000000e+04
3.543000000000000000e+03
3.935300000000000000e+04
2.472300000000000000e+04
1.136000000000000000e+04
8.595000000000000000e+03
7.652000000000000000e+03
9.879000000000000000e+03
7.302000000000000000e+03
6.464000000000000000e+03
4.126000000000000000e+03
1.681200000000000000e+04
1.763700000000000000e+04
1.316500000000000000e+04
5.370000000000000000e+03
5.919000000000000000e+03
8.172000000000000000e+03
6.074000000000000000e+03
1.331100000000000000e+04
2.545000000000000000e+03
1.388500000000000000e+04
1.081600000000000000e+04
2.898400000000000000e+04
2.460400000000000000e+04
9.079000000000000000e+03
1.422000000000000000e+04
1.354300000000000000e+04
1.501500000000000000e+04
1.357000000000000000e+04
7.556000000000000000e+03
1.658200000000000000e+04
9.423000000000000000e+03
4.169000000000000000e+03
1.095900000000000000e+04
4.949000000000000000e+03
1.070800000000000000e+04
1.032600000000000000e+04
3.122000000000000000e+03
5.457000000000000000e+03
1.173700000000000000e+04
7.977000000000000000e+03
1.163200000000000000e+04
1.049100000000000000e+04
6.824000000000000000e+03
5.856000000000000000e+03
1.759700000000000000e+04
1.732400000000000000e+04
9.099000000000000000e+03
7.511000000000000000e+03
1.135500000000000000e+04
8.424000000000000000e+03
1.005000000000000000e+04
3.951000000000000000e+03
8.445000000000000000e+03
1.258200000000000000e+04
2.283600000000000000e+04
8.543000000000000000e+03
1.653100000000000000e+04
6.254000000000000000e+03
7.756000000000000000e+03
1.344600000000000000e+04
2.294100000000000000e+04
5.790000000000000000e+03
3.417000000000000000e+04
4.014000000000000000e+03
1.289700000000000000e+04
1.212800000000000000e+04
2.921000000000000000e+03
1.517100000000000000e+04
1.969500000000000000e+04
7.170000000000000000e+03
8.041000000000000000e+03
1.032500000000000000e+04
1.502800000000000000e+04
1.185800000000000000e+04
2.845200000000000000e+04
4.569000000000000000e+03
2.127000000000000000e+04
5.066000000000000000e+03
4.949000000000000000e+03
1.726400000000000000e+04
8.563000000000000000e+03
4.729000000000000000e+03
4.628000000000000000e+03
3.967600000000000000e+04
9.500000000000000000e+03
8.685000000000000000e+03
8.605000000000000000e+03
4.054000000000000000e+03
8.748000000000000000e+03
1.683100000000000000e+04
1.391700000000000000e+04
4.645000000000000000e+03
6.625000000000000000e+03
8.758000000000000000e+03
1.029800000000000000e+04
1.536800000000000000e+04
7.623000000000000000e+03
1.200200000000000000e+04
6.533000000000000000e+03
1.518500000000000000e+04
1.001500000000000000e+04
1.212400000000000000e+04
3.952000000000000000e+03
1.010300000000000000e+04
1.417600000000000000e+04
8.111000000000000000e+03
1.032500000000000000e+04
1.858200000000000000e+04
1.833300000000000000e+04
7.202000000000000000e+03
1.273400000000000000e+04
3.916000000000000000e+03
4.141000000000000000e+03
9.950000000000000000e+03
2.652700000000000000e+04
1.995600000000000000e+04
4.475000000000000000e+03
5.738000000000000000e+03
1.919900000000000000e+04
7.898000000000000000e+03
9.705000000000000000e+03
6.175000000000000000e+03
7.734000000000000000e+03
1.007200000000000000e+04
3.491000000000000000e+03
7.872000000000000000e+03
6.996000000000000000e+03
4.140200000000000000e+04
3.042900000000000000e+04
6.142000000000000000e+03
2.438000000000000000e+04
3.630000000000000000e+03
5.097600000000000000e+04
9.358000000000000000e+03
2.165300000000000000e+04
3.948800000000000000e+04
6.897000000000000000e+03
4.842300000000000000e+04
6.513000000000000000e+03
4.790000000000000000e+03
1.612000000000000000e+04
1.217300000000000000e+04
1.389800000000000000e+04
1.878600000000000000e+04
1.871500000000000000e+04
5.754000000000000000e+03
1.463900000000000000e+04
3.934600000000000000e+04
2.181800000000000000e+04
1.144700000000000000e+04
2.304300000000000000e+04
1.749400000000000000e+04
9.548000000000000000e+03
2.456300000000000000e+04
1.104300000000000000e+04
8.091000000000000000e+03
4.504000000000000000e+03
7.651000000000000000e+03
7.882000000000000000e+03
1.251200000000000000e+04
4.284000000000000000e+03
4.861000000000000000e+03
1.359900000000000000e+04
1.257700000000000000e+04
2.255400000000000000e+04
2.186000000000000000e+03
1.314700000000000000e+04
5.962000000000000000e+03
1.206100000000000000e+04
1.374400000000000000e+04
3.224000000000000000e+03
2.672100000000000000e+04
1.208400000000000000e+04
1.480400000000000000e+04
7.416000000000000000e+03
6.964000000000000000e+03
1.337300000000000000e+04
1.131000000000000000e+04
3.086100000000000000e+04
6.390000000000000000e+03
1.363100000000000000e+04
1.259700000000000000e+04
2.802000000000000000e+03
1.593200000000000000e+04
1.119800000000000000e+04
8.248000000000000000e+03
1.319500000000000000e+04
5.615000000000000000e+03
1.401700000000000000e+04
1.174100000000000000e+04
7.339000000000000000e+03
3.616000000000000000e+03
3.674100000000000000e+04
1.846800000000000000e+04
1.586500000000000000e+04
1.272300000000000000e+04
1.896000000000000000e+04
7.563000000000000000e+03
9.944000000000000000e+03
1.011500000000000000e+04
6.573000000000000000e+03
7.293000000000000000e+03
1.202800000000000000e+04
7.201000000000000000e+03
8.134000000000000000e+03
7.051000000000000000e+03
4.592000000000000000e+03
1.316900000000000000e+04
1.086300000000000000e+04
3.831000000000000000e+03
1.158200000000000000e+04
7.054000000000000000e+03
1.075600000000000000e+04
7.007000000000000000e+03
4.569000000000000000e+03
1.466500000000000000e+04
8.098000000000000000e+03
1.120400000000000000e+04
6.699000000000000000e+03
1.581000000000000000e+04
1.108000000000000000e+04
5.224000000000000000e+03
5.867000000000000000e+03
8.919000000000000000e+03
7.738000000000000000e+03
1.589600000000000000e+04
9.218000000000000000e+03
3.180800000000000000e+04
1.116100000000000000e+04
1.251300000000000000e+04
7.737000000000000000e+03
1.070500000000000000e+04
1.635900000000000000e+04
1.371100000000000000e+04
9.578000000000000000e+03
3.091000000000000000e+04
5.933000000000000000e+03
1.990700000000000000e+04
6.965000000000000000e+03
1.416700000000000000e+04
2.205000000000000000e+03
1.219300000000000000e+04
1.194800000000000000e+04
1.344200000000000000e+04
4.030000000000000000e+03
4.034000000000000000e+03
8.960000000000000000e+03
7.648000000000000000e+03
1.695600000000000000e+04
4.211000000000000000e+03
1.944000000000000000e+03
1.922800000000000000e+04
1.455800000000000000e+04
7.558000000000000000e+03
1.084300000000000000e+04
1.007400000000000000e+04
1.001600000000000000e+04
6.701000000000000000e+03
3.891600000000000000e+04
1.629900000000000000e+04
2.941100000000000000e+04
5.347000000000000000e+03
4.682000000000000000e+03
2.062700000000000000e+04
5.474000000000000000e+03
6.257000000000000000e+03
1.750000000000000000e+04
8.760000000000000000e+03
9.581000000000000000e+03
9.703000000000000000e+03
2.415400000000000000e+04
3.786700000000000000e+04
1.160100000000000000e+04
7.934000000000000000e+03
6.986000000000000000e+03
1.268800000000000000e+04
5.655000000000000000e+03
9.959000000000000000e+03
1.349000000000000000e+04
1.521700000000000000e+04
1.850200000000000000e+04
3.871000000000000000e+03
8.224000000000000000e+03
2.054100000000000000e+04
4.091000000000000000e+03
1.060400000000000000e+04
9.095000000000000000e+03
1.689000000000000000e+04
1.491600000000000000e+04
9.010000000000000000e+03
1.218600000000000000e+04
8.154000000000000000e+03
8.257000000000000000e+03
9.278000000000000000e+03
1.375600000000000000e+04
9.147000000000000000e+03
6.907000000000000000e+03
1.274300000000000000e+04
1.509200000000000000e+04
1.403600000000000000e+04
1.831100000000000000e+04
1.495500000000000000e+04
6.582000000000000000e+03
9.373000000000000000e+03
1.320600000000000000e+04
8.975000000000000000e+03
3.025200000000000000e+04
4.273000000000000000e+03
1.398500000000000000e+04
6.046000000000000000e+03
4.212000000000000000e+03
1.385700000000000000e+04
2.405300000000000000e+04
2.191200000000000000e+04
6.059000000000000000e+03
8.942000000000000000e+03
7.576000000000000000e+03
7.710000000000000000e+03
1.863200000000000000e+04
1.745300000000000000e+04
8.413000000000000000e+03
4.012000000000000000e+03
6.593000000000000000e+03
5.168000000000000000e+03
1.222300000000000000e+04
4.268000000000000000e+03
1.171600000000000000e+04
6.067000000000000000e+03
3.917000000000000000e+03
8.486000000000000000e+03
2.795800000000000000e+04
6.154000000000000000e+03
