9.114000000000000000e+03
1.264000000000000000e+04
3.105600000000000000e+04
3.496000000000000000e+03
7.419000000000000000e+03
1.543100000000000000e+04
3.837000000000000000e+03
9.587000000000000000e+03
4.419000000000000000e+03
3.762000000000000000e+03
8.585000000000000000e+03
3.385000000000000000e+03
9.922000000000000000e+03
9.029000000000000000e+03
5.422000000000000000e+03
6.516000000000000000e+03
5.579000000000000000e+03
4.079000000000000000e+03
4.181000000000000000e+03
7.590000000000000000e+03
3.385000000000000000e+03
1.192800000000000000e+04
5.598000000000000000e+03
5.060000000000000000e+03
7.166000000000000000e+03
3.055700000000000000e+04
2.512000000000000000e+03
4.893000000000000000e+03
5.220000000000000000e+03
1.159700000000000000e+04
1.225200000000000000e+04
3.062000000000000000e+03
1.631400000000000000e+04
2.631000000000000000e+03
1.076300000000000000e+04
3.825000000000000000e+03
3.526000000000000000e+03
1.390100000000000000e+04
5.949000000000000000e+03
3.863000000000000000e+03
5.101000000000000000e+03
1.478600000000000000e+04
5.060000000000000000e+03
5.718000000000000000e+03
9.910000000000000000e+03
7.100000000000000000e+03
5.529000000000000000e+03
3.143000000000000000e+03
9.428000000000000000e+03
8.107000000000000000e+03
4.803000000000000000e+03
3.598000000000000000e+03
4.489000000000000000e+03
8.417000000000000000e+03
7.639000000000000000e+03
6.680000000000000000e+03
3.694000000000000000e+03
4.799000000000000000e+03
3.660000000000000000e+03
7.473000000000000000e+03
9.449000000000000000e+03
3.611000000000000000e+03
4.929000000000000000e+03
1.271300000000000000e+04
1.712000000000000000e+04
1.890700000000000000e+04
5.207000000000000000e+03
8.035000000000000000e+03
7.472000000000000000e+03
1.105600000000000000e+04
7.885000000000000000e+03
7.644000000000000000e+03
1.170700000000000000e+04
6.756000000000000000e+03
6.832000000000000000e+03
4.093000000000000000e+03
5.840000000000000000e+03
5.037000000000000000e+03
1.415800000000000000e+04
7.342000000000000000e+03
2.992000000000000000e+03
4.156000000000000000e+03
5.514000000000000000e+03
3.321000000000000000e+03
7.439000000000000000e+03
1.129900000000000000e+04
9.345000000000000000e+03
1.447200000000000000e+04
8.784000000000000000e+03
1.868400000000000000e+04
2.559000000000000000e+03
3.215000000000000000e+03
1.059600000000000000e+04
1.034600000000000000e+04
8.982000000000000000e+03
3.910000000000000000e+03
6.877000000000000000e+03
1.244600000000000000e+04
3.108000000000000000e+03
7.628000000000000000e+03
7.042000000000000000e+03
5.435000000000000000e+03
5.262000000000000000e+03
1.304400000000000000e+04
3.337000000000000000e+03
1.187800000000000000e+04
1.158600000000000000e+04
2.324000000000000000e+03
2.512000000000000000e+03
5.555000000000000000e+03
5.244000000000000000e+03
8.625000000000000000e+03
4.177000000000000000e+03
9.678000000000000000e+03
4.311000000000000000e+03
4.351000000000000000e+03
6.426000000000000000e+03
2.067000000000000000e+03
7.681000000000000000e+03
4.102000000000000000e+03
5.952000000000000000e+03
4.743000000000000000e+03
7.370000000000000000e+03
3.169000000000000000e+03
8.484000000000000000e+03
4.609000000000000000e+03
1.039300000000000000e+04
9.776000000000000000e+03
1.426100000000000000e+04
2.204100000000000000e+04
8.467000000000000000e+03
9.778000000000000000e+03
1.037900000000000000e+04
4.386000000000000000e+03
4.862000000000000000e+03
4.412000000000000000e+03
5.253000000000000000e+03
1.239400000000000000e+04
1.052800000000000000e+04
1.583400000000000000e+04
1.169100000000000000e+04
5.046000000000000000e+03
6.439000000000000000e+03
1.686300000000000000e+04
1.270100000000000000e+04
4.374000000000000000e+03
5.231000000000000000e+03
3.890000000000000000e+03
2.706000000000000000e+03
5.147000000000000000e+03
2.547000000000000000e+03
2.234100000000000000e+04
5.032000000000000000e+03
1.254800000000000000e+04
3.589400000000000000e+04
8.436000000000000000e+03
4.132000000000000000e+03
4.534000000000000000e+03
6.855000000000000000e+03
5.997000000000000000e+03
6.487000000000000000e+03
9.805000000000000000e+03
7.512000000000000000e+03
1.018300000000000000e+04
1.796600000000000000e+04
1.040300000000000000e+04
1.788100000000000000e+04
4.152000000000000000e+03
5.266000000000000000e+03
3.183000000000000000e+03
1.561300000000000000e+04
3.360000000000000000e+03
2.624000000000000000e+03
7.512000000000000000e+03
5.262000000000000000e+03
1.635900000000000000e+04
6.313000000000000000e+03
3.253000000000000000e+03
4.493000000000000000e+03
6.937000000000000000e+03
5.021000000000000000e+03
1.559000000000000000e+04
3.372000000000000000e+03
6.812000000000000000e+03
4.497000000000000000e+03
1.390100000000000000e+04
7.798000000000000000e+03
2.952000000000000000e+03
7.068000000000000000e+03
3.345000000000000000e+03
8.599000000000000000e+03
8.869000000000000000e+03
5.051000000000000000e+03
1.135100000000000000e+04
4.378000000000000000e+03
1.328000000000000000e+04
1.278500000000000000e+04
1.041200000000000000e+04
1.526900000000000000e+04
8.011000000000000000e+03
3.725000000000000000e+03
9.852000000000000000e+03
2.265000000000000000e+03
6.287000000000000000e+03
1.005900000000000000e+04
9.839000000000000000e+03
1.034500000000000000e+04
4.530000000000000000e+03
9.095000000000000000e+03
1.760800000000000000e+04
2.370000000000000000e+04
8.718000000000000000e+03
1.662300000000000000e+04
9.207000000000000000e+03
4.405000000000000000e+03
5.749000000000000000e+03
8.622000000000000000e+03
2.227000000000000000e+03
8.412000000000000000e+03
5.719000000000000000e+03
5.361000000000000000e+03
8.806000000000000000e+03
8.117000000000000000e+03
8.990000000000000000e+03
7.445000000000000000e+03
9.745000000000000000e+03
1.960000000000000000e+03
9.871000000000000000e+03
5.008000000000000000e+03
5.650000000000000000e+03
1.154100000000000000e+04
5.244000000000000000e+03
3.338000000000000000e+03
7.341000000000000000e+03
4.801000000000000000e+03
3.402000000000000000e+03
2.051400000000000000e+04
5.165000000000000000e+03
3.506000000000000000e+03
8.961000000000000000e+03
1.098500000000000000e+04
5.099000000000000000e+03
6.573000000000000000e+03
6.290000000000000000e+03
3.501000000000000000e+03
8.169000000000000000e+03
9.907000000000000000e+03
6.599000000000000000e+03
7.541000000000000000e+03
1.584800000000000000e+04
1.327900000000000000e+04
6.653000000000000000e+03
2.110200000000000000e+04
1.360900000000000000e+04
2.070500000000000000e+04
5.360000000000000000e+03
1.515200000000000000e+04
4.204000000000000000e+03
5.451000000000000000e+03
2.973000000000000000e+03
7.033000000000000000e+03
1.065100000000000000e+04
7.659000000000000000e+03
1.863100000000000000e+04
1.337000000000000000e+03
5.485000000000000000e+03
8.125000000000000000e+03
8.989000000000000000e+03
3.604000000000000000e+03
6.629000000000000000e+03
1.604800000000000000e+04
6.220000000000000000e+03
6.534000000000000000e+03
5.408000000000000000e+03
1.073100000000000000e+04
1.196400000000000000e+04
1.158800000000000000e+04
1.685600000000000000e+04
9.649000000000000000e+03
3.365000000000000000e+03
1.202100000000000000e+04
3.579000000000000000e+03
8.288000000000000000e+03
7.693000000000000000e+03
9.810000000000000000e+03
2.172000000000000000e+03
7.108000000000000000e+03
1.257700000000000000e+04
4.088000000000000000e+03
4.893000000000000000e+03
4.975000000000000000e+03
1.958900000000000000e+04
4.645000000000000000e+03
2.637600000000000000e+04
3.760000000000000000e+03
9.855000000000000000e+03
4.801000000000000000e+03
3.063000000000000000e+03
6.797000000000000000e+03
2.546000000000000000e+03
1.037700000000000000e+04
7.557000000000000000e+03
4.245000000000000000e+03
5.687000000000000000e+03
1.220100000000000000e+04
5.069000000000000000e+03
1.659000000000000000e+04
5.308000000000000000e+03
1.095000000000000000e+04
1.159400000000000000e+04
1.260800000000000000e+04
1.636000000000000000e+03
6.977000000000000000e+03
4.725000000000000000e+03
7.983000000000000000e+03
1.821300000000000000e+04
2.660000000000000000e+03
4.330000000000000000e+03
4.096000000000000000e+03
1.341800000000000000e+04
1.298700000000000000e+04
6.662000000000000000e+03
9.592000000000000000e+03
7.570000000000000000e+03
4.601000000000000000e+03
7.048000000000000000e+03
8.313000000000000000e+03
7.307000000000000000e+03
2.104900000000000000e+04
2.988000000000000000e+03
1.282900000000000000e+04
5.778000000000000000e+03
1.082200000000000000e+04
4.829000000000000000e+03
1.062100000000000000e+04
6.536000000000000000e+03
2.447000000000000000e+03
5.151000000000000000e+03
1.693000000000000000e+03
7.948000000000000000e+03
3.061000000000000000e+03
1.179400000000000000e+04
1.216200000000000000e+04
9.421000000000000000e+03
1.042400000000000000e+04
1.466000000000000000e+04
4.976000000000000000e+03
2.499000000000000000e+03
1.952200000000000000e+04
6.878000000000000000e+03
4.545000000000000000e+03
1.296200000000000000e+04
3.797000000000000000e+03
1.513400000000000000e+04
2.991000000000000000e+03
8.758000000000000000e+03
2.850000000000000000e+03
7.965000000000000000e+03
3.088000000000000000e+03
1.512700000000000000e+04
1.405400000000000000e+04
4.746000000000000000e+03
6.603000000000000000e+03
7.352000000000000000e+03
1.709800000000000000e+04
5.974000000000000000e+03
2.892000000000000000e+03
8.462000000000000000e+03
6.021000000000000000e+03
3.269000000000000000e+03
8.382000000000000000e+03
6.077000000000000000e+03
2.067700000000000000e+04
6.016000000000000000e+03
1.512100000000000000e+04
1.252700000000000000e+04
3.816000000000000000e+03
4.570000000000000000e+03
4.823000000000000000e+03
8.629000000000000000e+03
7.297000000000000000e+03
2.181000000000000000e+03
1.081300000000000000e+04
1.902800000000000000e+04
6.235000000000000000e+03
4.780000000000000000e+03
3.255000000000000000e+03
4.188000000000000000e+03
2.450000000000000000e+03
6.064000000000000000e+03
8.677000000000000000e+03
1.448000000000000000e+03
1.713000000000000000e+03
1.772400000000000000e+04
6.009000000000000000e+03
7.824000000000000000e+03
8.902000000000000000e+03
2.802000000000000000e+03
2.494000000000000000e+03
6.871000000000000000e+03
1.345900000000000000e+04
2.996000000000000000e+03
8.688000000000000000e+03
5.425000000000000000e+03
8.161000000000000000e+03
8.980000000000000000e+03
8.880000000000000000e+03
1.660600000000000000e+04
4.008000000000000000e+03
1.298400000000000000e+04
1.264200000000000000e+04
2.003800000000000000e+04
1.407900000000000000e+04
1.321900000000000000e+04
4.138000000000000000e+03
3.017000000000000000e+03
4.977000000000000000e+03
1.253400000000000000e+04
1.352000000000000000e+04
3.387000000000000000e+03
6.206000000000000000e+03
7.550000000000000000e+03
1.175400000000000000e+04
9.646000000000000000e+03
3.644000000000000000e+03
1.307800000000000000e+04
7.065000000000000000e+03
8.912000000000000000e+03
5.652000000000000000e+03
8.232000000000000000e+03
4.271000000000000000e+03
9.926000000000000000e+03
3.880000000000000000e+03
3.312000000000000000e+03
4.888000000000000000e+03
9.596000000000000000e+03
5.086000000000000000e+03
4.952000000000000000e+03
1.105800000000000000e+04
9.168000000000000000e+03
1.023700000000000000e+04
8.039000000000000000e+03
1.063800000000000000e+04
9.358000000000000000e+03
1.172700000000000000e+04
6.967000000000000000e+03
1.026000000000000000e+04
5.463000000000000000e+03
9.046000000000000000e+03
4.189000000000000000e+03
3.288000000000000000e+03
8.814000000000000000e+03
5.017000000000000000e+03
1.119000000000000000e+04
8.041000000000000000e+03
7.186000000000000000e+03
2.643400000000000000e+04
1.679700000000000000e+04
1.762500000000000000e+04
6.115000000000000000e+03
7.103000000000000000e+03
7.107000000000000000e+03
3.820000000000000000e+03
6.539000000000000000e+03
4.599000000000000000e+03
1.265000000000000000e+04
1.405100000000000000e+04
5.663000000000000000e+03
1.391900000000000000e+04
9.320000000000000000e+03
9.818000000000000000e+03
2.458300000000000000e+04
3.156000000000000000e+03
2.860000000000000000e+03
2.872000000000000000e+03
5.620000000000000000e+03
5.744000000000000000e+03
8.918000000000000000e+03
6.755000000000000000e+03
8.274000000000000000e+03
8.316000000000000000e+03
4.291000000000000000e+03
9.421000000000000000e+03
9.436000000000000000e+03
4.549000000000000000e+03
3.862000000000000000e+03
1.084700000000000000e+04
4.294000000000000000e+03
1.430500000000000000e+04
3.981000000000000000e+03
6.561000000000000000e+03
5.727000000000000000e+03
7.759000000000000000e+03
1.931000000000000000e+03
1.050800000000000000e+04
3.398000000000000000e+03
9.298000000000000000e+03
9.416000000000000000e+03
5.149000000000000000e+03
5.704000000000000000e+03
3.404000000000000000e+03
5.507000000000000000e+03
1.137500000000000000e+04
6.645000000000000000e+03
1.338300000000000000e+04
5.142000000000000000e+03
6.879000000000000000e+03
9.633000000000000000e+03
1.910700000000000000e+04
1.046100000000000000e+04
8.028000000000000000e+03
8.153000000000000000e+03
6.130000000000000000e+03
3.797000000000000000e+03
1.402400000000000000e+04
7.830000000000000000e+03
2.967000000000000000e+03
8.214000000000000000e+03
6.543000000000000000e+03
7.101000000000000000e+03
4.230000000000000000e+03
5.525000000000000000e+03
5.558000000000000000e+03
1.906000000000000000e+03
4.578000000000000000e+03
4.744000000000000000e+03
8.583000000000000000e+03
4.658000000000000000e+03
6.779000000000000000e+03
2.566000000000000000e+03
9.354000000000000000e+03
1.409000000000000000e+04
9.681000000000000000e+03
1.027700000000000000e+04
1.615600000000000000e+04
2.809000000000000000e+03
2.828000000000000000e+03
2.459400000000000000e+04
5.919000000000000000e+03
8.207000000000000000e+03
4.329000000000000000e+03
3.282000000000000000e+03
9.128000000000000000e+03
6.296000000000000000e+03
4.286000000000000000e+03
9.307000000000000000e+03
7.390000000000000000e+03
1.910300000000000000e+04
8.129000000000000000e+03
6.702000000000000000e+03
4.571000000000000000e+03
3.167000000000000000e+03
6.701000000000000000e+03
5.877000000000000000e+03
4.152000000000000000e+03
6.515000000000000000e+03
5.194000000000000000e+03
5.982000000000000000e+03
1.119700000000000000e+04
2.540300000000000000e+04
7.723000000000000000e+03
3.345000000000000000e+03
6.653000000000000000e+03
9.975000000000000000e+03
1.426200000000000000e+04
1.436700000000000000e+04
6.103000000000000000e+03
1.668500000000000000e+04
7.546000000000000000e+03
6.986000000000000000e+03
2.793000000000000000e+03
2.187000000000000000e+03
3.386000000000000000e+03
1.255600000000000000e+04
2.301700000000000000e+04
1.510900000000000000e+04
7.344000000000000000e+03
4.748000000000000000e+03
1.091800000000000000e+04
4.235000000000000000e+03
3.853000000000000000e+03
5.939000000000000000e+03
7.411000000000000000e+03
1.136600000000000000e+04
5.212000000000000000e+03
3.512000000000000000e+03
7.698000000000000000e+03
3.053000000000000000e+03
6.301000000000000000e+03
1.034500000000000000e+04
6.025000000000000000e+03
2.316900000000000000e+04
1.141800000000000000e+04
8.964000000000000000e+03
8.797000000000000000e+03
1.235700000000000000e+04
3.918000000000000000e+03
2.699000000000000000e+03
1.115700000000000000e+04
1.124000000000000000e+04
1.006400000000000000e+04
1.005700000000000000e+04
5.826000000000000000e+03
8.266000000000000000e+03
1.033300000000000000e+04
1.765600000000000000e+04
5.602000000000000000e+03
1.236700000000000000e+04
1.699700000000000000e+04
5.266000000000000000e+03
1.044100000000000000e+04
2.335000000000000000e+03
6.867000000000000000e+03
4.265000000000000000e+03
6.094000000000000000e+03
1.275700000000000000e+04
8.420000000000000000e+03
2.311300000000000000e+04
2.239500000000000000e+04
4.618000000000000000e+03
1.345900000000000000e+04
3.699000000000000000e+03
1.572400000000000000e+04
3.149000000000000000e+03
1.077900000000000000e+04
5.557000000000000000e+03
3.863000000000000000e+03
7.063000000000000000e+03
6.229000000000000000e+03
5.639000000000000000e+03
2.683000000000000000e+03
6.515000000000000000e+03
1.051700000000000000e+04
5.518000000000000000e+03
1.484800000000000000e+04
5.517000000000000000e+03
7.453000000000000000e+03
7.989000000000000000e+03
5.502000000000000000e+03
3.836000000000000000e+03
6.690000000000000000e+03
4.956000000000000000e+03
1.319800000000000000e+04
1.447500000000000000e+04
5.696000000000000000e+03
8.096000000000000000e+03
3.887000000000000000e+03
1.162500000000000000e+04
1.976400000000000000e+04
3.705000000000000000e+03
3.118000000000000000e+03
7.213000000000000000e+03
1.334600000000000000e+04
6.367000000000000000e+03
8.592000000000000000e+03
8.317000000000000000e+03
1.047400000000000000e+04
6.953000000000000000e+03
3.926000000000000000e+03
9.486000000000000000e+03
1.072100000000000000e+04
1.579100000000000000e+04
7.747000000000000000e+03
9.342000000000000000e+03
6.643000000000000000e+03
4.554000000000000000e+03
3.730000000000000000e+03
5.477000000000000000e+03
6.146000000000000000e+03
3.595000000000000000e+03
7.758000000000000000e+03
1.046900000000000000e+04
1.159000000000000000e+04
1.604400000000000000e+04
2.337000000000000000e+03
3.598000000000000000e+03
2.430000000000000000e+03
3.728000000000000000e+03
6.936000000000000000e+03
8.368000000000000000e+03
3.909000000000000000e+03
3.364000000000000000e+03
3.930000000000000000e+03
9.894000000000000000e+03
3.767000000000000000e+03
7.524000000000000000e+03
2.247000000000000000e+03
4.148000000000000000e+03
2.665000000000000000e+03
5.181000000000000000e+03
1.511400000000000000e+04
1.183600000000000000e+04
4.069000000000000000e+03
1.646700000000000000e+04
3.308000000000000000e+03
4.994000000000000000e+03
4.249000000000000000e+03
9.756000000000000000e+03
1.141300000000000000e+04
1.073400000000000000e+04
8.055000000000000000e+03
8.774000000000000000e+03
1.215400000000000000e+04
5.870000000000000000e+03
8.575000000000000000e+03
1.692400000000000000e+04
2.246000000000000000e+03
9.213000000000000000e+03
1.542400000000000000e+04
2.604000000000000000e+03
1.772300000000000000e+04
4.406000000000000000e+03
9.121000000000000000e+03
1.425400000000000000e+04
3.957000000000000000e+03
3.746000000000000000e+03
4.628000000000000000e+03
6.365000000000000000e+03
8.832000000000000000e+03
7.629000000000000000e+03
8.807000000000000000e+03
2.874000000000000000e+03
1.620200000000000000e+04
5.473000000000000000e+03
8.753000000000000000e+03
3.988000000000000000e+03
1.335600000000000000e+04
1.902200000000000000e+04
3.151000000000000000e+03
5.011000000000000000e+03
2.162000000000000000e+03
3.617000000000000000e+03
9.964000000000000000e+03
3.910000000000000000e+03
4.432000000000000000e+03
2.066000000000000000e+03
8.814000000000000000e+03
6.977000000000000000e+03
5.018000000000000000e+03
1.706100000000000000e+04
9.812000000000000000e+03
4.711000000000000000e+03
1.606400000000000000e+04
1.326200000000000000e+04
7.054000000000000000e+03
3.492000000000000000e+03
4.845000000000000000e+03
3.706000000000000000e+03
8.449000000000000000e+03
5.236000000000000000e+03
8.336000000000000000e+03
7.711000000000000000e+03
5.844000000000000000e+03
1.094000000000000000e+04
8.960000000000000000e+03
1.486100000000000000e+04
2.908000000000000000e+03
6.612000000000000000e+03
5.180000000000000000e+03
1.969000000000000000e+03
3.063000000000000000e+03
3.585000000000000000e+03
5.794000000000000000e+03
8.238000000000000000e+03
4.077000000000000000e+03
8.956000000000000000e+03
1.184400000000000000e+04
2.719000000000000000e+03
6.643000000000000000e+03
5.871000000000000000e+03
5.793000000000000000e+03
1.057800000000000000e+04
1.184000000000000000e+04
3.180000000000000000e+03
3.789000000000000000e+03
6.624000000000000000e+03
9.180000000000000000e+03
9.307000000000000000e+03
6.288000000000000000e+03
4.519000000000000000e+03
7.280000000000000000e+03
1.235500000000000000e+04
1.691400000000000000e+04
4.140000000000000000e+03
5.962000000000000000e+03
3.881000000000000000e+03
1.197300000000000000e+04
6.200000000000000000e+03
9.231000000000000000e+03
1.992300000000000000e+04
6.635000000000000000e+03
3.157000000000000000e+03
4.967000000000000000e+03
1.160800000000000000e+04
9.068000000000000000e+03
1.140900000000000000e+04
4.987000000000000000e+03
1.298500000000000000e+04
2.168000000000000000e+03
1.132500000000000000e+04
1.631600000000000000e+04
8.147000000000000000e+03
9.564000000000000000e+03
4.447000000000000000e+03
2.752000000000000000e+03
7.565000000000000000e+03
5.758000000000000000e+03
2.573000000000000000e+03
7.929000000000000000e+03
3.072000000000000000e+03
6.365000000000000000e+03
8.704000000000000000e+03
6.298000000000000000e+03
1.197800000000000000e+04
1.455300000000000000e+04
5.507000000000000000e+03
1.084700000000000000e+04
4.486000000000000000e+03
6.177000000000000000e+03
1.071800000000000000e+04
5.308000000000000000e+03
7.847000000000000000e+03
5.836000000000000000e+03
1.738000000000000000e+04
1.245200000000000000e+04
4.094000000000000000e+03
4.241000000000000000e+03
8.939000000000000000e+03
7.251000000000000000e+03
9.235000000000000000e+03
6.886000000000000000e+03
2.692000000000000000e+03
1.093700000000000000e+04
5.775000000000000000e+03
1.124200000000000000e+04
5.100000000000000000e+03
6.598000000000000000e+03
1.493800000000000000e+04
4.783000000000000000e+03
8.077000000000000000e+03
4.717000000000000000e+03
3.459000000000000000e+03
8.735000000000000000e+03
1.463500000000000000e+04
3.086000000000000000e+03
7.937000000000000000e+03
2.328500000000000000e+04
1.039200000000000000e+04
1.937700000000000000e+04
7.624000000000000000e+03
4.189000000000000000e+03
7.566000000000000000e+03
2.734000000000000000e+03
6.329000000000000000e+03
8.670000000000000000e+03
1.869000000000000000e+03
2.755000000000000000e+03
3.435000000000000000e+03
4.680000000000000000e+03
8.654000000000000000e+03
4.288000000000000000e+03
2.505000000000000000e+03
7.466000000000000000e+03
2.892000000000000000e+03
4.080000000000000000e+03
4.661000000000000000e+03
4.543000000000000000e+03
1.238300000000000000e+04
7.245000000000000000e+03
2.987000000000000000e+03
5.327000000000000000e+03
1.454900000000000000e+04
4.039000000000000000e+03
1.271900000000000000e+04
7.649000000000000000e+03
1.228100000000000000e+04
8.349000000000000000e+03
3.728000000000000000e+03
1.767100000000000000e+04
4.351000000000000000e+03
2.691000000000000000e+04
7.046000000000000000e+03
1.436500000000000000e+04
7.369000000000000000e+03
2.865000000000000000e+03
4.714000000000000000e+03
1.215800000000000000e+04
6.166000000000000000e+03
2.034500000000000000e+04
5.546000000000000000e+03
4.657000000000000000e+03
1.965000000000000000e+03
4.832000000000000000e+03
8.642000000000000000e+03
1.443300000000000000e+04
3.233000000000000000e+03
7.540000000000000000e+03
9.249000000000000000e+03
7.864000000000000000e+03
1.218700000000000000e+04
5.055000000000000000e+03
2.958000000000000000e+03
1.862300000000000000e+04
4.066000000000000000e+03
3.235000000000000000e+03
1.255700000000000000e+04
1.017100000000000000e+04
1.634700000000000000e+04
3.819000000000000000e+03
9.882000000000000000e+03
1.088800000000000000e+04
1.964500000000000000e+04
7.995000000000000000e+03
4.511000000000000000e+03
5.184000000000000000e+03
5.922000000000000000e+03
7.265000000000000000e+03
2.108000000000000000e+03
8.744000000000000000e+03
5.058000000000000000e+03
8.674000000000000000e+03
5.960000000000000000e+03
6.194000000000000000e+03
1.223100000000000000e+04
2.925000000000000000e+03
4.875000000000000000e+03
1.032900000000000000e+04
7.369000000000000000e+03
5.618000000000000000e+03
1.035400000000000000e+04
1.250300000000000000e+04
5.312000000000000000e+03
1.079100000000000000e+04
5.303000000000000000e+03
4.118000000000000000e+03
4.405000000000000000e+03
7.408000000000000000e+03
1.998600000000000000e+04
7.962000000000000000e+03
3.852000000000000000e+03
9.874000000000000000e+03
1.020600000000000000e+04
4.966000000000000000e+03
1.023800000000000000e+04
1.025500000000000000e+04
3.805000000000000000e+03
2.912000000000000000e+03
6.394000000000000000e+03
2.949000000000000000e+03
2.904000000000000000e+03
4.059000000000000000e+03
9.394000000000000000e+03
1.306800000000000000e+04
9.516000000000000000e+03
4.736000000000000000e+03
5.093000000000000000e+03
6.940000000000000000e+03
2.319500000000000000e+04
9.454000000000000000e+03
3.050000000000000000e+03
5.985000000000000000e+03
1.149600000000000000e+04
4.521000000000000000e+03
4.824000000000000000e+03
5.378000000000000000e+03
1.813000000000000000e+03
1.094000000000000000e+04
7.347000000000000000e+03
3.584000000000000000e+03
1.554300000000000000e+04
1.850600000000000000e+04
3.766000000000000000e+03
9.938000000000000000e+03
1.192900000000000000e+04
1.194900000000000000e+04
9.476000000000000000e+03
7.743000000000000000e+03
5.912000000000000000e+03
8.454000000000000000e+03
1.197300000000000000e+04
1.395000000000000000e+04
4.013000000000000000e+03
3.877000000000000000e+03
1.230200000000000000e+04
1.292400000000000000e+04
7.872000000000000000e+03
1.173000000000000000e+04
6.298000000000000000e+03
7.748000000000000000e+03
1.219400000000000000e+04
7.183000000000000000e+03
1.612800000000000000e+04
3.801000000000000000e+03
2.567000000000000000e+03
1.666000000000000000e+04
9.242000000000000000e+03
5.442000000000000000e+03
1.795500000000000000e+04
3.170000000000000000e+03
9.314000000000000000e+03
