6.127000000000000000e+03
1.315000000000000000e+04
3.181000000000000000e+03
1.229800000000000000e+04
1.263900000000000000e+04
8.747000000000000000e+03
5.954000000000000000e+03
6.621000000000000000e+03
1.270700000000000000e+04
2.157000000000000000e+03
6.595000000000000000e+03
6.548000000000000000e+03
7.021000000000000000e+03
3.385000000000000000e+03
9.110000000000000000e+03
1.765300000000000000e+04
4.287000000000000000e+03
1.344800000000000000e+04
3.554000000000000000e+03
1.304800000000000000e+04
9.511000000000000000e+03
6.647000000000000000e+03
9.249000000000000000e+03
3.573000000000000000e+03
7.254000000000000000e+03
1.015800000000000000e+04
3.984000000000000000e+03
8.908000000000000000e+03
4.022000000000000000e+03
4.300000000000000000e+03
4.617000000000000000e+03
7.239000000000000000e+03
1.915400000000000000e+04
4.401000000000000000e+03
1.284600000000000000e+04
5.367000000000000000e+03
6.728000000000000000e+03
9.338000000000000000e+03
3.751000000000000000e+03
3.839000000000000000e+03
9.848000000000000000e+03
5.122000000000000000e+03
9.252000000000000000e+03
7.433000000000000000e+03
3.589000000000000000e+03
5.203000000000000000e+03
1.305900000000000000e+04
1.484100000000000000e+04
2.163200000000000000e+04
1.307700000000000000e+04
5.669000000000000000e+03
7.666000000000000000e+03
1.857500000000000000e+04
3.376000000000000000e+03
2.618000000000000000e+03
5.015000000000000000e+03
6.479000000000000000e+03
1.145300000000000000e+04
6.526000000000000000e+03
6.253000000000000000e+03
3.161000000000000000e+03
3.786000000000000000e+03
3.752000000000000000e+03
3.731900000000000000e+04
6.756000000000000000e+03
7.272000000000000000e+03
5.653000000000000000e+03
4.189000000000000000e+03
7.521000000000000000e+03
6.490000000000000000e+03
3.544000000000000000e+03
3.553000000000000000e+03
4.136000000000000000e+03
1.810500000000000000e+04
5.786000000000000000e+03
1.361800000000000000e+04
4.719000000000000000e+03
1.871800000000000000e+04
2.152500000000000000e+04
1.777300000000000000e+04
2.837000000000000000e+03
1.350000000000000000e+04
1.958800000000000000e+04
9.423000000000000000e+03
4.872000000000000000e+03
1.673200000000000000e+04
6.277000000000000000e+03
8.493000000000000000e+03
5.045000000000000000e+03
1.935000000000000000e+03
5.973000000000000000e+03
4.880000000000000000e+03
1.642100000000000000e+04
7.037000000000000000e+03
5.986000000000000000e+03
9.042000000000000000e+03
7.328000000000000000e+03
9.268000000000000000e+03
6.594000000000000000e+03
9.305000000000000000e+03
3.610000000000000000e+03
8.213000000000000000e+03
1.386900000000000000e+04
8.866000000000000000e+03
5.641000000000000000e+03
8.274000000000000000e+03
1.640400000000000000e+04
4.819000000000000000e+03
4.961000000000000000e+03
6.413000000000000000e+03
4.281000000000000000e+03
2.800000000000000000e+03
2.536000000000000000e+03
1.360400000000000000e+04
4.810000000000000000e+03
7.463000000000000000e+03
6.023000000000000000e+03
3.480000000000000000e+03
1.536700000000000000e+04
5.305000000000000000e+03
1.706200000000000000e+04
3.349900000000000000e+04
4.575000000000000000e+03
2.466000000000000000e+03
3.623000000000000000e+03
6.938000000000000000e+03
5.472000000000000000e+03
1.525600000000000000e+04
5.575000000000000000e+03
2.229800000000000000e+04
3.694000000000000000e+03
1.003000000000000000e+04
8.165000000000000000e+03
9.788000000000000000e+03
5.422000000000000000e+03
7.868000000000000000e+03
1.187100000000000000e+04
2.362000000000000000e+03
1.249500000000000000e+04
6.531000000000000000e+03
6.114000000000000000e+03
1.214600000000000000e+04
6.754000000000000000e+03
9.068000000000000000e+03
7.539000000000000000e+03
6.955000000000000000e+03
1.901500000000000000e+04
1.999600000000000000e+04
1.166000000000000000e+04
5.842000000000000000e+03
8.938000000000000000e+03
1.106600000000000000e+04
6.519000000000000000e+03
9.573000000000000000e+03
1.106600000000000000e+04
3.886000000000000000e+03
5.086000000000000000e+03
1.110000000000000000e+04
2.986900000000000000e+04
6.787000000000000000e+03
1.019100000000000000e+04
6.747000000000000000e+03
1.554300000000000000e+04
6.596000000000000000e+03
6.950000000000000000e+03
3.974000000000000000e+03
1.223700000000000000e+04
8.567000000000000000e+03
3.236000000000000000e+03
3.289000000000000000e+03
1.022500000000000000e+04
8.067000000000000000e+03
1.878400000000000000e+04
6.028000000000000000e+03
9.787000000000000000e+03
5.026000000000000000e+03
1.100600000000000000e+04
1.085500000000000000e+04
4.698000000000000000e+03
3.930000000000000000e+03
9.061000000000000000e+03
1.347700000000000000e+04
7.271000000000000000e+03
5.049000000000000000e+03
6.329000000000000000e+03
2.422000000000000000e+03
2.764000000000000000e+03
1.371900000000000000e+04
1.530400000000000000e+04
7.564000000000000000e+03
1.316000000000000000e+04
2.227300000000000000e+04
8.287000000000000000e+03
4.339000000000000000e+03
6.004000000000000000e+03
1.111200000000000000e+04
7.969000000000000000e+03
6.415000000000000000e+03
7.073000000000000000e+03
5.584000000000000000e+03
2.504000000000000000e+03
2.748000000000000000e+03
6.857000000000000000e+03
6.917000000000000000e+03
1.790900000000000000e+04
5.266000000000000000e+03
2.246000000000000000e+03
7.821000000000000000e+03
9.886000000000000000e+03
8.552000000000000000e+03
5.082000000000000000e+03
3.923000000000000000e+03
4.676000000000000000e+03
6.774000000000000000e+03
1.017200000000000000e+04
1.264000000000000000e+04
1.632200000000000000e+04
1.083500000000000000e+04
2.050300000000000000e+04
1.597600000000000000e+04
9.188000000000000000e+03
8.583000000000000000e+03
1.426400000000000000e+04
1.057600000000000000e+04
2.093000000000000000e+03
6.805000000000000000e+03
4.185000000000000000e+03
1.149500000000000000e+04
7.934000000000000000e+03
5.251000000000000000e+03
1.778100000000000000e+04
6.604000000000000000e+03
1.220400000000000000e+04
3.443000000000000000e+03
7.158000000000000000e+03
2.664000000000000000e+03
1.063700000000000000e+04
5.476000000000000000e+03
6.868000000000000000e+03
3.938000000000000000e+03
4.720000000000000000e+03
1.820400000000000000e+04
7.342000000000000000e+03
8.254000000000000000e+03
4.213000000000000000e+03
7.362000000000000000e+03
2.576400000000000000e+04
5.475000000000000000e+03
1.748900000000000000e+04
3.523000000000000000e+03
6.187000000000000000e+03
5.356000000000000000e+03
1.267400000000000000e+04
1.743000000000000000e+03
9.703000000000000000e+03
1.200800000000000000e+04
1.192300000000000000e+04
1.180700000000000000e+04
7.961000000000000000e+03
2.768900000000000000e+04
2.296100000000000000e+04
1.702300000000000000e+04
3.004000000000000000e+03
3.519000000000000000e+03
8.965000000000000000e+03
4.759000000000000000e+03
6.167000000000000000e+03
2.954000000000000000e+03
7.617000000000000000e+03
5.486000000000000000e+03
3.400000000000000000e+03
5.701000000000000000e+03
8.706000000000000000e+03
7.768000000000000000e+03
1.189400000000000000e+04
1.077300000000000000e+04
1.328100000000000000e+04
1.167200000000000000e+04
3.811000000000000000e+03
5.948000000000000000e+03
1.529700000000000000e+04
6.927000000000000000e+03
1.050500000000000000e+04
3.758000000000000000e+03
6.418000000000000000e+03
1.586700000000000000e+04
8.627000000000000000e+03
8.021000000000000000e+03
9.694000000000000000e+03
1.033300000000000000e+04
2.641000000000000000e+03
8.392000000000000000e+03
5.466000000000000000e+03
3.845000000000000000e+03
3.498000000000000000e+03
9.356000000000000000e+03
1.283400000000000000e+04
4.072000000000000000e+03
1.051000000000000000e+04
6.440000000000000000e+03
1.454800000000000000e+04
8.037000000000000000e+03
6.835000000000000000e+03
9.375000000000000000e+03
5.145000000000000000e+03
5.078000000000000000e+03
9.349000000000000000e+03
5.281000000000000000e+03
7.772000000000000000e+03
6.942000000000000000e+03
4.792000000000000000e+03
6.457000000000000000e+03
5.275000000000000000e+03
6.064000000000000000e+03
2.318300000000000000e+04
6.742000000000000000e+03
5.723000000000000000e+03
2.062600000000000000e+04
5.422000000000000000e+03
1.071900000000000000e+04
9.038000000000000000e+03
9.641000000000000000e+03
6.760000000000000000e+03
1.117800000000000000e+04
2.695000000000000000e+03
4.928000000000000000e+03
1.163500000000000000e+04
3.867000000000000000e+03
3.246000000000000000e+03
7.514000000000000000e+03
8.643000000000000000e+03
8.929000000000000000e+03
4.488000000000000000e+03
6.927000000000000000e+03
5.726000000000000000e+03
2.047000000000000000e+03
1.268600000000000000e+04
1.385300000000000000e+04
4.605000000000000000e+03
3.729000000000000000e+03
4.242000000000000000e+03
6.034000000000000000e+03
3.301000000000000000e+03
1.472100000000000000e+04
1.665700000000000000e+04
8.523000000000000000e+03
1.014000000000000000e+04
6.331000000000000000e+03
1.547000000000000000e+04
9.137000000000000000e+03
6.779000000000000000e+03
6.069000000000000000e+03
1.612200000000000000e+04
1.044300000000000000e+04
8.865000000000000000e+03
1.162700000000000000e+04
9.869000000000000000e+03
5.864000000000000000e+03
3.668800000000000000e+04
1.561200000000000000e+04
7.976000000000000000e+03
8.544000000000000000e+03
4.210000000000000000e+03
7.477000000000000000e+03
1.187500000000000000e+04
1.152800000000000000e+04
7.257000000000000000e+03
6.523000000000000000e+03
1.342500000000000000e+04
9.479000000000000000e+03
1.219300000000000000e+04
6.538000000000000000e+03
9.442000000000000000e+03
8.119000000000000000e+03
2.921000000000000000e+03
1.019000000000000000e+04
4.777000000000000000e+03
2.328000000000000000e+03
5.638000000000000000e+03
1.066300000000000000e+04
1.071400000000000000e+04
5.854000000000000000e+03
1.589700000000000000e+04
5.499000000000000000e+03
1.080200000000000000e+04
4.176000000000000000e+03
1.486200000000000000e+04
1.357600000000000000e+04
2.162200000000000000e+04
8.016000000000000000e+03
4.752000000000000000e+03
9.491000000000000000e+03
5.306000000000000000e+03
4.650000000000000000e+03
3.750000000000000000e+03
1.968100000000000000e+04
6.297000000000000000e+03
2.877000000000000000e+03
1.025100000000000000e+04
8.008000000000000000e+03
4.000000000000000000e+03
9.443000000000000000e+03
1.980500000000000000e+04
5.631000000000000000e+03
3.939000000000000000e+03
5.979000000000000000e+03
4.726000000000000000e+03
9.936000000000000000e+03
8.536000000000000000e+03
1.982900000000000000e+04
1.736900000000000000e+04
5.075000000000000000e+03
8.995000000000000000e+03
3.414000000000000000e+03
9.634000000000000000e+03
5.203000000000000000e+03
4.384000000000000000e+03
1.029500000000000000e+04
1.396400000000000000e+04
6.999000000000000000e+03
1.090500000000000000e+04
7.628000000000000000e+03
4.215000000000000000e+03
5.869000000000000000e+03
3.198200000000000000e+04
5.519000000000000000e+03
2.964000000000000000e+03
9.407000000000000000e+03
5.233000000000000000e+03
1.308700000000000000e+04
3.635000000000000000e+03
1.205800000000000000e+04
9.611000000000000000e+03
6.716000000000000000e+03
1.868000000000000000e+03
5.612000000000000000e+03
1.252400000000000000e+04
1.085500000000000000e+04
5.163000000000000000e+03
8.871000000000000000e+03
1.205900000000000000e+04
1.166500000000000000e+04
5.058000000000000000e+03
1.255500000000000000e+04
1.350800000000000000e+04
6.960000000000000000e+03
8.335000000000000000e+03
8.745000000000000000e+03
1.213500000000000000e+04
2.844400000000000000e+04
6.907000000000000000e+03
1.808000000000000000e+03
1.466000000000000000e+04
5.571000000000000000e+03
9.434000000000000000e+03
7.115000000000000000e+03
1.513100000000000000e+04
4.740000000000000000e+03
6.934000000000000000e+03
5.228000000000000000e+03
8.434000000000000000e+03
1.003200000000000000e+04
3.444000000000000000e+03
5.020000000000000000e+03
4.257000000000000000e+03
4.083000000000000000e+03
7.525000000000000000e+03
7.128000000000000000e+03
1.114100000000000000e+04
5.926000000000000000e+03
1.062000000000000000e+04
3.074000000000000000e+03
4.942000000000000000e+03
1.170700000000000000e+04
5.443000000000000000e+03
4.896000000000000000e+03
5.533000000000000000e+03
5.215000000000000000e+03
2.071400000000000000e+04
5.237000000000000000e+03
5.278000000000000000e+03
3.211000000000000000e+03
8.126000000000000000e+03
5.228000000000000000e+03
1.437200000000000000e+04
1.929500000000000000e+04
1.062600000000000000e+04
9.382000000000000000e+03
2.521900000000000000e+04
2.444000000000000000e+03
1.486500000000000000e+04
1.380600000000000000e+04
3.887000000000000000e+03
1.372200000000000000e+04
8.848000000000000000e+03
4.164000000000000000e+03
8.239000000000000000e+03
1.540900000000000000e+04
5.695000000000000000e+03
4.741000000000000000e+03
5.611000000000000000e+03
3.183000000000000000e+03
4.910000000000000000e+03
5.272000000000000000e+03
5.737000000000000000e+03
3.741000000000000000e+03
6.554000000000000000e+03
1.252700000000000000e+04
1.659200000000000000e+04
5.587000000000000000e+03
5.439000000000000000e+03
9.247000000000000000e+03
4.136000000000000000e+03
1.077200000000000000e+04
1.147900000000000000e+04
5.637000000000000000e+03
2.418400000000000000e+04
7.392000000000000000e+03
4.945000000000000000e+03
1.171600000000000000e+04
6.989000000000000000e+03
1.461700000000000000e+04
6.025000000000000000e+03
2.699900000000000000e+04
6.692000000000000000e+03
1.773800000000000000e+04
6.636000000000000000e+03
3.154000000000000000e+03
2.842000000000000000e+03
3.584000000000000000e+03
4.306000000000000000e+03
3.863000000000000000e+03
6.427000000000000000e+03
3.717000000000000000e+03
7.605000000000000000e+03
4.577000000000000000e+03
2.928100000000000000e+04
4.468000000000000000e+03
3.161000000000000000e+03
4.452000000000000000e+03
8.414000000000000000e+03
1.605100000000000000e+04
6.296000000000000000e+03
4.873000000000000000e+03
1.210800000000000000e+04
8.059000000000000000e+03
1.537400000000000000e+04
6.625000000000000000e+03
2.109800000000000000e+04
1.519300000000000000e+04
8.551000000000000000e+03
5.425000000000000000e+03
3.300000000000000000e+03
9.386000000000000000e+03
6.090000000000000000e+03
9.959000000000000000e+03
2.545000000000000000e+03
7.981000000000000000e+03
7.639000000000000000e+03
1.434400000000000000e+04
1.809500000000000000e+04
5.693000000000000000e+03
5.408000000000000000e+03
7.012000000000000000e+03
4.776000000000000000e+03
9.352000000000000000e+03
7.103000000000000000e+03
8.461000000000000000e+03
3.607000000000000000e+03
5.451000000000000000e+03
6.111000000000000000e+03
4.412000000000000000e+03
4.643000000000000000e+03
1.341400000000000000e+04
4.193000000000000000e+03
3.850000000000000000e+03
8.125000000000000000e+03
2.161700000000000000e+04
3.496000000000000000e+03
5.839000000000000000e+03
6.261000000000000000e+03
4.562000000000000000e+03
7.176000000000000000e+03
8.233000000000000000e+03
7.561000000000000000e+03
1.008000000000000000e+04
8.419000000000000000e+03
1.701000000000000000e+04
3.096300000000000000e+04
3.657000000000000000e+03
2.698000000000000000e+03
1.688200000000000000e+04
2.239000000000000000e+03
7.907000000000000000e+03
1.347700000000000000e+04
6.073000000000000000e+03
8.692000000000000000e+03
1.071000000000000000e+04
6.381000000000000000e+03
8.332000000000000000e+03
4.969000000000000000e+03
1.666000000000000000e+04
7.706000000000000000e+03
9.037000000000000000e+03
3.368400000000000000e+04
7.967000000000000000e+03
9.523000000000000000e+03
1.288600000000000000e+04
3.969000000000000000e+03
7.688000000000000000e+03
4.739000000000000000e+03
5.243000000000000000e+03
2.835000000000000000e+03
1.202400000000000000e+04
1.835500000000000000e+04
8.778000000000000000e+03
9.393000000000000000e+03
6.245000000000000000e+03
1.036900000000000000e+04
2.435300000000000000e+04
5.616000000000000000e+03
9.372000000000000000e+03
2.800000000000000000e+03
1.038300000000000000e+04
5.157000000000000000e+03
6.238000000000000000e+03
2.090000000000000000e+03
7.888000000000000000e+03
8.434000000000000000e+03
4.975000000000000000e+03
6.250000000000000000e+03
1.104800000000000000e+04
1.516000000000000000e+03
1.178200000000000000e+04
3.012000000000000000e+03
5.407000000000000000e+03
8.161000000000000000e+03
2.194000000000000000e+03
1.045300000000000000e+04
6.511000000000000000e+03
4.686000000000000000e+03
4.887000000000000000e+03
1.027300000000000000e+04
6.066000000000000000e+03
3.004000000000000000e+03
5.831000000000000000e+03
1.239400000000000000e+04
8.775000000000000000e+03
2.492000000000000000e+03
1.706200000000000000e+04
3.983000000000000000e+03
9.143000000000000000e+03
4.316000000000000000e+03
7.439000000000000000e+03
7.308000000000000000e+03
5.580000000000000000e+03
6.038000000000000000e+03
6.634000000000000000e+03
5.581000000000000000e+03
1.310800000000000000e+04
7.422000000000000000e+03
1.056300000000000000e+04
1.169600000000000000e+04
1.695300000000000000e+04
9.450000000000000000e+03
1.012700000000000000e+04
8.037000000000000000e+03
9.844000000000000000e+03
9.471000000000000000e+03
2.457100000000000000e+04
8.223000000000000000e+03
8.997000000000000000e+03
1.256200000000000000e+04
5.932000000000000000e+03
3.034900000000000000e+04
1.824600000000000000e+04
4.107000000000000000e+03
2.629000000000000000e+03
5.172000000000000000e+03
1.841500000000000000e+04
7.527000000000000000e+03
2.967000000000000000e+03
1.391400000000000000e+04
1.146300000000000000e+04
3.020000000000000000e+03
6.366000000000000000e+03
7.041000000000000000e+03
4.309000000000000000e+03
9.576000000000000000e+03
9.188000000000000000e+03
8.652000000000000000e+03
1.023400000000000000e+04
1.122800000000000000e+04
8.870000000000000000e+03
8.799000000000000000e+03
1.385700000000000000e+04
8.361000000000000000e+03
8.904000000000000000e+03
2.356900000000000000e+04
9.018000000000000000e+03
7.946000000000000000e+03
1.049700000000000000e+04
1.571200000000000000e+04
2.437000000000000000e+03
4.547000000000000000e+03
2.260700000000000000e+04
4.052000000000000000e+03
1.002300000000000000e+04
6.760000000000000000e+03
4.430000000000000000e+03
7.779000000000000000e+03
2.334000000000000000e+03
1.419800000000000000e+04
2.189500000000000000e+04
2.820000000000000000e+03
2.268600000000000000e+04
1.470800000000000000e+04
3.125000000000000000e+03
4.942000000000000000e+03
1.384400000000000000e+04
9.040000000000000000e+03
2.783000000000000000e+03
4.930000000000000000e+03
5.819000000000000000e+03
1.547000000000000000e+04
6.523000000000000000e+03
3.100000000000000000e+03
7.459000000000000000e+03
6.795000000000000000e+03
4.361000000000000000e+03
4.704000000000000000e+03
5.002000000000000000e+03
1.335500000000000000e+04
7.181000000000000000e+03
3.936000000000000000e+03
1.493300000000000000e+04
1.140800000000000000e+04
1.351200000000000000e+04
2.102100000000000000e+04
8.671000000000000000e+03
5.423000000000000000e+03
3.311000000000000000e+03
8.842000000000000000e+03
7.048000000000000000e+03
1.104500000000000000e+04
8.142000000000000000e+03
5.817000000000000000e+03
2.005000000000000000e+03
4.033000000000000000e+03
9.436000000000000000e+03
7.332000000000000000e+03
6.708000000000000000e+03
1.427900000000000000e+04
4.784000000000000000e+03
1.101600000000000000e+04
8.914000000000000000e+03
8.636000000000000000e+03
1.214500000000000000e+04
1.340500000000000000e+04
4.606000000000000000e+03
4.746000000000000000e+03
1.078700000000000000e+04
9.093000000000000000e+03
4.740000000000000000e+03
3.935000000000000000e+03
8.540000000000000000e+03
7.356000000000000000e+03
9.541000000000000000e+03
2.266200000000000000e+04
7.636000000000000000e+03
7.537000000000000000e+03
7.728000000000000000e+03
8.427000000000000000e+03
4.699000000000000000e+03
9.847000000000000000e+03
1.791500000000000000e+04
8.446000000000000000e+03
2.440000000000000000e+03
3.483000000000000000e+03
6.902000000000000000e+03
3.562000000000000000e+03
2.172000000000000000e+03
4.842000000000000000e+03
1.164000000000000000e+04
5.822000000000000000e+03
6.971000000000000000e+03
5.970000000000000000e+03
8.891000000000000000e+03
3.951000000000000000e+03
4.177000000000000000e+03
1.981300000000000000e+04
9.118000000000000000e+03
5.487000000000000000e+03
8.558000000000000000e+03
9.730000000000000000e+03
3.084000000000000000e+03
1.055300000000000000e+04
7.945000000000000000e+03
9.713000000000000000e+03
7.561000000000000000e+03
1.126800000000000000e+04
4.853000000000000000e+03
5.858000000000000000e+03
8.626000000000000000e+03
4.010000000000000000e+03
1.557300000000000000e+04
1.019100000000000000e+04
4.304000000000000000e+03
2.190700000000000000e+04
2.852000000000000000e+03
2.316100000000000000e+04
8.202000000000000000e+03
2.649000000000000000e+03
2.514000000000000000e+03
5.442000000000000000e+03
1.904900000000000000e+04
9.992000000000000000e+03
4.763000000000000000e+03
4.391000000000000000e+03
1.441400000000000000e+04
5.277000000000000000e+03
5.181000000000000000e+03
5.990000000000000000e+03
1.360100000000000000e+04
1.745800000000000000e+04
3.510000000000000000e+03
8.733000000000000000e+03
3.869000000000000000e+03
4.688000000000000000e+03
2.067000000000000000e+03
3.701000000000000000e+03
5.181000000000000000e+03
9.318000000000000000e+03
5.380000000000000000e+03
4.145000000000000000e+03
1.251500000000000000e+04
6.494000000000000000e+03
1.167900000000000000e+04
1.966600000000000000e+04
4.568000000000000000e+03
3.505000000000000000e+03
4.653000000000000000e+03
7.897000000000000000e+03
4.620000000000000000e+03
2.825000000000000000e+03
7.614000000000000000e+03
6.095000000000000000e+03
1.319100000000000000e+04
1.053800000000000000e+04
9.688000000000000000e+03
3.891000000000000000e+03
2.536800000000000000e+04
8.976000000000000000e+03
3.689000000000000000e+03
2.870000000000000000e+03
7.971000000000000000e+03
6.904000000000000000e+03
1.056200000000000000e+04
1.111000000000000000e+04
7.757000000000000000e+03
1.347800000000000000e+04
4.782000000000000000e+03
9.175000000000000000e+03
1.683600000000000000e+04
1.579300000000000000e+04
8.461000000000000000e+03
1.154300000000000000e+04
4.819000000000000000e+03
2.617000000000000000e+03
9.998000000000000000e+03
1.001500000000000000e+04
1.839700000000000000e+04
5.327000000000000000e+03
1.658600000000000000e+04
1.855900000000000000e+04
7.898000000000000000e+03
6.440000000000000000e+03
3.965000000000000000e+03
1.437500000000000000e+04
3.380000000000000000e+03
1.485600000000000000e+04
7.056000000000000000e+03
5.047000000000000000e+03
9.259000000000000000e+03
6.423000000000000000e+03
3.777000000000000000e+03
4.150000000000000000e+03
2.312000000000000000e+03
5.693000000000000000e+03
2.620000000000000000e+03
7.445000000000000000e+03
5.988000000000000000e+03
7.162000000000000000e+03
5.762000000000000000e+03
5.596000000000000000e+03
1.052700000000000000e+04
5.487000000000000000e+03
4.948000000000000000e+03
1.160100000000000000e+04
4.847000000000000000e+03
4.045000000000000000e+03
9.230000000000000000e+03
9.030000000000000000e+03
2.382000000000000000e+03
6.517000000000000000e+03
8.380000000000000000e+03
1.163400000000000000e+04
7.634000000000000000e+03
5.901000000000000000e+03
1.074400000000000000e+04
1.200200000000000000e+04
1.074200000000000000e+04
7.445000000000000000e+03
6.505000000000000000e+03
6.219000000000000000e+03
3.175000000000000000e+03
1.561000000000000000e+04
2.516000000000000000e+03
6.474000000000000000e+03
8.514000000000000000e+03
2.030000000000000000e+03
2.221000000000000000e+03
7.243000000000000000e+03
1.248800000000000000e+04
4.178000000000000000e+03
1.120400000000000000e+04
4.332000000000000000e+03
6.815000000000000000e+03
4.140000000000000000e+03
7.592000000000000000e+03
1.008300000000000000e+04
6.845000000000000000e+03
5.584000000000000000e+03
5.948000000000000000e+03
8.976000000000000000e+03
3.278000000000000000e+03
3.952000000000000000e+03
1.305300000000000000e+04
1.359000000000000000e+04
6.895000000000000000e+03
4.848000000000000000e+03
1.230900000000000000e+04
6.952000000000000000e+03
9.269000000000000000e+03
1.322700000000000000e+04
7.527000000000000000e+03
4.174000000000000000e+03
5.400000000000000000e+03
4.913000000000000000e+03
6.542000000000000000e+03
1.791500000000000000e+04
5.435000000000000000e+03
8.826000000000000000e+03
1.403500000000000000e+04
5.793000000000000000e+03
7.115000000000000000e+03
3.518000000000000000e+03
9.177000000000000000e+03
6.943000000000000000e+03
1.818400000000000000e+04
1.296600000000000000e+04
6.905000000000000000e+03
4.961000000000000000e+03
6.204000000000000000e+03
7.637000000000000000e+03
4.143000000000000000e+03
1.408500000000000000e+04
3.543000000000000000e+03
1.110800000000000000e+04
5.343000000000000000e+03
8.208000000000000000e+03
9.886000000000000000e+03
1.108400000000000000e+04
9.850000000000000000e+03
1.192900000000000000e+04
8.564000000000000000e+03
4.567000000000000000e+03
1.243400000000000000e+04
4.225000000000000000e+03
3.799000000000000000e+03
7.308000000000000000e+03
8.756000000000000000e+03
7.494000000000000000e+03
1.245100000000000000e+04
5.675000000000000000e+03
1.011400000000000000e+04
8.373000000000000000e+03
5.717000000000000000e+03
4.258000000000000000e+03
9.295000000000000000e+03
2.215900000000000000e+04
5.982000000000000000e+03
1.360400000000000000e+04
7.676000000000000000e+03
1.171200000000000000e+04
3.387000000000000000e+03
5.304000000000000000e+03
4.905000000000000000e+03
3.665000000000000000e+03
7.184000000000000000e+03
