1.505000000000000000e+03
1.125000000000000000e+03
7.540000000000000000e+02
1.236000000000000000e+03
3.168000000000000000e+03
3.364000000000000000e+03
3.029000000000000000e+03
8.080000000000000000e+02
2.289000000000000000e+03
2.271000000000000000e+03
1.285000000000000000e+03
3.761000000000000000e+03
1.396000000000000000e+03
9.210000000000000000e+02
3.325000000000000000e+03
3.762000000000000000e+03
9.770000000000000000e+02
9.800000000000000000e+02
2.626000000000000000e+03
1.458000000000000000e+03
2.270000000000000000e+03
2.190000000000000000e+03
5.205000000000000000e+03
5.210000000000000000e+02
4.810000000000000000e+02
3.484000000000000000e+03
3.225000000000000000e+03
2.881000000000000000e+03
2.097000000000000000e+03
1.271000000000000000e+03
2.283000000000000000e+03
7.860000000000000000e+02
1.532000000000000000e+03
9.440000000000000000e+02
1.112000000000000000e+03
2.851000000000000000e+03
3.384000000000000000e+03
1.417000000000000000e+03
7.410000000000000000e+02
1.459000000000000000e+03
1.960000000000000000e+03
3.662000000000000000e+03
1.833000000000000000e+03
1.131000000000000000e+03
1.612000000000000000e+03
4.091000000000000000e+03
1.694000000000000000e+03
3.478000000000000000e+03
1.849000000000000000e+03
1.666000000000000000e+03
1.866000000000000000e+03
2.714000000000000000e+03
1.023000000000000000e+03
4.370000000000000000e+02
3.235000000000000000e+03
3.776000000000000000e+03
1.773000000000000000e+03
1.667000000000000000e+03
8.460000000000000000e+02
3.984000000000000000e+03
1.655000000000000000e+03
1.701000000000000000e+03
2.750000000000000000e+03
5.370000000000000000e+02
1.439000000000000000e+03
5.566000000000000000e+03
2.726000000000000000e+03
3.830000000000000000e+02
1.599000000000000000e+03
2.233000000000000000e+03
1.360000000000000000e+03
1.282000000000000000e+03
2.014000000000000000e+03
7.430000000000000000e+02
1.525000000000000000e+03
9.500000000000000000e+02
2.676000000000000000e+03
1.778000000000000000e+03
1.934000000000000000e+03
7.200000000000000000e+02
1.020000000000000000e+03
1.594000000000000000e+03
1.299000000000000000e+03
1.858000000000000000e+03
4.380000000000000000e+02
3.394000000000000000e+03
3.209000000000000000e+03
1.212000000000000000e+03
2.153000000000000000e+03
2.519000000000000000e+03
5.750000000000000000e+02
1.955000000000000000e+03
9.660000000000000000e+02
1.839000000000000000e+03
6.760000000000000000e+02
1.072000000000000000e+03
1.133000000000000000e+03
1.452000000000000000e+03
1.803000000000000000e+03
8.510000000000000000e+02
7.090000000000000000e+02
5.740000000000000000e+02
1.649000000000000000e+03
2.285000000000000000e+03
2.978000000000000000e+03
1.201000000000000000e+03
7.610000000000000000e+02
2.157000000000000000e+03
8.000000000000000000e+02
2.395000000000000000e+03
1.433000000000000000e+03
1.087000000000000000e+03
1.292000000000000000e+03
1.105000000000000000e+03
1.222000000000000000e+03
9.730000000000000000e+02
4.210000000000000000e+02
3.039000000000000000e+03
3.891000000000000000e+03
2.144000000000000000e+03
1.211000000000000000e+03
1.504000000000000000e+03
1.276000000000000000e+03
2.071000000000000000e+03
3.532000000000000000e+03
1.144000000000000000e+03
5.109000000000000000e+03
8.720000000000000000e+02
9.530000000000000000e+02
9.870000000000000000e+02
5.567000000000000000e+03
4.653000000000000000e+03
3.216000000000000000e+03
1.132000000000000000e+03
7.330000000000000000e+02
1.206000000000000000e+03
7.060000000000000000e+02
2.277000000000000000e+03
1.624000000000000000e+03
3.510000000000000000e+02
2.546000000000000000e+03
1.667000000000000000e+03
3.888000000000000000e+03
1.970000000000000000e+03
8.060000000000000000e+02
4.121000000000000000e+03
2.079000000000000000e+03
5.420000000000000000e+02
1.674000000000000000e+03
1.622000000000000000e+03
2.666000000000000000e+03
6.497000000000000000e+03
1.132000000000000000e+03
1.354000000000000000e+03
1.186000000000000000e+03
2.062000000000000000e+03
5.980000000000000000e+02
1.839000000000000000e+03
1.269000000000000000e+03
9.000000000000000000e+02
1.628000000000000000e+03
3.479000000000000000e+03
2.341000000000000000e+03
6.600000000000000000e+02
3.293000000000000000e+03
3.930000000000000000e+02
9.920000000000000000e+02
6.490000000000000000e+02
3.070000000000000000e+03
1.698000000000000000e+03
1.059000000000000000e+03
2.640000000000000000e+03
1.345000000000000000e+03
1.816000000000000000e+03
2.238000000000000000e+03
1.620000000000000000e+03
3.803000000000000000e+03
1.313000000000000000e+03
1.954000000000000000e+03
7.260000000000000000e+02
1.307000000000000000e+03
3.109000000000000000e+03
1.449000000000000000e+03
5.390000000000000000e+02
1.682000000000000000e+03
1.459000000000000000e+03
5.720000000000000000e+02
2.482000000000000000e+03
3.490000000000000000e+02
2.974000000000000000e+03
2.664000000000000000e+03
1.610000000000000000e+03
7.580000000000000000e+02
7.560000000000000000e+02
2.200000000000000000e+03
4.920000000000000000e+02
1.643000000000000000e+03
2.792000000000000000e+03
1.889000000000000000e+03
7.840000000000000000e+02
1.035000000000000000e+03
1.059000000000000000e+03
2.240000000000000000e+03
7.040000000000000000e+02
2.787000000000000000e+03
3.153000000000000000e+03
5.610000000000000000e+02
3.166000000000000000e+03
1.881000000000000000e+03
5.820000000000000000e+02
6.930000000000000000e+02
3.422000000000000000e+03
3.670000000000000000e+02
1.826000000000000000e+03
1.180000000000000000e+03
1.417000000000000000e+03
1.071000000000000000e+03
1.102000000000000000e+03
6.200000000000000000e+02
8.080000000000000000e+02
3.904000000000000000e+03
1.098000000000000000e+03
1.223000000000000000e+03
1.240000000000000000e+03
1.372000000000000000e+03
1.033000000000000000e+03
7.830000000000000000e+02
1.968000000000000000e+03
9.620000000000000000e+02
1.408000000000000000e+03
2.011000000000000000e+03
2.186000000000000000e+03
1.499000000000000000e+03
1.349000000000000000e+03
1.019000000000000000e+03
1.124000000000000000e+03
1.361000000000000000e+03
1.169000000000000000e+03
1.195000000000000000e+03
4.680000000000000000e+02
5.410000000000000000e+02
8.480000000000000000e+02
1.226000000000000000e+03
5.005000000000000000e+03
2.304000000000000000e+03
1.152000000000000000e+03
8.370000000000000000e+02
1.060000000000000000e+03
1.264000000000000000e+03
1.864000000000000000e+03
8.710000000000000000e+02
6.220000000000000000e+02
2.088000000000000000e+03
2.143000000000000000e+03
1.948000000000000000e+03
1.507000000000000000e+03
5.013000000000000000e+03
3.668000000000000000e+03
1.301000000000000000e+03
1.011000000000000000e+03
1.806000000000000000e+03
4.422000000000000000e+03
1.338000000000000000e+03
1.064000000000000000e+03
1.832000000000000000e+03
9.720000000000000000e+02
3.830000000000000000e+02
6.700000000000000000e+02
1.293000000000000000e+03
2.192000000000000000e+03
1.367000000000000000e+03
2.190000000000000000e+03
1.175000000000000000e+03
2.861000000000000000e+03
9.370000000000000000e+02
2.180000000000000000e+03
8.990000000000000000e+02
1.399000000000000000e+03
1.177000000000000000e+03
1.355000000000000000e+03
2.673000000000000000e+03
2.498000000000000000e+03
1.562000000000000000e+03
1.549000000000000000e+03
1.106000000000000000e+03
1.357000000000000000e+03
1.338000000000000000e+03
7.640000000000000000e+02
1.385000000000000000e+03
4.592000000000000000e+03
5.220000000000000000e+02
1.600000000000000000e+03
1.824000000000000000e+03
1.373000000000000000e+03
1.650000000000000000e+03
1.860000000000000000e+03
4.180000000000000000e+03
3.850000000000000000e+02
4.100000000000000000e+02
9.590000000000000000e+02
1.816000000000000000e+03
7.354000000000000000e+03
9.140000000000000000e+02
3.873000000000000000e+03
6.550000000000000000e+02
1.286000000000000000e+03
2.175000000000000000e+03
2.017000000000000000e+03
2.729000000000000000e+03
1.295000000000000000e+03
1.157000000000000000e+03
1.049000000000000000e+03
1.773000000000000000e+03
5.020000000000000000e+03
1.645000000000000000e+03
1.006000000000000000e+03
2.054000000000000000e+03
2.542000000000000000e+03
3.333000000000000000e+03
2.295000000000000000e+03
1.060000000000000000e+03
5.950000000000000000e+02
1.885000000000000000e+03
2.628000000000000000e+03
1.607000000000000000e+03
1.221000000000000000e+03
5.317000000000000000e+03
2.230000000000000000e+03
1.066000000000000000e+03
6.450000000000000000e+02
1.639000000000000000e+03
7.620000000000000000e+02
2.094000000000000000e+03
3.093000000000000000e+03
2.672000000000000000e+03
2.663000000000000000e+03
7.970000000000000000e+02
2.881000000000000000e+03
3.299000000000000000e+03
2.337000000000000000e+03
2.072000000000000000e+03
5.720000000000000000e+02
2.497000000000000000e+03
1.145000000000000000e+03
1.605000000000000000e+03
4.740000000000000000e+03
1.019000000000000000e+03
2.130000000000000000e+03
8.370000000000000000e+02
1.035000000000000000e+03
2.118000000000000000e+03
4.738000000000000000e+03
6.240000000000000000e+02
3.005000000000000000e+03
2.432000000000000000e+03
1.298000000000000000e+03
1.122000000000000000e+03
4.933000000000000000e+03
1.561000000000000000e+03
1.031000000000000000e+03
5.830000000000000000e+02
1.519000000000000000e+03
2.874000000000000000e+03
5.020000000000000000e+02
2.514000000000000000e+03
6.630000000000000000e+02
2.051000000000000000e+03
2.713000000000000000e+03
1.637000000000000000e+03
2.264000000000000000e+03
2.602000000000000000e+03
4.980000000000000000e+02
2.809000000000000000e+03
8.040000000000000000e+02
2.031000000000000000e+03
3.890000000000000000e+03
2.320000000000000000e+03
1.390000000000000000e+03
1.108000000000000000e+03
1.803000000000000000e+03
1.478000000000000000e+03
1.858000000000000000e+03
3.134000000000000000e+03
4.630000000000000000e+02
2.555000000000000000e+03
9.850000000000000000e+02
2.687000000000000000e+03
1.942000000000000000e+03
9.360000000000000000e+02
1.814000000000000000e+03
9.870000000000000000e+02
1.721000000000000000e+03
8.840000000000000000e+02
1.593000000000000000e+03
5.421000000000000000e+03
5.030000000000000000e+02
2.410000000000000000e+03
1.238000000000000000e+03
1.578000000000000000e+03
2.067000000000000000e+03
1.190000000000000000e+03
8.560000000000000000e+02
1.838000000000000000e+03
1.246000000000000000e+03
8.980000000000000000e+02
9.300000000000000000e+02
9.400000000000000000e+02
1.303000000000000000e+03
1.909000000000000000e+03
3.417000000000000000e+03
1.668000000000000000e+03
1.498000000000000000e+03
8.680000000000000000e+02
7.540000000000000000e+02
8.440000000000000000e+02
6.840000000000000000e+02
1.596000000000000000e+03
5.468000000000000000e+03
1.459000000000000000e+03
9.260000000000000000e+02
1.460000000000000000e+03
2.079000000000000000e+03
1.329000000000000000e+03
1.878000000000000000e+03
1.556000000000000000e+03
7.780000000000000000e+02
1.636000000000000000e+03
1.803000000000000000e+03
1.140000000000000000e+03
1.373000000000000000e+03
2.245000000000000000e+03
1.660000000000000000e+03
2.054000000000000000e+03
4.832000000000000000e+03
7.210000000000000000e+02
2.753000000000000000e+03
1.492000000000000000e+03
1.026000000000000000e+03
2.141000000000000000e+03
1.447000000000000000e+03
7.760000000000000000e+02
2.138000000000000000e+03
9.560000000000000000e+02
5.850000000000000000e+02
2.134000000000000000e+03
6.629000000000000000e+03
9.870000000000000000e+02
4.550000000000000000e+03
2.907000000000000000e+03
3.342000000000000000e+03
2.408000000000000000e+03
4.050000000000000000e+02
3.378000000000000000e+03
8.470000000000000000e+02
1.008000000000000000e+03
1.481000000000000000e+03
1.646000000000000000e+03
1.528000000000000000e+03
3.215000000000000000e+03
1.668000000000000000e+03
8.230000000000000000e+02
1.176000000000000000e+03
2.234000000000000000e+03
6.410000000000000000e+02
8.250000000000000000e+02
1.125000000000000000e+03
6.230000000000000000e+02
1.764000000000000000e+03
1.233000000000000000e+03
2.911000000000000000e+03
2.158000000000000000e+03
1.422000000000000000e+03
2.083000000000000000e+03
9.600000000000000000e+02
8.650000000000000000e+02
1.782000000000000000e+03
4.435000000000000000e+03
1.198000000000000000e+03
2.161000000000000000e+03
1.571000000000000000e+03
8.800000000000000000e+02
1.810000000000000000e+03
8.390000000000000000e+02
1.099000000000000000e+03
6.010000000000000000e+02
2.098000000000000000e+03
1.268000000000000000e+03
1.361000000000000000e+03
9.500000000000000000e+02
2.317000000000000000e+03
2.514000000000000000e+03
1.550000000000000000e+03
1.741000000000000000e+03
1.110000000000000000e+03
1.481000000000000000e+03
1.344000000000000000e+03
1.994000000000000000e+03
1.147000000000000000e+03
1.219000000000000000e+03
3.051000000000000000e+03
9.010000000000000000e+02
9.970000000000000000e+02
1.614000000000000000e+03
5.090000000000000000e+02
6.870000000000000000e+02
1.027000000000000000e+03
1.103000000000000000e+03
4.244000000000000000e+03
1.970000000000000000e+03
5.770000000000000000e+02
1.906000000000000000e+03
2.140000000000000000e+02
4.083000000000000000e+03
8.840000000000000000e+02
1.699000000000000000e+03
1.270000000000000000e+03
1.904000000000000000e+03
3.873000000000000000e+03
3.419000000000000000e+03
1.366000000000000000e+03
2.715000000000000000e+03
1.717000000000000000e+03
6.690000000000000000e+03
9.620000000000000000e+02
7.190000000000000000e+02
8.550000000000000000e+02
2.790000000000000000e+03
1.085000000000000000e+03
5.110000000000000000e+02
1.679000000000000000e+03
1.545000000000000000e+03
2.205000000000000000e+03
1.784000000000000000e+03
9.520000000000000000e+02
1.276000000000000000e+03
2.293000000000000000e+03
7.190000000000000000e+02
2.881000000000000000e+03
1.558000000000000000e+03
5.380000000000000000e+02
2.010000000000000000e+03
2.006000000000000000e+03
1.254000000000000000e+03
1.613000000000000000e+03
1.135000000000000000e+03
4.045000000000000000e+03
3.099000000000000000e+03
2.178000000000000000e+03
8.940000000000000000e+02
1.287000000000000000e+03
2.819000000000000000e+03
4.830000000000000000e+03
8.160000000000000000e+02
1.515000000000000000e+03
1.152000000000000000e+03
1.717000000000000000e+03
1.697000000000000000e+03
9.190000000000000000e+02
4.191000000000000000e+03
2.000000000000000000e+03
8.790000000000000000e+02
3.750000000000000000e+02
1.190000000000000000e+03
4.660000000000000000e+02
1.302000000000000000e+03
7.590000000000000000e+02
7.860000000000000000e+02
1.248000000000000000e+03
9.330000000000000000e+02
1.474000000000000000e+03
2.582000000000000000e+03
9.230000000000000000e+02
1.647000000000000000e+03
4.155000000000000000e+03
1.068000000000000000e+03
8.240000000000000000e+02
3.320000000000000000e+02
1.477000000000000000e+03
4.715000000000000000e+03
7.910000000000000000e+02
7.670000000000000000e+02
1.274000000000000000e+03
4.670000000000000000e+03
3.300000000000000000e+03
1.146000000000000000e+03
1.743000000000000000e+03
2.653000000000000000e+03
1.588000000000000000e+03
3.680000000000000000e+02
3.470000000000000000e+02
1.024000000000000000e+03
9.990000000000000000e+02
2.675000000000000000e+03
3.885000000000000000e+03
1.714000000000000000e+03
1.242000000000000000e+03
2.379000000000000000e+03
9.680000000000000000e+02
1.228000000000000000e+03
1.667000000000000000e+03
4.880000000000000000e+03
2.030000000000000000e+03
1.187000000000000000e+03
7.240000000000000000e+02
1.159000000000000000e+03
2.853000000000000000e+03
2.816000000000000000e+03
7.220000000000000000e+02
1.345000000000000000e+03
1.485000000000000000e+03
5.778000000000000000e+03
7.810000000000000000e+02
7.210000000000000000e+02
2.868000000000000000e+03
8.660000000000000000e+02
2.235000000000000000e+03
2.654000000000000000e+03
3.539000000000000000e+03
1.440000000000000000e+03
7.560000000000000000e+02
1.067000000000000000e+03
6.440000000000000000e+02
1.149000000000000000e+03
8.660000000000000000e+02
7.380000000000000000e+02
5.220000000000000000e+02
1.303000000000000000e+03
1.419000000000000000e+03
2.979000000000000000e+03
1.532000000000000000e+03
2.267000000000000000e+03
2.020000000000000000e+03
3.202000000000000000e+03
6.690000000000000000e+02
1.950000000000000000e+03
1.405000000000000000e+03
4.682000000000000000e+03
1.146000000000000000e+03
2.095000000000000000e+03
3.813000000000000000e+03
1.272000000000000000e+03
8.310000000000000000e+02
3.890000000000000000e+02
5.670000000000000000e+02
1.117000000000000000e+03
8.220000000000000000e+02
1.767000000000000000e+03
1.100000000000000000e+03
1.141000000000000000e+03
2.071000000000000000e+03
3.909000000000000000e+03
2.953000000000000000e+03
6.090000000000000000e+02
3.155000000000000000e+03
1.136000000000000000e+03
1.309000000000000000e+03
4.720000000000000000e+02
1.066000000000000000e+03
1.489000000000000000e+03
1.994000000000000000e+03
1.068000000000000000e+03
1.065000000000000000e+03
1.240000000000000000e+03
1.020000000000000000e+03
7.640000000000000000e+02
2.120000000000000000e+03
3.527000000000000000e+03
1.317000000000000000e+03
1.090000000000000000e+03
1.142000000000000000e+03
2.223000000000000000e+03
1.201000000000000000e+03
2.523000000000000000e+03
1.174000000000000000e+03
4.752000000000000000e+03
7.710000000000000000e+02
7.630000000000000000e+02
1.481000000000000000e+03
2.352000000000000000e+03
1.289000000000000000e+03
1.880000000000000000e+03
3.221000000000000000e+03
1.222000000000000000e+03
5.560000000000000000e+02
1.241000000000000000e+03
4.894000000000000000e+03
2.269000000000000000e+03
1.792000000000000000e+03
1.576000000000000000e+03
1.973000000000000000e+03
2.338000000000000000e+03
1.206000000000000000e+03
2.069000000000000000e+03
1.109000000000000000e+03
8.320000000000000000e+02
5.600000000000000000e+02
1.207000000000000000e+03
1.380000000000000000e+03
1.200000000000000000e+03
3.202000000000000000e+03
4.820000000000000000e+03
1.593000000000000000e+03
1.110000000000000000e+03
2.361000000000000000e+03
2.173000000000000000e+03
2.883000000000000000e+03
1.061000000000000000e+03
1.603000000000000000e+03
2.028000000000000000e+03
2.120000000000000000e+03
6.100000000000000000e+02
7.520000000000000000e+02
2.029000000000000000e+03
1.253000000000000000e+03
3.507000000000000000e+03
7.470000000000000000e+02
2.139000000000000000e+03
3.608000000000000000e+03
6.500000000000000000e+02
1.437000000000000000e+03
1.524000000000000000e+03
2.548000000000000000e+03
7.660000000000000000e+02
4.480000000000000000e+03
1.541000000000000000e+03
1.982000000000000000e+03
9.610000000000000000e+02
2.910000000000000000e+03
9.950000000000000000e+02
7.820000000000000000e+02
2.688000000000000000e+03
2.458000000000000000e+03
2.896000000000000000e+03
8.490000000000000000e+02
7.390000000000000000e+02
2.365000000000000000e+03
1.917000000000000000e+03
1.273000000000000000e+03
9.660000000000000000e+02
2.593000000000000000e+03
3.339000000000000000e+03
1.207000000000000000e+03
7.780000000000000000e+02
9.710000000000000000e+02
1.690000000000000000e+03
1.067000000000000000e+03
5.141000000000000000e+03
7.260000000000000000e+02
1.119000000000000000e+03
8.640000000000000000e+02
3.937000000000000000e+03
1.053000000000000000e+03
6.940000000000000000e+02
1.019000000000000000e+03
2.028000000000000000e+03
2.981000000000000000e+03
7.470000000000000000e+02
1.581000000000000000e+03
2.823000000000000000e+03
1.472000000000000000e+03
2.341000000000000000e+03
5.010000000000000000e+02
1.577000000000000000e+03
3.089000000000000000e+03
5.230000000000000000e+02
4.576000000000000000e+03
6.209000000000000000e+03
6.720000000000000000e+02
1.082000000000000000e+03
3.810000000000000000e+02
1.085000000000000000e+03
7.570000000000000000e+02
1.090000000000000000e+03
1.750000000000000000e+03
1.172000000000000000e+03
4.277000000000000000e+03
5.440000000000000000e+02
7.470000000000000000e+02
1.720000000000000000e+03
1.352000000000000000e+03
6.470000000000000000e+02
1.127000000000000000e+03
2.444000000000000000e+03
2.390000000000000000e+03
2.191000000000000000e+03
3.073000000000000000e+03
8.480000000000000000e+02
1.319000000000000000e+03
1.924000000000000000e+03
7.510000000000000000e+02
2.991000000000000000e+03
2.650000000000000000e+03
1.336000000000000000e+03
2.707000000000000000e+03
7.640000000000000000e+02
9.630000000000000000e+02
2.091000000000000000e+03
6.200000000000000000e+02
1.776000000000000000e+03
7.003000000000000000e+03
4.540000000000000000e+03
1.042000000000000000e+03
5.260000000000000000e+02
7.820000000000000000e+02
5.620000000000000000e+02
1.458000000000000000e+03
1.104000000000000000e+03
5.000000000000000000e+02
1.267000000000000000e+03
1.766000000000000000e+03
8.260000000000000000e+02
8.880000000000000000e+02
1.781000000000000000e+03
1.675000000000000000e+03
2.444000000000000000e+03
1.532000000000000000e+03
1.983000000000000000e+03
2.264000000000000000e+03
1.872000000000000000e+03
2.740000000000000000e+03
3.510000000000000000e+02
2.455000000000000000e+03
1.121000000000000000e+03
5.480000000000000000e+02
3.505000000000000000e+03
2.794000000000000000e+03
1.184000000000000000e+03
1.230000000000000000e+03
1.137000000000000000e+03
1.257000000000000000e+03
2.187000000000000000e+03
1.803000000000000000e+03
3.700000000000000000e+03
2.743000000000000000e+03
1.403000000000000000e+03
9.960000000000000000e+02
1.925000000000000000e+03
8.210000000000000000e+02
1.718000000000000000e+03
1.731000000000000000e+03
2.122000000000000000e+03
5.250000000000000000e+02
1.430000000000000000e+03
1.853000000000000000e+03
2.892000000000000000e+03
3.051000000000000000e+03
5.164000000000000000e+03
2.277000000000000000e+03
8.910000000000000000e+02
1.066000000000000000e+03
2.900000000000000000e+03
1.787000000000000000e+03
1.624000000000000000e+03
2.017000000000000000e+03
2.324000000000000000e+03
1.569000000000000000e+03
1.180000000000000000e+03
2.421000000000000000e+03
3.910000000000000000e+02
1.114000000000000000e+03
1.568000000000000000e+03
1.358000000000000000e+03
2.233000000000000000e+03
2.214000000000000000e+03
6.860000000000000000e+02
4.990000000000000000e+02
7.950000000000000000e+02
1.283000000000000000e+03
2.503000000000000000e+03
1.472000000000000000e+03
1.401000000000000000e+03
1.116000000000000000e+03
2.578000000000000000e+03
6.930000000000000000e+02
1.625000000000000000e+03
1.313000000000000000e+03
2.928000000000000000e+03
1.906000000000000000e+03
5.360000000000000000e+02
1.107000000000000000e+03
1.576000000000000000e+03
7.810000000000000000e+02
1.186000000000000000e+03
9.220000000000000000e+02
3.215000000000000000e+03
2.360000000000000000e+03
2.521000000000000000e+03
2.180000000000000000e+03
4.780000000000000000e+02
1.304000000000000000e+03
9.500000000000000000e+02
1.498000000000000000e+03
1.765000000000000000e+03
1.774000000000000000e+03
7.250000000000000000e+02
8.740000000000000000e+02
1.179000000000000000e+03
8.830000000000000000e+02
1.975000000000000000e+03
1.400000000000000000e+03
1.393000000000000000e+03
2.893000000000000000e+03
1.722000000000000000e+03
1.301000000000000000e+03
1.070000000000000000e+03
7.620000000000000000e+02
1.704000000000000000e+03
6.390000000000000000e+02
1.242000000000000000e+03
1.162000000000000000e+03
7.730000000000000000e+02
6.260000000000000000e+02
1.169000000000000000e+03
2.502000000000000000e+03
7.620000000000000000e+02
1.300000000000000000e+03
1.542000000000000000e+03
2.833000000000000000e+03
8.900000000000000000e+02
1.158000000000000000e+03
1.654000000000000000e+03
8.100000000000000000e+02
1.538000000000000000e+03
2.657000000000000000e+03
1.292000000000000000e+03
5.094000000000000000e+03
1.372000000000000000e+03
2.080000000000000000e+03
1.635000000000000000e+03
4.548000000000000000e+03
2.581000000000000000e+03
1.253000000000000000e+03
3.472000000000000000e+03
2.189000000000000000e+03
6.340000000000000000e+02
1.032000000000000000e+03
2.355000000000000000e+03
3.790000000000000000e+02
4.747000000000000000e+03
3.331000000000000000e+03
1.819000000000000000e+03
2.523000000000000000e+03
2.507000000000000000e+03
9.850000000000000000e+02
4.587000000000000000e+03
1.125000000000000000e+03
1.635000000000000000e+03
2.243000000000000000e+03
2.397000000000000000e+03
5.780000000000000000e+02
1.183000000000000000e+03
1.121000000000000000e+03
1.059000000000000000e+03
6.440000000000000000e+02
3.223000000000000000e+03
4.475000000000000000e+03
1.401000000000000000e+03
1.101000000000000000e+03
1.644000000000000000e+03
2.567000000000000000e+03
1.810000000000000000e+03
3.632000000000000000e+03
5.068000000000000000e+03
1.082000000000000000e+03
3.375000000000000000e+03
1.417000000000000000e+03
2.335000000000000000e+03
3.055000000000000000e+03
8.980000000000000000e+02
3.066000000000000000e+03
1.211000000000000000e+03
3.320000000000000000e+02
1.008000000000000000e+03
6.850000000000000000e+02
2.977000000000000000e+03
2.957000000000000000e+03
2.390000000000000000e+03
3.291000000000000000e+03
9.920000000000000000e+02
2.262000000000000000e+03
1.573000000000000000e+03
1.455000000000000000e+03
3.250000000000000000e+03
1.517000000000000000e+03
7.260000000000000000e+02
2.217000000000000000e+03
1.636000000000000000e+03
1.735000000000000000e+03
2.901000000000000000e+03
3.970000000000000000e+02
1.733000000000000000e+03
9.630000000000000000e+02
8.420000000000000000e+02
2.736000000000000000e+03
1.737000000000000000e+03
7.990000000000000000e+02
1.524000000000000000e+03
1.482000000000000000e+03
1.131000000000000000e+03
2.063000000000000000e+03
