2.551000000000000000e+03
5.832000000000000000e+03
7.057000000000000000e+03
3.208000000000000000e+03
1.348000000000000000e+03
6.501000000000000000e+03
5.018000000000000000e+03
5.642000000000000000e+03
5.449000000000000000e+03
2.504000000000000000e+03
6.640000000000000000e+03
3.457000000000000000e+03
3.399000000000000000e+03
2.253000000000000000e+03
6.247000000000000000e+03
4.071000000000000000e+03
6.145000000000000000e+03
9.554000000000000000e+03
5.461000000000000000e+03
6.514000000000000000e+03
3.204000000000000000e+03
1.151500000000000000e+04
8.523000000000000000e+03
6.088000000000000000e+03
7.740000000000000000e+03
3.971000000000000000e+03
1.611000000000000000e+03
3.697000000000000000e+03
4.504000000000000000e+03
1.089800000000000000e+04
5.081000000000000000e+03
4.006000000000000000e+03
1.754300000000000000e+04
8.612000000000000000e+03
3.511000000000000000e+03
7.955000000000000000e+03
4.262000000000000000e+03
1.171900000000000000e+04
7.113000000000000000e+03
2.181000000000000000e+03
1.313200000000000000e+04
3.369000000000000000e+03
8.512000000000000000e+03
4.445000000000000000e+03
4.378000000000000000e+03
3.361000000000000000e+03
9.875000000000000000e+03
4.478000000000000000e+03
3.811000000000000000e+03
1.007400000000000000e+04
5.132000000000000000e+03
8.049000000000000000e+03
7.286000000000000000e+03
1.333000000000000000e+03
3.305000000000000000e+03
2.276000000000000000e+03
4.113000000000000000e+03
7.480000000000000000e+03
1.154100000000000000e+04
8.359000000000000000e+03
1.274700000000000000e+04
1.174000000000000000e+04
7.178000000000000000e+03
2.325000000000000000e+03
5.434000000000000000e+03
3.633000000000000000e+03
5.465000000000000000e+03
3.176000000000000000e+03
8.262000000000000000e+03
2.413000000000000000e+03
1.079900000000000000e+04
6.399000000000000000e+03
6.480000000000000000e+03
8.177000000000000000e+03
7.030000000000000000e+03
7.301000000000000000e+03
3.650000000000000000e+03
6.192000000000000000e+03
3.554000000000000000e+03
4.306000000000000000e+03
6.844000000000000000e+03
5.103000000000000000e+03
3.287000000000000000e+03
9.104000000000000000e+03
8.549000000000000000e+03
3.339000000000000000e+03
8.979000000000000000e+03
6.428000000000000000e+03
1.931000000000000000e+03
3.701000000000000000e+03
4.447000000000000000e+03
2.577000000000000000e+03
2.781000000000000000e+03
1.134700000000000000e+04
2.147000000000000000e+03
4.703000000000000000e+03
4.918000000000000000e+03
5.170000000000000000e+03
4.878000000000000000e+03
9.547000000000000000e+03
5.620000000000000000e+03
1.138200000000000000e+04
1.893700000000000000e+04
1.042700000000000000e+04
4.284000000000000000e+03
2.383000000000000000e+03
1.019600000000000000e+04
6.236000000000000000e+03
9.666000000000000000e+03
1.193300000000000000e+04
8.719000000000000000e+03
2.821000000000000000e+03
7.327000000000000000e+03
3.077000000000000000e+03
3.327000000000000000e+03
1.489300000000000000e+04
1.335700000000000000e+04
3.225000000000000000e+03
1.068500000000000000e+04
8.913000000000000000e+03
4.736000000000000000e+03
5.410000000000000000e+03
7.509000000000000000e+03
5.975000000000000000e+03
8.864000000000000000e+03
8.832000000000000000e+03
2.375000000000000000e+03
1.025200000000000000e+04
3.805000000000000000e+03
4.583000000000000000e+03
8.450000000000000000e+03
1.042900000000000000e+04
6.905000000000000000e+03
6.667000000000000000e+03
4.277000000000000000e+03
8.058000000000000000e+03
5.352000000000000000e+03
3.830000000000000000e+03
6.833000000000000000e+03
3.933000000000000000e+03
3.525000000000000000e+03
9.103000000000000000e+03
1.134700000000000000e+04
5.322000000000000000e+03
4.910000000000000000e+03
1.036500000000000000e+04
5.709000000000000000e+03
2.780000000000000000e+03
6.833000000000000000e+03
6.927000000000000000e+03
3.660000000000000000e+03
3.996000000000000000e+03
1.729000000000000000e+03
5.117000000000000000e+03
6.780000000000000000e+03
8.058000000000000000e+03
5.539000000000000000e+03
1.075500000000000000e+04
1.266200000000000000e+04
6.554000000000000000e+03
1.528000000000000000e+03
1.514000000000000000e+03
1.469300000000000000e+04
4.272000000000000000e+03
2.442000000000000000e+03
9.534000000000000000e+03
3.796000000000000000e+03
1.863900000000000000e+04
6.709000000000000000e+03
8.396000000000000000e+03
3.645000000000000000e+03
5.782000000000000000e+03
8.636000000000000000e+03
6.579000000000000000e+03
4.892000000000000000e+03
6.257000000000000000e+03
7.854000000000000000e+03
1.311100000000000000e+04
2.268000000000000000e+03
4.606000000000000000e+03
1.897600000000000000e+04
7.421000000000000000e+03
3.029000000000000000e+03
5.582000000000000000e+03
3.090000000000000000e+03
2.936000000000000000e+03
7.525000000000000000e+03
1.454600000000000000e+04
3.362000000000000000e+03
5.932000000000000000e+03
3.523000000000000000e+03
9.217000000000000000e+03
1.096800000000000000e+04
7.065000000000000000e+03
4.826000000000000000e+03
5.376000000000000000e+03
6.693000000000000000e+03
1.377900000000000000e+04
8.886000000000000000e+03
1.112700000000000000e+04
1.259000000000000000e+03
3.043000000000000000e+03
1.433300000000000000e+04
2.898000000000000000e+03
6.895000000000000000e+03
9.374000000000000000e+03
2.275000000000000000e+03
1.129000000000000000e+03
7.279000000000000000e+03
7.796000000000000000e+03
9.765000000000000000e+03
3.875000000000000000e+03
1.134900000000000000e+04
2.681000000000000000e+03
1.292800000000000000e+04
2.936000000000000000e+03
9.322000000000000000e+03
6.551000000000000000e+03
7.550000000000000000e+03
3.740000000000000000e+03
5.863000000000000000e+03
2.398000000000000000e+03
6.645000000000000000e+03
7.757000000000000000e+03
9.147000000000000000e+03
3.254000000000000000e+03
3.033000000000000000e+03
8.724000000000000000e+03
2.244000000000000000e+03
7.841000000000000000e+03
5.830000000000000000e+03
4.823000000000000000e+03
4.263000000000000000e+03
1.593800000000000000e+04
7.662000000000000000e+03
4.048000000000000000e+03
2.924000000000000000e+03
3.728000000000000000e+03
7.024000000000000000e+03
5.276000000000000000e+03
6.279000000000000000e+03
5.101000000000000000e+03
7.377000000000000000e+03
3.063000000000000000e+03
3.913000000000000000e+03
1.443400000000000000e+04
2.740000000000000000e+03
2.810000000000000000e+03
2.982000000000000000e+03
1.441800000000000000e+04
1.484100000000000000e+04
3.717000000000000000e+03
1.611000000000000000e+03
3.477000000000000000e+03
6.544000000000000000e+03
4.606000000000000000e+03
7.837000000000000000e+03
5.179000000000000000e+03
2.633000000000000000e+03
7.753000000000000000e+03
1.247200000000000000e+04
6.255000000000000000e+03
6.681000000000000000e+03
6.116000000000000000e+03
3.375000000000000000e+03
2.446000000000000000e+03
8.867000000000000000e+03
7.718000000000000000e+03
4.372000000000000000e+03
7.880000000000000000e+03
4.980000000000000000e+03
4.385000000000000000e+03
5.663000000000000000e+03
1.264700000000000000e+04
1.727500000000000000e+04
2.101000000000000000e+03
6.068000000000000000e+03
3.847000000000000000e+03
1.057300000000000000e+04
2.412000000000000000e+03
6.262000000000000000e+03
3.220000000000000000e+03
9.234000000000000000e+03
4.935000000000000000e+03
5.121000000000000000e+03
3.741000000000000000e+03
1.238600000000000000e+04
1.198900000000000000e+04
1.008900000000000000e+04
2.115800000000000000e+04
5.445000000000000000e+03
1.186400000000000000e+04
3.407000000000000000e+03
5.332000000000000000e+03
3.386000000000000000e+03
4.312000000000000000e+03
1.227400000000000000e+04
5.368000000000000000e+03
3.975000000000000000e+03
3.702000000000000000e+03
6.519000000000000000e+03
9.336000000000000000e+03
8.671000000000000000e+03
2.458000000000000000e+03
3.728000000000000000e+03
1.483900000000000000e+04
5.952000000000000000e+03
6.040000000000000000e+03
5.649000000000000000e+03
2.816000000000000000e+03
4.332000000000000000e+03
5.889000000000000000e+03
4.104000000000000000e+03
1.368100000000000000e+04
1.269800000000000000e+04
1.383900000000000000e+04
6.172000000000000000e+03
6.630000000000000000e+03
7.648000000000000000e+03
8.329000000000000000e+03
4.324000000000000000e+03
3.854000000000000000e+03
2.370200000000000000e+04
3.093000000000000000e+03
7.120000000000000000e+03
2.856000000000000000e+03
1.721000000000000000e+03
4.680000000000000000e+03
5.716000000000000000e+03
9.192000000000000000e+03
1.143300000000000000e+04
1.469800000000000000e+04
4.956000000000000000e+03
1.433000000000000000e+03
1.087600000000000000e+04
1.494600000000000000e+04
3.731000000000000000e+03
1.692000000000000000e+03
6.661000000000000000e+03
3.181000000000000000e+03
4.310000000000000000e+03
7.267000000000000000e+03
5.791000000000000000e+03
1.110400000000000000e+04
4.077000000000000000e+03
8.985000000000000000e+03
6.771000000000000000e+03
9.339000000000000000e+03
3.257000000000000000e+03
3.155000000000000000e+03
8.473000000000000000e+03
7.377000000000000000e+03
1.410200000000000000e+04
9.246000000000000000e+03
1.843000000000000000e+03
6.641000000000000000e+03
8.214000000000000000e+03
3.294000000000000000e+03
5.629000000000000000e+03
9.322000000000000000e+03
6.961000000000000000e+03
6.531000000000000000e+03
7.573000000000000000e+03
7.097000000000000000e+03
7.201000000000000000e+03
4.079000000000000000e+03
2.489000000000000000e+03
7.025000000000000000e+03
1.466300000000000000e+04
4.346000000000000000e+03
4.274000000000000000e+03
6.757000000000000000e+03
5.881000000000000000e+03
6.558000000000000000e+03
3.279000000000000000e+03
1.295500000000000000e+04
4.263000000000000000e+03
1.118000000000000000e+04
1.015800000000000000e+04
1.077600000000000000e+04
6.004000000000000000e+03
1.238300000000000000e+04
4.268000000000000000e+03
1.059700000000000000e+04
2.820000000000000000e+03
1.236800000000000000e+04
7.972000000000000000e+03
4.265000000000000000e+03
9.337000000000000000e+03
3.192000000000000000e+03
6.247000000000000000e+03
1.430800000000000000e+04
6.484000000000000000e+03
1.460700000000000000e+04
9.241000000000000000e+03
9.838000000000000000e+03
1.248000000000000000e+03
3.541000000000000000e+03
4.660000000000000000e+03
8.008000000000000000e+03
2.181000000000000000e+03
2.669000000000000000e+03
8.560000000000000000e+03
6.760000000000000000e+03
2.872000000000000000e+03
1.435900000000000000e+04
1.551000000000000000e+03
1.013900000000000000e+04
4.569000000000000000e+03
1.129900000000000000e+04
2.692000000000000000e+03
1.310100000000000000e+04
4.087000000000000000e+03
1.052000000000000000e+04
4.314000000000000000e+03
2.111100000000000000e+04
4.882000000000000000e+03
9.304000000000000000e+03
5.552000000000000000e+03
2.416000000000000000e+03
8.961000000000000000e+03
7.615000000000000000e+03
8.887000000000000000e+03
4.954000000000000000e+03
9.638000000000000000e+03
5.261000000000000000e+03
4.221000000000000000e+03
6.611000000000000000e+03
7.392000000000000000e+03
1.777700000000000000e+04
7.985000000000000000e+03
9.325000000000000000e+03
5.806000000000000000e+03
1.905000000000000000e+03
6.865000000000000000e+03
7.381000000000000000e+03
5.313000000000000000e+03
7.436000000000000000e+03
1.741000000000000000e+03
5.605000000000000000e+03
1.299800000000000000e+04
2.568000000000000000e+03
8.563000000000000000e+03
1.759400000000000000e+04
3.098000000000000000e+03
4.534000000000000000e+03
4.399000000000000000e+03
3.512000000000000000e+03
4.420000000000000000e+03
4.743000000000000000e+03
2.876000000000000000e+03
7.362000000000000000e+03
9.964000000000000000e+03
1.491800000000000000e+04
5.347000000000000000e+03
2.005800000000000000e+04
6.812000000000000000e+03
5.162000000000000000e+03
1.513700000000000000e+04
1.359300000000000000e+04
8.379000000000000000e+03
2.089000000000000000e+03
5.107000000000000000e+03
4.126000000000000000e+03
8.762000000000000000e+03
4.128000000000000000e+03
3.600000000000000000e+03
2.006000000000000000e+03
3.419000000000000000e+03
4.572000000000000000e+03
8.570000000000000000e+03
1.989000000000000000e+03
2.572000000000000000e+03
7.362000000000000000e+03
3.497000000000000000e+03
4.540000000000000000e+03
7.864000000000000000e+03
1.107500000000000000e+04
1.548400000000000000e+04
7.356000000000000000e+03
2.879000000000000000e+03
5.466000000000000000e+03
6.892000000000000000e+03
3.545000000000000000e+03
5.045000000000000000e+03
2.272000000000000000e+03
1.718900000000000000e+04
1.190700000000000000e+04
6.664000000000000000e+03
4.231000000000000000e+03
9.933000000000000000e+03
3.240000000000000000e+03
1.817000000000000000e+03
2.710000000000000000e+03
3.001000000000000000e+03
4.772000000000000000e+03
8.482000000000000000e+03
8.136000000000000000e+03
8.970000000000000000e+03
1.401500000000000000e+04
2.421000000000000000e+03
1.740300000000000000e+04
5.816000000000000000e+03
2.966000000000000000e+03
7.792000000000000000e+03
7.936000000000000000e+03
5.391000000000000000e+03
4.580000000000000000e+03
1.577000000000000000e+03
1.014400000000000000e+04
4.572000000000000000e+03
2.287500000000000000e+04
3.230000000000000000e+03
1.338100000000000000e+04
3.068000000000000000e+03
5.551000000000000000e+03
5.434000000000000000e+03
6.396000000000000000e+03
2.244000000000000000e+03
8.680000000000000000e+03
4.115000000000000000e+03
8.767000000000000000e+03
3.600000000000000000e+03
2.138000000000000000e+03
4.781000000000000000e+03
7.058000000000000000e+03
9.883000000000000000e+03
1.480200000000000000e+04
3.771000000000000000e+03
5.723000000000000000e+03
4.783000000000000000e+03
3.896000000000000000e+03
6.351000000000000000e+03
6.128000000000000000e+03
3.213000000000000000e+03
3.548000000000000000e+03
7.631000000000000000e+03
1.056600000000000000e+04
7.407000000000000000e+03
1.139600000000000000e+04
5.925000000000000000e+03
2.959000000000000000e+03
2.141900000000000000e+04
8.692000000000000000e+03
1.147600000000000000e+04
1.263500000000000000e+04
9.735000000000000000e+03
3.409000000000000000e+03
1.550100000000000000e+04
2.966000000000000000e+03
1.534000000000000000e+04
3.772000000000000000e+03
2.294000000000000000e+03
3.542000000000000000e+03
4.035000000000000000e+03
1.114200000000000000e+04
9.098000000000000000e+03
1.827000000000000000e+03
3.673000000000000000e+03
2.919000000000000000e+03
1.294900000000000000e+04
4.688000000000000000e+03
4.844000000000000000e+03
8.816000000000000000e+03
9.903000000000000000e+03
3.160000000000000000e+03
8.518000000000000000e+03
3.834000000000000000e+03
5.084000000000000000e+03
1.185500000000000000e+04
5.147000000000000000e+03
4.005000000000000000e+03
3.763000000000000000e+03
5.299000000000000000e+03
2.749000000000000000e+03
7.716000000000000000e+03
7.374000000000000000e+03
5.698000000000000000e+03
3.158000000000000000e+03
5.234000000000000000e+03
5.372000000000000000e+03
1.726000000000000000e+03
2.537000000000000000e+03
8.475000000000000000e+03
9.857000000000000000e+03
4.082000000000000000e+03
4.835000000000000000e+03
1.083900000000000000e+04
2.011000000000000000e+03
7.506000000000000000e+03
1.492800000000000000e+04
8.649000000000000000e+03
3.305000000000000000e+03
3.813000000000000000e+03
4.374000000000000000e+03
4.287000000000000000e+03
6.093000000000000000e+03
3.899000000000000000e+03
2.851000000000000000e+03
9.487000000000000000e+03
8.657000000000000000e+03
6.752000000000000000e+03
4.226000000000000000e+03
8.500000000000000000e+02
5.757000000000000000e+03
2.650000000000000000e+03
2.059800000000000000e+04
2.903000000000000000e+03
4.515000000000000000e+03
3.188000000000000000e+03
7.524000000000000000e+03
7.494000000000000000e+03
1.282800000000000000e+04
7.872000000000000000e+03
2.659000000000000000e+03
1.280500000000000000e+04
1.770000000000000000e+03
1.866000000000000000e+03
1.103300000000000000e+04
3.256000000000000000e+03
1.721500000000000000e+04
5.897000000000000000e+03
7.448000000000000000e+03
6.092000000000000000e+03
4.621000000000000000e+03
3.230000000000000000e+03
4.791000000000000000e+03
1.678200000000000000e+04
5.807000000000000000e+03
3.841000000000000000e+03
3.948000000000000000e+03
4.666000000000000000e+03
4.516000000000000000e+03
6.031000000000000000e+03
1.120300000000000000e+04
5.514000000000000000e+03
8.267000000000000000e+03
1.062100000000000000e+04
4.998000000000000000e+03
2.121000000000000000e+03
3.906000000000000000e+03
6.250000000000000000e+03
6.373000000000000000e+03
7.436000000000000000e+03
4.084000000000000000e+03
3.850000000000000000e+03
7.170000000000000000e+03
2.654000000000000000e+03
6.777000000000000000e+03
6.298000000000000000e+03
1.734000000000000000e+03
4.971000000000000000e+03
1.376700000000000000e+04
4.564000000000000000e+03
3.654000000000000000e+03
8.180000000000000000e+03
7.548000000000000000e+03
1.705000000000000000e+03
6.748000000000000000e+03
1.039600000000000000e+04
1.011800000000000000e+04
4.874000000000000000e+03
5.135000000000000000e+03
4.824000000000000000e+03
8.883000000000000000e+03
4.633000000000000000e+03
6.543000000000000000e+03
7.483000000000000000e+03
2.817000000000000000e+03
2.500000000000000000e+03
7.923000000000000000e+03
4.289000000000000000e+03
7.071000000000000000e+03
2.152000000000000000e+03
6.799000000000000000e+03
6.692000000000000000e+03
2.911000000000000000e+03
7.562000000000000000e+03
3.743000000000000000e+03
5.328000000000000000e+03
5.844000000000000000e+03
1.320500000000000000e+04
8.950000000000000000e+03
3.273000000000000000e+03
5.695000000000000000e+03
4.587000000000000000e+03
4.951000000000000000e+03
8.976000000000000000e+03
3.557000000000000000e+03
9.477000000000000000e+03
1.711000000000000000e+04
3.083000000000000000e+03
1.193500000000000000e+04
5.817000000000000000e+03
3.788000000000000000e+03
9.268000000000000000e+03
7.044000000000000000e+03
6.203000000000000000e+03
3.903000000000000000e+03
2.498000000000000000e+03
1.569000000000000000e+03
4.199000000000000000e+03
7.142000000000000000e+03
1.314000000000000000e+04
1.036400000000000000e+04
4.557000000000000000e+03
4.629000000000000000e+03
7.024000000000000000e+03
1.240900000000000000e+04
1.267500000000000000e+04
2.925000000000000000e+03
1.081300000000000000e+04
4.800000000000000000e+03
3.793000000000000000e+03
5.237000000000000000e+03
9.992000000000000000e+03
1.518000000000000000e+03
4.202000000000000000e+03
1.286600000000000000e+04
1.125900000000000000e+04
5.914000000000000000e+03
6.234000000000000000e+03
8.436000000000000000e+03
3.932000000000000000e+03
8.129000000000000000e+03
6.385000000000000000e+03
2.448000000000000000e+03
9.351000000000000000e+03
2.307200000000000000e+04
2.333000000000000000e+03
3.141000000000000000e+03
3.562000000000000000e+03
5.094000000000000000e+03
6.496000000000000000e+03
5.218000000000000000e+03
4.303000000000000000e+03
7.435000000000000000e+03
8.813000000000000000e+03
5.853000000000000000e+03
3.168000000000000000e+03
7.439000000000000000e+03
4.344000000000000000e+03
4.876000000000000000e+03
1.013500000000000000e+04
8.176000000000000000e+03
1.090700000000000000e+04
5.273000000000000000e+03
4.228000000000000000e+03
1.025000000000000000e+04
1.503600000000000000e+04
5.582000000000000000e+03
2.140000000000000000e+03
2.662000000000000000e+03
4.283000000000000000e+03
5.240000000000000000e+03
6.686000000000000000e+03
6.290000000000000000e+03
1.037400000000000000e+04
6.839000000000000000e+03
6.247000000000000000e+03
1.525000000000000000e+03
6.355000000000000000e+03
3.636000000000000000e+03
1.834900000000000000e+04
1.484500000000000000e+04
6.561000000000000000e+03
1.763700000000000000e+04
1.066000000000000000e+04
2.134000000000000000e+03
4.260000000000000000e+03
3.767000000000000000e+03
5.546000000000000000e+03
3.500000000000000000e+03
9.070000000000000000e+03
4.778000000000000000e+03
5.192000000000000000e+03
1.202900000000000000e+04
2.429000000000000000e+03
4.099000000000000000e+03
8.059000000000000000e+03
1.455000000000000000e+04
7.153000000000000000e+03
3.873000000000000000e+03
1.517600000000000000e+04
1.096600000000000000e+04
1.378300000000000000e+04
7.339000000000000000e+03
2.870000000000000000e+03
1.897000000000000000e+03
9.000000000000000000e+03
3.541000000000000000e+03
4.009000000000000000e+03
5.345000000000000000e+03
3.157000000000000000e+03
6.607000000000000000e+03
1.360100000000000000e+04
6.086000000000000000e+03
4.138000000000000000e+03
6.870000000000000000e+03
5.416000000000000000e+03
2.926000000000000000e+03
4.181000000000000000e+03
3.897000000000000000e+03
4.225000000000000000e+03
2.928000000000000000e+03
3.999000000000000000e+03
9.155000000000000000e+03
4.148000000000000000e+03
7.251000000000000000e+03
6.409000000000000000e+03
1.514900000000000000e+04
2.694000000000000000e+03
1.446000000000000000e+03
1.104900000000000000e+04
4.870000000000000000e+03
4.074000000000000000e+03
5.460000000000000000e+03
9.937000000000000000e+03
2.466000000000000000e+03
3.987000000000000000e+03
6.166000000000000000e+03
1.159800000000000000e+04
1.280900000000000000e+04
7.183000000000000000e+03
7.286000000000000000e+03
7.616000000000000000e+03
2.445000000000000000e+03
7.322000000000000000e+03
9.349000000000000000e+03
2.053400000000000000e+04
4.437000000000000000e+03
4.477000000000000000e+03
8.442000000000000000e+03
4.613000000000000000e+03
1.618000000000000000e+03
2.748000000000000000e+03
4.795000000000000000e+03
6.043000000000000000e+03
5.634000000000000000e+03
4.529000000000000000e+03
5.329000000000000000e+03
5.977000000000000000e+03
5.050000000000000000e+03
9.039000000000000000e+03
2.150900000000000000e+04
3.577000000000000000e+03
6.011000000000000000e+03
4.201000000000000000e+03
1.196000000000000000e+04
5.840000000000000000e+03
5.815000000000000000e+03
3.526000000000000000e+03
6.721000000000000000e+03
7.003000000000000000e+03
1.288000000000000000e+03
8.354000000000000000e+03
6.171000000000000000e+03
5.179000000000000000e+03
5.677000000000000000e+03
4.227000000000000000e+03
2.438000000000000000e+03
1.201300000000000000e+04
3.460000000000000000e+03
3.438000000000000000e+03
5.922000000000000000e+03
4.431000000000000000e+03
6.020000000000000000e+03
1.278300000000000000e+04
2.998000000000000000e+03
4.121000000000000000e+03
5.313000000000000000e+03
1.712200000000000000e+04
1.426900000000000000e+04
8.306000000000000000e+03
9.298000000000000000e+03
4.788000000000000000e+03
9.125000000000000000e+03
2.319000000000000000e+03
8.751000000000000000e+03
7.392000000000000000e+03
4.031000000000000000e+03
5.942000000000000000e+03
4.912000000000000000e+03
3.366000000000000000e+03
3.419000000000000000e+03
9.551000000000000000e+03
4.012000000000000000e+03
1.292800000000000000e+04
6.439000000000000000e+03
4.033000000000000000e+03
5.091000000000000000e+03
2.826000000000000000e+03
3.083400000000000000e+04
3.119000000000000000e+03
1.450300000000000000e+04
6.732000000000000000e+03
1.313300000000000000e+04
6.336000000000000000e+03
4.411000000000000000e+03
7.651000000000000000e+03
2.375000000000000000e+03
3.816000000000000000e+03
1.131200000000000000e+04
5.813000000000000000e+03
6.711000000000000000e+03
1.308600000000000000e+04
2.568000000000000000e+03
1.425900000000000000e+04
4.341000000000000000e+03
6.998000000000000000e+03
2.733000000000000000e+03
4.963000000000000000e+03
1.584300000000000000e+04
1.240100000000000000e+04
3.424000000000000000e+03
7.444000000000000000e+03
1.160000000000000000e+03
2.823000000000000000e+03
5.011000000000000000e+03
2.324000000000000000e+03
4.912000000000000000e+03
7.075000000000000000e+03
3.858000000000000000e+03
5.722000000000000000e+03
2.107600000000000000e+04
1.629000000000000000e+03
4.444000000000000000e+03
7.419000000000000000e+03
7.355000000000000000e+03
7.808000000000000000e+03
5.107000000000000000e+03
1.468700000000000000e+04
1.914800000000000000e+04
4.738000000000000000e+03
9.495000000000000000e+03
8.953000000000000000e+03
7.367000000000000000e+03
2.948000000000000000e+03
2.730000000000000000e+03
7.857000000000000000e+03
2.637000000000000000e+03
7.089000000000000000e+03
1.816000000000000000e+03
4.562000000000000000e+03
7.902000000000000000e+03
2.685000000000000000e+03
6.304000000000000000e+03
2.349600000000000000e+04
1.423700000000000000e+04
4.249000000000000000e+03
5.728000000000000000e+03
6.737000000000000000e+03
5.734000000000000000e+03
4.064000000000000000e+03
1.734600000000000000e+04
3.485000000000000000e+03
6.155000000000000000e+03
5.393000000000000000e+03
8.270000000000000000e+03
6.292000000000000000e+03
9.128000000000000000e+03
5.416000000000000000e+03
8.605000000000000000e+03
2.984000000000000000e+03
5.505000000000000000e+03
2.564000000000000000e+03
1.750900000000000000e+04
2.577200000000000000e+04
3.390000000000000000e+03
1.052200000000000000e+04
1.382100000000000000e+04
1.051200000000000000e+04
5.380000000000000000e+03
5.284000000000000000e+03
3.719000000000000000e+03
3.227000000000000000e+03
4.462000000000000000e+03
1.249000000000000000e+04
4.746000000000000000e+03
5.943000000000000000e+03
5.284000000000000000e+03
8.533000000000000000e+03
9.880000000000000000e+03
2.574000000000000000e+03
1.024900000000000000e+04
2.308000000000000000e+03
3.347000000000000000e+03
2.936000000000000000e+03
3.424000000000000000e+03
3.834000000000000000e+03
7.914000000000000000e+03
6.665000000000000000e+03
6.042000000000000000e+03
6.232000000000000000e+03
5.026000000000000000e+03
4.636000000000000000e+03
5.590000000000000000e+03
6.577000000000000000e+03
1.860900000000000000e+04
1.355800000000000000e+04
