4.448000000000000000e+03
5.539000000000000000e+03
7.672000000000000000e+03
9.547000000000000000e+03
7.905000000000000000e+03
3.764000000000000000e+03
3.321000000000000000e+03
1.431500000000000000e+04
1.577400000000000000e+04
1.167100000000000000e+04
8.806000000000000000e+03
1.787400000000000000e+04
9.776000000000000000e+03
4.160000000000000000e+03
1.473000000000000000e+03
4.002000000000000000e+03
3.933000000000000000e+03
5.179000000000000000e+03
2.287000000000000000e+03
1.184700000000000000e+04
9.089000000000000000e+03
2.162800000000000000e+04
3.862000000000000000e+03
4.321000000000000000e+03
1.894200000000000000e+04
1.015100000000000000e+04
5.436000000000000000e+03
6.796000000000000000e+03
6.212000000000000000e+03
2.447500000000000000e+04
1.336100000000000000e+04
5.724000000000000000e+03
1.019200000000000000e+04
2.198300000000000000e+04
4.390000000000000000e+03
1.657100000000000000e+04
4.222000000000000000e+03
1.133600000000000000e+04
2.930000000000000000e+03
1.000700000000000000e+04
3.197000000000000000e+03
1.076400000000000000e+04
4.221000000000000000e+03
3.820000000000000000e+03
4.495000000000000000e+03
4.131000000000000000e+03
5.340000000000000000e+03
4.434000000000000000e+03
7.729000000000000000e+03
7.745000000000000000e+03
7.875000000000000000e+03
5.897000000000000000e+03
1.292000000000000000e+04
7.353000000000000000e+03
4.921000000000000000e+03
7.487000000000000000e+03
4.446000000000000000e+03
8.602000000000000000e+03
8.235000000000000000e+03
4.892000000000000000e+03
1.162700000000000000e+04
6.763000000000000000e+03
8.104000000000000000e+03
2.114000000000000000e+04
1.680000000000000000e+04
2.192100000000000000e+04
7.717000000000000000e+03
5.185000000000000000e+03
1.037800000000000000e+04
5.584000000000000000e+03
9.369000000000000000e+03
6.979000000000000000e+03
3.632000000000000000e+03
8.203000000000000000e+03
5.156000000000000000e+03
6.826000000000000000e+03
3.268000000000000000e+03
1.031500000000000000e+04
4.060000000000000000e+03
4.008000000000000000e+03
9.394000000000000000e+03
9.880000000000000000e+03
3.048600000000000000e+04
1.235700000000000000e+04
3.831000000000000000e+03
7.623000000000000000e+03
1.019900000000000000e+04
6.003000000000000000e+03
1.783900000000000000e+04
5.491000000000000000e+03
1.777200000000000000e+04
1.370900000000000000e+04
6.894000000000000000e+03
4.885000000000000000e+03
1.142800000000000000e+04
3.416000000000000000e+03
7.239000000000000000e+03
6.032000000000000000e+03
2.672800000000000000e+04
6.577000000000000000e+03
3.460000000000000000e+03
1.457800000000000000e+04
2.855000000000000000e+03
6.815000000000000000e+03
1.070700000000000000e+04
4.600000000000000000e+03
6.383000000000000000e+03
9.086000000000000000e+03
1.032800000000000000e+04
7.750000000000000000e+03
8.669000000000000000e+03
1.346800000000000000e+04
2.793200000000000000e+04
1.169800000000000000e+04
8.431000000000000000e+03
1.441900000000000000e+04
3.565000000000000000e+03
7.155000000000000000e+03
8.717000000000000000e+03
2.655300000000000000e+04
4.438000000000000000e+03
1.152600000000000000e+04
6.840000000000000000e+03
5.949000000000000000e+03
2.783000000000000000e+03
3.393000000000000000e+03
1.223600000000000000e+04
9.133000000000000000e+03
3.064000000000000000e+03
6.383000000000000000e+03
9.510000000000000000e+03
1.017600000000000000e+04
3.752000000000000000e+03
1.230300000000000000e+04
1.136700000000000000e+04
1.980000000000000000e+03
1.115200000000000000e+04
1.431800000000000000e+04
7.802000000000000000e+03
4.050000000000000000e+03
1.652500000000000000e+04
6.484000000000000000e+03
6.838000000000000000e+03
4.295000000000000000e+03
1.222800000000000000e+04
6.396000000000000000e+03
7.797000000000000000e+03
8.360000000000000000e+03
1.154200000000000000e+04
6.580000000000000000e+03
8.497000000000000000e+03
4.146000000000000000e+03
1.408600000000000000e+04
1.277700000000000000e+04
8.203000000000000000e+03
3.868000000000000000e+03
1.608200000000000000e+04
6.130000000000000000e+03
5.160000000000000000e+03
3.874000000000000000e+03
1.056700000000000000e+04
7.070000000000000000e+03
2.993000000000000000e+03
5.422000000000000000e+03
2.441900000000000000e+04
5.101000000000000000e+03
1.441000000000000000e+03
7.376000000000000000e+03
8.932000000000000000e+03
5.045000000000000000e+03
1.864000000000000000e+04
4.507000000000000000e+03
2.002000000000000000e+03
2.924000000000000000e+03
7.301000000000000000e+03
1.736000000000000000e+03
1.428500000000000000e+04
3.166000000000000000e+03
1.666500000000000000e+04
4.895000000000000000e+03
6.948000000000000000e+03
6.986000000000000000e+03
3.848000000000000000e+03
3.040400000000000000e+04
8.650000000000000000e+03
6.418000000000000000e+03
4.672000000000000000e+03
6.336000000000000000e+03
7.432000000000000000e+03
1.237500000000000000e+04
1.611200000000000000e+04
2.089400000000000000e+04
6.125000000000000000e+03
4.933000000000000000e+03
8.477000000000000000e+03
8.381000000000000000e+03
8.890000000000000000e+03
4.389000000000000000e+03
1.159400000000000000e+04
4.346000000000000000e+03
7.632000000000000000e+03
1.165700000000000000e+04
1.128000000000000000e+04
1.413100000000000000e+04
2.142500000000000000e+04
8.828000000000000000e+03
4.155000000000000000e+03
6.121000000000000000e+03
5.035000000000000000e+03
4.848000000000000000e+03
5.862000000000000000e+03
5.558000000000000000e+03
3.116000000000000000e+03
1.012000000000000000e+04
3.866000000000000000e+03
4.773000000000000000e+03
6.530000000000000000e+03
3.280000000000000000e+03
1.737500000000000000e+04
9.448000000000000000e+03
5.100000000000000000e+03
6.495000000000000000e+03
1.282300000000000000e+04
5.583000000000000000e+03
3.328000000000000000e+03
3.137000000000000000e+03
3.963000000000000000e+03
4.435000000000000000e+03
9.969000000000000000e+03
3.048000000000000000e+03
3.084000000000000000e+03
1.347600000000000000e+04
1.475000000000000000e+04
2.594000000000000000e+03
6.144000000000000000e+03
1.170000000000000000e+04
6.016000000000000000e+03
6.155000000000000000e+03
5.050000000000000000e+03
1.329500000000000000e+04
8.629000000000000000e+03
9.411000000000000000e+03
6.222000000000000000e+03
8.990000000000000000e+03
9.349000000000000000e+03
7.138000000000000000e+03
6.109000000000000000e+03
6.975000000000000000e+03
9.941000000000000000e+03
2.195100000000000000e+04
7.598000000000000000e+03
3.410000000000000000e+03
5.415000000000000000e+03
9.830000000000000000e+03
4.046000000000000000e+03
9.184000000000000000e+03
1.786700000000000000e+04
1.126600000000000000e+04
4.277000000000000000e+03
7.742000000000000000e+03
6.468000000000000000e+03
1.810700000000000000e+04
6.669000000000000000e+03
8.805000000000000000e+03
7.685000000000000000e+03
3.314000000000000000e+03
7.360000000000000000e+03
5.534000000000000000e+03
1.711500000000000000e+04
1.322500000000000000e+04
1.628900000000000000e+04
3.364000000000000000e+03
6.474000000000000000e+03
5.294000000000000000e+03
3.013000000000000000e+03
8.957000000000000000e+03
2.436000000000000000e+03
2.589000000000000000e+03
9.620000000000000000e+03
5.320000000000000000e+03
1.626300000000000000e+04
7.748000000000000000e+03
1.440800000000000000e+04
1.694800000000000000e+04
1.063400000000000000e+04
3.531000000000000000e+03
1.413700000000000000e+04
6.736000000000000000e+03
6.433000000000000000e+03
9.910000000000000000e+03
3.111000000000000000e+03
1.449700000000000000e+04
1.381100000000000000e+04
5.472000000000000000e+03
6.580000000000000000e+03
2.292000000000000000e+03
1.046100000000000000e+04
3.295000000000000000e+03
9.718000000000000000e+03
2.798000000000000000e+03
2.285000000000000000e+03
1.183800000000000000e+04
9.720000000000000000e+03
8.046000000000000000e+03
5.621000000000000000e+03
4.569000000000000000e+03
1.903500000000000000e+04
9.972000000000000000e+03
7.130000000000000000e+03
1.097000000000000000e+04
1.102700000000000000e+04
1.037300000000000000e+04
1.616300000000000000e+04
5.733000000000000000e+03
4.789000000000000000e+03
1.475300000000000000e+04
4.295000000000000000e+03
1.378100000000000000e+04
5.084000000000000000e+03
6.751000000000000000e+03
3.876000000000000000e+03
1.145100000000000000e+04
3.516000000000000000e+03
1.698600000000000000e+04
1.947700000000000000e+04
5.936000000000000000e+03
3.162000000000000000e+03
1.054300000000000000e+04
6.356000000000000000e+03
4.316000000000000000e+03
5.574000000000000000e+03
6.518000000000000000e+03
7.641000000000000000e+03
1.132700000000000000e+04
4.947000000000000000e+03
6.599000000000000000e+03
2.962000000000000000e+03
5.371000000000000000e+03
5.549000000000000000e+03
6.036000000000000000e+03
1.082400000000000000e+04
6.278000000000000000e+03
4.934000000000000000e+03
1.060500000000000000e+04
4.487000000000000000e+03
8.386000000000000000e+03
2.670000000000000000e+03
5.585000000000000000e+03
3.569000000000000000e+03
1.344500000000000000e+04
2.898000000000000000e+03
8.025000000000000000e+03
3.388000000000000000e+03
6.968000000000000000e+03
9.640000000000000000e+03
2.478000000000000000e+03
3.758000000000000000e+03
2.845000000000000000e+04
1.358900000000000000e+04
9.962000000000000000e+03
8.266000000000000000e+03
2.761300000000000000e+04
4.265000000000000000e+03
9.178000000000000000e+03
1.369700000000000000e+04
7.893000000000000000e+03
2.026000000000000000e+03
5.469000000000000000e+03
1.388400000000000000e+04
6.984000000000000000e+03
8.707000000000000000e+03
3.592000000000000000e+03
1.455500000000000000e+04
1.316700000000000000e+04
5.249000000000000000e+03
3.783000000000000000e+03
3.753000000000000000e+03
4.127000000000000000e+03
8.308000000000000000e+03
1.069400000000000000e+04
4.173000000000000000e+03
1.358800000000000000e+04
4.571000000000000000e+03
8.536000000000000000e+03
9.032000000000000000e+03
6.324000000000000000e+03
6.477000000000000000e+03
4.733000000000000000e+03
9.862000000000000000e+03
1.033400000000000000e+04
8.302000000000000000e+03
6.837000000000000000e+03
9.196000000000000000e+03
5.746000000000000000e+03
8.370000000000000000e+03
7.045000000000000000e+03
6.502000000000000000e+03
4.338000000000000000e+03
5.313000000000000000e+03
8.467000000000000000e+03
1.404200000000000000e+04
1.195600000000000000e+04
1.191500000000000000e+04
8.263000000000000000e+03
6.737000000000000000e+03
6.382000000000000000e+03
4.181000000000000000e+03
4.043000000000000000e+03
8.694000000000000000e+03
4.891000000000000000e+03
5.725000000000000000e+03
5.741000000000000000e+03
1.870200000000000000e+04
7.989000000000000000e+03
1.794200000000000000e+04
1.210900000000000000e+04
4.381000000000000000e+03
2.934000000000000000e+03
6.322000000000000000e+03
4.747000000000000000e+03
2.392700000000000000e+04
8.666000000000000000e+03
3.950000000000000000e+03
1.396300000000000000e+04
6.853000000000000000e+03
6.573000000000000000e+03
1.008900000000000000e+04
2.699000000000000000e+03
2.160000000000000000e+04
8.915000000000000000e+03
4.414000000000000000e+03
1.165900000000000000e+04
3.092200000000000000e+04
6.708000000000000000e+03
2.577100000000000000e+04
6.881000000000000000e+03
3.731000000000000000e+03
1.054700000000000000e+04
1.289700000000000000e+04
1.342800000000000000e+04
7.210000000000000000e+03
1.278400000000000000e+04
4.576000000000000000e+03
7.616000000000000000e+03
8.579000000000000000e+03
1.869600000000000000e+04
3.893000000000000000e+03
1.749300000000000000e+04
5.451000000000000000e+03
3.734000000000000000e+03
7.052000000000000000e+03
8.259000000000000000e+03
9.593000000000000000e+03
4.572000000000000000e+03
1.235200000000000000e+04
4.734000000000000000e+03
4.574000000000000000e+03
1.054400000000000000e+04
4.620000000000000000e+03
7.488000000000000000e+03
3.152000000000000000e+03
7.821000000000000000e+03
1.229000000000000000e+04
5.578000000000000000e+03
6.701000000000000000e+03
3.987000000000000000e+03
1.798600000000000000e+04
4.865000000000000000e+03
5.928000000000000000e+03
1.388800000000000000e+04
7.053000000000000000e+03
5.893000000000000000e+03
2.163900000000000000e+04
5.401000000000000000e+03
4.003000000000000000e+03
3.092000000000000000e+03
9.647000000000000000e+03
9.123000000000000000e+03
6.288000000000000000e+03
4.684000000000000000e+03
4.299000000000000000e+03
5.505000000000000000e+03
8.272000000000000000e+03
3.198400000000000000e+04
3.741000000000000000e+03
9.959000000000000000e+03
4.007000000000000000e+03
1.126500000000000000e+04
1.036500000000000000e+04
3.929000000000000000e+03
4.038000000000000000e+03
1.931700000000000000e+04
1.210500000000000000e+04
8.760000000000000000e+03
7.476000000000000000e+03
6.329000000000000000e+03
2.165800000000000000e+04
2.572000000000000000e+03
8.039000000000000000e+03
1.640700000000000000e+04
4.993000000000000000e+03
3.214000000000000000e+03
1.300100000000000000e+04
1.731900000000000000e+04
2.251400000000000000e+04
3.154000000000000000e+03
7.474000000000000000e+03
1.587600000000000000e+04
1.191200000000000000e+04
6.170000000000000000e+03
4.858000000000000000e+03
1.340700000000000000e+04
8.495000000000000000e+03
1.340900000000000000e+04
1.167900000000000000e+04
2.282100000000000000e+04
2.822000000000000000e+03
1.872700000000000000e+04
1.338200000000000000e+04
9.442000000000000000e+03
5.696000000000000000e+03
9.004000000000000000e+03
4.393000000000000000e+03
3.120000000000000000e+03
2.732000000000000000e+03
6.774000000000000000e+03
5.101000000000000000e+03
7.134000000000000000e+03
1.195900000000000000e+04
3.701000000000000000e+03
5.719000000000000000e+03
1.088300000000000000e+04
1.065900000000000000e+04
2.253000000000000000e+03
8.500000000000000000e+03
3.321000000000000000e+03
5.409000000000000000e+03
1.068900000000000000e+04
3.494000000000000000e+03
1.680400000000000000e+04
7.967000000000000000e+03
1.440700000000000000e+04
1.083700000000000000e+04
7.742000000000000000e+03
4.326000000000000000e+03
6.207000000000000000e+03
1.618600000000000000e+04
5.878000000000000000e+03
2.510000000000000000e+03
4.237000000000000000e+03
2.560800000000000000e+04
1.080200000000000000e+04
1.518400000000000000e+04
1.011500000000000000e+04
6.311000000000000000e+03
4.796000000000000000e+03
9.231000000000000000e+03
2.810800000000000000e+04
1.808800000000000000e+04
1.698500000000000000e+04
4.896000000000000000e+03
8.943000000000000000e+03
4.386000000000000000e+03
2.493000000000000000e+03
8.638000000000000000e+03
3.214000000000000000e+03
6.780000000000000000e+03
4.548000000000000000e+03
1.004300000000000000e+04
5.578000000000000000e+03
1.382900000000000000e+04
1.086400000000000000e+04
4.168000000000000000e+03
1.117400000000000000e+04
1.166900000000000000e+04
5.751000000000000000e+03
9.618000000000000000e+03
3.334000000000000000e+03
1.506900000000000000e+04
8.145000000000000000e+03
1.859800000000000000e+04
8.105000000000000000e+03
5.164000000000000000e+03
6.576000000000000000e+03
1.132900000000000000e+04
2.373800000000000000e+04
9.858000000000000000e+03
1.259800000000000000e+04
9.333000000000000000e+03
5.092000000000000000e+03
4.962000000000000000e+03
5.824000000000000000e+03
8.421000000000000000e+03
5.786000000000000000e+03
1.136600000000000000e+04
1.368600000000000000e+04
7.196000000000000000e+03
3.270000000000000000e+03
7.926000000000000000e+03
3.718000000000000000e+03
1.840200000000000000e+04
1.125000000000000000e+04
6.903000000000000000e+03
5.734000000000000000e+03
3.557000000000000000e+03
4.511000000000000000e+03
1.217900000000000000e+04
8.706000000000000000e+03
5.903000000000000000e+03
1.281500000000000000e+04
8.521000000000000000e+03
6.872000000000000000e+03
1.032700000000000000e+04
1.762000000000000000e+03
5.065000000000000000e+03
9.330000000000000000e+03
1.017200000000000000e+04
5.021000000000000000e+03
6.955000000000000000e+03
9.687000000000000000e+03
4.364000000000000000e+03
1.201000000000000000e+04
3.753000000000000000e+03
4.813000000000000000e+03
4.585000000000000000e+03
1.308000000000000000e+04
2.251300000000000000e+04
1.050600000000000000e+04
5.658000000000000000e+03
9.364000000000000000e+03
1.216200000000000000e+04
2.017600000000000000e+04
9.474000000000000000e+03
2.381000000000000000e+03
8.655000000000000000e+03
6.088000000000000000e+03
5.068000000000000000e+03
1.334900000000000000e+04
6.620000000000000000e+03
6.619000000000000000e+03
9.031000000000000000e+03
1.112300000000000000e+04
6.100000000000000000e+03
1.820600000000000000e+04
7.624000000000000000e+03
1.274400000000000000e+04
2.858000000000000000e+03
1.570200000000000000e+04
5.099000000000000000e+03
1.533900000000000000e+04
2.451000000000000000e+03
6.187000000000000000e+03
9.038000000000000000e+03
5.373000000000000000e+03
7.035000000000000000e+03
5.013000000000000000e+03
3.766000000000000000e+03
1.025200000000000000e+04
1.499500000000000000e+04
3.009000000000000000e+03
1.377500000000000000e+04
1.835000000000000000e+03
9.785000000000000000e+03
2.414000000000000000e+03
7.044000000000000000e+03
5.657000000000000000e+03
2.780000000000000000e+03
2.089400000000000000e+04
2.842000000000000000e+03
1.244700000000000000e+04
6.266000000000000000e+03
7.422000000000000000e+03
3.476200000000000000e+04
1.372300000000000000e+04
1.480000000000000000e+03
6.274000000000000000e+03
5.598000000000000000e+03
4.289000000000000000e+03
1.076300000000000000e+04
1.238100000000000000e+04
3.124000000000000000e+03
3.880000000000000000e+03
8.382000000000000000e+03
8.342000000000000000e+03
3.425000000000000000e+03
4.561000000000000000e+03
1.070800000000000000e+04
8.845000000000000000e+03
1.392300000000000000e+04
6.587000000000000000e+03
2.044000000000000000e+03
8.966000000000000000e+03
1.357900000000000000e+04
4.816000000000000000e+03
8.173000000000000000e+03
4.606000000000000000e+03
5.769000000000000000e+03
6.717000000000000000e+03
4.206000000000000000e+03
6.087000000000000000e+03
8.972000000000000000e+03
6.473000000000000000e+03
5.663000000000000000e+03
1.849000000000000000e+03
3.857000000000000000e+03
1.105200000000000000e+04
9.717000000000000000e+03
3.212000000000000000e+03
9.390000000000000000e+03
3.637000000000000000e+03
2.403500000000000000e+04
8.331000000000000000e+03
6.960000000000000000e+03
6.288000000000000000e+03
9.194000000000000000e+03
8.948000000000000000e+03
5.217000000000000000e+03
1.672100000000000000e+04
1.267000000000000000e+04
6.288000000000000000e+03
1.276400000000000000e+04
5.005000000000000000e+03
1.454600000000000000e+04
2.503000000000000000e+03
6.915000000000000000e+03
7.522000000000000000e+03
3.762000000000000000e+03
5.253000000000000000e+03
9.852000000000000000e+03
1.106400000000000000e+04
8.897000000000000000e+03
1.298000000000000000e+04
7.856000000000000000e+03
1.866200000000000000e+04
1.555400000000000000e+04
3.329000000000000000e+03
7.930000000000000000e+03
3.098000000000000000e+03
6.212000000000000000e+03
6.582000000000000000e+03
2.343000000000000000e+03
1.524900000000000000e+04
4.032000000000000000e+03
1.411600000000000000e+04
5.798000000000000000e+03
6.425000000000000000e+03
6.732000000000000000e+03
2.135700000000000000e+04
4.888000000000000000e+03
8.834000000000000000e+03
8.351000000000000000e+03
7.910000000000000000e+03
1.137000000000000000e+04
4.622000000000000000e+03
2.723000000000000000e+03
1.149000000000000000e+04
4.325800000000000000e+04
1.257900000000000000e+04
4.434000000000000000e+03
1.186500000000000000e+04
5.410000000000000000e+03
7.470000000000000000e+03
6.152000000000000000e+03
4.393000000000000000e+03
6.818000000000000000e+03
7.079000000000000000e+03
1.623400000000000000e+04
3.672000000000000000e+03
3.098000000000000000e+03
2.919000000000000000e+03
7.695000000000000000e+03
6.063000000000000000e+03
8.208000000000000000e+03
6.580000000000000000e+03
7.574000000000000000e+03
7.535000000000000000e+03
4.714000000000000000e+03
4.938000000000000000e+03
1.376700000000000000e+04
1.459900000000000000e+04
8.064000000000000000e+03
3.677000000000000000e+03
1.067200000000000000e+04
6.177000000000000000e+03
6.620000000000000000e+03
5.690000000000000000e+03
5.472000000000000000e+03
4.328000000000000000e+03
5.423000000000000000e+03
1.296200000000000000e+04
1.100000000000000000e+04
1.078300000000000000e+04
8.145000000000000000e+03
4.556000000000000000e+03
1.733700000000000000e+04
9.324000000000000000e+03
1.411000000000000000e+04
5.801000000000000000e+03
4.579000000000000000e+03
9.774000000000000000e+03
3.203000000000000000e+03
1.763000000000000000e+04
4.380000000000000000e+03
3.297000000000000000e+03
1.289800000000000000e+04
1.142100000000000000e+04
1.793600000000000000e+04
2.248900000000000000e+04
6.868000000000000000e+03
1.472900000000000000e+04
7.093000000000000000e+03
8.272000000000000000e+03
4.465000000000000000e+03
1.190600000000000000e+04
6.835000000000000000e+03
1.524000000000000000e+03
1.306900000000000000e+04
7.598000000000000000e+03
7.727000000000000000e+03
9.012000000000000000e+03
1.879800000000000000e+04
5.787000000000000000e+03
1.149400000000000000e+04
6.562000000000000000e+03
3.151000000000000000e+03
4.648000000000000000e+03
1.459000000000000000e+03
7.897000000000000000e+03
5.309000000000000000e+03
1.169300000000000000e+04
7.582000000000000000e+03
4.429000000000000000e+03
7.116000000000000000e+03
1.270200000000000000e+04
4.383000000000000000e+03
5.852000000000000000e+03
1.498000000000000000e+04
1.015200000000000000e+04
5.241000000000000000e+03
7.463000000000000000e+03
6.813000000000000000e+03
5.975000000000000000e+03
6.778000000000000000e+03
1.430600000000000000e+04
6.480000000000000000e+03
1.484800000000000000e+04
4.146000000000000000e+03
4.533000000000000000e+03
9.419000000000000000e+03
1.308500000000000000e+04
2.525000000000000000e+03
5.349000000000000000e+03
4.707000000000000000e+03
5.450000000000000000e+03
1.518500000000000000e+04
4.833000000000000000e+03
3.470000000000000000e+03
6.408000000000000000e+03
9.858000000000000000e+03
1.182100000000000000e+04
4.619000000000000000e+03
5.226000000000000000e+03
1.130800000000000000e+04
6.215000000000000000e+03
2.605000000000000000e+03
1.081900000000000000e+04
4.652000000000000000e+03
8.903000000000000000e+03
5.117000000000000000e+03
5.616000000000000000e+03
9.805000000000000000e+03
1.517400000000000000e+04
2.050100000000000000e+04
1.222800000000000000e+04
1.135800000000000000e+04
2.072000000000000000e+03
7.418000000000000000e+03
4.939000000000000000e+03
5.752000000000000000e+03
1.274600000000000000e+04
4.415000000000000000e+03
8.834000000000000000e+03
1.515600000000000000e+04
5.772000000000000000e+03
9.875000000000000000e+03
1.697900000000000000e+04
1.774900000000000000e+04
1.582400000000000000e+04
7.688000000000000000e+03
7.879000000000000000e+03
1.493100000000000000e+04
8.900000000000000000e+03
7.361000000000000000e+03
7.159000000000000000e+03
8.279000000000000000e+03
4.994000000000000000e+03
2.121000000000000000e+03
3.087000000000000000e+03
1.387100000000000000e+04
2.499000000000000000e+03
1.086400000000000000e+04
4.002000000000000000e+03
5.765000000000000000e+03
1.375400000000000000e+04
3.235000000000000000e+03
5.010000000000000000e+03
8.740000000000000000e+03
1.289500000000000000e+04
1.083200000000000000e+04
1.174000000000000000e+04
2.763000000000000000e+03
1.601200000000000000e+04
8.114000000000000000e+03
1.638000000000000000e+04
1.173500000000000000e+04
3.874200000000000000e+04
1.380000000000000000e+04
1.064400000000000000e+04
7.387000000000000000e+03
4.955000000000000000e+03
1.750200000000000000e+04
6.280000000000000000e+03
6.635000000000000000e+03
1.198800000000000000e+04
5.444000000000000000e+03
1.152800000000000000e+04
7.537000000000000000e+03
1.923400000000000000e+04
4.825000000000000000e+03
5.637000000000000000e+03
4.202000000000000000e+03
7.859000000000000000e+03
1.424300000000000000e+04
1.206100000000000000e+04
1.081200000000000000e+04
2.018300000000000000e+04
1.190900000000000000e+04
5.488000000000000000e+03
2.804000000000000000e+03
3.741000000000000000e+03
1.320400000000000000e+04
1.407800000000000000e+04
1.816300000000000000e+04
6.197000000000000000e+03
7.648000000000000000e+03
1.066400000000000000e+04
5.648000000000000000e+03
1.119800000000000000e+04
8.636000000000000000e+03
2.635000000000000000e+03
1.798000000000000000e+03
8.293000000000000000e+03
5.162000000000000000e+03
1.747600000000000000e+04
6.638000000000000000e+03
1.981900000000000000e+04
4.493000000000000000e+03
8.557000000000000000e+03
6.867000000000000000e+03
1.529300000000000000e+04
9.545000000000000000e+03
7.121000000000000000e+03
8.722000000000000000e+03
1.141100000000000000e+04
2.971000000000000000e+03
1.315300000000000000e+04
1.313500000000000000e+04
1.267400000000000000e+04
1.649800000000000000e+04
6.736000000000000000e+03
3.784000000000000000e+03
6.816000000000000000e+03
4.511000000000000000e+03
9.639000000000000000e+03
1.047600000000000000e+04
5.784000000000000000e+03
9.551000000000000000e+03
6.876000000000000000e+03
7.287000000000000000e+03
3.352000000000000000e+03
5.305000000000000000e+03
3.862000000000000000e+03
1.343200000000000000e+04
7.412000000000000000e+03
3.809000000000000000e+03
2.443800000000000000e+04
7.141000000000000000e+03
4.318000000000000000e+03
1.469700000000000000e+04
4.478000000000000000e+03
9.064000000000000000e+03
7.199000000000000000e+03
4.368000000000000000e+03
9.048000000000000000e+03
8.568000000000000000e+03
7.422000000000000000e+03
3.893000000000000000e+03
8.800000000000000000e+03
3.424000000000000000e+03
5.800000000000000000e+03
