1.788000000000000000e+03
1.601000000000000000e+03
5.880000000000000000e+02
1.731000000000000000e+03
1.040000000000000000e+03
1.012000000000000000e+03
4.880000000000000000e+02
2.227000000000000000e+03
1.261000000000000000e+03
1.463000000000000000e+03
4.080000000000000000e+02
1.138000000000000000e+03
5.890000000000000000e+02
1.725000000000000000e+03
2.284000000000000000e+03
5.770000000000000000e+02
9.920000000000000000e+02
7.190000000000000000e+02
4.870000000000000000e+02
1.367000000000000000e+03
8.260000000000000000e+02
1.986000000000000000e+03
6.940000000000000000e+02
1.446000000000000000e+03
9.520000000000000000e+02
8.290000000000000000e+02
1.342000000000000000e+03
1.073000000000000000e+03
4.940000000000000000e+02
7.450000000000000000e+02
1.623000000000000000e+03
4.090000000000000000e+02
7.450000000000000000e+02
6.870000000000000000e+02
9.600000000000000000e+02
8.930000000000000000e+02
1.701000000000000000e+03
3.377000000000000000e+03
1.056000000000000000e+03
9.140000000000000000e+02
1.582000000000000000e+03
2.953000000000000000e+03
6.630000000000000000e+02
1.598000000000000000e+03
4.865000000000000000e+03
1.828000000000000000e+03
2.053000000000000000e+03
6.140000000000000000e+02
2.345000000000000000e+03
1.264000000000000000e+03
6.220000000000000000e+02
8.720000000000000000e+02
1.762000000000000000e+03
1.373000000000000000e+03
9.750000000000000000e+02
1.858000000000000000e+03
2.389000000000000000e+03
1.880000000000000000e+03
1.196000000000000000e+03
4.950000000000000000e+02
4.200000000000000000e+02
1.871000000000000000e+03
4.790000000000000000e+02
2.338000000000000000e+03
1.199000000000000000e+03
7.980000000000000000e+02
1.517000000000000000e+03
5.450000000000000000e+02
1.790000000000000000e+03
7.220000000000000000e+02
9.860000000000000000e+02
9.340000000000000000e+02
4.027000000000000000e+03
1.900000000000000000e+03
7.700000000000000000e+02
2.249000000000000000e+03
2.191000000000000000e+03
7.870000000000000000e+02
5.660000000000000000e+02
5.830000000000000000e+02
6.620000000000000000e+02
1.355000000000000000e+03
6.530000000000000000e+02
6.040000000000000000e+02
9.600000000000000000e+02
1.688000000000000000e+03
1.177000000000000000e+03
2.063000000000000000e+03
1.360000000000000000e+03
1.871000000000000000e+03
1.127000000000000000e+03
9.680000000000000000e+02
6.050000000000000000e+02
3.757000000000000000e+03
2.368000000000000000e+03
7.120000000000000000e+02
6.660000000000000000e+02
1.341000000000000000e+03
6.780000000000000000e+02
1.760000000000000000e+03
2.331000000000000000e+03
1.429000000000000000e+03
1.657000000000000000e+03
1.126000000000000000e+03
9.520000000000000000e+02
1.331000000000000000e+03
9.710000000000000000e+02
7.240000000000000000e+02
1.564000000000000000e+03
4.340000000000000000e+02
1.429000000000000000e+03
2.052000000000000000e+03
1.524000000000000000e+03
1.071000000000000000e+03
8.600000000000000000e+02
4.980000000000000000e+02
1.331000000000000000e+03
1.807000000000000000e+03
3.346000000000000000e+03
1.226000000000000000e+03
1.572000000000000000e+03
1.506000000000000000e+03
2.091000000000000000e+03
9.560000000000000000e+02
1.533000000000000000e+03
1.928000000000000000e+03
1.628000000000000000e+03
9.610000000000000000e+02
3.393000000000000000e+03
6.700000000000000000e+02
9.800000000000000000e+02
3.920000000000000000e+02
3.170000000000000000e+02
1.084000000000000000e+03
1.094000000000000000e+03
9.180000000000000000e+02
5.140000000000000000e+02
1.411000000000000000e+03
1.022000000000000000e+03
3.984000000000000000e+03
2.603000000000000000e+03
1.342000000000000000e+03
4.291000000000000000e+03
1.456000000000000000e+03
9.820000000000000000e+02
8.270000000000000000e+02
1.626000000000000000e+03
3.040000000000000000e+02
1.551000000000000000e+03
2.014000000000000000e+03
1.637000000000000000e+03
1.747000000000000000e+03
1.663000000000000000e+03
8.710000000000000000e+02
6.730000000000000000e+02
1.059000000000000000e+03
1.572000000000000000e+03
1.139000000000000000e+03
3.780000000000000000e+02
9.950000000000000000e+02
9.460000000000000000e+02
1.133000000000000000e+03
1.517000000000000000e+03
1.275000000000000000e+03
9.930000000000000000e+02
1.172000000000000000e+03
3.240000000000000000e+03
1.603000000000000000e+03
9.680000000000000000e+02
6.020000000000000000e+02
7.470000000000000000e+02
1.047000000000000000e+03
1.757000000000000000e+03
1.057000000000000000e+03
8.190000000000000000e+02
1.357000000000000000e+03
2.444000000000000000e+03
9.180000000000000000e+02
1.551000000000000000e+03
2.615000000000000000e+03
4.070000000000000000e+02
2.597000000000000000e+03
2.190000000000000000e+03
7.180000000000000000e+02
1.642000000000000000e+03
1.332000000000000000e+03
1.308000000000000000e+03
1.542000000000000000e+03
2.311000000000000000e+03
2.283000000000000000e+03
2.304000000000000000e+03
1.436000000000000000e+03
1.599000000000000000e+03
8.170000000000000000e+02
4.440000000000000000e+02
1.542000000000000000e+03
9.670000000000000000e+02
1.132000000000000000e+03
1.533000000000000000e+03
1.170000000000000000e+03
7.340000000000000000e+02
1.387000000000000000e+03
1.765000000000000000e+03
2.182000000000000000e+03
1.606000000000000000e+03
2.876000000000000000e+03
9.260000000000000000e+02
2.956000000000000000e+03
3.670000000000000000e+02
1.519000000000000000e+03
2.088000000000000000e+03
1.469000000000000000e+03
5.740000000000000000e+02
1.590000000000000000e+03
1.259000000000000000e+03
3.860000000000000000e+02
7.070000000000000000e+02
1.519000000000000000e+03
3.660000000000000000e+02
6.840000000000000000e+02
3.863000000000000000e+03
1.383000000000000000e+03
4.180000000000000000e+02
1.046000000000000000e+03
1.038000000000000000e+03
1.986000000000000000e+03
3.536000000000000000e+03
9.490000000000000000e+02
8.100000000000000000e+02
1.019000000000000000e+03
2.029000000000000000e+03
1.559000000000000000e+03
1.441000000000000000e+03
1.056000000000000000e+03
3.510000000000000000e+02
1.410000000000000000e+03
1.290000000000000000e+03
2.602000000000000000e+03
1.757000000000000000e+03
3.550000000000000000e+02
4.840000000000000000e+02
1.537000000000000000e+03
9.420000000000000000e+02
1.558000000000000000e+03
1.233000000000000000e+03
5.910000000000000000e+02
8.320000000000000000e+02
1.393000000000000000e+03
2.247000000000000000e+03
1.860000000000000000e+03
1.055000000000000000e+03
1.081000000000000000e+03
6.850000000000000000e+02
1.782000000000000000e+03
1.051000000000000000e+03
9.360000000000000000e+02
9.820000000000000000e+02
4.860000000000000000e+02
2.463000000000000000e+03
1.156000000000000000e+03
1.084000000000000000e+03
1.065000000000000000e+03
1.691000000000000000e+03
5.150000000000000000e+02
1.262000000000000000e+03
2.459000000000000000e+03
2.895000000000000000e+03
1.951000000000000000e+03
1.210000000000000000e+03
4.680000000000000000e+02
9.460000000000000000e+02
1.233000000000000000e+03
2.599000000000000000e+03
6.250000000000000000e+02
9.340000000000000000e+02
1.448000000000000000e+03
7.300000000000000000e+02
2.292000000000000000e+03
1.362000000000000000e+03
5.600000000000000000e+02
6.140000000000000000e+02
2.081000000000000000e+03
1.140000000000000000e+03
1.012000000000000000e+03
2.037000000000000000e+03
2.358000000000000000e+03
6.880000000000000000e+02
3.850000000000000000e+02
1.458000000000000000e+03
8.790000000000000000e+02
5.690000000000000000e+02
2.240000000000000000e+03
8.680000000000000000e+02
6.140000000000000000e+02
1.392000000000000000e+03
2.095000000000000000e+03
1.202000000000000000e+03
2.716000000000000000e+03
1.815000000000000000e+03
5.450000000000000000e+02
1.267000000000000000e+03
2.425000000000000000e+03
5.970000000000000000e+02
2.887000000000000000e+03
7.050000000000000000e+02
1.579000000000000000e+03
1.248000000000000000e+03
9.040000000000000000e+02
9.080000000000000000e+02
1.424000000000000000e+03
5.020000000000000000e+02
2.091000000000000000e+03
1.709000000000000000e+03
1.236000000000000000e+03
6.980000000000000000e+02
1.812000000000000000e+03
1.119000000000000000e+03
1.621000000000000000e+03
1.687000000000000000e+03
1.014000000000000000e+03
1.025000000000000000e+03
1.418000000000000000e+03
1.518000000000000000e+03
1.839000000000000000e+03
3.110000000000000000e+03
1.405000000000000000e+03
5.970000000000000000e+02
3.198000000000000000e+03
1.997000000000000000e+03
9.380000000000000000e+02
2.401000000000000000e+03
1.145000000000000000e+03
9.530000000000000000e+02
5.590000000000000000e+02
7.820000000000000000e+02
5.720000000000000000e+02
1.904000000000000000e+03
1.843000000000000000e+03
1.791000000000000000e+03
8.620000000000000000e+02
9.070000000000000000e+02
2.855000000000000000e+03
6.560000000000000000e+02
3.957000000000000000e+03
6.330000000000000000e+02
2.626000000000000000e+03
8.200000000000000000e+02
8.260000000000000000e+02
3.616000000000000000e+03
7.940000000000000000e+02
8.860000000000000000e+02
7.550000000000000000e+02
1.237000000000000000e+03
1.151000000000000000e+03
1.588000000000000000e+03
1.231000000000000000e+03
1.864000000000000000e+03
2.566000000000000000e+03
1.631000000000000000e+03
3.631000000000000000e+03
1.130000000000000000e+03
2.441000000000000000e+03
6.530000000000000000e+02
1.643000000000000000e+03
2.171000000000000000e+03
4.820000000000000000e+02
6.280000000000000000e+02
3.257000000000000000e+03
1.183000000000000000e+03
1.369000000000000000e+03
4.010000000000000000e+02
2.688000000000000000e+03
1.495000000000000000e+03
8.140000000000000000e+02
1.086000000000000000e+03
5.680000000000000000e+02
1.110000000000000000e+03
7.390000000000000000e+02
1.465000000000000000e+03
7.830000000000000000e+02
2.392000000000000000e+03
1.640000000000000000e+03
1.249000000000000000e+03
2.370000000000000000e+03
7.510000000000000000e+02
1.374000000000000000e+03
2.740000000000000000e+03
4.160000000000000000e+02
1.130000000000000000e+03
5.000000000000000000e+02
1.740000000000000000e+03
2.439000000000000000e+03
2.378000000000000000e+03
1.092000000000000000e+03
1.429000000000000000e+03
6.490000000000000000e+02
1.150000000000000000e+03
6.000000000000000000e+02
8.660000000000000000e+02
1.533000000000000000e+03
1.179000000000000000e+03
1.910000000000000000e+03
9.150000000000000000e+02
9.890000000000000000e+02
1.207000000000000000e+03
1.524000000000000000e+03
1.866000000000000000e+03
1.877000000000000000e+03
1.164000000000000000e+03
1.960000000000000000e+03
2.449000000000000000e+03
4.305000000000000000e+03
1.145000000000000000e+03
1.521000000000000000e+03
1.138000000000000000e+03
1.072000000000000000e+03
3.770000000000000000e+02
1.741000000000000000e+03
5.400000000000000000e+02
2.600000000000000000e+02
6.160000000000000000e+02
2.205000000000000000e+03
9.920000000000000000e+02
1.956000000000000000e+03
6.350000000000000000e+02
9.880000000000000000e+02
4.140000000000000000e+02
1.823000000000000000e+03
9.140000000000000000e+02
1.857000000000000000e+03
3.671000000000000000e+03
6.290000000000000000e+02
1.185000000000000000e+03
4.870000000000000000e+02
1.222000000000000000e+03
1.370000000000000000e+03
2.127000000000000000e+03
1.561000000000000000e+03
7.750000000000000000e+02
1.141000000000000000e+03
4.340000000000000000e+02
2.041000000000000000e+03
6.150000000000000000e+02
1.097000000000000000e+03
1.770000000000000000e+03
1.677000000000000000e+03
7.420000000000000000e+02
1.565000000000000000e+03
1.379000000000000000e+03
4.720000000000000000e+02
1.133000000000000000e+03
7.320000000000000000e+02
8.280000000000000000e+02
1.414000000000000000e+03
5.540000000000000000e+02
6.660000000000000000e+02
4.830000000000000000e+02
7.850000000000000000e+02
5.020000000000000000e+02
1.659000000000000000e+03
5.270000000000000000e+02
6.340000000000000000e+02
2.591000000000000000e+03
2.426000000000000000e+03
1.420000000000000000e+03
1.558000000000000000e+03
5.330000000000000000e+02
3.310000000000000000e+03
5.200000000000000000e+02
1.086000000000000000e+03
4.160000000000000000e+02
2.307000000000000000e+03
3.148000000000000000e+03
5.360000000000000000e+02
1.085000000000000000e+03
1.451000000000000000e+03
1.248000000000000000e+03
7.610000000000000000e+02
1.316000000000000000e+03
2.017000000000000000e+03
8.370000000000000000e+02
5.000000000000000000e+02
8.520000000000000000e+02
8.160000000000000000e+02
1.219000000000000000e+03
1.179000000000000000e+03
9.810000000000000000e+02
7.620000000000000000e+02
7.370000000000000000e+02
2.735000000000000000e+03
1.504000000000000000e+03
7.670000000000000000e+02
5.200000000000000000e+02
1.007000000000000000e+03
1.172000000000000000e+03
4.450000000000000000e+03
4.180000000000000000e+02
1.120000000000000000e+03
2.642000000000000000e+03
8.020000000000000000e+02
8.940000000000000000e+02
6.100000000000000000e+02
6.300000000000000000e+02
8.940000000000000000e+02
1.995000000000000000e+03
1.177000000000000000e+03
1.259000000000000000e+03
9.090000000000000000e+02
1.986000000000000000e+03
9.530000000000000000e+02
2.611000000000000000e+03
1.389000000000000000e+03
8.110000000000000000e+02
1.511000000000000000e+03
3.515000000000000000e+03
2.728000000000000000e+03
4.450000000000000000e+02
9.290000000000000000e+02
1.518000000000000000e+03
4.740000000000000000e+02
1.243000000000000000e+03
2.471000000000000000e+03
1.465000000000000000e+03
1.041000000000000000e+03
1.691000000000000000e+03
1.625000000000000000e+03
5.980000000000000000e+02
9.250000000000000000e+02
6.480000000000000000e+02
1.228000000000000000e+03
2.851000000000000000e+03
3.400000000000000000e+02
1.126000000000000000e+03
4.720000000000000000e+02
1.730000000000000000e+03
3.687000000000000000e+03
6.410000000000000000e+02
1.356000000000000000e+03
2.142000000000000000e+03
1.615000000000000000e+03
1.382000000000000000e+03
6.310000000000000000e+02
3.051000000000000000e+03
9.730000000000000000e+02
1.730000000000000000e+03
5.070000000000000000e+02
2.280000000000000000e+02
1.478000000000000000e+03
8.040000000000000000e+02
4.160000000000000000e+02
2.077000000000000000e+03
1.680000000000000000e+03
1.138000000000000000e+03
3.510000000000000000e+02
1.841000000000000000e+03
1.251000000000000000e+03
1.014000000000000000e+03
1.016000000000000000e+03
7.080000000000000000e+02
1.321000000000000000e+03
1.315000000000000000e+03
9.630000000000000000e+02
1.443000000000000000e+03
6.330000000000000000e+02
1.559000000000000000e+03
2.502000000000000000e+03
1.750000000000000000e+03
1.056000000000000000e+03
7.990000000000000000e+02
1.205000000000000000e+03
2.073000000000000000e+03
9.290000000000000000e+02
4.680000000000000000e+02
1.703000000000000000e+03
1.446000000000000000e+03
5.620000000000000000e+02
6.420000000000000000e+02
1.728000000000000000e+03
1.481000000000000000e+03
2.397000000000000000e+03
5.280000000000000000e+02
3.005000000000000000e+03
1.768000000000000000e+03
5.340000000000000000e+02
1.097000000000000000e+03
2.601000000000000000e+03
5.660000000000000000e+02
6.280000000000000000e+02
5.040000000000000000e+02
1.815000000000000000e+03
2.952000000000000000e+03
9.960000000000000000e+02
6.520000000000000000e+02
6.160000000000000000e+02
1.219000000000000000e+03
1.020000000000000000e+03
1.959000000000000000e+03
6.970000000000000000e+02
1.028000000000000000e+03
3.258000000000000000e+03
2.252000000000000000e+03
1.882000000000000000e+03
8.450000000000000000e+02
3.614000000000000000e+03
6.920000000000000000e+02
1.541000000000000000e+03
1.710000000000000000e+03
8.570000000000000000e+02
1.287000000000000000e+03
3.970000000000000000e+02
1.360000000000000000e+03
4.760000000000000000e+02
3.254000000000000000e+03
1.455000000000000000e+03
2.502000000000000000e+03
1.493000000000000000e+03
4.110000000000000000e+02
1.098000000000000000e+03
1.714000000000000000e+03
1.731000000000000000e+03
8.020000000000000000e+02
1.209000000000000000e+03
1.013000000000000000e+03
1.953000000000000000e+03
5.460000000000000000e+02
1.200000000000000000e+03
1.843000000000000000e+03
1.912000000000000000e+03
1.512000000000000000e+03
6.140000000000000000e+02
3.510000000000000000e+02
8.440000000000000000e+02
1.835000000000000000e+03
5.740000000000000000e+02
2.278000000000000000e+03
2.276000000000000000e+03
1.092000000000000000e+03
1.139000000000000000e+03
1.033000000000000000e+03
2.146000000000000000e+03
1.023000000000000000e+03
4.140000000000000000e+02
8.050000000000000000e+02
9.010000000000000000e+02
5.860000000000000000e+02
1.758000000000000000e+03
1.341000000000000000e+03
8.950000000000000000e+02
6.730000000000000000e+02
1.280000000000000000e+03
1.685000000000000000e+03
1.356000000000000000e+03
8.140000000000000000e+02
2.757000000000000000e+03
1.179000000000000000e+03
4.080000000000000000e+02
7.660000000000000000e+02
2.310000000000000000e+02
6.740000000000000000e+02
1.084000000000000000e+03
1.238000000000000000e+03
1.386000000000000000e+03
3.980000000000000000e+02
2.655000000000000000e+03
3.336000000000000000e+03
5.530000000000000000e+02
1.649000000000000000e+03
1.152000000000000000e+03
1.157000000000000000e+03
9.870000000000000000e+02
4.277000000000000000e+03
1.075000000000000000e+03
2.150000000000000000e+03
9.940000000000000000e+02
1.565000000000000000e+03
1.227000000000000000e+03
2.374000000000000000e+03
1.867000000000000000e+03
1.190000000000000000e+03
1.678000000000000000e+03
1.415000000000000000e+03
4.050000000000000000e+02
5.170000000000000000e+02
2.116000000000000000e+03
1.806000000000000000e+03
2.156000000000000000e+03
2.003000000000000000e+03
3.830000000000000000e+02
1.688000000000000000e+03
4.365000000000000000e+03
4.630000000000000000e+02
7.510000000000000000e+02
5.210000000000000000e+02
9.730000000000000000e+02
1.162000000000000000e+03
6.550000000000000000e+02
7.930000000000000000e+02
7.070000000000000000e+02
4.995000000000000000e+03
7.750000000000000000e+02
5.100000000000000000e+02
5.080000000000000000e+02
1.083000000000000000e+03
1.665000000000000000e+03
7.410000000000000000e+02
1.694000000000000000e+03
2.194000000000000000e+03
6.020000000000000000e+02
1.105000000000000000e+03
1.154000000000000000e+03
5.250000000000000000e+02
5.410000000000000000e+02
1.444000000000000000e+03
9.020000000000000000e+02
2.981000000000000000e+03
1.202000000000000000e+03
7.700000000000000000e+02
9.390000000000000000e+02
1.674000000000000000e+03
1.774000000000000000e+03
7.520000000000000000e+02
2.497000000000000000e+03
1.251000000000000000e+03
4.860000000000000000e+02
8.520000000000000000e+02
7.910000000000000000e+02
9.070000000000000000e+02
1.795000000000000000e+03
3.907000000000000000e+03
1.526000000000000000e+03
1.084000000000000000e+03
1.209000000000000000e+03
2.346000000000000000e+03
1.893000000000000000e+03
8.910000000000000000e+02
1.252000000000000000e+03
7.550000000000000000e+02
1.777000000000000000e+03
1.607000000000000000e+03
1.186000000000000000e+03
1.898000000000000000e+03
7.800000000000000000e+02
1.741000000000000000e+03
1.171000000000000000e+03
2.559000000000000000e+03
1.164000000000000000e+03
5.510000000000000000e+02
4.780000000000000000e+02
8.840000000000000000e+02
3.580000000000000000e+02
1.404000000000000000e+03
1.244000000000000000e+03
4.170000000000000000e+02
1.563000000000000000e+03
6.500000000000000000e+02
4.880000000000000000e+02
1.245000000000000000e+03
3.510000000000000000e+02
1.612000000000000000e+03
1.679000000000000000e+03
2.674000000000000000e+03
3.200000000000000000e+03
2.299000000000000000e+03
8.790000000000000000e+02
1.250000000000000000e+03
1.465000000000000000e+03
1.720000000000000000e+03
6.230000000000000000e+02
1.227000000000000000e+03
6.550000000000000000e+02
1.896000000000000000e+03
7.520000000000000000e+02
1.561000000000000000e+03
1.206000000000000000e+03
6.700000000000000000e+02
3.529000000000000000e+03
1.070000000000000000e+03
5.100000000000000000e+02
6.540000000000000000e+02
1.389000000000000000e+03
9.780000000000000000e+02
5.940000000000000000e+02
2.688000000000000000e+03
1.346000000000000000e+03
7.210000000000000000e+02
1.320000000000000000e+03
1.024000000000000000e+03
1.470000000000000000e+03
1.759000000000000000e+03
2.495000000000000000e+03
1.880000000000000000e+03
1.253000000000000000e+03
1.211000000000000000e+03
8.780000000000000000e+02
1.647000000000000000e+03
1.429000000000000000e+03
6.620000000000000000e+02
8.470000000000000000e+02
9.520000000000000000e+02
1.768000000000000000e+03
2.282000000000000000e+03
9.230000000000000000e+02
5.300000000000000000e+02
1.557000000000000000e+03
8.800000000000000000e+02
2.356000000000000000e+03
1.435000000000000000e+03
4.030000000000000000e+02
9.720000000000000000e+02
5.060000000000000000e+02
4.630000000000000000e+02
1.245000000000000000e+03
1.133000000000000000e+03
7.190000000000000000e+02
1.148000000000000000e+03
9.170000000000000000e+02
3.429000000000000000e+03
2.450000000000000000e+03
1.704000000000000000e+03
1.390000000000000000e+03
1.236000000000000000e+03
1.894000000000000000e+03
5.970000000000000000e+02
1.133000000000000000e+03
3.908000000000000000e+03
1.487000000000000000e+03
9.590000000000000000e+02
1.485000000000000000e+03
2.243000000000000000e+03
1.974000000000000000e+03
1.519000000000000000e+03
1.366000000000000000e+03
7.650000000000000000e+02
1.569000000000000000e+03
9.010000000000000000e+02
3.850000000000000000e+02
3.731000000000000000e+03
2.248000000000000000e+03
2.510000000000000000e+03
1.476000000000000000e+03
8.810000000000000000e+02
2.482000000000000000e+03
2.595000000000000000e+03
5.300000000000000000e+02
2.076000000000000000e+03
7.240000000000000000e+02
1.391000000000000000e+03
8.820000000000000000e+02
1.639000000000000000e+03
1.220000000000000000e+03
1.417000000000000000e+03
1.409000000000000000e+03
9.710000000000000000e+02
9.670000000000000000e+02
9.150000000000000000e+02
1.496000000000000000e+03
7.010000000000000000e+02
6.147000000000000000e+03
3.050000000000000000e+03
2.456000000000000000e+03
1.311000000000000000e+03
1.291000000000000000e+03
1.515000000000000000e+03
1.256000000000000000e+03
4.790000000000000000e+02
1.223000000000000000e+03
2.542000000000000000e+03
1.229000000000000000e+03
1.298000000000000000e+03
1.323000000000000000e+03
1.369000000000000000e+03
6.880000000000000000e+02
1.938000000000000000e+03
4.800000000000000000e+02
1.004000000000000000e+03
5.420000000000000000e+02
5.880000000000000000e+02
5.440000000000000000e+02
1.068000000000000000e+03
1.083000000000000000e+03
1.395000000000000000e+03
6.880000000000000000e+02
1.016000000000000000e+03
1.212000000000000000e+03
4.230000000000000000e+02
8.620000000000000000e+02
6.840000000000000000e+02
4.000000000000000000e+02
1.408000000000000000e+03
1.752000000000000000e+03
1.100000000000000000e+03
1.663000000000000000e+03
1.118000000000000000e+03
2.328000000000000000e+03
1.974000000000000000e+03
8.010000000000000000e+02
1.597000000000000000e+03
1.066000000000000000e+03
1.053000000000000000e+03
3.387000000000000000e+03
1.218000000000000000e+03
1.124000000000000000e+03
1.453000000000000000e+03
1.412000000000000000e+03
7.880000000000000000e+02
5.390000000000000000e+02
7.370000000000000000e+02
2.672000000000000000e+03
2.799000000000000000e+03
1.571000000000000000e+03
1.477000000000000000e+03
1.675000000000000000e+03
1.513000000000000000e+03
1.031000000000000000e+03
1.952000000000000000e+03
1.720000000000000000e+03
1.278000000000000000e+03
1.678000000000000000e+03
2.987000000000000000e+03
2.309000000000000000e+03
1.831000000000000000e+03
8.110000000000000000e+02
2.193000000000000000e+03
2.177000000000000000e+03
2.019000000000000000e+03
1.350000000000000000e+03
2.473000000000000000e+03
1.239000000000000000e+03
1.047000000000000000e+03
7.850000000000000000e+02
3.490000000000000000e+02
6.000000000000000000e+02
9.560000000000000000e+02
1.168000000000000000e+03
5.280000000000000000e+02
3.794000000000000000e+03
1.514000000000000000e+03
1.262000000000000000e+03
1.810000000000000000e+03
1.484000000000000000e+03
1.351000000000000000e+03
2.937000000000000000e+03
2.396000000000000000e+03
1.069000000000000000e+03
1.360000000000000000e+03
1.621000000000000000e+03
1.046000000000000000e+03
8.540000000000000000e+02
1.157000000000000000e+03
2.765000000000000000e+03
1.962000000000000000e+03
1.094000000000000000e+03
3.240000000000000000e+02
3.313000000000000000e+03
1.302000000000000000e+03
1.177000000000000000e+03
1.291000000000000000e+03
1.269000000000000000e+03
3.331000000000000000e+03
1.321000000000000000e+03
7.350000000000000000e+02
6.270000000000000000e+02
4.319000000000000000e+03
1.017000000000000000e+03
3.060000000000000000e+03
6.210000000000000000e+02
8.980000000000000000e+02
1.010000000000000000e+03
5.740000000000000000e+02
6.600000000000000000e+02
1.173000000000000000e+03
1.544000000000000000e+03
1.269000000000000000e+03
1.744000000000000000e+03
1.174000000000000000e+03
1.422000000000000000e+03
1.039000000000000000e+03
1.988000000000000000e+03
1.606000000000000000e+03
2.057000000000000000e+03
7.110000000000000000e+02
3.214000000000000000e+03
1.747000000000000000e+03
1.499000000000000000e+03
5.690000000000000000e+02
4.630000000000000000e+02
1.097000000000000000e+03
2.417000000000000000e+03
1.128000000000000000e+03
8.190000000000000000e+02
6.960000000000000000e+02
1.617000000000000000e+03
1.519000000000000000e+03
1.605000000000000000e+03
5.280000000000000000e+02
7.750000000000000000e+02
1.081000000000000000e+03
1.727000000000000000e+03
1.395000000000000000e+03
2.691000000000000000e+03
