7.010000000000000000e+03
1.060000000000000000e+04
1.890400000000000000e+04
7.743000000000000000e+03
1.293700000000000000e+04
1.918000000000000000e+04
2.670500000000000000e+04
2.369600000000000000e+04
3.837300000000000000e+04
1.967700000000000000e+04
1.163100000000000000e+04
1.707200000000000000e+04
1.402700000000000000e+04
3.083800000000000000e+04
2.931800000000000000e+04
1.408100000000000000e+04
2.191200000000000000e+04
6.751000000000000000e+03
1.575900000000000000e+04
6.362000000000000000e+03
1.137500000000000000e+04
7.877800000000000000e+04
2.502500000000000000e+04
1.297100000000000000e+04
3.346000000000000000e+04
1.121200000000000000e+04
1.250600000000000000e+04
1.183200000000000000e+04
8.043000000000000000e+03
6.076000000000000000e+03
1.720700000000000000e+04
8.759000000000000000e+03
1.463600000000000000e+04
3.075700000000000000e+04
6.948000000000000000e+03
2.085000000000000000e+04
8.920000000000000000e+03
3.087000000000000000e+04
2.682400000000000000e+04
6.181000000000000000e+03
8.749000000000000000e+03
1.292400000000000000e+04
2.298500000000000000e+04
1.712400000000000000e+04
1.904200000000000000e+04
2.782300000000000000e+04
7.800000000000000000e+03
1.311400000000000000e+04
2.938200000000000000e+04
9.639000000000000000e+03
1.273300000000000000e+04
1.132900000000000000e+04
1.328600000000000000e+04
2.862600000000000000e+04
4.588000000000000000e+03
1.634700000000000000e+04
1.881900000000000000e+04
8.254000000000000000e+03
9.430000000000000000e+03
1.530200000000000000e+04
1.200000000000000000e+04
2.519100000000000000e+04
1.724600000000000000e+04
7.524000000000000000e+03
1.326300000000000000e+04
1.549200000000000000e+04
8.364900000000000000e+04
2.254900000000000000e+04
7.903000000000000000e+03
1.056600000000000000e+04
1.440400000000000000e+04
9.181000000000000000e+03
2.342600000000000000e+04
6.363600000000000000e+04
1.924000000000000000e+04
9.136000000000000000e+03
1.875200000000000000e+04
2.655200000000000000e+04
1.247200000000000000e+04
1.734500000000000000e+04
3.286600000000000000e+04
2.985400000000000000e+04
1.712100000000000000e+04
2.142700000000000000e+04
7.005000000000000000e+03
1.713000000000000000e+04
8.095000000000000000e+03
2.227500000000000000e+04
2.568700000000000000e+04
1.128400000000000000e+04
1.497600000000000000e+04
4.371800000000000000e+04
4.247700000000000000e+04
1.036500000000000000e+04
1.559900000000000000e+04
1.178900000000000000e+04
1.450100000000000000e+04
1.075400000000000000e+04
5.037000000000000000e+03
1.248400000000000000e+04
1.625800000000000000e+04
2.400400000000000000e+04
1.299500000000000000e+04
8.842000000000000000e+03
6.945000000000000000e+03
1.787000000000000000e+04
6.240000000000000000e+03
2.443600000000000000e+04
1.686700000000000000e+04
3.694600000000000000e+04
1.026000000000000000e+04
1.606900000000000000e+04
6.678000000000000000e+03
1.638800000000000000e+04
9.228000000000000000e+03
6.530000000000000000e+03
8.703000000000000000e+03
1.390300000000000000e+04
4.668400000000000000e+04
2.335600000000000000e+04
1.942100000000000000e+04
1.379000000000000000e+04
1.666600000000000000e+04
1.261400000000000000e+04
1.009700000000000000e+04
6.418000000000000000e+03
1.936400000000000000e+04
8.578000000000000000e+03
8.383000000000000000e+03
2.548000000000000000e+04
2.655600000000000000e+04
2.959100000000000000e+04
8.739000000000000000e+03
8.235700000000000000e+04
9.871000000000000000e+03
5.758700000000000000e+04
1.368600000000000000e+04
1.374400000000000000e+04
8.715000000000000000e+03
2.961500000000000000e+04
1.437900000000000000e+04
1.430300000000000000e+04
1.333900000000000000e+04
1.231100000000000000e+04
9.983000000000000000e+03
3.814700000000000000e+04
1.376600000000000000e+04
6.630000000000000000e+03
5.878000000000000000e+03
1.007800000000000000e+04
2.502800000000000000e+04
2.328300000000000000e+04
1.131300000000000000e+04
1.078700000000000000e+04
7.456000000000000000e+03
3.473500000000000000e+04
2.147600000000000000e+04
1.470700000000000000e+04
9.559000000000000000e+03
3.204900000000000000e+04
3.378700000000000000e+04
1.254200000000000000e+04
1.480500000000000000e+04
1.604300000000000000e+04
2.590000000000000000e+04
2.007300000000000000e+04
4.966900000000000000e+04
2.171000000000000000e+04
4.135600000000000000e+04
8.794000000000000000e+03
1.613800000000000000e+04
1.945000000000000000e+04
2.485700000000000000e+04
3.062200000000000000e+04
2.517500000000000000e+04
2.040100000000000000e+04
9.000000000000000000e+03
3.340600000000000000e+04
1.706500000000000000e+04
1.911600000000000000e+04
2.106800000000000000e+04
6.821000000000000000e+03
1.223900000000000000e+04
2.030900000000000000e+04
2.263100000000000000e+04
1.492900000000000000e+04
1.148500000000000000e+04
8.823000000000000000e+03
1.870700000000000000e+04
1.640000000000000000e+04
9.992000000000000000e+03
7.110000000000000000e+03
9.488000000000000000e+03
1.110700000000000000e+04
1.120700000000000000e+04
3.723900000000000000e+04
1.416200000000000000e+04
6.579000000000000000e+04
2.613600000000000000e+04
1.896900000000000000e+04
1.029800000000000000e+04
2.306700000000000000e+04
2.047500000000000000e+04
2.784200000000000000e+04
5.059900000000000000e+04
4.361000000000000000e+03
1.446900000000000000e+04
1.291600000000000000e+04
1.797500000000000000e+04
7.178000000000000000e+03
1.467900000000000000e+04
1.565500000000000000e+04
2.585600000000000000e+04
3.051100000000000000e+04
1.425500000000000000e+04
2.128100000000000000e+04
1.702300000000000000e+04
1.109500000000000000e+04
5.557000000000000000e+03
1.435700000000000000e+04
1.515800000000000000e+04
3.261800000000000000e+04
1.090900000000000000e+04
2.219800000000000000e+04
1.724500000000000000e+04
3.348100000000000000e+04
2.892100000000000000e+04
5.677000000000000000e+03
4.959200000000000000e+04
9.517000000000000000e+03
1.848400000000000000e+04
3.189100000000000000e+04
1.266800000000000000e+04
1.248200000000000000e+04
7.227000000000000000e+03
6.416000000000000000e+03
1.519900000000000000e+04
1.324800000000000000e+04
2.526000000000000000e+04
9.324000000000000000e+03
1.164800000000000000e+04
1.677700000000000000e+04
5.472000000000000000e+03
2.186600000000000000e+04
5.971700000000000000e+04
3.746400000000000000e+04
9.997000000000000000e+03
3.404800000000000000e+04
1.338200000000000000e+04
4.630000000000000000e+04
1.906900000000000000e+04
7.869000000000000000e+03
1.296600000000000000e+04
2.429800000000000000e+04
1.346400000000000000e+04
4.398400000000000000e+04
9.182000000000000000e+03
5.474000000000000000e+03
9.333000000000000000e+03
1.408900000000000000e+04
1.274100000000000000e+04
9.549000000000000000e+03
1.025200000000000000e+04
1.428000000000000000e+04
1.731000000000000000e+04
2.460100000000000000e+04
1.172700000000000000e+04
7.868000000000000000e+03
1.695000000000000000e+04
2.422500000000000000e+04
4.543400000000000000e+04
5.382000000000000000e+03
1.696800000000000000e+04
1.981400000000000000e+04
1.945600000000000000e+04
9.914000000000000000e+03
1.607300000000000000e+04
2.368200000000000000e+04
6.494000000000000000e+03
7.679000000000000000e+03
6.362000000000000000e+03
1.268000000000000000e+04
3.002900000000000000e+04
2.156900000000000000e+04
3.041600000000000000e+04
1.530400000000000000e+04
7.777000000000000000e+03
1.279800000000000000e+04
6.279000000000000000e+03
2.140200000000000000e+04
6.098000000000000000e+03
1.299600000000000000e+04
1.733800000000000000e+04
1.437500000000000000e+04
1.121300000000000000e+04
6.416000000000000000e+03
1.628400000000000000e+04
1.561600000000000000e+04
1.378500000000000000e+04
1.304600000000000000e+04
1.103300000000000000e+04
1.635100000000000000e+04
2.271000000000000000e+04
3.838200000000000000e+04
1.508700000000000000e+04
1.485500000000000000e+04
2.451100000000000000e+04
1.474200000000000000e+04
2.182100000000000000e+04
3.078100000000000000e+04
5.948000000000000000e+03
2.578800000000000000e+04
1.763400000000000000e+04
1.721600000000000000e+04
7.379000000000000000e+03
4.109800000000000000e+04
1.420600000000000000e+04
1.713200000000000000e+04
1.741000000000000000e+04
1.941400000000000000e+04
2.006800000000000000e+04
1.891600000000000000e+04
2.325500000000000000e+04
1.440500000000000000e+04
1.924200000000000000e+04
6.770000000000000000e+03
1.586400000000000000e+04
1.735200000000000000e+04
9.263000000000000000e+03
1.437800000000000000e+04
8.312000000000000000e+03
2.325400000000000000e+04
1.204100000000000000e+04
2.651400000000000000e+04
8.282000000000000000e+03
1.100300000000000000e+04
1.326000000000000000e+04
7.263000000000000000e+03
2.156100000000000000e+04
2.332300000000000000e+04
2.083600000000000000e+04
2.975500000000000000e+04
1.858000000000000000e+04
1.591100000000000000e+04
1.574100000000000000e+04
1.488100000000000000e+04
4.416000000000000000e+03
3.555800000000000000e+04
1.435700000000000000e+04
2.600600000000000000e+04
2.088800000000000000e+04
2.310100000000000000e+04
2.970600000000000000e+04
5.050400000000000000e+04
2.344800000000000000e+04
1.705900000000000000e+04
1.205400000000000000e+04
1.488400000000000000e+04
1.657900000000000000e+04
1.747300000000000000e+04
5.636000000000000000e+03
2.241500000000000000e+04
3.271600000000000000e+04
3.076000000000000000e+04
9.685000000000000000e+03
1.450300000000000000e+04
3.725500000000000000e+04
6.066000000000000000e+03
4.172400000000000000e+04
7.334000000000000000e+03
1.542900000000000000e+04
9.001000000000000000e+03
2.178200000000000000e+04
3.576300000000000000e+04
8.151000000000000000e+03
1.368300000000000000e+04
3.341900000000000000e+04
1.260600000000000000e+04
1.177700000000000000e+04
4.957200000000000000e+04
2.034300000000000000e+04
1.244700000000000000e+04
2.470900000000000000e+04
2.433900000000000000e+04
2.680500000000000000e+04
1.729800000000000000e+04
1.235500000000000000e+04
1.517500000000000000e+04
1.028900000000000000e+04
2.301900000000000000e+04
3.796400000000000000e+04
1.314300000000000000e+04
6.460600000000000000e+04
1.880500000000000000e+04
1.771300000000000000e+04
1.466900000000000000e+04
2.374100000000000000e+04
6.976000000000000000e+03
1.347800000000000000e+04
1.563900000000000000e+04
8.826000000000000000e+03
2.494200000000000000e+04
8.812000000000000000e+03
1.564600000000000000e+04
2.806600000000000000e+04
1.632800000000000000e+04
1.920800000000000000e+04
9.750000000000000000e+03
1.634900000000000000e+04
7.800000000000000000e+03
2.908400000000000000e+04
4.460000000000000000e+03
1.226500000000000000e+04
1.740000000000000000e+04
1.708900000000000000e+04
1.664900000000000000e+04
3.435100000000000000e+04
2.641500000000000000e+04
1.163400000000000000e+04
2.040500000000000000e+04
7.831000000000000000e+03
2.649200000000000000e+04
1.415500000000000000e+04
2.226700000000000000e+04
3.844200000000000000e+04
3.716100000000000000e+04
1.947700000000000000e+04
1.425100000000000000e+04
1.419400000000000000e+04
1.850100000000000000e+04
9.840000000000000000e+03
1.185900000000000000e+04
1.379800000000000000e+04
1.200300000000000000e+04
3.448700000000000000e+04
7.550000000000000000e+03
1.817200000000000000e+04
6.570700000000000000e+04
9.904000000000000000e+03
9.925000000000000000e+03
1.216300000000000000e+04
8.980000000000000000e+03
1.297900000000000000e+04
7.400000000000000000e+03
3.304400000000000000e+04
1.111600000000000000e+04
1.892800000000000000e+04
7.704000000000000000e+03
7.619000000000000000e+03
1.708500000000000000e+04
1.157500000000000000e+04
1.044300000000000000e+04
4.148400000000000000e+04
1.306400000000000000e+04
1.271000000000000000e+04
1.284800000000000000e+04
1.141800000000000000e+04
8.428000000000000000e+03
1.093800000000000000e+04
9.613000000000000000e+03
4.836200000000000000e+04
1.826500000000000000e+04
2.261300000000000000e+04
6.661000000000000000e+03
3.878600000000000000e+04
1.110100000000000000e+04
5.902000000000000000e+03
4.086600000000000000e+04
1.689400000000000000e+04
1.726100000000000000e+04
2.009600000000000000e+04
4.831100000000000000e+04
1.161300000000000000e+04
3.067700000000000000e+04
2.213300000000000000e+04
2.917000000000000000e+04
3.930400000000000000e+04
4.525800000000000000e+04
1.818000000000000000e+04
2.326900000000000000e+04
3.234200000000000000e+04
2.125700000000000000e+04
1.942800000000000000e+04
1.461800000000000000e+04
1.764500000000000000e+04
2.722200000000000000e+04
7.072000000000000000e+03
1.259000000000000000e+04
2.672400000000000000e+04
1.367500000000000000e+04
3.333200000000000000e+04
3.447500000000000000e+04
6.263000000000000000e+03
1.441300000000000000e+04
1.448700000000000000e+04
2.734900000000000000e+04
1.340700000000000000e+04
1.450400000000000000e+04
1.794900000000000000e+04
1.488600000000000000e+04
1.286200000000000000e+04
2.594600000000000000e+04
3.721700000000000000e+04
1.927300000000000000e+04
1.675800000000000000e+04
7.499000000000000000e+03
1.741000000000000000e+04
9.034000000000000000e+03
2.163600000000000000e+04
1.319500000000000000e+04
1.399600000000000000e+04
2.238100000000000000e+04
1.413600000000000000e+04
3.482700000000000000e+04
5.879500000000000000e+04
1.151300000000000000e+04
1.071800000000000000e+04
5.079200000000000000e+04
6.789000000000000000e+03
1.908200000000000000e+04
3.968800000000000000e+04
1.863400000000000000e+04
1.153900000000000000e+04
3.518600000000000000e+04
1.639500000000000000e+04
2.329700000000000000e+04
2.182900000000000000e+04
9.411000000000000000e+03
1.947200000000000000e+04
6.624000000000000000e+03
1.403600000000000000e+04
9.230000000000000000e+03
6.350400000000000000e+04
1.749900000000000000e+04
1.257600000000000000e+04
5.683500000000000000e+04
2.967800000000000000e+04
2.521800000000000000e+04
5.880000000000000000e+03
3.137700000000000000e+04
2.746300000000000000e+04
1.960900000000000000e+04
1.484800000000000000e+04
2.551300000000000000e+04
6.553000000000000000e+03
5.348000000000000000e+03
1.556900000000000000e+04
1.124900000000000000e+04
2.048400000000000000e+04
2.538400000000000000e+04
3.215200000000000000e+04
9.683000000000000000e+03
4.360100000000000000e+04
1.388300000000000000e+04
1.181500000000000000e+04
1.101200000000000000e+04
3.321000000000000000e+03
2.957400000000000000e+04
2.029100000000000000e+04
1.326700000000000000e+04
1.151900000000000000e+04
1.246000000000000000e+04
4.773700000000000000e+04
1.450300000000000000e+04
1.522500000000000000e+04
1.221300000000000000e+04
1.167500000000000000e+04
9.389000000000000000e+03
3.442200000000000000e+04
1.490600000000000000e+04
6.113000000000000000e+03
1.233200000000000000e+04
4.076700000000000000e+04
2.548100000000000000e+04
1.815700000000000000e+04
1.739300000000000000e+04
1.494000000000000000e+04
1.323200000000000000e+04
2.274300000000000000e+04
2.356300000000000000e+04
1.216600000000000000e+04
1.090300000000000000e+04
1.300000000000000000e+04
1.052400000000000000e+04
1.198000000000000000e+04
9.716000000000000000e+03
2.782800000000000000e+04
7.896000000000000000e+03
3.807300000000000000e+04
1.499900000000000000e+04
1.528700000000000000e+04
1.482600000000000000e+04
5.204000000000000000e+03
1.011300000000000000e+04
1.428000000000000000e+04
1.168600000000000000e+04
2.414700000000000000e+04
2.088400000000000000e+04
2.282000000000000000e+04
3.352400000000000000e+04
1.550300000000000000e+04
2.418200000000000000e+04
8.830000000000000000e+03
7.039000000000000000e+03
1.072600000000000000e+04
1.821100000000000000e+04
2.060900000000000000e+04
2.088500000000000000e+04
2.691600000000000000e+04
8.795000000000000000e+03
1.704800000000000000e+04
8.518000000000000000e+03
1.174500000000000000e+04
7.778000000000000000e+03
2.121800000000000000e+04
2.470400000000000000e+04
1.932200000000000000e+04
1.087600000000000000e+04
5.901200000000000000e+04
1.052800000000000000e+04
1.029300000000000000e+04
1.292400000000000000e+04
1.609800000000000000e+04
1.876100000000000000e+04
9.123000000000000000e+03
1.316800000000000000e+04
1.919900000000000000e+04
3.509700000000000000e+04
2.996500000000000000e+04
2.930500000000000000e+04
1.547600000000000000e+04
1.881700000000000000e+04
4.209000000000000000e+04
2.713400000000000000e+04
1.559600000000000000e+04
1.826300000000000000e+04
7.813000000000000000e+03
1.798300000000000000e+04
1.219300000000000000e+04
2.678400000000000000e+04
1.323700000000000000e+04
1.038700000000000000e+04
2.609100000000000000e+04
3.345000000000000000e+04
1.762600000000000000e+04
5.326000000000000000e+03
3.396500000000000000e+04
3.022700000000000000e+04
2.857400000000000000e+04
1.114200000000000000e+04
4.467900000000000000e+04
1.921900000000000000e+04
1.637300000000000000e+04
2.818300000000000000e+04
2.170400000000000000e+04
2.151100000000000000e+04
7.990000000000000000e+03
3.111600000000000000e+04
5.657200000000000000e+04
7.491000000000000000e+03
9.071000000000000000e+03
2.110900000000000000e+04
1.772700000000000000e+04
1.369700000000000000e+04
9.900000000000000000e+03
1.248400000000000000e+04
7.346000000000000000e+03
1.185700000000000000e+04
2.079400000000000000e+04
1.944000000000000000e+04
1.824500000000000000e+04
1.585500000000000000e+04
1.362000000000000000e+04
2.347600000000000000e+04
2.425000000000000000e+04
2.117900000000000000e+04
2.721900000000000000e+04
4.583100000000000000e+04
1.654400000000000000e+04
2.018300000000000000e+04
1.678100000000000000e+04
2.930600000000000000e+04
1.463200000000000000e+04
6.315000000000000000e+03
9.150000000000000000e+03
8.259000000000000000e+03
2.513900000000000000e+04
1.986500000000000000e+04
1.385600000000000000e+04
1.954700000000000000e+04
1.052600000000000000e+04
3.096100000000000000e+04
1.388200000000000000e+04
5.228000000000000000e+03
7.646000000000000000e+03
2.680200000000000000e+04
1.503100000000000000e+04
9.497000000000000000e+03
4.438300000000000000e+04
2.269100000000000000e+04
2.322500000000000000e+04
2.178600000000000000e+04
2.744600000000000000e+04
1.346800000000000000e+04
1.672900000000000000e+04
8.698000000000000000e+03
6.163000000000000000e+03
3.018600000000000000e+04
2.939900000000000000e+04
1.829600000000000000e+04
1.260000000000000000e+04
2.547400000000000000e+04
1.445800000000000000e+04
1.071300000000000000e+04
1.084800000000000000e+04
8.644000000000000000e+03
2.491500000000000000e+04
7.569000000000000000e+03
1.669500000000000000e+04
1.951200000000000000e+04
9.861000000000000000e+03
1.996200000000000000e+04
6.981000000000000000e+03
1.443400000000000000e+04
8.099000000000000000e+03
7.047000000000000000e+03
1.801400000000000000e+04
1.759000000000000000e+04
2.459500000000000000e+04
1.403400000000000000e+04
9.706000000000000000e+03
2.044800000000000000e+04
2.667700000000000000e+04
1.237700000000000000e+04
2.568700000000000000e+04
2.122100000000000000e+04
1.089800000000000000e+04
7.578000000000000000e+03
1.264700000000000000e+04
7.828000000000000000e+03
2.574200000000000000e+04
2.071600000000000000e+04
1.021500000000000000e+04
1.602200000000000000e+04
1.564100000000000000e+04
2.162200000000000000e+04
2.947000000000000000e+04
4.780200000000000000e+04
2.141400000000000000e+04
1.118600000000000000e+04
1.306000000000000000e+04
1.084900000000000000e+04
2.643200000000000000e+04
1.533100000000000000e+04
3.080200000000000000e+04
3.443700000000000000e+04
7.213000000000000000e+04
1.366100000000000000e+04
9.954000000000000000e+03
1.756700000000000000e+04
2.280300000000000000e+04
2.232100000000000000e+04
2.088700000000000000e+04
1.465100000000000000e+04
2.574500000000000000e+04
1.501600000000000000e+04
1.260800000000000000e+04
1.114600000000000000e+04
1.240300000000000000e+04
2.976900000000000000e+04
2.747900000000000000e+04
5.312000000000000000e+03
1.015400000000000000e+04
1.105400000000000000e+04
1.713300000000000000e+04
1.296500000000000000e+04
2.461400000000000000e+04
9.437000000000000000e+03
5.377000000000000000e+03
1.896300000000000000e+04
1.581300000000000000e+04
1.289600000000000000e+04
9.048000000000000000e+03
9.385000000000000000e+03
3.852000000000000000e+03
3.419200000000000000e+04
1.825200000000000000e+04
7.463000000000000000e+03
1.162000000000000000e+04
2.477600000000000000e+04
1.737000000000000000e+04
2.033900000000000000e+04
9.289000000000000000e+03
7.902000000000000000e+03
2.136600000000000000e+04
2.559400000000000000e+04
1.336300000000000000e+04
4.579200000000000000e+04
7.460000000000000000e+03
3.745100000000000000e+04
2.766600000000000000e+04
1.229000000000000000e+04
2.093400000000000000e+04
1.753700000000000000e+04
1.263500000000000000e+04
1.523800000000000000e+04
1.117900000000000000e+04
1.203100000000000000e+04
1.770000000000000000e+04
9.137000000000000000e+03
2.285100000000000000e+04
2.302000000000000000e+04
2.097400000000000000e+04
7.692000000000000000e+03
4.461000000000000000e+04
9.248000000000000000e+03
2.031400000000000000e+04
1.199700000000000000e+04
2.520400000000000000e+04
1.551600000000000000e+04
2.154300000000000000e+04
1.779900000000000000e+04
3.985800000000000000e+04
1.112500000000000000e+04
1.071300000000000000e+04
3.814100000000000000e+04
1.143300000000000000e+04
9.226000000000000000e+03
2.372500000000000000e+04
1.897400000000000000e+04
2.051600000000000000e+04
6.709000000000000000e+03
1.463400000000000000e+04
3.927500000000000000e+04
1.682600000000000000e+04
1.133100000000000000e+04
1.432600000000000000e+04
1.401500000000000000e+04
1.849000000000000000e+04
3.802200000000000000e+04
1.876300000000000000e+04
8.983000000000000000e+03
1.550800000000000000e+04
3.402200000000000000e+04
5.546000000000000000e+03
1.839000000000000000e+04
1.437200000000000000e+04
1.579200000000000000e+04
2.358000000000000000e+04
1.457700000000000000e+04
1.705800000000000000e+04
2.983000000000000000e+04
1.636300000000000000e+04
1.002500000000000000e+04
2.177700000000000000e+04
1.750600000000000000e+04
1.355900000000000000e+04
2.026400000000000000e+04
3.312100000000000000e+04
1.498800000000000000e+04
3.412700000000000000e+04
3.626500000000000000e+04
1.485300000000000000e+04
5.615900000000000000e+04
3.328100000000000000e+04
1.234500000000000000e+04
1.016100000000000000e+04
8.863000000000000000e+03
1.278800000000000000e+04
8.189000000000000000e+03
1.968500000000000000e+04
7.626000000000000000e+03
2.430100000000000000e+04
1.996300000000000000e+04
1.353900000000000000e+04
1.468700000000000000e+04
1.268500000000000000e+04
1.930000000000000000e+04
1.908100000000000000e+04
3.009200000000000000e+04
2.569200000000000000e+04
1.146300000000000000e+04
1.238500000000000000e+04
3.282000000000000000e+04
1.692800000000000000e+04
2.280900000000000000e+04
2.059200000000000000e+04
2.219600000000000000e+04
1.064500000000000000e+04
7.367000000000000000e+03
1.862600000000000000e+04
2.506200000000000000e+04
1.980500000000000000e+04
1.251600000000000000e+04
1.416000000000000000e+04
3.848100000000000000e+04
7.730000000000000000e+03
3.175700000000000000e+04
3.293300000000000000e+04
1.358200000000000000e+04
6.783000000000000000e+03
2.761700000000000000e+04
3.145400000000000000e+04
1.620200000000000000e+04
3.061300000000000000e+04
8.166000000000000000e+03
1.186100000000000000e+04
1.792700000000000000e+04
2.172700000000000000e+04
2.225100000000000000e+04
1.869500000000000000e+04
1.317000000000000000e+04
1.375900000000000000e+04
2.644700000000000000e+04
6.702000000000000000e+03
1.961200000000000000e+04
1.695400000000000000e+04
1.654900000000000000e+04
2.101200000000000000e+04
1.049100000000000000e+04
1.350700000000000000e+04
1.100100000000000000e+04
1.504900000000000000e+04
1.801400000000000000e+04
6.493000000000000000e+03
4.205400000000000000e+04
1.720600000000000000e+04
1.225000000000000000e+04
1.485900000000000000e+04
1.465600000000000000e+04
6.202000000000000000e+03
3.123000000000000000e+04
1.133800000000000000e+04
6.190000000000000000e+03
2.316100000000000000e+04
2.532500000000000000e+04
2.209000000000000000e+03
8.013000000000000000e+03
1.891800000000000000e+04
1.369800000000000000e+04
3.306900000000000000e+04
1.411600000000000000e+04
1.424000000000000000e+04
3.340100000000000000e+04
2.072100000000000000e+04
2.195200000000000000e+04
5.725800000000000000e+04
8.421000000000000000e+03
1.486400000000000000e+04
2.621500000000000000e+04
8.178000000000000000e+03
1.665200000000000000e+04
3.380400000000000000e+04
1.559400000000000000e+04
1.864700000000000000e+04
2.035900000000000000e+04
1.462200000000000000e+04
2.042300000000000000e+04
2.308300000000000000e+04
2.428700000000000000e+04
3.817000000000000000e+03
2.077100000000000000e+04
1.460400000000000000e+04
1.712000000000000000e+04
1.991500000000000000e+04
2.361500000000000000e+04
1.511300000000000000e+04
2.959000000000000000e+04
1.619900000000000000e+04
3.375900000000000000e+04
7.595000000000000000e+03
4.401000000000000000e+03
4.427200000000000000e+04
1.077500000000000000e+04
1.453000000000000000e+04
7.772000000000000000e+03
2.223100000000000000e+04
1.518700000000000000e+04
2.033400000000000000e+04
1.348000000000000000e+04
1.231900000000000000e+04
7.017400000000000000e+04
9.976000000000000000e+03
4.720000000000000000e+03
9.817000000000000000e+03
9.957000000000000000e+03
1.153600000000000000e+04
1.430700000000000000e+04
2.433300000000000000e+04
2.055400000000000000e+04
5.538000000000000000e+03
1.422500000000000000e+04
1.117000000000000000e+04
3.360300000000000000e+04
2.123500000000000000e+04
1.058100000000000000e+04
3.255000000000000000e+04
2.325400000000000000e+04
2.799800000000000000e+04
1.940900000000000000e+04
