1.217300000000000000e+04
1.402200000000000000e+04
1.658800000000000000e+04
5.110000000000000000e+03
7.973000000000000000e+03
8.505000000000000000e+03
2.330200000000000000e+04
3.555000000000000000e+03
2.986000000000000000e+04
1.595600000000000000e+04
4.804000000000000000e+03
7.099000000000000000e+03
6.077000000000000000e+03
6.694000000000000000e+03
5.741000000000000000e+03
1.925100000000000000e+04
9.526000000000000000e+03
5.884000000000000000e+03
7.947000000000000000e+03
5.961000000000000000e+03
1.804900000000000000e+04
1.156900000000000000e+04
1.523300000000000000e+04
1.522900000000000000e+04
4.790000000000000000e+03
7.668000000000000000e+03
1.218500000000000000e+04
1.986000000000000000e+04
6.468000000000000000e+03
3.470000000000000000e+03
6.152000000000000000e+03
8.372000000000000000e+03
3.611000000000000000e+03
8.207000000000000000e+03
9.172000000000000000e+03
6.294000000000000000e+03
8.393000000000000000e+03
6.129000000000000000e+03
6.180000000000000000e+03
7.354000000000000000e+03
1.193900000000000000e+04
4.857000000000000000e+03
7.637000000000000000e+03
1.800600000000000000e+04
3.405000000000000000e+03
8.294000000000000000e+03
5.980000000000000000e+03
9.585000000000000000e+03
9.661000000000000000e+03
3.720000000000000000e+03
5.344000000000000000e+03
6.525000000000000000e+03
9.764000000000000000e+03
8.418000000000000000e+03
5.658000000000000000e+03
6.580000000000000000e+03
4.382000000000000000e+03
1.519700000000000000e+04
4.269000000000000000e+03
1.392900000000000000e+04
1.740000000000000000e+04
7.376000000000000000e+03
7.210000000000000000e+03
4.750000000000000000e+03
8.769000000000000000e+03
1.261000000000000000e+04
7.116000000000000000e+03
5.870000000000000000e+03
7.330000000000000000e+03
9.789000000000000000e+03
8.054000000000000000e+03
1.343400000000000000e+04
2.115100000000000000e+04
1.529900000000000000e+04
2.377000000000000000e+03
1.085700000000000000e+04
8.609000000000000000e+03
4.992000000000000000e+03
2.740500000000000000e+04
2.804500000000000000e+04
1.536500000000000000e+04
1.495500000000000000e+04
1.639000000000000000e+04
3.228000000000000000e+03
5.985000000000000000e+03
8.590000000000000000e+03
1.911000000000000000e+03
4.253000000000000000e+03
5.711000000000000000e+03
7.316000000000000000e+03
1.336200000000000000e+04
6.632000000000000000e+03
2.223000000000000000e+03
4.726000000000000000e+03
9.008000000000000000e+03
3.720000000000000000e+03
1.555500000000000000e+04
6.424000000000000000e+03
1.125000000000000000e+04
4.997000000000000000e+03
8.251000000000000000e+03
3.303000000000000000e+03
5.706000000000000000e+03
8.763000000000000000e+03
1.061000000000000000e+04
1.851400000000000000e+04
6.442000000000000000e+03
8.190000000000000000e+03
6.641000000000000000e+03
6.596000000000000000e+03
1.416800000000000000e+04
7.603000000000000000e+03
5.304000000000000000e+03
5.196000000000000000e+03
7.033000000000000000e+03
5.498000000000000000e+03
3.535000000000000000e+03
7.293000000000000000e+03
1.948400000000000000e+04
5.687000000000000000e+03
1.124500000000000000e+04
6.446000000000000000e+03
5.144000000000000000e+03
6.778000000000000000e+03
2.073000000000000000e+03
2.131200000000000000e+04
5.390000000000000000e+03
7.607000000000000000e+03
4.152000000000000000e+03
5.327000000000000000e+03
7.651000000000000000e+03
1.227500000000000000e+04
1.165200000000000000e+04
1.057500000000000000e+04
1.431300000000000000e+04
7.550000000000000000e+03
5.680000000000000000e+03
1.048900000000000000e+04
1.773200000000000000e+04
3.257000000000000000e+03
1.280000000000000000e+03
7.719000000000000000e+03
5.387000000000000000e+03
1.177900000000000000e+04
9.223000000000000000e+03
9.449000000000000000e+03
2.092500000000000000e+04
1.647500000000000000e+04
6.437000000000000000e+03
1.731700000000000000e+04
8.251000000000000000e+03
1.081800000000000000e+04
2.511600000000000000e+04
2.739000000000000000e+03
7.066000000000000000e+03
1.909000000000000000e+04
2.610900000000000000e+04
8.272000000000000000e+03
9.630000000000000000e+03
4.330000000000000000e+03
5.752000000000000000e+03
7.814000000000000000e+03
3.861000000000000000e+03
1.023500000000000000e+04
2.118600000000000000e+04
3.694000000000000000e+03
1.162300000000000000e+04
5.483000000000000000e+03
1.209200000000000000e+04
3.764400000000000000e+04
7.547000000000000000e+03
1.477500000000000000e+04
5.345000000000000000e+03
6.353000000000000000e+03
5.870000000000000000e+03
3.538000000000000000e+03
1.560200000000000000e+04
3.861000000000000000e+03
1.699000000000000000e+04
1.344100000000000000e+04
9.338000000000000000e+03
1.241500000000000000e+04
8.389000000000000000e+03
5.468000000000000000e+03
5.672000000000000000e+03
1.142400000000000000e+04
6.692000000000000000e+03
9.819000000000000000e+03
1.751800000000000000e+04
1.128700000000000000e+04
3.500800000000000000e+04
1.133200000000000000e+04
4.802000000000000000e+03
1.526800000000000000e+04
3.919000000000000000e+03
6.551000000000000000e+03
2.057700000000000000e+04
3.865000000000000000e+03
1.004500000000000000e+04
8.528000000000000000e+03
2.482700000000000000e+04
1.319500000000000000e+04
4.977000000000000000e+03
1.798000000000000000e+04
7.542000000000000000e+03
3.522000000000000000e+03
4.633000000000000000e+03
1.131100000000000000e+04
7.727000000000000000e+03
5.263000000000000000e+03
1.251900000000000000e+04
9.279000000000000000e+03
6.479000000000000000e+03
1.208000000000000000e+04
8.783000000000000000e+03
9.412000000000000000e+03
8.823000000000000000e+03
2.656000000000000000e+03
2.533000000000000000e+03
2.986000000000000000e+03
1.302300000000000000e+04
7.882000000000000000e+03
1.977000000000000000e+04
6.928000000000000000e+03
7.758000000000000000e+03
4.983000000000000000e+03
6.801000000000000000e+03
4.290000000000000000e+03
6.857000000000000000e+03
8.281000000000000000e+03
6.015000000000000000e+03
1.097400000000000000e+04
4.204000000000000000e+03
9.886000000000000000e+03
4.910000000000000000e+03
9.024000000000000000e+03
1.195300000000000000e+04
6.576000000000000000e+03
8.230000000000000000e+03
1.066000000000000000e+04
4.338100000000000000e+04
4.386000000000000000e+03
8.447000000000000000e+03
1.076800000000000000e+04
8.153000000000000000e+03
1.253100000000000000e+04
1.338000000000000000e+04
1.403100000000000000e+04
9.270000000000000000e+03
4.668000000000000000e+03
1.406700000000000000e+04
8.671000000000000000e+03
1.750600000000000000e+04
8.744000000000000000e+03
7.939000000000000000e+03
2.363200000000000000e+04
2.366800000000000000e+04
6.907000000000000000e+03
8.573000000000000000e+03
1.930000000000000000e+04
8.625000000000000000e+03
3.408000000000000000e+03
1.353200000000000000e+04
7.836000000000000000e+03
1.040400000000000000e+04
8.059000000000000000e+03
1.570300000000000000e+04
2.880500000000000000e+04
6.582000000000000000e+03
1.560000000000000000e+04
3.768000000000000000e+03
1.923800000000000000e+04
8.700000000000000000e+03
6.919000000000000000e+03
2.025000000000000000e+03
7.838000000000000000e+03
8.235000000000000000e+03
8.565000000000000000e+03
1.717100000000000000e+04
7.750000000000000000e+03
9.425000000000000000e+03
1.853700000000000000e+04
4.527000000000000000e+03
9.000000000000000000e+03
8.552000000000000000e+03
5.458000000000000000e+03
3.563000000000000000e+03
1.256700000000000000e+04
7.630000000000000000e+03
2.285700000000000000e+04
3.186000000000000000e+03
1.494600000000000000e+04
1.586800000000000000e+04
8.298000000000000000e+03
1.709700000000000000e+04
1.042500000000000000e+04
8.401000000000000000e+03
2.578800000000000000e+04
4.846000000000000000e+03
1.763200000000000000e+04
1.159700000000000000e+04
1.174800000000000000e+04
3.851000000000000000e+03
4.780000000000000000e+03
1.289000000000000000e+04
4.359000000000000000e+03
1.044300000000000000e+04
4.200000000000000000e+03
3.169000000000000000e+03
6.622000000000000000e+03
9.988000000000000000e+03
4.928000000000000000e+03
7.396000000000000000e+03
5.605000000000000000e+03
2.159600000000000000e+04
1.685100000000000000e+04
1.535500000000000000e+04
6.836000000000000000e+03
6.665000000000000000e+03
1.546300000000000000e+04
8.837000000000000000e+03
6.419000000000000000e+03
1.878100000000000000e+04
6.286000000000000000e+03
1.823200000000000000e+04
1.390900000000000000e+04
2.666800000000000000e+04
4.767000000000000000e+03
3.136000000000000000e+03
3.081000000000000000e+03
1.017900000000000000e+04
8.094000000000000000e+03
3.190900000000000000e+04
5.382000000000000000e+03
5.650000000000000000e+03
3.053000000000000000e+03
8.986000000000000000e+03
1.143000000000000000e+04
4.531000000000000000e+03
4.498000000000000000e+03
7.243000000000000000e+03
3.132000000000000000e+03
1.462900000000000000e+04
1.126500000000000000e+04
1.455400000000000000e+04
2.902000000000000000e+03
6.818000000000000000e+03
8.372000000000000000e+03
8.994000000000000000e+03
2.304500000000000000e+04
9.882000000000000000e+03
2.234100000000000000e+04
3.377000000000000000e+03
2.831200000000000000e+04
3.536000000000000000e+03
5.792000000000000000e+03
9.476000000000000000e+03
5.191000000000000000e+03
8.495000000000000000e+03
6.516000000000000000e+03
1.039200000000000000e+04
5.637000000000000000e+03
1.017300000000000000e+04
4.076000000000000000e+03
1.663500000000000000e+04
5.039000000000000000e+03
1.176000000000000000e+04
1.012700000000000000e+04
6.534000000000000000e+03
4.257000000000000000e+03
9.474000000000000000e+03
6.294000000000000000e+03
4.738000000000000000e+03
9.248000000000000000e+03
5.161000000000000000e+03
7.431000000000000000e+03
4.449000000000000000e+03
4.709000000000000000e+03
5.961000000000000000e+03
1.671600000000000000e+04
5.227000000000000000e+03
1.587200000000000000e+04
1.205500000000000000e+04
4.586000000000000000e+03
5.286000000000000000e+03
1.919000000000000000e+03
1.932800000000000000e+04
1.922200000000000000e+04
5.624000000000000000e+03
4.294000000000000000e+03
6.653000000000000000e+03
8.314000000000000000e+03
1.109200000000000000e+04
6.245000000000000000e+03
8.405000000000000000e+03
4.228000000000000000e+03
3.666000000000000000e+03
4.548000000000000000e+03
3.109000000000000000e+03
1.709200000000000000e+04
2.108100000000000000e+04
5.072000000000000000e+03
8.298000000000000000e+03
2.027000000000000000e+03
2.276800000000000000e+04
4.856000000000000000e+03
9.320000000000000000e+03
2.317500000000000000e+04
3.913000000000000000e+03
1.650600000000000000e+04
7.601000000000000000e+03
1.340300000000000000e+04
1.785300000000000000e+04
4.129000000000000000e+03
8.992000000000000000e+03
4.102000000000000000e+03
9.601000000000000000e+03
1.568800000000000000e+04
2.226800000000000000e+04
1.101400000000000000e+04
5.164000000000000000e+03
6.840000000000000000e+03
1.561400000000000000e+04
4.404000000000000000e+03
5.011000000000000000e+03
1.318600000000000000e+04
3.949000000000000000e+03
2.887000000000000000e+03
2.138000000000000000e+03
7.159000000000000000e+03
7.081000000000000000e+03
1.265200000000000000e+04
2.323700000000000000e+04
5.612000000000000000e+03
2.195700000000000000e+04
1.748700000000000000e+04
9.990000000000000000e+03
6.177000000000000000e+03
1.820000000000000000e+04
1.403200000000000000e+04
1.474200000000000000e+04
2.348000000000000000e+03
5.598000000000000000e+03
1.155700000000000000e+04
6.078000000000000000e+03
6.021000000000000000e+03
5.288000000000000000e+03
3.103000000000000000e+03
3.595000000000000000e+03
1.267400000000000000e+04
3.887000000000000000e+03
6.335000000000000000e+03
5.752000000000000000e+03
9.869000000000000000e+03
8.472000000000000000e+03
5.601000000000000000e+03
4.610000000000000000e+03
9.887000000000000000e+03
2.712000000000000000e+03
4.353000000000000000e+03
1.449200000000000000e+04
1.413700000000000000e+04
2.156200000000000000e+04
7.237000000000000000e+03
9.939000000000000000e+03
1.017500000000000000e+04
1.901300000000000000e+04
2.105700000000000000e+04
5.164000000000000000e+03
1.347400000000000000e+04
8.353000000000000000e+03
8.955000000000000000e+03
2.264300000000000000e+04
8.960000000000000000e+03
4.161000000000000000e+03
1.681500000000000000e+04
1.305200000000000000e+04
1.926500000000000000e+04
4.718000000000000000e+03
9.083000000000000000e+03
3.073000000000000000e+03
4.151000000000000000e+03
1.190800000000000000e+04
1.161200000000000000e+04
9.888000000000000000e+03
7.789000000000000000e+03
3.233500000000000000e+04
3.271100000000000000e+04
1.697500000000000000e+04
4.301000000000000000e+03
5.488000000000000000e+03
7.549000000000000000e+03
3.077000000000000000e+03
6.564000000000000000e+03
6.003000000000000000e+03
7.571000000000000000e+03
6.901000000000000000e+03
3.685300000000000000e+04
1.141700000000000000e+04
9.426000000000000000e+03
1.916200000000000000e+04
4.020000000000000000e+03
5.043000000000000000e+03
8.294000000000000000e+03
6.480000000000000000e+03
6.599000000000000000e+03
6.359000000000000000e+03
6.079000000000000000e+03
2.407300000000000000e+04
3.918000000000000000e+03
5.711000000000000000e+03
2.985000000000000000e+03
1.049600000000000000e+04
3.037000000000000000e+03
6.119000000000000000e+03
1.467300000000000000e+04
7.003000000000000000e+03
1.804700000000000000e+04
7.911000000000000000e+03
6.204000000000000000e+03
8.042000000000000000e+03
2.359200000000000000e+04
8.674000000000000000e+03
2.843400000000000000e+04
8.569000000000000000e+03
6.267000000000000000e+03
3.409000000000000000e+03
3.864000000000000000e+03
8.551000000000000000e+03
9.706000000000000000e+03
1.432000000000000000e+04
9.365000000000000000e+03
6.926000000000000000e+03
4.101000000000000000e+03
1.067100000000000000e+04
4.073000000000000000e+03
1.009400000000000000e+04
9.367000000000000000e+03
8.269000000000000000e+03
1.868100000000000000e+04
2.766000000000000000e+03
1.022800000000000000e+04
6.258000000000000000e+03
9.670000000000000000e+03
3.434000000000000000e+03
2.156000000000000000e+03
8.964000000000000000e+03
2.649000000000000000e+03
5.415000000000000000e+03
1.705100000000000000e+04
1.060500000000000000e+04
3.623000000000000000e+03
1.496800000000000000e+04
2.315400000000000000e+04
8.512000000000000000e+03
6.178000000000000000e+03
1.832100000000000000e+04
1.504600000000000000e+04
5.101000000000000000e+03
1.145900000000000000e+04
1.512400000000000000e+04
7.186000000000000000e+03
1.473500000000000000e+04
7.539000000000000000e+03
5.572000000000000000e+03
2.037500000000000000e+04
1.344600000000000000e+04
7.657000000000000000e+03
4.208000000000000000e+03
5.705000000000000000e+03
2.041000000000000000e+03
1.735000000000000000e+03
6.389000000000000000e+03
5.681000000000000000e+03
9.209000000000000000e+03
5.181000000000000000e+03
2.963600000000000000e+04
6.397000000000000000e+03
2.886000000000000000e+03
1.615000000000000000e+04
4.790000000000000000e+03
1.066300000000000000e+04
2.450000000000000000e+03
7.295000000000000000e+03
6.063000000000000000e+03
2.234200000000000000e+04
9.240000000000000000e+03
1.083900000000000000e+04
5.537000000000000000e+03
1.120100000000000000e+04
3.676000000000000000e+03
1.002800000000000000e+04
2.681900000000000000e+04
2.049600000000000000e+04
2.907000000000000000e+03
5.568000000000000000e+03
2.678000000000000000e+03
5.746000000000000000e+03
1.163100000000000000e+04
3.582200000000000000e+04
2.955000000000000000e+03
8.593000000000000000e+03
1.459900000000000000e+04
5.521000000000000000e+03
1.472600000000000000e+04
4.401000000000000000e+03
8.181000000000000000e+03
1.823100000000000000e+04
5.939000000000000000e+03
1.028400000000000000e+04
1.676100000000000000e+04
7.977000000000000000e+03
8.351000000000000000e+03
1.516300000000000000e+04
6.705000000000000000e+03
9.310000000000000000e+03
5.798000000000000000e+03
1.185900000000000000e+04
4.360000000000000000e+03
5.792000000000000000e+03
6.892000000000000000e+03
6.972000000000000000e+03
2.702000000000000000e+03
3.505000000000000000e+03
2.978000000000000000e+03
5.068000000000000000e+03
7.147000000000000000e+03
2.035600000000000000e+04
6.593000000000000000e+03
6.355000000000000000e+03
2.735000000000000000e+03
6.082000000000000000e+03
5.937000000000000000e+03
9.532000000000000000e+03
8.766000000000000000e+03
1.267800000000000000e+04
5.013000000000000000e+03
9.789000000000000000e+03
6.450000000000000000e+03
1.460100000000000000e+04
1.800100000000000000e+04
3.933000000000000000e+03
9.877000000000000000e+03
7.530000000000000000e+03
3.361000000000000000e+03
6.044000000000000000e+03
9.166000000000000000e+03
2.179600000000000000e+04
6.856000000000000000e+03
1.600500000000000000e+04
9.864000000000000000e+03
6.372000000000000000e+03
1.279800000000000000e+04
1.197300000000000000e+04
6.566000000000000000e+03
5.119000000000000000e+03
8.614000000000000000e+03
1.273000000000000000e+04
6.789000000000000000e+03
1.018800000000000000e+04
6.386000000000000000e+03
1.182400000000000000e+04
6.261000000000000000e+03
7.732000000000000000e+03
3.012000000000000000e+03
5.322000000000000000e+03
1.846300000000000000e+04
1.024600000000000000e+04
2.448300000000000000e+04
7.119000000000000000e+03
1.725200000000000000e+04
9.693000000000000000e+03
4.890000000000000000e+03
5.632000000000000000e+03
8.411000000000000000e+03
8.562000000000000000e+03
1.079800000000000000e+04
1.365000000000000000e+04
6.416000000000000000e+03
1.765700000000000000e+04
8.770000000000000000e+03
2.735000000000000000e+03
1.157700000000000000e+04
1.087500000000000000e+04
2.532000000000000000e+03
6.725000000000000000e+03
1.035400000000000000e+04
8.075000000000000000e+03
1.521500000000000000e+04
1.478800000000000000e+04
1.703300000000000000e+04
4.981900000000000000e+04
1.807800000000000000e+04
7.337000000000000000e+03
2.374000000000000000e+03
3.240000000000000000e+03
9.640000000000000000e+03
8.366000000000000000e+03
2.561000000000000000e+03
8.249000000000000000e+03
1.485900000000000000e+04
4.960000000000000000e+03
5.375000000000000000e+03
2.423000000000000000e+03
1.047700000000000000e+04
7.150000000000000000e+03
4.316000000000000000e+03
2.042100000000000000e+04
1.426900000000000000e+04
5.783000000000000000e+03
4.351000000000000000e+03
9.034000000000000000e+03
8.778000000000000000e+03
5.546000000000000000e+03
1.784000000000000000e+04
8.189000000000000000e+03
1.627000000000000000e+04
5.310000000000000000e+03
8.109000000000000000e+03
1.702400000000000000e+04
2.076400000000000000e+04
7.052000000000000000e+03
3.017800000000000000e+04
1.152300000000000000e+04
8.313000000000000000e+03
1.599600000000000000e+04
1.832300000000000000e+04
2.503900000000000000e+04
7.750000000000000000e+03
4.062000000000000000e+03
4.147000000000000000e+03
1.183300000000000000e+04
5.086000000000000000e+03
6.126000000000000000e+03
2.925000000000000000e+03
1.796900000000000000e+04
5.840000000000000000e+03
7.799000000000000000e+03
2.717000000000000000e+03
9.523000000000000000e+03
9.360000000000000000e+03
5.686000000000000000e+03
5.966000000000000000e+03
4.544000000000000000e+03
8.511000000000000000e+03
2.012400000000000000e+04
5.593000000000000000e+03
6.174000000000000000e+03
5.022000000000000000e+03
6.259000000000000000e+03
4.023000000000000000e+03
1.089800000000000000e+04
5.995000000000000000e+03
2.364000000000000000e+03
6.970000000000000000e+03
9.860000000000000000e+03
6.166000000000000000e+03
4.163000000000000000e+03
1.926400000000000000e+04
9.634000000000000000e+03
7.685000000000000000e+03
6.757000000000000000e+03
7.274000000000000000e+03
2.616400000000000000e+04
1.392400000000000000e+04
5.416000000000000000e+03
6.721000000000000000e+03
5.092000000000000000e+03
8.295000000000000000e+03
7.084000000000000000e+03
6.090000000000000000e+03
2.113800000000000000e+04
5.639000000000000000e+03
3.139000000000000000e+03
6.777000000000000000e+03
4.559000000000000000e+03
7.601000000000000000e+03
5.293000000000000000e+03
2.822000000000000000e+03
8.648000000000000000e+03
3.261000000000000000e+03
2.737000000000000000e+03
2.360000000000000000e+03
3.785000000000000000e+03
1.074300000000000000e+04
7.614000000000000000e+03
6.374000000000000000e+03
1.385600000000000000e+04
9.912000000000000000e+03
1.167200000000000000e+04
1.267100000000000000e+04
9.041000000000000000e+03
1.451200000000000000e+04
2.197000000000000000e+03
1.468500000000000000e+04
3.612000000000000000e+03
1.054000000000000000e+04
5.541000000000000000e+03
3.034000000000000000e+03
5.649000000000000000e+03
9.474000000000000000e+03
6.664000000000000000e+03
4.735000000000000000e+03
8.062000000000000000e+03
1.906400000000000000e+04
1.486900000000000000e+04
1.408700000000000000e+04
5.273000000000000000e+03
9.315000000000000000e+03
6.659000000000000000e+03
4.329000000000000000e+03
1.987800000000000000e+04
6.729000000000000000e+03
1.014000000000000000e+04
3.854000000000000000e+03
9.004000000000000000e+03
5.546000000000000000e+03
7.764000000000000000e+03
1.184800000000000000e+04
6.020000000000000000e+03
1.396000000000000000e+04
8.695000000000000000e+03
2.055800000000000000e+04
1.184900000000000000e+04
1.238900000000000000e+04
6.470000000000000000e+03
4.361000000000000000e+03
9.516000000000000000e+03
4.880000000000000000e+03
1.256600000000000000e+04
4.857000000000000000e+03
1.305000000000000000e+04
5.284000000000000000e+03
1.967000000000000000e+03
3.220900000000000000e+04
9.471000000000000000e+03
8.751000000000000000e+03
3.966700000000000000e+04
2.160200000000000000e+04
5.800000000000000000e+03
1.460600000000000000e+04
2.500000000000000000e+03
1.483200000000000000e+04
1.919400000000000000e+04
8.001000000000000000e+03
9.977000000000000000e+03
1.963000000000000000e+03
1.106500000000000000e+04
5.129000000000000000e+03
1.157500000000000000e+04
6.378000000000000000e+03
3.443000000000000000e+03
5.920000000000000000e+03
9.789000000000000000e+03
3.866000000000000000e+03
3.246000000000000000e+03
1.686400000000000000e+04
4.683000000000000000e+03
1.548700000000000000e+04
1.464500000000000000e+04
2.068000000000000000e+04
5.448000000000000000e+03
2.921300000000000000e+04
8.534000000000000000e+03
2.476000000000000000e+03
4.019000000000000000e+03
4.627000000000000000e+03
4.654000000000000000e+03
3.159200000000000000e+04
2.225000000000000000e+04
1.797800000000000000e+04
1.660800000000000000e+04
2.118100000000000000e+04
1.122500000000000000e+04
3.752000000000000000e+03
4.407000000000000000e+03
7.152000000000000000e+03
5.529000000000000000e+03
3.425000000000000000e+03
2.938000000000000000e+03
2.242700000000000000e+04
8.917000000000000000e+03
4.538000000000000000e+03
4.351000000000000000e+03
8.171000000000000000e+03
1.018300000000000000e+04
1.040900000000000000e+04
8.349000000000000000e+03
7.110000000000000000e+03
7.759000000000000000e+03
1.090100000000000000e+04
6.409000000000000000e+03
6.981000000000000000e+03
3.189000000000000000e+03
1.829800000000000000e+04
2.057400000000000000e+04
5.145000000000000000e+03
8.382000000000000000e+03
5.247000000000000000e+03
7.977000000000000000e+03
5.575000000000000000e+03
1.440800000000000000e+04
9.264000000000000000e+03
8.301000000000000000e+03
8.717000000000000000e+03
1.806900000000000000e+04
8.383000000000000000e+03
2.226700000000000000e+04
6.440000000000000000e+03
4.204000000000000000e+03
1.579500000000000000e+04
1.518000000000000000e+04
7.444000000000000000e+03
1.775000000000000000e+04
5.493000000000000000e+03
4.954000000000000000e+03
1.210400000000000000e+04
3.413000000000000000e+03
3.897000000000000000e+03
2.033100000000000000e+04
6.005000000000000000e+03
1.705200000000000000e+04
1.130300000000000000e+04
2.906000000000000000e+03
5.701000000000000000e+03
4.859000000000000000e+03
9.986000000000000000e+03
5.002000000000000000e+03
1.960000000000000000e+03
7.483000000000000000e+03
4.095000000000000000e+03
4.935000000000000000e+03
3.343700000000000000e+04
3.412000000000000000e+03
1.251000000000000000e+04
1.563900000000000000e+04
5.563000000000000000e+03
1.618500000000000000e+04
3.175700000000000000e+04
6.065000000000000000e+03
5.771000000000000000e+03
1.101200000000000000e+04
1.332700000000000000e+04
6.861000000000000000e+03
9.804000000000000000e+03
4.228000000000000000e+03
4.768000000000000000e+03
5.476000000000000000e+03
1.981300000000000000e+04
7.088000000000000000e+03
9.956000000000000000e+03
1.288300000000000000e+04
1.078300000000000000e+04
4.382000000000000000e+03
7.643000000000000000e+03
6.588000000000000000e+03
5.012000000000000000e+03
4.782700000000000000e+04
1.220600000000000000e+04
4.449000000000000000e+03
1.280900000000000000e+04
1.746800000000000000e+04
5.178000000000000000e+03
1.316800000000000000e+04
1.560800000000000000e+04
5.361000000000000000e+03
4.939000000000000000e+03
4.370000000000000000e+03
6.224000000000000000e+03
1.319300000000000000e+04
4.235000000000000000e+03
3.991000000000000000e+03
4.613000000000000000e+03
2.344100000000000000e+04
1.163600000000000000e+04
3.276000000000000000e+03
5.732000000000000000e+03
8.837000000000000000e+03
8.464000000000000000e+03
2.219000000000000000e+04
4.234000000000000000e+03
3.042000000000000000e+03
9.959000000000000000e+03
8.624000000000000000e+03
1.001300000000000000e+04
1.889800000000000000e+04
8.465000000000000000e+03
8.457000000000000000e+03
4.833000000000000000e+03
1.928000000000000000e+03
1.394300000000000000e+04
1.132300000000000000e+04
5.277000000000000000e+03
1.358700000000000000e+04
9.821000000000000000e+03
6.719000000000000000e+03
5.848000000000000000e+03
7.690000000000000000e+03
4.712000000000000000e+03
1.105100000000000000e+04
