2.366000000000000000e+03
3.222000000000000000e+03
5.353000000000000000e+03
2.141000000000000000e+03
4.493000000000000000e+03
4.557000000000000000e+03
3.126000000000000000e+03
3.224000000000000000e+03
2.073000000000000000e+03
1.377000000000000000e+03
1.867000000000000000e+03
5.288000000000000000e+03
8.961000000000000000e+03
3.655000000000000000e+03
3.850000000000000000e+03
8.665000000000000000e+03
3.705000000000000000e+03
2.307000000000000000e+03
9.906000000000000000e+03
2.487000000000000000e+03
3.914000000000000000e+03
1.011800000000000000e+04
3.013000000000000000e+03
1.857000000000000000e+03
4.124000000000000000e+03
2.461000000000000000e+03
7.331000000000000000e+03
2.537000000000000000e+03
3.970000000000000000e+03
4.256000000000000000e+03
5.683000000000000000e+03
2.706000000000000000e+03
1.251400000000000000e+04
2.776000000000000000e+03
2.425000000000000000e+03
2.100000000000000000e+03
1.920000000000000000e+03
3.199000000000000000e+03
1.935000000000000000e+03
1.075700000000000000e+04
3.513000000000000000e+03
7.045000000000000000e+03
2.286000000000000000e+03
8.929000000000000000e+03
9.636000000000000000e+03
2.566000000000000000e+03
1.165700000000000000e+04
2.443000000000000000e+03
4.669000000000000000e+03
7.402000000000000000e+03
5.809000000000000000e+03
2.958000000000000000e+03
2.866000000000000000e+03
2.254200000000000000e+04
4.884000000000000000e+03
5.825000000000000000e+03
2.656000000000000000e+03
1.331900000000000000e+04
3.516000000000000000e+03
3.688000000000000000e+03
8.292000000000000000e+03
1.787300000000000000e+04
6.135000000000000000e+03
1.985000000000000000e+03
5.400000000000000000e+03
5.491000000000000000e+03
2.789000000000000000e+03
4.116000000000000000e+03
3.188000000000000000e+03
7.538000000000000000e+03
2.622000000000000000e+03
2.973000000000000000e+03
3.930000000000000000e+03
6.762000000000000000e+03
3.317000000000000000e+03
1.945000000000000000e+03
5.730000000000000000e+03
1.173000000000000000e+03
2.475000000000000000e+03
6.903000000000000000e+03
9.962000000000000000e+03
3.996000000000000000e+03
5.873000000000000000e+03
6.752000000000000000e+03
5.185000000000000000e+03
4.748000000000000000e+03
2.293000000000000000e+03
4.594000000000000000e+03
1.911000000000000000e+03
8.177000000000000000e+03
1.486000000000000000e+03
1.071700000000000000e+04
4.760000000000000000e+03
4.055000000000000000e+03
5.002000000000000000e+03
8.468000000000000000e+03
6.070000000000000000e+03
1.483000000000000000e+03
4.444000000000000000e+03
2.278000000000000000e+03
8.932000000000000000e+03
2.672000000000000000e+03
7.539000000000000000e+03
5.433000000000000000e+03
7.603000000000000000e+03
1.114000000000000000e+04
1.768300000000000000e+04
6.032000000000000000e+03
2.606000000000000000e+03
7.863000000000000000e+03
1.946000000000000000e+03
1.894000000000000000e+03
2.902000000000000000e+03
1.870000000000000000e+03
1.952000000000000000e+03
4.246000000000000000e+03
1.047800000000000000e+04
2.878000000000000000e+03
1.029000000000000000e+03
1.161500000000000000e+04
4.312000000000000000e+03
1.778000000000000000e+03
8.087000000000000000e+03
4.132000000000000000e+03
4.555000000000000000e+03
3.124000000000000000e+03
9.865000000000000000e+03
4.867000000000000000e+03
5.963000000000000000e+03
4.688000000000000000e+03
2.530000000000000000e+03
2.097000000000000000e+03
3.726000000000000000e+03
8.982000000000000000e+03
1.097500000000000000e+04
7.820000000000000000e+03
9.856000000000000000e+03
8.621000000000000000e+03
1.158300000000000000e+04
1.235500000000000000e+04
4.353000000000000000e+03
6.688000000000000000e+03
1.221000000000000000e+03
5.608000000000000000e+03
1.393900000000000000e+04
4.111000000000000000e+03
6.800000000000000000e+03
1.129500000000000000e+04
3.286000000000000000e+03
1.089000000000000000e+04
2.381000000000000000e+03
4.197000000000000000e+03
1.123100000000000000e+04
4.584000000000000000e+03
4.555000000000000000e+03
7.050000000000000000e+03
3.741000000000000000e+03
4.592000000000000000e+03
1.598000000000000000e+03
7.800000000000000000e+03
2.403000000000000000e+03
1.517000000000000000e+03
2.108000000000000000e+03
4.618000000000000000e+03
2.841000000000000000e+03
2.480000000000000000e+03
1.656000000000000000e+03
6.755000000000000000e+03
2.851000000000000000e+03
3.930000000000000000e+03
1.141000000000000000e+04
6.127000000000000000e+03
5.537000000000000000e+03
1.349000000000000000e+04
3.446000000000000000e+03
4.000000000000000000e+03
2.621000000000000000e+03
1.031900000000000000e+04
3.122000000000000000e+03
6.573000000000000000e+03
7.582000000000000000e+03
3.099000000000000000e+03
8.820000000000000000e+03
7.808000000000000000e+03
3.117000000000000000e+03
1.013000000000000000e+03
3.789000000000000000e+03
2.812000000000000000e+03
7.245000000000000000e+03
1.450700000000000000e+04
3.902000000000000000e+03
2.775000000000000000e+03
1.884000000000000000e+04
7.120000000000000000e+03
8.764000000000000000e+03
3.912000000000000000e+03
3.456000000000000000e+03
2.419000000000000000e+03
1.674000000000000000e+03
3.849000000000000000e+03
1.834000000000000000e+03
3.910000000000000000e+03
3.812000000000000000e+03
8.011000000000000000e+03
1.720000000000000000e+03
2.252000000000000000e+03
4.349000000000000000e+03
3.710000000000000000e+03
6.437000000000000000e+03
1.744200000000000000e+04
7.285000000000000000e+03
1.295000000000000000e+03
2.506000000000000000e+03
1.492700000000000000e+04
3.050000000000000000e+03
2.845000000000000000e+03
1.531300000000000000e+04
4.926000000000000000e+03
8.404000000000000000e+03
1.836200000000000000e+04
2.391000000000000000e+03
6.250000000000000000e+02
3.113000000000000000e+03
3.702000000000000000e+03
8.488000000000000000e+03
1.111000000000000000e+03
9.403000000000000000e+03
7.006000000000000000e+03
1.029200000000000000e+04
3.288000000000000000e+03
8.720000000000000000e+02
1.002500000000000000e+04
9.170000000000000000e+02
1.056900000000000000e+04
3.424000000000000000e+03
2.282000000000000000e+03
1.576300000000000000e+04
2.357000000000000000e+03
4.307000000000000000e+03
2.517000000000000000e+03
4.261000000000000000e+03
9.274000000000000000e+03
4.169000000000000000e+03
3.652000000000000000e+03
6.909000000000000000e+03
5.647000000000000000e+03
8.948000000000000000e+03
5.968000000000000000e+03
4.986000000000000000e+03
3.514000000000000000e+03
2.450000000000000000e+03
8.802000000000000000e+03
2.880000000000000000e+03
3.001000000000000000e+03
1.189400000000000000e+04
1.247200000000000000e+04
7.933000000000000000e+03
4.715000000000000000e+03
5.006000000000000000e+03
8.452000000000000000e+03
3.373000000000000000e+03
1.642000000000000000e+03
1.381900000000000000e+04
1.377000000000000000e+03
2.566000000000000000e+03
1.893000000000000000e+03
3.758000000000000000e+03
1.187500000000000000e+04
7.036000000000000000e+03
4.110000000000000000e+03
4.629000000000000000e+03
4.566000000000000000e+03
1.812000000000000000e+03
3.693000000000000000e+03
2.051000000000000000e+03
1.308000000000000000e+03
1.290500000000000000e+04
3.858000000000000000e+03
1.323300000000000000e+04
9.315000000000000000e+03
5.186000000000000000e+03
6.961000000000000000e+03
3.332000000000000000e+03
2.059000000000000000e+03
7.990000000000000000e+02
3.511000000000000000e+03
2.479000000000000000e+03
1.486700000000000000e+04
4.937000000000000000e+03
3.082000000000000000e+03
4.951000000000000000e+03
4.063000000000000000e+03
4.750000000000000000e+03
1.246000000000000000e+03
9.440000000000000000e+03
1.668000000000000000e+03
4.548000000000000000e+03
6.430000000000000000e+03
2.670000000000000000e+03
1.215000000000000000e+03
1.010100000000000000e+04
9.130000000000000000e+02
3.734000000000000000e+03
2.175000000000000000e+03
5.574000000000000000e+03
7.437000000000000000e+03
3.720000000000000000e+03
2.489000000000000000e+03
6.911000000000000000e+03
8.028000000000000000e+03
2.537000000000000000e+03
9.016000000000000000e+03
1.455000000000000000e+03
2.789000000000000000e+03
1.075400000000000000e+04
1.491400000000000000e+04
2.968000000000000000e+03
7.870000000000000000e+02
4.868000000000000000e+03
2.490000000000000000e+03
4.831000000000000000e+03
1.065900000000000000e+04
9.219000000000000000e+03
3.237000000000000000e+03
1.468000000000000000e+03
4.325000000000000000e+03
4.153000000000000000e+03
1.722000000000000000e+03
1.210000000000000000e+03
6.982000000000000000e+03
8.672000000000000000e+03
7.493000000000000000e+03
1.882000000000000000e+03
7.417000000000000000e+03
2.938000000000000000e+03
4.177000000000000000e+03
4.219000000000000000e+03
8.319000000000000000e+03
1.161800000000000000e+04
1.106300000000000000e+04
2.526000000000000000e+03
3.767000000000000000e+03
8.398000000000000000e+03
1.237000000000000000e+03
1.285000000000000000e+03
7.611000000000000000e+03
2.335000000000000000e+03
4.662000000000000000e+03
4.415000000000000000e+03
1.508000000000000000e+03
1.763000000000000000e+03
2.523000000000000000e+03
2.177000000000000000e+03
1.537000000000000000e+03
1.566000000000000000e+03
1.672000000000000000e+03
7.068000000000000000e+03
4.968000000000000000e+03
3.509000000000000000e+03
7.236000000000000000e+03
5.952000000000000000e+03
7.909000000000000000e+03
7.049000000000000000e+03
2.611000000000000000e+03
3.992000000000000000e+03
3.069000000000000000e+03
4.416000000000000000e+03
5.784000000000000000e+03
6.084000000000000000e+03
1.206600000000000000e+04
3.117000000000000000e+03
5.757000000000000000e+03
4.958000000000000000e+03
1.226800000000000000e+04
4.335000000000000000e+03
6.755000000000000000e+03
1.656300000000000000e+04
7.660000000000000000e+03
5.483000000000000000e+03
9.851000000000000000e+03
5.943000000000000000e+03
4.096000000000000000e+03
4.304000000000000000e+03
2.598000000000000000e+03
6.136000000000000000e+03
1.512000000000000000e+03
1.108800000000000000e+04
1.046500000000000000e+04
6.251000000000000000e+03
3.263000000000000000e+03
2.897000000000000000e+03
2.499000000000000000e+03
1.329900000000000000e+04
3.088000000000000000e+03
1.402200000000000000e+04
2.325000000000000000e+03
3.715000000000000000e+03
3.464000000000000000e+03
1.814000000000000000e+03
3.853000000000000000e+03
1.734400000000000000e+04
2.710000000000000000e+03
4.419000000000000000e+03
4.287000000000000000e+03
4.910000000000000000e+03
1.848000000000000000e+03
2.116000000000000000e+03
1.820000000000000000e+03
4.213000000000000000e+03
4.368000000000000000e+03
5.616000000000000000e+03
3.946000000000000000e+03
3.773000000000000000e+03
3.108000000000000000e+03
4.762000000000000000e+03
2.776000000000000000e+03
4.541000000000000000e+03
3.099000000000000000e+03
4.175000000000000000e+03
1.229000000000000000e+04
3.252000000000000000e+03
4.979000000000000000e+03
5.251000000000000000e+03
4.026000000000000000e+03
2.585000000000000000e+03
4.334000000000000000e+03
1.479600000000000000e+04
1.170000000000000000e+03
3.784000000000000000e+03
3.055000000000000000e+03
4.365000000000000000e+03
6.375000000000000000e+03
1.514200000000000000e+04
1.006400000000000000e+04
5.310000000000000000e+03
5.453000000000000000e+03
6.917000000000000000e+03
5.891000000000000000e+03
1.194300000000000000e+04
1.081700000000000000e+04
6.582000000000000000e+03
5.178000000000000000e+03
3.826000000000000000e+03
4.590000000000000000e+03
7.745000000000000000e+03
1.075000000000000000e+03
7.992000000000000000e+03
5.400000000000000000e+03
1.369500000000000000e+04
1.190500000000000000e+04
3.899000000000000000e+03
2.220000000000000000e+03
1.663000000000000000e+03
3.767000000000000000e+03
2.929000000000000000e+03
1.170000000000000000e+03
1.266000000000000000e+03
1.855000000000000000e+03
4.635000000000000000e+03
1.082800000000000000e+04
2.621000000000000000e+03
3.735000000000000000e+03
8.960000000000000000e+03
3.651000000000000000e+03
3.212000000000000000e+03
7.950000000000000000e+03
1.555500000000000000e+04
2.064000000000000000e+03
1.352000000000000000e+03
3.003000000000000000e+03
2.579000000000000000e+03
5.986000000000000000e+03
5.219000000000000000e+03
4.055000000000000000e+03
4.289000000000000000e+03
5.852000000000000000e+03
1.625000000000000000e+04
1.587000000000000000e+03
5.447000000000000000e+03
1.793000000000000000e+03
5.680000000000000000e+03
2.383000000000000000e+03
2.500000000000000000e+03
6.610000000000000000e+03
7.960000000000000000e+02
1.774000000000000000e+03
3.419000000000000000e+03
3.165000000000000000e+03
1.234000000000000000e+03
8.079000000000000000e+03
4.105000000000000000e+03
1.315300000000000000e+04
5.679000000000000000e+03
2.257000000000000000e+03
5.661000000000000000e+03
1.475000000000000000e+03
8.957000000000000000e+03
1.058900000000000000e+04
1.949400000000000000e+04
1.951000000000000000e+03
7.692000000000000000e+03
1.543000000000000000e+03
3.656000000000000000e+03
2.004100000000000000e+04
4.982000000000000000e+03
2.690000000000000000e+03
3.175000000000000000e+03
1.179000000000000000e+03
4.398000000000000000e+03
6.988000000000000000e+03
7.535000000000000000e+03
3.096000000000000000e+03
4.629000000000000000e+03
6.764000000000000000e+03
1.932000000000000000e+03
5.256000000000000000e+03
4.755000000000000000e+03
3.541000000000000000e+03
5.528000000000000000e+03
5.926000000000000000e+03
7.740000000000000000e+02
1.488900000000000000e+04
1.394200000000000000e+04
1.052900000000000000e+04
2.869000000000000000e+03
5.375000000000000000e+03
2.367300000000000000e+04
5.879000000000000000e+03
2.366000000000000000e+03
5.261000000000000000e+03
2.687000000000000000e+03
4.366000000000000000e+03
2.349000000000000000e+03
2.467000000000000000e+03
1.662000000000000000e+03
2.345000000000000000e+03
3.059000000000000000e+03
5.651000000000000000e+03
9.374000000000000000e+03
2.689000000000000000e+03
3.346000000000000000e+03
6.949000000000000000e+03
2.249000000000000000e+03
2.692000000000000000e+03
3.147000000000000000e+03
1.027100000000000000e+04
1.492000000000000000e+03
2.261000000000000000e+03
8.697000000000000000e+03
4.997000000000000000e+03
2.855000000000000000e+03
3.260000000000000000e+03
3.108000000000000000e+03
5.664000000000000000e+03
1.107000000000000000e+03
3.224000000000000000e+03
8.723000000000000000e+03
1.369000000000000000e+03
1.154400000000000000e+04
6.221000000000000000e+03
3.364000000000000000e+03
8.832000000000000000e+03
3.968000000000000000e+03
7.240000000000000000e+03
2.070000000000000000e+03
2.521000000000000000e+03
4.027000000000000000e+03
2.646000000000000000e+03
8.851000000000000000e+03
1.069200000000000000e+04
3.637000000000000000e+03
8.504000000000000000e+03
3.871000000000000000e+03
2.040000000000000000e+03
4.899000000000000000e+03
6.790000000000000000e+03
7.229000000000000000e+03
3.570000000000000000e+03
1.718600000000000000e+04
2.130000000000000000e+03
1.898000000000000000e+03
1.906000000000000000e+03
3.319000000000000000e+03
2.950000000000000000e+03
8.328000000000000000e+03
1.744000000000000000e+03
7.085000000000000000e+03
6.772000000000000000e+03
3.342000000000000000e+03
1.117400000000000000e+04
5.831000000000000000e+03
9.646000000000000000e+03
2.358000000000000000e+03
4.048000000000000000e+03
1.960000000000000000e+03
2.923000000000000000e+03
1.231200000000000000e+04
4.081000000000000000e+03
4.254000000000000000e+03
1.995000000000000000e+03
1.970000000000000000e+03
8.499000000000000000e+03
9.720000000000000000e+02
3.735000000000000000e+03
2.819000000000000000e+03
1.369900000000000000e+04
4.053000000000000000e+03
6.161000000000000000e+03
2.647000000000000000e+03
6.366000000000000000e+03
2.998000000000000000e+03
1.886000000000000000e+03
9.553000000000000000e+03
8.239000000000000000e+03
4.808000000000000000e+03
1.035000000000000000e+04
2.976000000000000000e+03
2.733000000000000000e+03
5.615000000000000000e+03
7.319000000000000000e+03
4.843000000000000000e+03
2.811000000000000000e+03
6.881000000000000000e+03
2.076000000000000000e+03
8.350000000000000000e+03
6.464000000000000000e+03
8.082000000000000000e+03
4.354000000000000000e+03
1.103800000000000000e+04
4.572000000000000000e+03
2.577000000000000000e+03
3.123000000000000000e+03
3.908000000000000000e+03
1.167000000000000000e+03
2.220000000000000000e+03
1.088600000000000000e+04
8.339000000000000000e+03
6.528000000000000000e+03
3.604000000000000000e+03
3.748000000000000000e+03
2.910000000000000000e+03
5.260000000000000000e+03
1.246200000000000000e+04
1.130300000000000000e+04
5.886000000000000000e+03
1.650000000000000000e+03
7.579000000000000000e+03
2.966000000000000000e+03
5.965000000000000000e+03
7.321000000000000000e+03
7.328000000000000000e+03
1.115200000000000000e+04
4.163000000000000000e+03
9.989000000000000000e+03
6.778000000000000000e+03
2.576500000000000000e+04
1.986000000000000000e+03
1.071300000000000000e+04
5.038000000000000000e+03
2.283000000000000000e+03
4.355000000000000000e+03
3.249000000000000000e+03
7.564000000000000000e+03
5.243000000000000000e+03
3.073000000000000000e+03
1.365400000000000000e+04
9.820000000000000000e+02
1.624000000000000000e+03
3.116000000000000000e+03
3.103000000000000000e+03
1.273900000000000000e+04
2.233000000000000000e+03
2.304000000000000000e+03
2.194000000000000000e+03
2.619000000000000000e+03
9.445000000000000000e+03
4.344000000000000000e+03
2.539000000000000000e+03
5.744000000000000000e+03
4.403000000000000000e+03
9.730000000000000000e+02
9.945000000000000000e+03
1.652000000000000000e+03
2.120500000000000000e+04
3.257000000000000000e+03
1.181300000000000000e+04
1.466800000000000000e+04
7.077000000000000000e+03
5.802000000000000000e+03
1.073100000000000000e+04
5.129000000000000000e+03
1.991000000000000000e+03
1.924000000000000000e+03
5.360000000000000000e+03
1.773000000000000000e+03
1.112300000000000000e+04
2.755000000000000000e+03
9.050000000000000000e+02
1.526000000000000000e+03
4.013000000000000000e+03
1.972000000000000000e+03
1.489700000000000000e+04
2.939000000000000000e+03
1.944000000000000000e+03
7.060000000000000000e+03
4.048000000000000000e+03
2.381000000000000000e+03
4.568000000000000000e+03
1.863000000000000000e+03
1.204800000000000000e+04
5.241000000000000000e+03
7.216000000000000000e+03
9.581000000000000000e+03
1.662000000000000000e+03
2.693000000000000000e+03
2.659000000000000000e+03
3.740000000000000000e+03
1.253000000000000000e+03
9.560000000000000000e+02
4.499000000000000000e+03
8.612000000000000000e+03
7.804000000000000000e+03
3.331000000000000000e+03
2.715000000000000000e+03
1.599000000000000000e+03
2.352000000000000000e+03
5.942000000000000000e+03
6.238000000000000000e+03
2.117000000000000000e+03
8.073000000000000000e+03
4.404000000000000000e+03
9.779000000000000000e+03
1.369700000000000000e+04
3.951000000000000000e+03
3.915000000000000000e+03
8.190000000000000000e+03
4.161000000000000000e+03
2.045000000000000000e+03
9.118000000000000000e+03
3.837000000000000000e+03
3.312000000000000000e+03
8.345000000000000000e+03
1.246700000000000000e+04
1.304300000000000000e+04
6.877000000000000000e+03
1.034000000000000000e+03
5.712000000000000000e+03
3.860000000000000000e+03
5.160000000000000000e+02
6.146000000000000000e+03
8.470000000000000000e+02
9.440000000000000000e+02
1.377000000000000000e+04
1.725000000000000000e+03
1.145000000000000000e+03
1.180000000000000000e+03
1.044800000000000000e+04
2.052000000000000000e+03
1.650900000000000000e+04
5.840000000000000000e+03
1.789000000000000000e+03
3.197000000000000000e+03
4.010000000000000000e+03
2.392000000000000000e+03
7.248000000000000000e+03
2.739000000000000000e+03
1.069100000000000000e+04
7.060000000000000000e+02
5.649000000000000000e+03
1.053000000000000000e+03
2.709000000000000000e+03
5.248000000000000000e+03
8.059000000000000000e+03
3.905000000000000000e+03
4.765000000000000000e+03
3.608000000000000000e+03
2.095000000000000000e+03
3.606000000000000000e+03
4.169000000000000000e+03
1.195000000000000000e+04
3.101000000000000000e+03
6.745000000000000000e+03
1.255000000000000000e+04
1.138300000000000000e+04
3.067000000000000000e+03
1.748000000000000000e+03
9.559000000000000000e+03
8.849000000000000000e+03
4.810000000000000000e+03
1.214400000000000000e+04
9.790000000000000000e+02
8.571000000000000000e+03
2.581000000000000000e+03
2.807000000000000000e+03
3.410000000000000000e+03
8.409000000000000000e+03
2.038000000000000000e+03
1.337200000000000000e+04
3.501000000000000000e+03
1.473900000000000000e+04
2.754000000000000000e+03
2.189000000000000000e+03
8.684000000000000000e+03
4.954000000000000000e+03
1.725000000000000000e+03
4.886000000000000000e+03
5.624000000000000000e+03
1.215200000000000000e+04
5.530000000000000000e+03
3.547000000000000000e+03
2.344000000000000000e+03
3.668000000000000000e+03
3.431000000000000000e+03
3.132000000000000000e+03
3.460000000000000000e+03
7.218000000000000000e+03
8.876000000000000000e+03
7.533000000000000000e+03
3.814000000000000000e+03
3.689400000000000000e+04
1.357600000000000000e+04
2.078500000000000000e+04
4.021000000000000000e+03
7.555000000000000000e+03
4.434000000000000000e+03
1.576000000000000000e+03
4.638000000000000000e+03
6.730000000000000000e+02
5.898000000000000000e+03
6.672000000000000000e+03
3.764000000000000000e+03
3.690000000000000000e+03
3.106000000000000000e+03
3.042000000000000000e+03
5.285000000000000000e+03
2.427000000000000000e+03
3.771000000000000000e+03
1.447800000000000000e+04
8.741000000000000000e+03
5.518000000000000000e+03
1.439000000000000000e+04
4.516000000000000000e+03
4.827000000000000000e+03
4.133000000000000000e+03
3.632000000000000000e+03
8.136000000000000000e+03
1.109300000000000000e+04
3.408000000000000000e+03
5.004000000000000000e+03
2.019000000000000000e+03
5.013000000000000000e+03
1.933000000000000000e+03
3.405000000000000000e+03
5.884000000000000000e+03
1.729000000000000000e+03
1.038700000000000000e+04
1.317000000000000000e+03
2.356000000000000000e+03
2.182000000000000000e+03
2.955000000000000000e+03
2.195000000000000000e+03
4.647000000000000000e+03
1.175300000000000000e+04
3.054000000000000000e+03
2.662000000000000000e+03
1.333400000000000000e+04
5.936000000000000000e+03
1.706000000000000000e+03
6.373000000000000000e+03
9.200000000000000000e+02
1.702000000000000000e+03
3.303000000000000000e+03
3.166000000000000000e+03
1.003200000000000000e+04
7.280000000000000000e+03
2.470000000000000000e+03
2.376000000000000000e+03
8.007000000000000000e+03
2.420000000000000000e+03
4.925000000000000000e+03
1.495000000000000000e+03
7.439000000000000000e+03
3.694000000000000000e+03
1.291600000000000000e+04
2.151000000000000000e+03
2.847000000000000000e+03
6.162000000000000000e+03
1.130700000000000000e+04
3.056000000000000000e+03
4.729000000000000000e+03
1.248800000000000000e+04
3.012000000000000000e+03
1.295100000000000000e+04
1.793300000000000000e+04
5.456000000000000000e+03
3.164000000000000000e+03
3.245000000000000000e+03
4.325000000000000000e+03
5.405000000000000000e+03
8.589000000000000000e+03
6.290000000000000000e+03
1.062100000000000000e+04
1.449300000000000000e+04
8.880000000000000000e+03
2.456200000000000000e+04
3.168000000000000000e+03
9.379000000000000000e+03
8.482000000000000000e+03
5.105000000000000000e+03
4.706000000000000000e+03
7.269000000000000000e+03
2.304000000000000000e+03
9.282000000000000000e+03
9.400000000000000000e+03
9.374000000000000000e+03
5.666000000000000000e+03
2.856000000000000000e+03
4.256000000000000000e+03
9.436000000000000000e+03
3.381000000000000000e+03
5.866000000000000000e+03
3.251000000000000000e+03
1.881000000000000000e+03
3.408000000000000000e+03
3.583000000000000000e+03
5.260000000000000000e+03
3.128000000000000000e+03
6.838000000000000000e+03
5.904000000000000000e+03
7.200000000000000000e+02
6.909000000000000000e+03
3.081000000000000000e+03
1.155300000000000000e+04
4.537000000000000000e+03
1.728000000000000000e+03
2.104000000000000000e+03
6.900000000000000000e+03
2.650000000000000000e+03
8.539000000000000000e+03
1.115000000000000000e+04
2.552000000000000000e+03
8.668000000000000000e+03
1.011900000000000000e+04
1.926000000000000000e+03
3.013000000000000000e+03
5.260000000000000000e+03
6.359000000000000000e+03
5.079000000000000000e+03
2.506000000000000000e+03
5.833000000000000000e+03
1.347000000000000000e+03
3.783000000000000000e+03
4.209000000000000000e+03
2.042000000000000000e+04
1.874000000000000000e+03
8.558000000000000000e+03
5.054000000000000000e+03
8.117000000000000000e+03
5.429000000000000000e+03
5.918000000000000000e+03
4.821000000000000000e+03
2.801000000000000000e+03
5.021000000000000000e+03
8.524000000000000000e+03
6.933000000000000000e+03
4.021000000000000000e+03
2.309000000000000000e+03
3.439000000000000000e+03
2.784000000000000000e+03
2.751000000000000000e+03
2.693000000000000000e+03
3.143000000000000000e+03
5.477000000000000000e+03
1.634000000000000000e+03
1.398700000000000000e+04
5.957000000000000000e+03
5.375000000000000000e+03
1.289000000000000000e+03
1.837000000000000000e+04
4.864000000000000000e+03
1.081800000000000000e+04
2.412000000000000000e+03
8.536000000000000000e+03
2.753000000000000000e+03
3.991000000000000000e+03
2.637000000000000000e+03
1.017600000000000000e+04
6.001000000000000000e+03
6.128000000000000000e+03
7.761000000000000000e+03
3.586000000000000000e+03
9.108000000000000000e+03
7.921000000000000000e+03
2.253000000000000000e+03
3.081000000000000000e+03
2.496000000000000000e+03
2.025000000000000000e+03
4.550000000000000000e+03
2.290000000000000000e+03
3.219000000000000000e+03
