8.928000000000000000e+03
2.556000000000000000e+03
1.711000000000000000e+03
6.155000000000000000e+03
1.504000000000000000e+03
2.685000000000000000e+03
4.886000000000000000e+03
1.834000000000000000e+03
3.072000000000000000e+03
3.059000000000000000e+03
4.366000000000000000e+03
2.644000000000000000e+03
3.925000000000000000e+03
1.070000000000000000e+03
9.990000000000000000e+02
9.370000000000000000e+02
6.588000000000000000e+03
3.194000000000000000e+03
1.097000000000000000e+03
7.410000000000000000e+02
1.509000000000000000e+03
2.039000000000000000e+03
2.135000000000000000e+03
3.806000000000000000e+03
2.234000000000000000e+03
3.141000000000000000e+03
2.658000000000000000e+03
1.326000000000000000e+03
2.879000000000000000e+03
1.975000000000000000e+03
1.063000000000000000e+03
1.424000000000000000e+03
1.948000000000000000e+03
5.714000000000000000e+03
4.456000000000000000e+03
5.221000000000000000e+03
1.527000000000000000e+03
3.223000000000000000e+03
2.936000000000000000e+03
1.555000000000000000e+03
2.261000000000000000e+03
2.207000000000000000e+03
3.988000000000000000e+03
1.952000000000000000e+03
3.860000000000000000e+03
2.445000000000000000e+03
5.999000000000000000e+03
6.645000000000000000e+03
3.480000000000000000e+03
3.590000000000000000e+03
4.830000000000000000e+03
1.971000000000000000e+03
8.260000000000000000e+02
1.294000000000000000e+03
4.815000000000000000e+03
1.443000000000000000e+03
9.410000000000000000e+02
1.113000000000000000e+03
3.432000000000000000e+03
1.780000000000000000e+03
1.043000000000000000e+03
7.307000000000000000e+03
4.445000000000000000e+03
2.780000000000000000e+03
8.820000000000000000e+02
1.185000000000000000e+03
8.210000000000000000e+02
3.686000000000000000e+03
1.339000000000000000e+03
5.811000000000000000e+03
1.571000000000000000e+03
1.701000000000000000e+03
2.857000000000000000e+03
2.869000000000000000e+03
1.995000000000000000e+03
1.122000000000000000e+03
9.870000000000000000e+02
1.237000000000000000e+03
3.166000000000000000e+03
1.192000000000000000e+04
2.850000000000000000e+03
3.282000000000000000e+03
3.645000000000000000e+03
2.587000000000000000e+03
8.085000000000000000e+03
2.549000000000000000e+03
9.590000000000000000e+02
2.112000000000000000e+03
1.058000000000000000e+03
3.833000000000000000e+03
4.161000000000000000e+03
2.811000000000000000e+03
4.294000000000000000e+03
2.725000000000000000e+03
3.355000000000000000e+03
9.490000000000000000e+02
2.732000000000000000e+03
1.915000000000000000e+03
1.338000000000000000e+03
2.938000000000000000e+03
3.766000000000000000e+03
1.182000000000000000e+03
3.454000000000000000e+03
2.179000000000000000e+03
3.963000000000000000e+03
2.687000000000000000e+03
3.980000000000000000e+03
1.599000000000000000e+03
2.798000000000000000e+03
1.743000000000000000e+03
1.718000000000000000e+03
3.297000000000000000e+03
9.850000000000000000e+02
2.264000000000000000e+03
5.257000000000000000e+03
1.218000000000000000e+03
3.717000000000000000e+03
1.205000000000000000e+03
2.635000000000000000e+03
3.272000000000000000e+03
5.619000000000000000e+03
2.052000000000000000e+03
3.041000000000000000e+03
1.786000000000000000e+03
4.729000000000000000e+03
6.200000000000000000e+03
9.380000000000000000e+02
4.243000000000000000e+03
3.796000000000000000e+03
3.933000000000000000e+03
1.156000000000000000e+03
3.770000000000000000e+03
8.780000000000000000e+02
3.411000000000000000e+03
4.819000000000000000e+03
2.243000000000000000e+03
3.899000000000000000e+03
3.304000000000000000e+03
7.329000000000000000e+03
2.920000000000000000e+03
1.093000000000000000e+03
3.339000000000000000e+03
5.743000000000000000e+03
1.497000000000000000e+03
3.438000000000000000e+03
4.360000000000000000e+03
3.446000000000000000e+03
2.942000000000000000e+03
1.102000000000000000e+03
1.050000000000000000e+03
2.359000000000000000e+03
8.850000000000000000e+02
5.484000000000000000e+03
2.195000000000000000e+03
1.240000000000000000e+03
2.173000000000000000e+03
3.044000000000000000e+03
3.406000000000000000e+03
4.726000000000000000e+03
4.302000000000000000e+03
1.361000000000000000e+03
7.071000000000000000e+03
3.186000000000000000e+03
1.317000000000000000e+03
4.688000000000000000e+03
3.990000000000000000e+03
2.643000000000000000e+03
1.751000000000000000e+03
1.612000000000000000e+03
2.702000000000000000e+03
2.361000000000000000e+03
2.047000000000000000e+03
1.275000000000000000e+03
8.220000000000000000e+02
3.073000000000000000e+03
3.910000000000000000e+03
1.946000000000000000e+03
5.352000000000000000e+03
2.393000000000000000e+03
1.547000000000000000e+03
3.122000000000000000e+03
1.432000000000000000e+03
2.266000000000000000e+03
3.224000000000000000e+03
3.768000000000000000e+03
3.503000000000000000e+03
5.871000000000000000e+03
2.729000000000000000e+03
2.143000000000000000e+03
1.440000000000000000e+03
1.228000000000000000e+03
8.012000000000000000e+03
6.630000000000000000e+03
7.860000000000000000e+02
2.492000000000000000e+03
6.683000000000000000e+03
6.917000000000000000e+03
1.443000000000000000e+03
3.611000000000000000e+03
1.559000000000000000e+03
3.595000000000000000e+03
2.397000000000000000e+03
3.594000000000000000e+03
3.923000000000000000e+03
1.143000000000000000e+03
8.700000000000000000e+02
2.744000000000000000e+03
5.733000000000000000e+03
1.034000000000000000e+03
1.552000000000000000e+03
4.874000000000000000e+03
1.550000000000000000e+03
2.237000000000000000e+03
1.719000000000000000e+03
4.101000000000000000e+03
2.963000000000000000e+03
9.820000000000000000e+02
4.302000000000000000e+03
2.258000000000000000e+03
2.430000000000000000e+03
4.257000000000000000e+03
2.384000000000000000e+03
6.356000000000000000e+03
1.611000000000000000e+03
2.145000000000000000e+03
2.726000000000000000e+03
1.697000000000000000e+03
3.915000000000000000e+03
1.354000000000000000e+03
2.156000000000000000e+03
3.272000000000000000e+03
2.611000000000000000e+03
4.736000000000000000e+03
1.351000000000000000e+03
1.132600000000000000e+04
2.385000000000000000e+03
7.210000000000000000e+02
3.343000000000000000e+03
2.836000000000000000e+03
3.675000000000000000e+03
1.807000000000000000e+03
1.465000000000000000e+03
4.790000000000000000e+03
9.840000000000000000e+02
2.712000000000000000e+03
6.736000000000000000e+03
1.035600000000000000e+04
8.720000000000000000e+02
4.926000000000000000e+03
2.015000000000000000e+03
5.169000000000000000e+03
3.411000000000000000e+03
2.948000000000000000e+03
2.492000000000000000e+03
1.011000000000000000e+03
2.534000000000000000e+03
4.255000000000000000e+03
1.289000000000000000e+03
3.993000000000000000e+03
2.043000000000000000e+03
4.604000000000000000e+03
4.860000000000000000e+02
3.566000000000000000e+03
3.162000000000000000e+03
1.658000000000000000e+03
1.339000000000000000e+03
2.786000000000000000e+03
1.962000000000000000e+03
1.577000000000000000e+03
4.417000000000000000e+03
3.819000000000000000e+03
2.214000000000000000e+03
1.319000000000000000e+03
1.224000000000000000e+03
1.632000000000000000e+03
3.993000000000000000e+03
8.400000000000000000e+02
1.165000000000000000e+03
2.512000000000000000e+03
6.410000000000000000e+03
1.911000000000000000e+03
6.962000000000000000e+03
2.496000000000000000e+03
8.060000000000000000e+02
1.315000000000000000e+03
2.204000000000000000e+03
1.252000000000000000e+03
2.044000000000000000e+03
2.957000000000000000e+03
1.154000000000000000e+04
2.401000000000000000e+03
5.219000000000000000e+03
3.006000000000000000e+03
1.340000000000000000e+03
1.677000000000000000e+03
2.569000000000000000e+03
3.072000000000000000e+03
3.522000000000000000e+03
2.769000000000000000e+03
2.317000000000000000e+03
4.604000000000000000e+03
4.239000000000000000e+03
1.096000000000000000e+03
3.347000000000000000e+03
4.688000000000000000e+03
2.429000000000000000e+03
1.669000000000000000e+03
1.682000000000000000e+03
2.615000000000000000e+03
2.545000000000000000e+03
5.205000000000000000e+03
1.773000000000000000e+03
1.229600000000000000e+04
3.031000000000000000e+03
2.533000000000000000e+03
1.709000000000000000e+03
1.928000000000000000e+03
3.057000000000000000e+03
1.279000000000000000e+03
2.230000000000000000e+03
1.081000000000000000e+03
2.292000000000000000e+03
4.093000000000000000e+03
1.589000000000000000e+03
9.063000000000000000e+03
2.463000000000000000e+03
7.550000000000000000e+03
2.961000000000000000e+03
4.680000000000000000e+03
3.021000000000000000e+03
4.535000000000000000e+03
9.330000000000000000e+02
3.144000000000000000e+03
5.427000000000000000e+03
7.173000000000000000e+03
7.160000000000000000e+02
2.052000000000000000e+03
4.079000000000000000e+03
1.562000000000000000e+03
6.142000000000000000e+03
1.002000000000000000e+03
4.709000000000000000e+03
7.410000000000000000e+02
6.935000000000000000e+03
1.191000000000000000e+03
3.033000000000000000e+03
1.600000000000000000e+03
1.469000000000000000e+03
3.365000000000000000e+03
6.990000000000000000e+02
2.517000000000000000e+03
8.260000000000000000e+02
3.356000000000000000e+03
1.598000000000000000e+03
7.601000000000000000e+03
2.687000000000000000e+03
5.411000000000000000e+03
2.647000000000000000e+03
7.633000000000000000e+03
4.398000000000000000e+03
4.945000000000000000e+03
1.679000000000000000e+03
5.868000000000000000e+03
4.346000000000000000e+03
1.444000000000000000e+03
1.984000000000000000e+03
8.700000000000000000e+02
1.623000000000000000e+03
2.426000000000000000e+03
3.502000000000000000e+03
6.014000000000000000e+03
2.308000000000000000e+03
2.235000000000000000e+03
1.916000000000000000e+03
3.761000000000000000e+03
4.035000000000000000e+03
2.879000000000000000e+03
5.274000000000000000e+03
2.207000000000000000e+03
1.974000000000000000e+03
2.718000000000000000e+03
3.119000000000000000e+03
1.416000000000000000e+03
3.050000000000000000e+03
2.952000000000000000e+03
2.894000000000000000e+03
3.839000000000000000e+03
8.824000000000000000e+03
1.752000000000000000e+03
7.917000000000000000e+03
4.619000000000000000e+03
1.894000000000000000e+03
8.560000000000000000e+02
5.839000000000000000e+03
1.318000000000000000e+03
4.260000000000000000e+03
8.887000000000000000e+03
1.727000000000000000e+03
1.445000000000000000e+03
1.001000000000000000e+03
9.404000000000000000e+03
3.529000000000000000e+03
1.630000000000000000e+03
1.011000000000000000e+03
7.192000000000000000e+03
1.620000000000000000e+03
4.675000000000000000e+03
1.278000000000000000e+03
1.120000000000000000e+03
3.248000000000000000e+03
2.119000000000000000e+03
3.985000000000000000e+03
3.477000000000000000e+03
1.829000000000000000e+03
4.197000000000000000e+03
6.209000000000000000e+03
1.739000000000000000e+03
2.412000000000000000e+03
3.085000000000000000e+03
1.137000000000000000e+03
1.154800000000000000e+04
7.595000000000000000e+03
2.303000000000000000e+03
3.338000000000000000e+03
1.706000000000000000e+03
2.361000000000000000e+03
4.024000000000000000e+03
3.560000000000000000e+03
1.006000000000000000e+03
3.009000000000000000e+03
3.828000000000000000e+03
5.025000000000000000e+03
4.493000000000000000e+03
1.775000000000000000e+03
1.297000000000000000e+03
1.979000000000000000e+03
2.572000000000000000e+03
5.871000000000000000e+03
3.410000000000000000e+03
1.528000000000000000e+03
3.264000000000000000e+03
1.582000000000000000e+03
3.334000000000000000e+03
7.310000000000000000e+02
3.087000000000000000e+03
1.588000000000000000e+03
2.111000000000000000e+03
2.012000000000000000e+03
1.876000000000000000e+03
4.559000000000000000e+03
2.440000000000000000e+03
4.321000000000000000e+03
7.280000000000000000e+02
3.239000000000000000e+03
1.398000000000000000e+03
1.349000000000000000e+03
1.530000000000000000e+03
7.110000000000000000e+02
4.295000000000000000e+03
7.623000000000000000e+03
7.386000000000000000e+03
9.662000000000000000e+03
2.125000000000000000e+03
1.999000000000000000e+03
7.860000000000000000e+02
1.037000000000000000e+03
1.160000000000000000e+03
1.673000000000000000e+03
3.363000000000000000e+03
1.908000000000000000e+03
7.606000000000000000e+03
1.360000000000000000e+03
1.583000000000000000e+03
2.608000000000000000e+03
7.014000000000000000e+03
1.120000000000000000e+03
2.401000000000000000e+03
2.753000000000000000e+03
1.976000000000000000e+03
1.267000000000000000e+03
2.994000000000000000e+03
1.157000000000000000e+03
2.376000000000000000e+03
1.487000000000000000e+03
8.730000000000000000e+02
3.495000000000000000e+03
1.323000000000000000e+03
3.801000000000000000e+03
6.784000000000000000e+03
2.898000000000000000e+03
3.770000000000000000e+03
2.920000000000000000e+03
1.127000000000000000e+03
7.360000000000000000e+02
1.876000000000000000e+03
1.291000000000000000e+03
6.588000000000000000e+03
8.458000000000000000e+03
9.360000000000000000e+02
2.589000000000000000e+03
2.999000000000000000e+03
2.215000000000000000e+03
1.438000000000000000e+03
1.059500000000000000e+04
5.706000000000000000e+03
1.044000000000000000e+03
7.132000000000000000e+03
2.936000000000000000e+03
9.330000000000000000e+02
1.552000000000000000e+03
4.465000000000000000e+03
1.761000000000000000e+03
1.980000000000000000e+03
2.950000000000000000e+03
1.982000000000000000e+03
4.783000000000000000e+03
2.923000000000000000e+03
1.349000000000000000e+03
1.746000000000000000e+03
3.301000000000000000e+03
9.170000000000000000e+02
4.347000000000000000e+03
3.842000000000000000e+03
1.350600000000000000e+04
1.142000000000000000e+03
5.916000000000000000e+03
7.515000000000000000e+03
1.700000000000000000e+03
1.080000000000000000e+03
7.715000000000000000e+03
1.727000000000000000e+03
2.937000000000000000e+03
2.309000000000000000e+03
3.397000000000000000e+03
3.093000000000000000e+03
9.550000000000000000e+02
9.590000000000000000e+02
1.290000000000000000e+03
1.698000000000000000e+03
4.555000000000000000e+03
4.597000000000000000e+03
9.689000000000000000e+03
1.566000000000000000e+03
3.333000000000000000e+03
1.398000000000000000e+03
4.948000000000000000e+03
2.812000000000000000e+03
3.371000000000000000e+03
1.368000000000000000e+03
5.847000000000000000e+03
3.206000000000000000e+03
2.448000000000000000e+03
2.476000000000000000e+03
1.093000000000000000e+03
3.977000000000000000e+03
7.935000000000000000e+03
3.460000000000000000e+03
2.130000000000000000e+03
3.708000000000000000e+03
7.950000000000000000e+02
8.477000000000000000e+03
1.994000000000000000e+03
5.788000000000000000e+03
4.033000000000000000e+03
4.819000000000000000e+03
1.471000000000000000e+03
2.835000000000000000e+03
4.620000000000000000e+03
3.186000000000000000e+03
4.163000000000000000e+03
9.610000000000000000e+02
1.185000000000000000e+03
2.677000000000000000e+03
2.213000000000000000e+03
1.805000000000000000e+03
2.238000000000000000e+03
1.219000000000000000e+03
2.053000000000000000e+03
1.250000000000000000e+03
1.252000000000000000e+03
3.612000000000000000e+03
1.351000000000000000e+03
3.417000000000000000e+03
6.719000000000000000e+03
1.398000000000000000e+03
2.637000000000000000e+03
3.121000000000000000e+03
1.080800000000000000e+04
2.932000000000000000e+03
1.794000000000000000e+03
1.074000000000000000e+03
5.222000000000000000e+03
3.483000000000000000e+03
3.696000000000000000e+03
7.816000000000000000e+03
2.815000000000000000e+03
3.881000000000000000e+03
2.582000000000000000e+03
5.324000000000000000e+03
7.959000000000000000e+03
2.009000000000000000e+03
1.646000000000000000e+03
1.683000000000000000e+03
1.795000000000000000e+03
4.671000000000000000e+03
1.159000000000000000e+03
2.914000000000000000e+03
1.858000000000000000e+03
1.102000000000000000e+03
1.931000000000000000e+03
6.760000000000000000e+02
8.150000000000000000e+02
7.250000000000000000e+02
2.708000000000000000e+03
8.430000000000000000e+02
8.070000000000000000e+02
8.610000000000000000e+02
2.017000000000000000e+03
1.570000000000000000e+03
1.074000000000000000e+03
3.647000000000000000e+03
1.355000000000000000e+03
1.643000000000000000e+03
1.559000000000000000e+03
1.151500000000000000e+04
2.972000000000000000e+03
1.210000000000000000e+03
3.822000000000000000e+03
3.879000000000000000e+03
2.112000000000000000e+03
2.841000000000000000e+03
2.055000000000000000e+03
2.920000000000000000e+03
2.580000000000000000e+03
1.202000000000000000e+03
2.769000000000000000e+03
1.895000000000000000e+03
2.203000000000000000e+03
3.076000000000000000e+03
4.120000000000000000e+03
1.170000000000000000e+03
2.375000000000000000e+03
5.658000000000000000e+03
1.049000000000000000e+03
4.699000000000000000e+03
2.945000000000000000e+03
8.758000000000000000e+03
4.105000000000000000e+03
3.006000000000000000e+03
4.620000000000000000e+03
3.311000000000000000e+03
1.175000000000000000e+03
3.044000000000000000e+03
1.961000000000000000e+03
6.306000000000000000e+03
4.648000000000000000e+03
3.891000000000000000e+03
3.392000000000000000e+03
1.946000000000000000e+03
2.686000000000000000e+03
4.369000000000000000e+03
2.329000000000000000e+03
1.615000000000000000e+03
8.265000000000000000e+03
1.785000000000000000e+03
4.664000000000000000e+03
1.487000000000000000e+03
1.061000000000000000e+03
5.707000000000000000e+03
3.171000000000000000e+03
1.051000000000000000e+03
2.460000000000000000e+03
1.519000000000000000e+03
2.514000000000000000e+03
3.340000000000000000e+03
2.792000000000000000e+03
2.673000000000000000e+03
1.660000000000000000e+03
7.119000000000000000e+03
3.076000000000000000e+03
2.349000000000000000e+03
6.387000000000000000e+03
6.576000000000000000e+03
2.052000000000000000e+03
3.001000000000000000e+03
1.243000000000000000e+03
7.380000000000000000e+02
2.937000000000000000e+03
1.887000000000000000e+03
9.430000000000000000e+02
5.383000000000000000e+03
1.066000000000000000e+03
1.669000000000000000e+03
2.224000000000000000e+03
3.299000000000000000e+03
1.820000000000000000e+03
2.684000000000000000e+03
3.624000000000000000e+03
5.961000000000000000e+03
5.148000000000000000e+03
3.647000000000000000e+03
2.377000000000000000e+03
1.145000000000000000e+03
3.765000000000000000e+03
1.073000000000000000e+03
2.541000000000000000e+03
1.879000000000000000e+03
4.853000000000000000e+03
3.684000000000000000e+03
2.250000000000000000e+03
1.191000000000000000e+03
1.337000000000000000e+03
7.430000000000000000e+02
2.294000000000000000e+03
7.690000000000000000e+02
1.499000000000000000e+03
1.511000000000000000e+03
2.940000000000000000e+03
1.888000000000000000e+03
1.043000000000000000e+03
1.781000000000000000e+03
2.118000000000000000e+03
1.786000000000000000e+03
3.926000000000000000e+03
3.313000000000000000e+03
4.516000000000000000e+03
2.661000000000000000e+03
1.035000000000000000e+03
2.800000000000000000e+03
1.586000000000000000e+03
1.143000000000000000e+03
4.186000000000000000e+03
1.233000000000000000e+03
1.773000000000000000e+03
3.176000000000000000e+03
1.709000000000000000e+03
3.967000000000000000e+03
2.015000000000000000e+03
5.373000000000000000e+03
7.284000000000000000e+03
2.811000000000000000e+03
1.181000000000000000e+03
8.198000000000000000e+03
1.301000000000000000e+03
3.152000000000000000e+03
4.945000000000000000e+03
4.823000000000000000e+03
2.558000000000000000e+03
2.424000000000000000e+03
2.572000000000000000e+03
2.645000000000000000e+03
2.973000000000000000e+03
7.210000000000000000e+02
5.010000000000000000e+03
1.020000000000000000e+03
1.258000000000000000e+03
6.340000000000000000e+02
3.249000000000000000e+03
1.197400000000000000e+04
8.870000000000000000e+02
4.240000000000000000e+03
8.510000000000000000e+02
2.756000000000000000e+03
4.070000000000000000e+03
2.234000000000000000e+03
5.874000000000000000e+03
2.094000000000000000e+03
1.963000000000000000e+03
1.185000000000000000e+03
5.948000000000000000e+03
8.399000000000000000e+03
1.048000000000000000e+03
2.783000000000000000e+03
4.440000000000000000e+03
7.427000000000000000e+03
5.296000000000000000e+03
1.187000000000000000e+03
1.969000000000000000e+03
1.396000000000000000e+03
4.241000000000000000e+03
2.367000000000000000e+03
1.563000000000000000e+03
5.267000000000000000e+03
3.253000000000000000e+03
3.268000000000000000e+03
1.471000000000000000e+03
3.825000000000000000e+03
3.715000000000000000e+03
5.344000000000000000e+03
1.040000000000000000e+03
1.670000000000000000e+03
3.505000000000000000e+03
2.698000000000000000e+03
3.076000000000000000e+03
2.955000000000000000e+03
2.260000000000000000e+03
7.820000000000000000e+02
6.000000000000000000e+03
1.804000000000000000e+03
2.860000000000000000e+03
1.156000000000000000e+03
2.246000000000000000e+03
4.468000000000000000e+03
6.697000000000000000e+03
6.579000000000000000e+03
2.302000000000000000e+03
1.338000000000000000e+03
1.248000000000000000e+03
7.105000000000000000e+03
1.012000000000000000e+03
4.272000000000000000e+03
9.130000000000000000e+03
6.720000000000000000e+02
3.564000000000000000e+03
9.419000000000000000e+03
2.950000000000000000e+03
1.394000000000000000e+03
1.230000000000000000e+03
2.090000000000000000e+03
2.579000000000000000e+03
3.569000000000000000e+03
4.061000000000000000e+03
1.685000000000000000e+03
4.313000000000000000e+03
1.113000000000000000e+03
1.854000000000000000e+03
3.638000000000000000e+03
6.363000000000000000e+03
2.149000000000000000e+03
1.500000000000000000e+03
1.369000000000000000e+03
8.939000000000000000e+03
1.263000000000000000e+03
2.089000000000000000e+03
2.332000000000000000e+03
4.426000000000000000e+03
4.521000000000000000e+03
1.327000000000000000e+03
2.972000000000000000e+03
1.671000000000000000e+03
2.798000000000000000e+03
1.436000000000000000e+03
2.453000000000000000e+03
1.387000000000000000e+03
1.689000000000000000e+03
2.039000000000000000e+03
1.125000000000000000e+03
2.039000000000000000e+03
6.016000000000000000e+03
1.950000000000000000e+03
4.681000000000000000e+03
1.767000000000000000e+03
2.288000000000000000e+03
1.141000000000000000e+03
1.314100000000000000e+04
9.660000000000000000e+02
3.268000000000000000e+03
5.020000000000000000e+03
3.474000000000000000e+03
2.582000000000000000e+03
6.878000000000000000e+03
1.860000000000000000e+03
6.201000000000000000e+03
5.059000000000000000e+03
4.211000000000000000e+03
6.800000000000000000e+02
1.399000000000000000e+03
2.855000000000000000e+03
1.361000000000000000e+03
4.157000000000000000e+03
2.446000000000000000e+03
4.063000000000000000e+03
3.298000000000000000e+03
3.206000000000000000e+03
1.303000000000000000e+03
6.805000000000000000e+03
3.674000000000000000e+03
2.821000000000000000e+03
1.016000000000000000e+04
3.407000000000000000e+03
3.039000000000000000e+03
2.183000000000000000e+03
2.985000000000000000e+03
2.930000000000000000e+03
2.595000000000000000e+03
2.380000000000000000e+03
2.960000000000000000e+03
3.678000000000000000e+03
3.504000000000000000e+03
5.687000000000000000e+03
1.700000000000000000e+03
1.415000000000000000e+03
5.124000000000000000e+03
2.174000000000000000e+03
5.304000000000000000e+03
1.493000000000000000e+03
5.359000000000000000e+03
6.735000000000000000e+03
3.487000000000000000e+03
1.905100000000000000e+04
1.103000000000000000e+03
5.118000000000000000e+03
3.262000000000000000e+03
4.072000000000000000e+03
2.842000000000000000e+03
1.264000000000000000e+03
5.990000000000000000e+03
1.679000000000000000e+03
1.576000000000000000e+03
4.133000000000000000e+03
1.608000000000000000e+03
2.189000000000000000e+03
4.959000000000000000e+03
6.460000000000000000e+02
1.087000000000000000e+03
3.694000000000000000e+03
1.487000000000000000e+03
2.005000000000000000e+03
5.588000000000000000e+03
9.570000000000000000e+02
1.617000000000000000e+03
8.940000000000000000e+02
4.562000000000000000e+03
6.223000000000000000e+03
1.035000000000000000e+03
2.222000000000000000e+03
3.234000000000000000e+03
2.495000000000000000e+03
1.421000000000000000e+03
1.158000000000000000e+03
6.774000000000000000e+03
3.464000000000000000e+03
4.355000000000000000e+03
2.017000000000000000e+03
5.377000000000000000e+03
4.916000000000000000e+03
2.213000000000000000e+03
1.174000000000000000e+03
5.648000000000000000e+03
1.591000000000000000e+03
1.999000000000000000e+03
7.370000000000000000e+03
1.965000000000000000e+03
1.178000000000000000e+03
2.293000000000000000e+03
2.479000000000000000e+03
1.789000000000000000e+03
3.528000000000000000e+03
4.733000000000000000e+03
1.429000000000000000e+03
2.752000000000000000e+03
2.712000000000000000e+03
5.692000000000000000e+03
6.116000000000000000e+03
2.174000000000000000e+03
2.194000000000000000e+03
2.747000000000000000e+03
3.906000000000000000e+03
1.764000000000000000e+03
1.373000000000000000e+03
3.492000000000000000e+03
6.432000000000000000e+03
1.093000000000000000e+03
3.278000000000000000e+03
4.381000000000000000e+03
2.758000000000000000e+03
6.519000000000000000e+03
2.403000000000000000e+03
6.265000000000000000e+03
7.730000000000000000e+02
3.675000000000000000e+03
2.553000000000000000e+03
3.057000000000000000e+03
2.547000000000000000e+03
1.597000000000000000e+03
2.876000000000000000e+03
1.546000000000000000e+03
2.294000000000000000e+03
8.560000000000000000e+02
1.163000000000000000e+03
4.560000000000000000e+03
2.149000000000000000e+03
2.846000000000000000e+03
4.808000000000000000e+03
1.909000000000000000e+03
5.965000000000000000e+03
3.106000000000000000e+03
1.097000000000000000e+03
1.247000000000000000e+03
1.433000000000000000e+03
9.720000000000000000e+02
8.900000000000000000e+02
2.430000000000000000e+03
2.580000000000000000e+03
1.143000000000000000e+03
4.575000000000000000e+03
2.416000000000000000e+03
1.765000000000000000e+03
5.793000000000000000e+03
4.236000000000000000e+03
