7.781200000000000000e+04
2.707000000000000000e+04
1.517260000000000000e+05
1.367820000000000000e+05
2.353240000000000000e+05
2.536460000000000000e+05
2.671530000000000000e+05
3.711890000000000000e+05
1.907410000000000000e+05
4.430500000000000000e+04
2.030280000000000000e+05
1.183550000000000000e+05
2.316450000000000000e+05
1.785780000000000000e+05
2.023570000000000000e+05
1.813910000000000000e+05
6.237180000000000000e+05
1.994570000000000000e+05
1.720630000000000000e+05
1.732270000000000000e+05
3.895310000000000000e+05
4.449340000000000000e+05
5.488910000000000000e+05
2.247530000000000000e+05
2.259600000000000000e+05
1.720850000000000000e+05
4.811050000000000000e+05
3.160200000000000000e+04
1.783370000000000000e+05
1.668920000000000000e+05
4.283510000000000000e+05
4.599800000000000000e+04
3.787400000000000000e+04
1.158690000000000000e+05
2.246500000000000000e+05
1.084400000000000000e+05
4.252000000000000000e+04
2.563680000000000000e+05
1.213450000000000000e+05
6.930000000000000000e+03
4.175830000000000000e+05
8.423900000000000000e+04
1.573400000000000000e+04
3.769000000000000000e+03
7.082180000000000000e+05
2.743800000000000000e+04
1.730000000000000000e+04
1.314420000000000000e+05
2.516500000000000000e+04
1.995430000000000000e+05
1.601390000000000000e+05
1.731540000000000000e+05
6.398100000000000000e+04
1.075850000000000000e+05
8.406500000000000000e+04
1.026000000000000000e+04
3.272160000000000000e+05
2.712370000000000000e+05
2.369300000000000000e+05
2.778000000000000000e+05
1.467200000000000000e+04
2.435290000000000000e+05
1.318510000000000000e+05
2.334700000000000000e+05
7.056400000000000000e+04
2.685850000000000000e+05
4.216800000000000000e+04
7.021700000000000000e+04
8.837800000000000000e+04
1.482050000000000000e+05
9.803600000000000000e+04
3.659810000000000000e+05
1.365850000000000000e+05
5.963600000000000000e+04
3.174410000000000000e+05
5.310300000000000000e+04
2.164620000000000000e+05
4.442090000000000000e+05
5.718500000000000000e+04
3.086700000000000000e+04
2.919000000000000000e+03
9.886100000000000000e+04
1.711860000000000000e+05
8.709000000000000000e+04
3.463420000000000000e+05
2.337300000000000000e+04
3.818000000000000000e+04
5.845100000000000000e+04
1.681270000000000000e+05
4.980100000000000000e+04
2.295150000000000000e+05
1.033000000000000000e+04
4.832580000000000000e+05
2.784000000000000000e+04
1.528050000000000000e+05
1.916810000000000000e+05
3.707140000000000000e+05
1.466900000000000000e+04
1.372210000000000000e+05
1.657920000000000000e+05
3.586000000000000000e+04
3.800900000000000000e+04
1.567240000000000000e+05
4.852000000000000000e+04
6.324950000000000000e+05
6.035800000000000000e+04
6.998000000000000000e+03
1.272130000000000000e+05
2.521730000000000000e+05
2.578100000000000000e+04
2.805200000000000000e+04
1.143510000000000000e+05
2.647500000000000000e+05
1.402500000000000000e+04
9.979700000000000000e+04
3.335460000000000000e+05
9.393700000000000000e+04
2.160410000000000000e+05
7.418000000000000000e+04
6.535400000000000000e+04
7.081600000000000000e+04
6.925500000000000000e+04
2.009790000000000000e+05
3.295350000000000000e+05
1.686110000000000000e+05
2.120050000000000000e+05
2.263540000000000000e+05
6.549200000000000000e+04
2.415950000000000000e+05
3.244000000000000000e+04
2.222360000000000000e+05
4.811600000000000000e+04
4.067710000000000000e+05
1.204100000000000000e+05
9.027600000000000000e+04
3.022040000000000000e+05
1.750200000000000000e+04
6.042800000000000000e+04
6.736800000000000000e+04
9.342330000000000000e+05
1.918000000000000000e+03
3.006600000000000000e+04
3.465510000000000000e+05
1.461880000000000000e+05
1.903740000000000000e+05
1.193100000000000000e+04
2.155500000000000000e+04
1.804500000000000000e+05
1.603130000000000000e+05
6.207710000000000000e+05
1.749310000000000000e+05
5.654150000000000000e+05
2.127210000000000000e+05
1.691720000000000000e+05
2.120600000000000000e+04
2.857070000000000000e+05
4.102670000000000000e+05
2.073250000000000000e+05
1.315350000000000000e+05
8.232400000000000000e+04
1.727850000000000000e+05
1.448280000000000000e+05
5.358640000000000000e+05
1.635470000000000000e+05
2.958290000000000000e+05
8.916100000000000000e+04
2.550810000000000000e+05
6.993000000000000000e+05
5.192800000000000000e+04
1.694730000000000000e+05
9.998500000000000000e+04
1.409690000000000000e+05
2.568200000000000000e+04
3.238100000000000000e+04
2.256300000000000000e+05
8.479900000000000000e+04
9.720000000000000000e+04
2.503730000000000000e+05
5.370300000000000000e+04
9.597900000000000000e+04
1.049590000000000000e+05
2.700100000000000000e+05
2.890820000000000000e+05
2.181700000000000000e+05
2.342670000000000000e+05
2.928470000000000000e+05
1.037900000000000000e+05
1.463250000000000000e+05
4.283490000000000000e+05
1.562300000000000000e+04
4.582900000000000000e+04
9.204800000000000000e+04
1.296670000000000000e+05
3.116800000000000000e+04
8.107300000000000000e+04
1.390930000000000000e+05
8.616500000000000000e+04
1.688870000000000000e+05
8.052310000000000000e+05
1.713510000000000000e+05
5.509000000000000000e+03
1.293340000000000000e+05
5.444600000000000000e+04
2.122100000000000000e+04
1.176340000000000000e+05
8.342890000000000000e+05
2.231000000000000000e+03
2.673560000000000000e+05
2.396530000000000000e+05
2.947700000000000000e+04
3.846300000000000000e+04
2.995600000000000000e+04
6.650320000000000000e+05
1.780600000000000000e+04
3.064480000000000000e+05
2.699860000000000000e+05
1.806530000000000000e+05
9.208000000000000000e+04
3.418000000000000000e+04
5.214000000000000000e+03
1.177640000000000000e+05
1.742280000000000000e+05
3.884070000000000000e+05
1.123500000000000000e+04
4.100480000000000000e+05
2.201230000000000000e+05
2.419980000000000000e+05
2.571580000000000000e+05
2.012540000000000000e+05
1.873360000000000000e+05
4.542510000000000000e+05
3.259060000000000000e+05
1.712000000000000000e+04
1.904500000000000000e+04
3.359500000000000000e+05
1.569630000000000000e+05
2.204410000000000000e+05
4.790500000000000000e+04
9.231600000000000000e+04
3.427170000000000000e+05
1.054370000000000000e+05
6.687070000000000000e+05
1.643800000000000000e+05
1.321860000000000000e+05
4.657780000000000000e+05
7.427300000000000000e+04
6.281100000000000000e+04
4.881400000000000000e+04
2.841570000000000000e+05
6.864400000000000000e+04
3.359600000000000000e+05
9.966400000000000000e+04
1.099300000000000000e+05
5.718100000000000000e+05
4.632400000000000000e+04
1.499100000000000000e+04
1.491180000000000000e+05
2.376300000000000000e+04
3.640860000000000000e+05
6.827100000000000000e+04
2.531430000000000000e+05
9.372400000000000000e+04
8.091050000000000000e+05
4.894900000000000000e+04
2.610280000000000000e+05
2.117060000000000000e+05
6.664810000000000000e+05
2.472830000000000000e+05
8.642900000000000000e+04
8.038500000000000000e+04
1.292180000000000000e+05
2.710240000000000000e+05
6.048300000000000000e+04
4.089360000000000000e+05
5.234710000000000000e+05
4.703600000000000000e+04
4.136140000000000000e+05
3.459990000000000000e+05
4.396380000000000000e+05
1.952400000000000000e+04
1.566260000000000000e+05
2.450550000000000000e+05
3.695000000000000000e+03
4.105700000000000000e+04
1.195870000000000000e+05
4.569100000000000000e+04
3.366300000000000000e+04
2.731230000000000000e+05
1.624060000000000000e+05
5.482110000000000000e+05
3.301900000000000000e+05
2.942260000000000000e+05
1.595280000000000000e+05
1.045390000000000000e+05
3.014000000000000000e+03
1.896210000000000000e+05
6.967900000000000000e+04
9.962370000000000000e+05
3.039000000000000000e+04
3.631560000000000000e+05
6.705300000000000000e+04
8.151690000000000000e+05
3.499100000000000000e+04
2.744000000000000000e+03
1.288180000000000000e+05
1.631490000000000000e+05
5.845300000000000000e+04
3.540450000000000000e+05
6.440500000000000000e+04
1.833000000000000000e+03
9.345300000000000000e+04
7.387600000000000000e+04
4.840100000000000000e+05
3.408920000000000000e+05
7.786000000000000000e+03
1.809900000000000000e+04
6.928300000000000000e+04
3.825830000000000000e+05
5.317400000000000000e+04
2.840170000000000000e+05
9.613920000000000000e+05
3.926550000000000000e+05
2.176500000000000000e+04
3.370870000000000000e+05
5.471400000000000000e+04
1.714900000000000000e+05
4.682800000000000000e+05
2.602710000000000000e+05
1.990930000000000000e+05
6.354900000000000000e+04
7.267200000000000000e+04
7.804700000000000000e+04
1.367990000000000000e+05
6.000300000000000000e+04
3.471500000000000000e+04
3.452110000000000000e+05
2.498690000000000000e+05
1.283160000000000000e+05
1.699490000000000000e+05
3.092250000000000000e+05
3.446730000000000000e+05
1.227890000000000000e+05
1.168440000000000000e+05
4.779000000000000000e+03
1.416540000000000000e+05
5.782900000000000000e+04
3.017820000000000000e+05
7.591900000000000000e+04
4.501000000000000000e+04
1.648720000000000000e+05
3.099600000000000000e+04
2.982680000000000000e+05
2.013390000000000000e+05
2.163600000000000000e+05
2.200550000000000000e+05
1.170237000000000000e+06
1.457310000000000000e+05
4.151800000000000000e+04
5.950600000000000000e+04
2.883620000000000000e+05
1.041320000000000000e+05
5.569100000000000000e+05
7.185200000000000000e+04
4.499700000000000000e+04
5.210500000000000000e+04
9.457000000000000000e+03
1.857470000000000000e+05
1.533960000000000000e+05
6.355630000000000000e+05
4.004800000000000000e+04
3.292290000000000000e+05
1.506170000000000000e+05
5.450040000000000000e+05
6.042900000000000000e+04
5.844900000000000000e+04
1.363660000000000000e+05
1.936020000000000000e+05
5.242460000000000000e+05
2.571170000000000000e+05
1.956620000000000000e+05
5.879600000000000000e+04
2.463950000000000000e+05
1.651020000000000000e+05
1.302050000000000000e+05
6.897300000000000000e+04
2.287640000000000000e+05
2.842020000000000000e+05
3.230940000000000000e+05
1.153570000000000000e+05
5.151700000000000000e+05
2.795470000000000000e+05
3.256500000000000000e+04
1.116310000000000000e+05
8.828000000000000000e+03
9.983900000000000000e+04
9.264600000000000000e+04
6.688000000000000000e+04
1.199010000000000000e+05
1.878070000000000000e+05
8.492100000000000000e+04
1.076140000000000000e+05
4.271100000000000000e+04
1.738400000000000000e+04
6.015420000000000000e+05
4.933020000000000000e+05
3.291500000000000000e+05
8.260800000000000000e+04
2.241450000000000000e+05
2.306100000000000000e+05
1.516850000000000000e+05
8.883700000000000000e+04
3.134000000000000000e+04
6.155100000000000000e+04
4.003300000000000000e+04
3.881380000000000000e+05
3.475400000000000000e+04
8.700500000000000000e+04
4.036700000000000000e+04
3.463370000000000000e+05
9.232390000000000000e+05
5.357490000000000000e+05
6.770830000000000000e+05
3.288000000000000000e+04
4.415900000000000000e+04
2.940780000000000000e+05
2.850530000000000000e+05
2.794300000000000000e+04
1.049710000000000000e+05
1.925810000000000000e+05
9.686200000000000000e+04
6.406610000000000000e+05
1.568110000000000000e+05
2.481110000000000000e+05
1.455830000000000000e+05
2.657900000000000000e+04
1.696640000000000000e+05
2.256510000000000000e+05
2.625370000000000000e+05
5.457600000000000000e+04
5.562000000000000000e+04
6.321700000000000000e+04
4.714500000000000000e+04
9.686600000000000000e+04
6.952200000000000000e+04
1.621260000000000000e+05
1.744000000000000000e+04
2.527910000000000000e+05
4.552300000000000000e+04
4.398940000000000000e+05
1.430780000000000000e+05
1.323770000000000000e+05
3.700300000000000000e+04
2.095320000000000000e+05
2.240860000000000000e+05
1.217780000000000000e+05
4.022430000000000000e+05
1.687060000000000000e+05
2.080200000000000000e+05
2.252200000000000000e+04
5.912700000000000000e+04
1.090230000000000000e+05
1.346800000000000000e+04
1.654500000000000000e+05
1.661340000000000000e+05
2.207760000000000000e+05
4.255200000000000000e+04
9.564000000000000000e+04
3.972860000000000000e+05
4.567800000000000000e+04
4.043090000000000000e+05
4.096840000000000000e+05
3.521750000000000000e+05
1.668790000000000000e+05
2.869700000000000000e+05
3.545700000000000000e+04
2.660850000000000000e+05
1.102110000000000000e+05
1.128870000000000000e+05
2.327640000000000000e+05
1.110870000000000000e+05
4.345870000000000000e+05
5.022110000000000000e+05
6.925800000000000000e+04
2.159300000000000000e+04
5.446140000000000000e+05
2.494900000000000000e+05
1.202410000000000000e+05
1.321550000000000000e+05
2.215250000000000000e+05
1.958450000000000000e+05
7.384000000000000000e+04
8.037900000000000000e+04
6.943500000000000000e+04
2.609040000000000000e+05
1.516300000000000000e+04
1.007000000000000000e+03
1.999030000000000000e+05
2.268430000000000000e+05
1.648776000000000000e+06
1.467540000000000000e+05
1.346060000000000000e+05
2.457430000000000000e+05
6.505800000000000000e+04
4.926460000000000000e+05
3.610900000000000000e+05
1.046110000000000000e+05
4.620120000000000000e+05
3.285730000000000000e+05
3.129320000000000000e+05
3.790400000000000000e+04
3.223590000000000000e+05
5.315370000000000000e+05
1.327410000000000000e+05
2.845850000000000000e+05
3.207300000000000000e+04
7.993100000000000000e+04
5.300500000000000000e+04
4.322420000000000000e+05
2.886340000000000000e+05
8.138500000000000000e+04
2.514900000000000000e+04
4.710900000000000000e+04
7.251000000000000000e+04
7.890600000000000000e+04
1.139600000000000000e+05
2.149100000000000000e+04
7.406200000000000000e+04
2.112200000000000000e+04
7.875570000000000000e+05
1.293210000000000000e+05
3.031640000000000000e+05
1.965900000000000000e+05
1.240590000000000000e+05
2.616900000000000000e+04
6.155460000000000000e+05
5.785200000000000000e+04
5.628000000000000000e+04
1.473130000000000000e+05
2.268980000000000000e+05
5.677700000000000000e+04
9.351300000000000000e+04
2.314830000000000000e+05
5.490800000000000000e+04
3.139610000000000000e+05
2.140700000000000000e+05
2.146340000000000000e+05
1.882630000000000000e+05
7.091700000000000000e+04
3.193690000000000000e+05
1.211590000000000000e+05
2.499160000000000000e+05
3.652000000000000000e+03
5.984500000000000000e+04
2.848510000000000000e+05
2.380950000000000000e+05
1.558900000000000000e+04
1.302660000000000000e+05
2.271000000000000000e+03
2.047510000000000000e+05
2.382060000000000000e+05
2.696430000000000000e+05
5.155300000000000000e+04
1.964500000000000000e+05
4.763100000000000000e+04
5.199500000000000000e+04
1.587700000000000000e+05
6.343000000000000000e+04
9.087300000000000000e+04
4.252000000000000000e+03
4.207000000000000000e+03
6.255060000000000000e+05
5.673200000000000000e+04
1.410700000000000000e+04
1.309590000000000000e+05
1.729010000000000000e+05
7.309790000000000000e+05
9.325900000000000000e+04
4.560800000000000000e+04
2.976000000000000000e+03
7.599560000000000000e+05
9.691600000000000000e+04
1.726690000000000000e+05
6.971200000000000000e+04
5.357900000000000000e+04
2.673700000000000000e+04
1.333260000000000000e+05
2.000500000000000000e+05
7.385400000000000000e+04
8.097900000000000000e+04
7.121460000000000000e+05
4.052300000000000000e+04
1.113100000000000000e+04
2.253930000000000000e+05
7.402700000000000000e+04
2.196200000000000000e+04
1.460130000000000000e+05
2.511130000000000000e+05
8.272200000000000000e+04
7.004150000000000000e+05
6.594700000000000000e+04
6.431400000000000000e+04
1.076150000000000000e+05
5.492200000000000000e+04
1.462360000000000000e+05
5.779000000000000000e+03
6.387520000000000000e+05
3.134500000000000000e+04
9.883100000000000000e+04
1.738780000000000000e+05
9.246200000000000000e+04
9.612200000000000000e+04
6.202200000000000000e+04
6.294900000000000000e+04
4.276190000000000000e+05
1.908150000000000000e+05
2.201140000000000000e+05
5.855900000000000000e+04
1.049070000000000000e+05
3.500110000000000000e+05
5.747000000000000000e+04
1.047110000000000000e+05
1.354290000000000000e+05
1.407640000000000000e+05
1.605900000000000000e+04
9.971900000000000000e+04
4.891180000000000000e+05
9.374400000000000000e+04
4.055700000000000000e+04
5.408670000000000000e+05
1.404820000000000000e+05
8.120600000000000000e+04
1.019700000000000000e+05
1.351750000000000000e+05
1.287280000000000000e+05
5.504200000000000000e+04
5.517080000000000000e+05
2.148440000000000000e+05
4.168500000000000000e+04
2.292170000000000000e+05
2.740120000000000000e+05
1.096500000000000000e+05
4.773750000000000000e+05
3.986700000000000000e+05
4.910300000000000000e+04
1.781770000000000000e+05
6.187000000000000000e+03
8.446900000000000000e+04
1.613620000000000000e+05
1.944270000000000000e+05
2.545740000000000000e+05
2.447370000000000000e+05
2.117390000000000000e+05
1.870910000000000000e+05
1.787660000000000000e+05
2.305400000000000000e+04
1.509140000000000000e+05
3.280800000000000000e+05
3.313000000000000000e+03
1.015750000000000000e+05
3.845070000000000000e+05
1.360420000000000000e+05
1.163720000000000000e+05
5.652100000000000000e+04
8.157200000000000000e+04
1.955400000000000000e+04
1.985900000000000000e+04
7.980300000000000000e+04
6.970800000000000000e+04
1.509600000000000000e+04
1.765100000000000000e+04
1.109050000000000000e+05
2.817270000000000000e+05
7.949600000000000000e+04
1.818700000000000000e+04
1.526300000000000000e+05
1.866900000000000000e+04
1.072940000000000000e+05
5.669370000000000000e+05
3.735900000000000000e+04
3.113900000000000000e+04
4.109100000000000000e+04
1.208250000000000000e+05
2.194200000000000000e+05
2.066600000000000000e+04
1.579820000000000000e+05
9.986000000000000000e+04
1.604890000000000000e+05
8.967700000000000000e+04
1.258090000000000000e+05
6.950200000000000000e+04
7.119400000000000000e+04
4.815300000000000000e+04
2.462160000000000000e+05
8.922300000000000000e+04
9.491100000000000000e+04
8.801000000000000000e+04
7.555400000000000000e+04
1.278000000000000000e+03
8.206390000000000000e+05
3.131920000000000000e+05
1.277190000000000000e+05
1.320020000000000000e+05
2.158570000000000000e+05
3.460930000000000000e+05
9.269300000000000000e+04
7.121000000000000000e+04
3.007400000000000000e+04
1.298460000000000000e+05
9.120700000000000000e+04
8.289700000000000000e+04
1.864360000000000000e+05
8.237000000000000000e+03
5.800000000000000000e+03
6.276500000000000000e+05
4.716020000000000000e+05
2.565130000000000000e+05
2.420200000000000000e+04
1.867190000000000000e+05
2.084310000000000000e+05
1.938800000000000000e+04
3.135650000000000000e+05
2.954400000000000000e+04
5.028530000000000000e+05
9.092500000000000000e+04
8.355360000000000000e+05
1.567020000000000000e+05
3.417690000000000000e+05
2.545460000000000000e+05
2.665450000000000000e+05
3.032500000000000000e+04
9.061900000000000000e+04
4.655120000000000000e+05
2.532280000000000000e+05
1.187760000000000000e+05
1.554070000000000000e+05
2.409060000000000000e+05
3.959020000000000000e+05
1.123230000000000000e+05
6.583700000000000000e+04
6.959000000000000000e+03
1.646900000000000000e+04
4.711300000000000000e+04
2.773890000000000000e+05
8.753200000000000000e+04
6.248600000000000000e+04
9.067300000000000000e+04
2.037840000000000000e+05
1.321900000000000000e+04
4.489500000000000000e+04
1.438750000000000000e+05
1.277100000000000000e+05
9.760900000000000000e+04
1.005970000000000000e+05
1.136860000000000000e+05
2.095340000000000000e+05
1.303804000000000000e+06
7.025600000000000000e+04
1.860200000000000000e+04
3.224860000000000000e+05
4.185900000000000000e+04
2.076870000000000000e+05
1.286370000000000000e+05
2.329620000000000000e+05
7.651700000000000000e+04
4.454370000000000000e+05
1.902080000000000000e+05
8.575400000000000000e+04
5.268730000000000000e+05
5.229700000000000000e+04
3.028410000000000000e+05
1.237760000000000000e+05
2.240490000000000000e+05
9.120800000000000000e+04
6.194010000000000000e+05
1.539600000000000000e+04
2.604470000000000000e+05
6.528000000000000000e+04
2.370900000000000000e+04
1.392380000000000000e+05
3.557300000000000000e+04
5.747100000000000000e+04
6.620900000000000000e+04
5.886700000000000000e+04
2.312710000000000000e+05
4.306650000000000000e+05
1.150800000000000000e+04
1.089890000000000000e+05
8.164500000000000000e+04
4.771500000000000000e+04
2.875900000000000000e+04
7.928400000000000000e+04
2.568830000000000000e+05
2.089150000000000000e+05
6.212900000000000000e+04
1.731600000000000000e+05
8.572700000000000000e+04
1.919810000000000000e+05
9.746270000000000000e+05
2.312140000000000000e+05
1.145940000000000000e+05
2.257100000000000000e+04
3.706390000000000000e+05
2.388490000000000000e+05
4.887900000000000000e+05
2.378100000000000000e+04
1.040000000000000000e+05
7.554710000000000000e+05
7.759000000000000000e+04
4.756900000000000000e+04
1.868400000000000000e+04
4.155400000000000000e+04
7.893800000000000000e+04
7.990100000000000000e+04
3.967900000000000000e+04
3.566000000000000000e+03
1.876100000000000000e+04
6.298820000000000000e+05
1.486120000000000000e+05
8.989000000000000000e+03
7.958800000000000000e+04
1.329600000000000000e+04
4.547000000000000000e+03
2.443160000000000000e+05
6.918080000000000000e+05
1.289880000000000000e+05
6.487400000000000000e+04
3.633350000000000000e+05
2.722030000000000000e+05
2.518570000000000000e+05
1.266340000000000000e+05
8.217600000000000000e+04
2.136870000000000000e+05
2.577900000000000000e+04
1.626030000000000000e+05
7.809000000000000000e+04
6.951400000000000000e+04
3.599400000000000000e+04
1.947860000000000000e+05
8.229500000000000000e+05
4.060850000000000000e+05
1.245597000000000000e+06
2.478570000000000000e+05
9.934200000000000000e+04
1.190450000000000000e+05
1.521260000000000000e+05
3.132900000000000000e+04
1.552700000000000000e+05
1.102900000000000000e+04
4.296700000000000000e+04
4.122770000000000000e+05
1.254490000000000000e+05
6.553200000000000000e+04
2.206570000000000000e+05
2.276430000000000000e+05
6.943200000000000000e+04
3.916130000000000000e+05
1.971930000000000000e+05
2.044530000000000000e+05
1.746000000000000000e+03
3.927680000000000000e+05
7.901000000000000000e+03
2.737010000000000000e+05
2.152350000000000000e+05
8.396100000000000000e+04
7.747090000000000000e+05
1.001220000000000000e+05
1.399751000000000000e+06
1.041400000000000000e+05
9.864000000000000000e+03
2.424360000000000000e+05
5.032200000000000000e+04
1.479870000000000000e+05
6.762000000000000000e+04
1.873730000000000000e+05
9.092900000000000000e+04
8.488300000000000000e+04
1.981200000000000000e+04
1.024000000000000000e+05
1.713260000000000000e+05
9.965900000000000000e+04
1.495420000000000000e+05
4.326600000000000000e+04
1.912540000000000000e+05
3.810450000000000000e+05
5.086090000000000000e+05
9.072400000000000000e+04
9.623700000000000000e+04
8.342100000000000000e+04
1.124500000000000000e+05
1.429570000000000000e+05
5.571700000000000000e+04
6.935800000000000000e+04
1.426190000000000000e+05
4.214400000000000000e+04
2.774050000000000000e+05
1.303400000000000000e+04
5.016630000000000000e+05
3.359150000000000000e+05
7.511560000000000000e+05
1.351540000000000000e+05
1.393840000000000000e+05
5.162000000000000000e+03
2.632470000000000000e+05
2.390760000000000000e+05
2.779100000000000000e+04
5.371200000000000000e+05
2.682100000000000000e+04
2.171600000000000000e+05
4.944000000000000000e+05
1.146380000000000000e+05
4.509490000000000000e+05
1.936000000000000000e+03
4.392950000000000000e+05
2.343270000000000000e+05
5.418700000000000000e+04
1.787010000000000000e+05
7.415300000000000000e+04
3.802520000000000000e+05
3.238090000000000000e+05
4.167570000000000000e+05
4.254100000000000000e+04
2.634630000000000000e+05
6.323200000000000000e+04
1.157380000000000000e+05
5.821100000000000000e+04
2.896020000000000000e+05
2.787000000000000000e+03
4.087060000000000000e+05
2.213610000000000000e+05
8.998000000000000000e+03
4.038500000000000000e+04
3.362000000000000000e+05
6.068100000000000000e+04
5.174700000000000000e+04
2.952970000000000000e+05
5.202600000000000000e+04
8.465750000000000000e+05
6.214660000000000000e+05
1.385850000000000000e+05
1.213530000000000000e+05
3.687950000000000000e+05
3.325680000000000000e+05
1.282600000000000000e+04
4.620700000000000000e+04
3.889590000000000000e+05
4.169000000000000000e+04
1.121080000000000000e+05
3.481420000000000000e+05
1.553870000000000000e+05
8.767900000000000000e+04
1.118630000000000000e+05
3.404460000000000000e+05
1.387190000000000000e+05
2.309400000000000000e+04
3.006200000000000000e+04
1.450420000000000000e+05
1.076230000000000000e+05
5.763440000000000000e+05
4.771120000000000000e+05
2.479950000000000000e+05
2.511730000000000000e+05
1.664400000000000000e+05
6.686220000000000000e+05
3.173990000000000000e+05
4.186460000000000000e+05
9.919000000000000000e+03
7.930600000000000000e+04
7.089200000000000000e+04
8.380440000000000000e+05
5.057700000000000000e+04
1.733020000000000000e+05
2.674380000000000000e+05
4.703000000000000000e+05
3.376870000000000000e+05
9.763000000000000000e+03
8.597200000000000000e+04
2.072410000000000000e+05
8.319900000000000000e+04
1.510130000000000000e+05
1.041650000000000000e+05
4.724650000000000000e+05
6.861000000000000000e+03
2.082070000000000000e+05
3.660490000000000000e+05
1.653240000000000000e+05
6.816150000000000000e+05
5.274300000000000000e+04
2.007680000000000000e+05
2.694740000000000000e+05
2.273200000000000000e+04
4.946380000000000000e+05
9.261500000000000000e+04
1.380500000000000000e+04
1.050400000000000000e+05
1.339270000000000000e+05
2.584200000000000000e+05
4.316060000000000000e+05
1.538710000000000000e+05
1.967430000000000000e+05
4.855030000000000000e+05
