1.864900000000000000e+04
6.837000000000000000e+03
8.248000000000000000e+03
8.510000000000000000e+03
5.220300000000000000e+04
2.183800000000000000e+04
1.411300000000000000e+04
4.208300000000000000e+04
8.831000000000000000e+03
1.566200000000000000e+04
1.751600000000000000e+04
2.226100000000000000e+04
1.217000000000000000e+04
5.778000000000000000e+03
7.933000000000000000e+03
6.361000000000000000e+03
1.209100000000000000e+04
1.558700000000000000e+04
1.185400000000000000e+04
2.076600000000000000e+04
3.123300000000000000e+04
5.333000000000000000e+03
2.336500000000000000e+04
3.189000000000000000e+03
2.116500000000000000e+04
2.345300000000000000e+04
4.232000000000000000e+04
1.987400000000000000e+04
8.308000000000000000e+03
2.187100000000000000e+04
2.548700000000000000e+04
9.382000000000000000e+03
9.397000000000000000e+03
1.143400000000000000e+04
1.024600000000000000e+04
4.080000000000000000e+03
3.593700000000000000e+04
9.140000000000000000e+02
4.832000000000000000e+03
6.869000000000000000e+03
3.843800000000000000e+04
8.699000000000000000e+03
2.352000000000000000e+03
9.154000000000000000e+03
2.059500000000000000e+04
8.828000000000000000e+03
1.756400000000000000e+04
1.072000000000000000e+04
9.739000000000000000e+03
5.339000000000000000e+03
2.190700000000000000e+04
5.847700000000000000e+04
6.887000000000000000e+03
6.179000000000000000e+03
1.580800000000000000e+04
1.353600000000000000e+04
3.516600000000000000e+04
7.921000000000000000e+03
9.428000000000000000e+03
4.787000000000000000e+03
2.670500000000000000e+04
1.718300000000000000e+04
4.456000000000000000e+03
2.443400000000000000e+04
2.929400000000000000e+04
4.358000000000000000e+03
6.337000000000000000e+03
1.392700000000000000e+04
1.153200000000000000e+04
5.069000000000000000e+03
2.854200000000000000e+04
1.303800000000000000e+04
1.174400000000000000e+04
1.034300000000000000e+04
7.559000000000000000e+03
8.503000000000000000e+03
2.446000000000000000e+04
6.155000000000000000e+03
2.097700000000000000e+04
4.140000000000000000e+03
5.950000000000000000e+03
5.401000000000000000e+03
1.532900000000000000e+04
6.707000000000000000e+03
1.455500000000000000e+04
1.199900000000000000e+04
2.498100000000000000e+04
4.094000000000000000e+03
8.012000000000000000e+03
6.726000000000000000e+03
2.381400000000000000e+04
4.530000000000000000e+03
7.959000000000000000e+03
2.618400000000000000e+04
2.176300000000000000e+04
5.599000000000000000e+03
7.128100000000000000e+04
8.087500000000000000e+04
1.449400000000000000e+04
3.778800000000000000e+04
2.185200000000000000e+04
1.162700000000000000e+04
2.372600000000000000e+04
1.080900000000000000e+04
8.309000000000000000e+03
5.192300000000000000e+04
5.158900000000000000e+04
4.272000000000000000e+03
1.429700000000000000e+04
8.923000000000000000e+03
1.121400000000000000e+04
3.158100000000000000e+04
6.258000000000000000e+03
1.834700000000000000e+04
2.435500000000000000e+04
1.289800000000000000e+04
5.026000000000000000e+03
7.624000000000000000e+03
9.549000000000000000e+03
2.483000000000000000e+03
1.012000000000000000e+04
7.222000000000000000e+03
2.803900000000000000e+04
2.006100000000000000e+04
8.396000000000000000e+03
1.243100000000000000e+04
2.824400000000000000e+04
6.920000000000000000e+03
6.133000000000000000e+03
1.699500000000000000e+04
2.453000000000000000e+03
2.167700000000000000e+04
4.574000000000000000e+03
7.826000000000000000e+03
1.845000000000000000e+04
1.926700000000000000e+04
2.278700000000000000e+04
9.226000000000000000e+03
6.395000000000000000e+03
4.197900000000000000e+04
9.924000000000000000e+03
8.176000000000000000e+03
7.176000000000000000e+03
4.540100000000000000e+04
4.732400000000000000e+04
1.389700000000000000e+04
1.716400000000000000e+04
3.048000000000000000e+03
2.607100000000000000e+04
4.150000000000000000e+03
4.025000000000000000e+04
9.959000000000000000e+03
2.195100000000000000e+04
7.972000000000000000e+03
2.054600000000000000e+04
2.845600000000000000e+04
7.267000000000000000e+03
3.060100000000000000e+04
4.249100000000000000e+04
4.406200000000000000e+04
3.675000000000000000e+03
1.176800000000000000e+04
1.967300000000000000e+04
5.453000000000000000e+03
1.326200000000000000e+04
3.034400000000000000e+04
5.567000000000000000e+03
2.419000000000000000e+03
7.577000000000000000e+03
1.286700000000000000e+04
1.075500000000000000e+04
2.245600000000000000e+04
7.328000000000000000e+03
2.625300000000000000e+04
2.671200000000000000e+04
6.760000000000000000e+03
2.493300000000000000e+04
2.682800000000000000e+04
1.989600000000000000e+04
1.648800000000000000e+04
7.495000000000000000e+03
2.243000000000000000e+03
1.225500000000000000e+04
1.645700000000000000e+04
5.462400000000000000e+04
1.136400000000000000e+04
5.748000000000000000e+03
1.043600000000000000e+04
1.536700000000000000e+04
5.038600000000000000e+04
1.818700000000000000e+04
7.598000000000000000e+03
7.989000000000000000e+03
3.325000000000000000e+03
1.058400000000000000e+04
1.695400000000000000e+04
2.764300000000000000e+04
1.742300000000000000e+04
2.139000000000000000e+03
3.515900000000000000e+04
3.390500000000000000e+04
2.915900000000000000e+04
5.093000000000000000e+03
4.962000000000000000e+03
1.803000000000000000e+04
3.009000000000000000e+03
6.032000000000000000e+03
5.906000000000000000e+03
7.368000000000000000e+03
1.985400000000000000e+04
2.980300000000000000e+04
4.145000000000000000e+03
5.151000000000000000e+03
3.015500000000000000e+04
3.234000000000000000e+03
7.451000000000000000e+03
1.161100000000000000e+04
1.152200000000000000e+04
4.921000000000000000e+04
1.613100000000000000e+04
3.964000000000000000e+03
7.826000000000000000e+03
2.096000000000000000e+03
5.653200000000000000e+04
5.618700000000000000e+04
1.466400000000000000e+04
2.991000000000000000e+03
1.446700000000000000e+04
1.637300000000000000e+04
7.318000000000000000e+03
5.765900000000000000e+04
3.285400000000000000e+04
1.809900000000000000e+04
9.759000000000000000e+03
2.963000000000000000e+03
1.945500000000000000e+04
2.362700000000000000e+04
1.818800000000000000e+04
2.816000000000000000e+03
2.077200000000000000e+04
2.244800000000000000e+04
6.874000000000000000e+03
4.567700000000000000e+04
2.934100000000000000e+04
4.019700000000000000e+04
2.413700000000000000e+04
2.092000000000000000e+03
1.104900000000000000e+04
6.227800000000000000e+04
1.041400000000000000e+04
2.726900000000000000e+04
6.887000000000000000e+03
3.824400000000000000e+04
5.865000000000000000e+03
4.505000000000000000e+03
1.976000000000000000e+04
1.137100000000000000e+04
2.811500000000000000e+04
7.529000000000000000e+03
8.808000000000000000e+03
4.997800000000000000e+04
4.024000000000000000e+03
5.497000000000000000e+03
4.805100000000000000e+04
1.828000000000000000e+03
1.350800000000000000e+04
9.312000000000000000e+03
5.557000000000000000e+03
9.432000000000000000e+03
1.129500000000000000e+04
3.951000000000000000e+03
1.489900000000000000e+04
5.642000000000000000e+03
1.552000000000000000e+04
1.265400000000000000e+04
3.524500000000000000e+04
3.385000000000000000e+03
4.530000000000000000e+03
4.135000000000000000e+03
1.349000000000000000e+04
7.061000000000000000e+03
2.032000000000000000e+03
5.610000000000000000e+03
1.907100000000000000e+04
3.301000000000000000e+03
1.563300000000000000e+04
5.988000000000000000e+03
6.243000000000000000e+03
4.215000000000000000e+03
2.868500000000000000e+04
4.918000000000000000e+03
2.740800000000000000e+04
6.664000000000000000e+03
2.580400000000000000e+04
3.629700000000000000e+04
2.332100000000000000e+04
1.968300000000000000e+04
2.182600000000000000e+04
8.006000000000000000e+03
4.076000000000000000e+03
2.398100000000000000e+04
4.540500000000000000e+04
5.257300000000000000e+04
1.262500000000000000e+04
3.400200000000000000e+04
3.036000000000000000e+04
8.475000000000000000e+03
4.589900000000000000e+04
8.809000000000000000e+03
4.386500000000000000e+04
4.448400000000000000e+04
1.386700000000000000e+04
2.859000000000000000e+03
4.946700000000000000e+04
2.753300000000000000e+04
4.500000000000000000e+03
1.731300000000000000e+04
9.620000000000000000e+03
2.087200000000000000e+04
2.499100000000000000e+04
1.356900000000000000e+04
3.066000000000000000e+03
3.595000000000000000e+03
7.028000000000000000e+03
3.354000000000000000e+03
8.333000000000000000e+03
2.108800000000000000e+04
5.868700000000000000e+04
3.640600000000000000e+04
1.832500000000000000e+04
1.052200000000000000e+04
1.114300000000000000e+04
3.135400000000000000e+04
4.017000000000000000e+04
1.512600000000000000e+04
2.313100000000000000e+04
9.603000000000000000e+03
8.566000000000000000e+03
5.362300000000000000e+04
9.756000000000000000e+03
8.319000000000000000e+03
3.659500000000000000e+04
2.274800000000000000e+04
2.353800000000000000e+04
4.783000000000000000e+03
1.052800000000000000e+04
4.862600000000000000e+04
3.018800000000000000e+04
1.135300000000000000e+04
2.246200000000000000e+04
3.470000000000000000e+03
1.725800000000000000e+04
2.651800000000000000e+04
4.001000000000000000e+03
3.220500000000000000e+04
3.472500000000000000e+04
4.564000000000000000e+04
1.514000000000000000e+04
1.967900000000000000e+04
1.244100000000000000e+04
4.473000000000000000e+03
1.332000000000000000e+04
2.566600000000000000e+04
1.167600000000000000e+04
4.830100000000000000e+04
1.682800000000000000e+04
8.835000000000000000e+03
2.091400000000000000e+04
3.618800000000000000e+04
3.757800000000000000e+04
6.838000000000000000e+03
1.373900000000000000e+04
5.454000000000000000e+03
2.214500000000000000e+04
1.183200000000000000e+04
7.383000000000000000e+03
5.107000000000000000e+03
1.230300000000000000e+04
3.936900000000000000e+04
1.039700000000000000e+04
5.276000000000000000e+03
6.941000000000000000e+03
3.014800000000000000e+04
1.114700000000000000e+04
5.400800000000000000e+04
4.249000000000000000e+03
1.403800000000000000e+04
9.596000000000000000e+03
1.009700000000000000e+04
3.848600000000000000e+04
2.327900000000000000e+04
4.072000000000000000e+03
1.477800000000000000e+04
8.502000000000000000e+03
8.196000000000000000e+03
5.219400000000000000e+04
1.410400000000000000e+04
3.426900000000000000e+04
1.994600000000000000e+04
8.033000000000000000e+03
4.932000000000000000e+03
8.213000000000000000e+03
9.995000000000000000e+03
4.298500000000000000e+04
1.820000000000000000e+04
9.785000000000000000e+03
2.427900000000000000e+04
4.180600000000000000e+04
6.064000000000000000e+03
1.392600000000000000e+04
2.328800000000000000e+04
3.086200000000000000e+04
2.599900000000000000e+04
1.596400000000000000e+04
4.304000000000000000e+03
9.021000000000000000e+03
8.663000000000000000e+03
1.556700000000000000e+04
1.483500000000000000e+04
2.667000000000000000e+03
2.500300000000000000e+04
1.903000000000000000e+04
8.753000000000000000e+03
8.322000000000000000e+03
1.217400000000000000e+04
2.376800000000000000e+04
4.519100000000000000e+04
9.305000000000000000e+03
1.582400000000000000e+04
6.157000000000000000e+03
3.011800000000000000e+04
1.615300000000000000e+04
3.709600000000000000e+04
1.157400000000000000e+04
6.276000000000000000e+03
1.264400000000000000e+04
1.079800000000000000e+04
5.057000000000000000e+03
9.684000000000000000e+03
1.871000000000000000e+03
6.922000000000000000e+03
4.474400000000000000e+04
1.228400000000000000e+04
7.080400000000000000e+04
4.591000000000000000e+03
6.556000000000000000e+03
1.922200000000000000e+04
2.207000000000000000e+04
9.587000000000000000e+03
2.907300000000000000e+04
3.897300000000000000e+04
1.425200000000000000e+04
7.980000000000000000e+03
5.461000000000000000e+03
1.376500000000000000e+04
1.526800000000000000e+04
2.321600000000000000e+04
6.760400000000000000e+04
2.604300000000000000e+04
2.546500000000000000e+04
3.580000000000000000e+03
3.405000000000000000e+03
6.118000000000000000e+03
2.009500000000000000e+04
1.210700000000000000e+04
8.682000000000000000e+03
8.704000000000000000e+03
6.228000000000000000e+03
1.377800000000000000e+04
4.411000000000000000e+03
3.700100000000000000e+04
6.175500000000000000e+04
4.985100000000000000e+04
9.961000000000000000e+03
7.314000000000000000e+03
1.411000000000000000e+04
6.271000000000000000e+03
4.307200000000000000e+04
2.116100000000000000e+04
3.232500000000000000e+04
1.229100000000000000e+04
2.820900000000000000e+04
2.904000000000000000e+03
1.672500000000000000e+04
3.775000000000000000e+03
3.499000000000000000e+03
5.599000000000000000e+04
1.589900000000000000e+04
2.931000000000000000e+03
9.077000000000000000e+03
1.729700000000000000e+04
7.418000000000000000e+03
3.790500000000000000e+04
5.716700000000000000e+04
3.722600000000000000e+04
9.786000000000000000e+03
1.069900000000000000e+04
3.075600000000000000e+04
4.408000000000000000e+03
4.145300000000000000e+04
2.613100000000000000e+04
1.587200000000000000e+04
1.419600000000000000e+04
1.133100000000000000e+04
4.929000000000000000e+03
2.415900000000000000e+04
7.251800000000000000e+04
1.091300000000000000e+04
1.164800000000000000e+04
3.654300000000000000e+04
1.994000000000000000e+04
1.533600000000000000e+04
7.365000000000000000e+03
2.003500000000000000e+04
3.702000000000000000e+03
8.162000000000000000e+03
4.124500000000000000e+04
3.090000000000000000e+03
4.341800000000000000e+04
2.644800000000000000e+04
5.034600000000000000e+04
4.319100000000000000e+04
2.340600000000000000e+04
9.316000000000000000e+03
4.123000000000000000e+04
3.007900000000000000e+04
5.157000000000000000e+03
8.208500000000000000e+04
3.882000000000000000e+03
1.883600000000000000e+04
5.029000000000000000e+03
1.029060000000000000e+05
2.478600000000000000e+04
1.295000000000000000e+04
4.766000000000000000e+03
4.438000000000000000e+03
5.579000000000000000e+03
9.228000000000000000e+03
6.192000000000000000e+03
6.902200000000000000e+04
2.918000000000000000e+03
1.288200000000000000e+04
1.220700000000000000e+04
8.157000000000000000e+03
3.670200000000000000e+04
3.154000000000000000e+04
1.969800000000000000e+04
4.029600000000000000e+04
1.295900000000000000e+04
1.530400000000000000e+04
6.410000000000000000e+03
1.587300000000000000e+04
4.212000000000000000e+03
2.585300000000000000e+04
1.180100000000000000e+04
1.166900000000000000e+04
3.982500000000000000e+04
9.694000000000000000e+03
1.314200000000000000e+04
1.287200000000000000e+04
2.267000000000000000e+04
3.432900000000000000e+04
1.678600000000000000e+04
2.026900000000000000e+04
8.353000000000000000e+03
6.670000000000000000e+03
1.049600000000000000e+04
6.399000000000000000e+03
2.249000000000000000e+03
1.426200000000000000e+04
3.770600000000000000e+04
7.162300000000000000e+04
8.950000000000000000e+03
2.899300000000000000e+04
1.630500000000000000e+04
1.550300000000000000e+04
4.359200000000000000e+04
2.482900000000000000e+04
9.617000000000000000e+03
2.968900000000000000e+04
8.620000000000000000e+03
1.175200000000000000e+04
1.060000000000000000e+04
2.182100000000000000e+04
1.795900000000000000e+04
1.182400000000000000e+04
1.191600000000000000e+04
2.648400000000000000e+04
6.376300000000000000e+04
1.043700000000000000e+04
5.446300000000000000e+04
4.885200000000000000e+04
9.697000000000000000e+03
6.325100000000000000e+04
1.367900000000000000e+04
1.906000000000000000e+03
1.003200000000000000e+04
2.443800000000000000e+04
1.754800000000000000e+04
2.641900000000000000e+04
1.266200000000000000e+04
2.728000000000000000e+04
8.448000000000000000e+03
4.369900000000000000e+04
2.304800000000000000e+04
1.671800000000000000e+04
5.666800000000000000e+04
1.060400000000000000e+04
3.224500000000000000e+04
2.744100000000000000e+04
3.530000000000000000e+03
2.175300000000000000e+04
6.592000000000000000e+03
4.672000000000000000e+03
7.463000000000000000e+03
3.048300000000000000e+04
8.125000000000000000e+03
1.286400000000000000e+04
8.458000000000000000e+03
4.729200000000000000e+04
1.750100000000000000e+04
3.101000000000000000e+03
3.884000000000000000e+03
5.455000000000000000e+03
1.596040000000000000e+05
1.038800000000000000e+04
3.501400000000000000e+04
2.759800000000000000e+04
7.998000000000000000e+03
6.577500000000000000e+04
1.843300000000000000e+04
4.990000000000000000e+03
5.033000000000000000e+03
4.204000000000000000e+03
3.836000000000000000e+04
2.062000000000000000e+04
1.204300000000000000e+04
2.808900000000000000e+04
5.962000000000000000e+03
3.359700000000000000e+04
1.545300000000000000e+04
7.623000000000000000e+03
3.682100000000000000e+04
1.972000000000000000e+03
3.498900000000000000e+04
1.441400000000000000e+04
5.815100000000000000e+04
2.463000000000000000e+03
1.257600000000000000e+04
1.098300000000000000e+04
3.166800000000000000e+04
1.033800000000000000e+04
6.078000000000000000e+03
2.271000000000000000e+03
1.817300000000000000e+04
1.242400000000000000e+04
1.911600000000000000e+04
6.788000000000000000e+03
1.529200000000000000e+04
2.527900000000000000e+04
9.607000000000000000e+03
1.711200000000000000e+04
1.714400000000000000e+04
4.185400000000000000e+04
3.364400000000000000e+04
2.854000000000000000e+03
1.183900000000000000e+04
3.089800000000000000e+04
9.476000000000000000e+03
1.490700000000000000e+04
1.229600000000000000e+04
4.042000000000000000e+03
1.999000000000000000e+03
5.872000000000000000e+03
7.808000000000000000e+03
1.067700000000000000e+04
1.077800000000000000e+04
1.851000000000000000e+04
1.066500000000000000e+04
2.342900000000000000e+04
1.603500000000000000e+04
1.900000000000000000e+03
1.944200000000000000e+04
3.668000000000000000e+03
1.840000000000000000e+03
2.873800000000000000e+04
9.168000000000000000e+03
1.122000000000000000e+04
7.599000000000000000e+03
6.598800000000000000e+04
2.957000000000000000e+04
8.239000000000000000e+03
3.344500000000000000e+04
1.993000000000000000e+04
2.301400000000000000e+04
2.004400000000000000e+04
2.755000000000000000e+04
6.471000000000000000e+03
1.694800000000000000e+04
2.345700000000000000e+04
7.585000000000000000e+03
6.536000000000000000e+03
1.948400000000000000e+04
1.824500000000000000e+04
5.339800000000000000e+04
7.804000000000000000e+03
5.027000000000000000e+03
1.277500000000000000e+04
2.254000000000000000e+03
3.493000000000000000e+03
5.063100000000000000e+04
5.001500000000000000e+04
1.815700000000000000e+04
3.144300000000000000e+04
7.778000000000000000e+03
3.367000000000000000e+03
2.440300000000000000e+04
1.786000000000000000e+04
2.177000000000000000e+03
1.310300000000000000e+04
7.864000000000000000e+03
7.603000000000000000e+03
5.288400000000000000e+04
5.758100000000000000e+04
2.929800000000000000e+04
1.694400000000000000e+04
5.697000000000000000e+03
3.505000000000000000e+03
1.745400000000000000e+04
7.331000000000000000e+03
4.832900000000000000e+04
1.632500000000000000e+04
1.854200000000000000e+04
1.463900000000000000e+04
1.066600000000000000e+04
2.324300000000000000e+04
1.717500000000000000e+04
5.095000000000000000e+03
3.843100000000000000e+04
1.272600000000000000e+04
3.430000000000000000e+03
2.837400000000000000e+04
3.772400000000000000e+04
8.530000000000000000e+04
2.667700000000000000e+04
9.294000000000000000e+03
1.640000000000000000e+03
2.060000000000000000e+04
3.003000000000000000e+03
1.586800000000000000e+04
6.094100000000000000e+04
2.359400000000000000e+04
1.474200000000000000e+04
1.384900000000000000e+04
4.134300000000000000e+04
4.065000000000000000e+03
2.810100000000000000e+04
4.658000000000000000e+03
5.546700000000000000e+04
3.852000000000000000e+03
3.658700000000000000e+04
1.523200000000000000e+04
8.049000000000000000e+03
5.996000000000000000e+03
6.789000000000000000e+03
2.790000000000000000e+04
4.043000000000000000e+03
1.729600000000000000e+04
6.017000000000000000e+03
5.496000000000000000e+03
2.276700000000000000e+04
2.942800000000000000e+04
1.233600000000000000e+04
5.458000000000000000e+03
5.887000000000000000e+03
1.051600000000000000e+04
1.367810000000000000e+05
7.730000000000000000e+03
2.739700000000000000e+04
5.880000000000000000e+03
3.212000000000000000e+03
1.471500000000000000e+04
4.632000000000000000e+03
1.812300000000000000e+04
1.179200000000000000e+04
2.156000000000000000e+03
1.685500000000000000e+04
1.444500000000000000e+04
6.076000000000000000e+03
2.796100000000000000e+04
3.585000000000000000e+03
1.688100000000000000e+04
7.372000000000000000e+03
1.574700000000000000e+04
2.418500000000000000e+04
9.153000000000000000e+03
2.328300000000000000e+04
2.594800000000000000e+04
7.477000000000000000e+03
3.593300000000000000e+04
2.684900000000000000e+04
1.890400000000000000e+04
1.815200000000000000e+04
3.294100000000000000e+04
6.119000000000000000e+03
4.023600000000000000e+04
5.885000000000000000e+04
3.320000000000000000e+03
9.542000000000000000e+03
3.400300000000000000e+04
2.299600000000000000e+04
1.496600000000000000e+04
3.865000000000000000e+03
1.868200000000000000e+04
4.005000000000000000e+03
2.877200000000000000e+04
2.620100000000000000e+04
7.392500000000000000e+04
6.281000000000000000e+03
7.481000000000000000e+03
2.187700000000000000e+04
1.320800000000000000e+04
1.386200000000000000e+04
3.779400000000000000e+04
6.261900000000000000e+04
1.068600000000000000e+04
1.508100000000000000e+04
1.332800000000000000e+04
1.366600000000000000e+04
4.689000000000000000e+03
9.288000000000000000e+03
1.202200000000000000e+04
6.664000000000000000e+03
4.796000000000000000e+03
1.385000000000000000e+04
2.985500000000000000e+04
4.540100000000000000e+04
4.344000000000000000e+03
3.120200000000000000e+04
2.840600000000000000e+04
3.705000000000000000e+03
6.298000000000000000e+03
4.257000000000000000e+03
2.167900000000000000e+04
3.813700000000000000e+04
1.065800000000000000e+04
6.765000000000000000e+03
5.841000000000000000e+03
1.559000000000000000e+03
3.855000000000000000e+03
4.142000000000000000e+03
6.867000000000000000e+03
1.444100000000000000e+04
1.841200000000000000e+04
3.879900000000000000e+04
4.042000000000000000e+03
1.913000000000000000e+03
4.644300000000000000e+04
3.430400000000000000e+04
4.257900000000000000e+04
8.245000000000000000e+03
3.067500000000000000e+04
2.416500000000000000e+04
6.859000000000000000e+03
3.997400000000000000e+04
7.107000000000000000e+03
1.843000000000000000e+03
2.280400000000000000e+04
1.117600000000000000e+04
1.553300000000000000e+04
3.346000000000000000e+03
6.891000000000000000e+03
1.986700000000000000e+04
4.795000000000000000e+03
2.738400000000000000e+04
5.252000000000000000e+03
3.153600000000000000e+04
6.260000000000000000e+03
1.106600000000000000e+04
5.514000000000000000e+03
9.242000000000000000e+03
6.381000000000000000e+03
1.274400000000000000e+04
8.201000000000000000e+03
1.035500000000000000e+04
2.901300000000000000e+04
1.016400000000000000e+04
8.243000000000000000e+03
2.027600000000000000e+04
3.384000000000000000e+03
3.015300000000000000e+04
4.286000000000000000e+03
7.802000000000000000e+03
3.668700000000000000e+04
5.383000000000000000e+03
2.330900000000000000e+04
1.188100000000000000e+04
6.350000000000000000e+03
4.213200000000000000e+04
4.946000000000000000e+03
3.701500000000000000e+04
3.936300000000000000e+04
4.710000000000000000e+03
1.267300000000000000e+04
2.163200000000000000e+04
1.084200000000000000e+04
1.858200000000000000e+04
1.324800000000000000e+04
5.355300000000000000e+04
8.317000000000000000e+03
1.300300000000000000e+04
1.072200000000000000e+04
8.884000000000000000e+03
1.058600000000000000e+04
1.432900000000000000e+04
6.156900000000000000e+04
7.422900000000000000e+04
2.619200000000000000e+04
7.326000000000000000e+03
4.027400000000000000e+04
3.277500000000000000e+04
2.722000000000000000e+04
8.032000000000000000e+03
8.074000000000000000e+03
6.924000000000000000e+03
2.782100000000000000e+04
9.510000000000000000e+03
2.904000000000000000e+03
4.262000000000000000e+03
1.201200000000000000e+04
2.011300000000000000e+04
1.572300000000000000e+04
4.245500000000000000e+04
8.175000000000000000e+03
3.261400000000000000e+04
2.214600000000000000e+04
6.738000000000000000e+03
2.495600000000000000e+04
2.140300000000000000e+04
1.438700000000000000e+04
3.482400000000000000e+04
8.307000000000000000e+03
8.999000000000000000e+03
1.744900000000000000e+04
3.221000000000000000e+03
3.387800000000000000e+04
8.909000000000000000e+03
1.258600000000000000e+04
2.835300000000000000e+04
5.274000000000000000e+03
2.368600000000000000e+04
2.009000000000000000e+04
2.028300000000000000e+04
6.768000000000000000e+03
1.356800000000000000e+04
2.794500000000000000e+04
9.048000000000000000e+03
4.333800000000000000e+04
2.270000000000000000e+03
1.390000000000000000e+04
1.451900000000000000e+04
2.387000000000000000e+03
3.268100000000000000e+04
3.869500000000000000e+04
2.210800000000000000e+04
1.014700000000000000e+04
3.262000000000000000e+03
1.992800000000000000e+04
5.602000000000000000e+03
3.929000000000000000e+03
6.762000000000000000e+03
1.323800000000000000e+04
2.616700000000000000e+04
7.186000000000000000e+03
4.608000000000000000e+03
9.229000000000000000e+03
2.741500000000000000e+04
2.915500000000000000e+04
1.346200000000000000e+04
4.774000000000000000e+03
1.604900000000000000e+04
9.703000000000000000e+03
7.951000000000000000e+03
3.161000000000000000e+03
1.957700000000000000e+04
9.103000000000000000e+03
1.449400000000000000e+04
2.368400000000000000e+04
2.112900000000000000e+04
9.643000000000000000e+03
2.703300000000000000e+04
1.557600000000000000e+04
2.728000000000000000e+04
3.005300000000000000e+04
5.266400000000000000e+04
3.090800000000000000e+04
3.887300000000000000e+04
3.253700000000000000e+04
2.088600000000000000e+04
1.232700000000000000e+04
