1.240000000000000000e+03
1.305000000000000000e+03
1.084000000000000000e+03
1.687000000000000000e+03
5.400000000000000000e+02
2.148000000000000000e+03
5.840000000000000000e+02
6.480000000000000000e+02
6.910000000000000000e+02
6.230000000000000000e+02
3.960000000000000000e+02
9.090000000000000000e+02
7.460000000000000000e+02
5.700000000000000000e+02
3.380000000000000000e+02
4.700000000000000000e+02
7.480000000000000000e+02
1.068000000000000000e+03
9.140000000000000000e+02
3.230000000000000000e+02
6.820000000000000000e+02
1.061000000000000000e+03
1.716000000000000000e+03
2.149000000000000000e+03
1.631000000000000000e+03
5.540000000000000000e+02
2.190000000000000000e+02
5.840000000000000000e+02
4.010000000000000000e+02
1.781000000000000000e+03
5.630000000000000000e+02
6.810000000000000000e+02
7.540000000000000000e+02
1.409000000000000000e+03
1.255000000000000000e+03
1.550000000000000000e+02
1.084000000000000000e+03
1.086000000000000000e+03
8.800000000000000000e+02
3.113000000000000000e+03
2.260000000000000000e+02
1.546000000000000000e+03
3.360000000000000000e+02
4.410000000000000000e+02
8.140000000000000000e+02
1.001000000000000000e+03
5.980000000000000000e+02
3.330000000000000000e+02
7.120000000000000000e+02
1.939000000000000000e+03
1.596000000000000000e+03
5.330000000000000000e+02
1.053000000000000000e+03
4.290000000000000000e+02
4.110000000000000000e+02
7.410000000000000000e+02
1.220000000000000000e+03
5.940000000000000000e+02
6.870000000000000000e+02
2.170000000000000000e+03
3.080000000000000000e+02
7.910000000000000000e+02
6.000000000000000000e+02
9.340000000000000000e+02
8.730000000000000000e+02
6.410000000000000000e+02
6.830000000000000000e+02
5.660000000000000000e+02
5.660000000000000000e+02
1.034000000000000000e+03
6.720000000000000000e+02
1.423000000000000000e+03
2.800000000000000000e+02
4.120000000000000000e+02
7.320000000000000000e+02
4.170000000000000000e+02
4.500000000000000000e+02
2.857000000000000000e+03
8.160000000000000000e+02
3.600000000000000000e+02
3.950000000000000000e+02
7.770000000000000000e+02
7.340000000000000000e+02
7.560000000000000000e+02
2.653000000000000000e+03
1.614000000000000000e+03
7.460000000000000000e+02
7.110000000000000000e+02
1.779000000000000000e+03
1.639000000000000000e+03
6.540000000000000000e+02
2.470000000000000000e+02
3.780000000000000000e+02
4.040000000000000000e+02
1.665000000000000000e+03
6.070000000000000000e+02
5.980000000000000000e+02
1.042000000000000000e+03
9.890000000000000000e+02
3.510000000000000000e+02
9.800000000000000000e+02
1.245000000000000000e+03
4.120000000000000000e+02
9.020000000000000000e+02
4.650000000000000000e+02
9.030000000000000000e+02
1.152000000000000000e+03
9.790000000000000000e+02
1.038000000000000000e+03
7.620000000000000000e+02
5.440000000000000000e+02
6.190000000000000000e+02
9.720000000000000000e+02
5.830000000000000000e+02
1.160000000000000000e+03
2.670000000000000000e+02
6.980000000000000000e+02
1.005000000000000000e+03
1.096000000000000000e+03
1.013000000000000000e+03
2.466000000000000000e+03
2.288000000000000000e+03
1.460000000000000000e+03
9.260000000000000000e+02
5.220000000000000000e+02
4.250000000000000000e+02
9.570000000000000000e+02
7.490000000000000000e+02
5.250000000000000000e+02
1.407000000000000000e+03
1.965000000000000000e+03
4.760000000000000000e+02
9.490000000000000000e+02
7.510000000000000000e+02
5.160000000000000000e+02
9.970000000000000000e+02
1.016000000000000000e+03
1.355000000000000000e+03
3.280000000000000000e+02
1.498000000000000000e+03
2.660000000000000000e+02
4.900000000000000000e+02
1.260000000000000000e+03
3.550000000000000000e+02
2.653000000000000000e+03
4.640000000000000000e+02
4.870000000000000000e+02
4.280000000000000000e+02
1.188000000000000000e+03
5.000000000000000000e+02
1.234000000000000000e+03
9.490000000000000000e+02
1.611000000000000000e+03
4.760000000000000000e+02
6.620000000000000000e+02
7.070000000000000000e+02
9.710000000000000000e+02
1.008000000000000000e+03
9.120000000000000000e+02
4.920000000000000000e+02
1.037000000000000000e+03
2.145000000000000000e+03
1.061000000000000000e+03
3.880000000000000000e+02
4.770000000000000000e+02
7.370000000000000000e+02
7.180000000000000000e+02
9.430000000000000000e+02
1.350000000000000000e+03
8.960000000000000000e+02
8.110000000000000000e+02
9.700000000000000000e+02
4.810000000000000000e+02
1.016000000000000000e+03
1.256000000000000000e+03
9.980000000000000000e+02
9.570000000000000000e+02
6.100000000000000000e+02
4.360000000000000000e+02
8.980000000000000000e+02
8.210000000000000000e+02
4.700000000000000000e+02
2.660000000000000000e+02
4.250000000000000000e+02
9.780000000000000000e+02
1.123000000000000000e+03
1.504000000000000000e+03
3.970000000000000000e+02
1.166000000000000000e+03
2.790000000000000000e+02
8.110000000000000000e+02
2.268000000000000000e+03
2.024000000000000000e+03
6.650000000000000000e+02
7.690000000000000000e+02
6.920000000000000000e+02
1.195000000000000000e+03
3.000000000000000000e+02
1.251000000000000000e+03
4.600000000000000000e+02
4.740000000000000000e+02
3.740000000000000000e+02
7.560000000000000000e+02
9.750000000000000000e+02
1.250000000000000000e+03
8.020000000000000000e+02
5.830000000000000000e+02
5.560000000000000000e+02
2.970000000000000000e+02
2.038000000000000000e+03
1.478000000000000000e+03
7.620000000000000000e+02
1.048000000000000000e+03
1.867000000000000000e+03
9.630000000000000000e+02
2.090000000000000000e+02
6.400000000000000000e+02
5.390000000000000000e+02
8.930000000000000000e+02
8.470000000000000000e+02
1.470000000000000000e+03
4.020000000000000000e+02
1.199000000000000000e+03
1.727000000000000000e+03
3.070000000000000000e+02
4.910000000000000000e+02
6.420000000000000000e+02
5.950000000000000000e+02
9.930000000000000000e+02
3.900000000000000000e+02
1.123000000000000000e+03
5.570000000000000000e+02
1.728000000000000000e+03
1.614000000000000000e+03
1.729000000000000000e+03
5.480000000000000000e+02
6.250000000000000000e+02
1.085000000000000000e+03
3.530000000000000000e+02
3.540000000000000000e+02
5.040000000000000000e+02
1.307000000000000000e+03
6.330000000000000000e+02
8.000000000000000000e+02
4.430000000000000000e+02
5.520000000000000000e+02
6.730000000000000000e+02
1.303000000000000000e+03
9.440000000000000000e+02
5.340000000000000000e+02
3.094000000000000000e+03
9.400000000000000000e+02
3.970000000000000000e+02
1.632000000000000000e+03
1.501000000000000000e+03
4.830000000000000000e+02
4.940000000000000000e+02
7.340000000000000000e+02
2.790000000000000000e+02
2.432000000000000000e+03
2.770000000000000000e+02
7.930000000000000000e+02
2.425000000000000000e+03
4.500000000000000000e+02
6.100000000000000000e+02
1.098000000000000000e+03
2.649000000000000000e+03
6.160000000000000000e+02
1.925000000000000000e+03
4.460000000000000000e+02
8.600000000000000000e+02
1.002000000000000000e+03
5.030000000000000000e+02
4.880000000000000000e+02
6.620000000000000000e+02
4.920000000000000000e+02
8.410000000000000000e+02
2.640000000000000000e+03
1.315000000000000000e+03
7.010000000000000000e+02
9.360000000000000000e+02
6.030000000000000000e+02
2.774000000000000000e+03
1.210000000000000000e+03
4.460000000000000000e+02
5.440000000000000000e+02
1.283000000000000000e+03
6.300000000000000000e+02
9.060000000000000000e+02
2.910000000000000000e+02
4.820000000000000000e+02
4.260000000000000000e+02
3.560000000000000000e+02
4.110000000000000000e+02
9.530000000000000000e+02
9.930000000000000000e+02
8.900000000000000000e+02
4.180000000000000000e+02
6.390000000000000000e+02
5.420000000000000000e+02
1.613000000000000000e+03
1.314000000000000000e+03
1.018000000000000000e+03
7.540000000000000000e+02
1.728000000000000000e+03
1.038000000000000000e+03
5.980000000000000000e+02
6.450000000000000000e+02
1.370000000000000000e+03
3.660000000000000000e+02
9.990000000000000000e+02
1.241000000000000000e+03
4.110000000000000000e+02
2.372000000000000000e+03
4.190000000000000000e+02
6.210000000000000000e+02
4.840000000000000000e+02
1.719000000000000000e+03
1.035000000000000000e+03
1.558000000000000000e+03
5.740000000000000000e+02
3.285000000000000000e+03
1.483000000000000000e+03
7.680000000000000000e+02
1.447000000000000000e+03
7.450000000000000000e+02
3.530000000000000000e+02
5.730000000000000000e+02
1.560000000000000000e+03
1.584000000000000000e+03
1.641000000000000000e+03
6.590000000000000000e+02
1.225000000000000000e+03
5.530000000000000000e+02
5.620000000000000000e+02
3.405000000000000000e+03
1.130000000000000000e+03
1.026000000000000000e+03
8.860000000000000000e+02
4.010000000000000000e+02
1.244000000000000000e+03
9.210000000000000000e+02
8.940000000000000000e+02
8.600000000000000000e+02
7.820000000000000000e+02
3.670000000000000000e+02
5.380000000000000000e+02
1.347000000000000000e+03
1.086000000000000000e+03
5.720000000000000000e+02
1.180000000000000000e+03
9.690000000000000000e+02
3.460000000000000000e+02
1.403000000000000000e+03
1.094000000000000000e+03
9.720000000000000000e+02
8.640000000000000000e+02
1.735000000000000000e+03
1.231000000000000000e+03
2.015000000000000000e+03
6.130000000000000000e+02
1.051000000000000000e+03
5.340000000000000000e+02
1.808000000000000000e+03
1.101000000000000000e+03
3.063000000000000000e+03
1.909000000000000000e+03
8.140000000000000000e+02
7.850000000000000000e+02
1.015000000000000000e+03
1.761000000000000000e+03
4.560000000000000000e+02
5.570000000000000000e+02
2.820000000000000000e+02
2.127000000000000000e+03
6.550000000000000000e+02
1.169000000000000000e+03
1.179000000000000000e+03
9.820000000000000000e+02
8.360000000000000000e+02
2.780000000000000000e+02
7.250000000000000000e+02
7.930000000000000000e+02
3.890000000000000000e+02
4.750000000000000000e+02
4.530000000000000000e+02
7.550000000000000000e+02
7.470000000000000000e+02
1.481000000000000000e+03
3.350000000000000000e+02
4.440000000000000000e+02
1.175000000000000000e+03
6.370000000000000000e+02
7.550000000000000000e+02
1.381000000000000000e+03
6.460000000000000000e+02
6.920000000000000000e+02
5.700000000000000000e+02
6.080000000000000000e+02
6.730000000000000000e+02
4.820000000000000000e+02
5.100000000000000000e+02
7.030000000000000000e+02
1.035000000000000000e+03
7.230000000000000000e+02
6.040000000000000000e+02
2.927000000000000000e+03
9.280000000000000000e+02
1.619000000000000000e+03
1.204000000000000000e+03
5.170000000000000000e+02
9.060000000000000000e+02
6.600000000000000000e+02
8.770000000000000000e+02
5.380000000000000000e+02
1.041000000000000000e+03
2.230000000000000000e+02
3.680000000000000000e+02
6.950000000000000000e+02
8.620000000000000000e+02
4.980000000000000000e+02
1.109000000000000000e+03
6.100000000000000000e+02
1.071000000000000000e+03
2.462000000000000000e+03
6.030000000000000000e+02
4.790000000000000000e+02
1.456000000000000000e+03
1.273000000000000000e+03
7.120000000000000000e+02
2.009000000000000000e+03
6.930000000000000000e+02
7.080000000000000000e+02
1.085000000000000000e+03
1.927000000000000000e+03
8.640000000000000000e+02
2.297000000000000000e+03
7.820000000000000000e+02
7.800000000000000000e+02
1.475000000000000000e+03
1.473000000000000000e+03
4.960000000000000000e+02
9.210000000000000000e+02
1.578000000000000000e+03
1.675000000000000000e+03
1.134000000000000000e+03
8.230000000000000000e+02
2.926000000000000000e+03
8.510000000000000000e+02
8.380000000000000000e+02
3.660000000000000000e+02
9.680000000000000000e+02
9.610000000000000000e+02
1.817000000000000000e+03
1.489000000000000000e+03
1.351000000000000000e+03
6.180000000000000000e+02
1.022000000000000000e+03
1.125000000000000000e+03
9.730000000000000000e+02
9.310000000000000000e+02
8.260000000000000000e+02
9.020000000000000000e+02
4.480000000000000000e+02
3.700000000000000000e+02
1.337000000000000000e+03
3.950000000000000000e+02
1.832000000000000000e+03
7.450000000000000000e+02
6.040000000000000000e+02
5.900000000000000000e+02
1.870000000000000000e+03
1.314000000000000000e+03
4.990000000000000000e+02
1.001000000000000000e+03
6.270000000000000000e+02
2.609000000000000000e+03
2.480000000000000000e+02
1.231000000000000000e+03
8.730000000000000000e+02
8.740000000000000000e+02
9.120000000000000000e+02
1.003000000000000000e+03
7.750000000000000000e+02
5.210000000000000000e+02
2.002000000000000000e+03
7.410000000000000000e+02
4.170000000000000000e+02
7.470000000000000000e+02
9.670000000000000000e+02
2.305000000000000000e+03
2.950000000000000000e+02
5.210000000000000000e+02
1.207000000000000000e+03
1.034000000000000000e+03
1.044000000000000000e+03
1.355000000000000000e+03
1.424000000000000000e+03
2.840000000000000000e+02
7.040000000000000000e+02
8.210000000000000000e+02
1.132000000000000000e+03
1.612000000000000000e+03
7.660000000000000000e+02
5.340000000000000000e+02
1.229000000000000000e+03
5.060000000000000000e+02
6.230000000000000000e+02
3.340000000000000000e+02
6.070000000000000000e+02
6.750000000000000000e+02
1.333000000000000000e+03
6.850000000000000000e+02
1.271000000000000000e+03
1.538000000000000000e+03
1.965000000000000000e+03
4.460000000000000000e+02
4.280000000000000000e+02
3.340000000000000000e+02
8.670000000000000000e+02
6.430000000000000000e+02
4.570000000000000000e+02
6.070000000000000000e+02
2.961000000000000000e+03
1.076000000000000000e+03
4.320000000000000000e+02
9.960000000000000000e+02
9.290000000000000000e+02
1.314000000000000000e+03
7.320000000000000000e+02
8.680000000000000000e+02
9.880000000000000000e+02
1.378000000000000000e+03
8.930000000000000000e+02
1.397000000000000000e+03
1.807000000000000000e+03
9.740000000000000000e+02
1.200000000000000000e+03
1.430000000000000000e+02
9.640000000000000000e+02
6.120000000000000000e+02
1.891000000000000000e+03
5.000000000000000000e+02
9.000000000000000000e+02
9.310000000000000000e+02
4.320000000000000000e+02
6.170000000000000000e+02
7.900000000000000000e+02
1.325000000000000000e+03
6.280000000000000000e+02
5.670000000000000000e+02
9.360000000000000000e+02
1.232000000000000000e+03
6.910000000000000000e+02
3.620000000000000000e+02
5.620000000000000000e+02
6.570000000000000000e+02
7.480000000000000000e+02
5.560000000000000000e+02
9.330000000000000000e+02
7.380000000000000000e+02
4.030000000000000000e+02
4.990000000000000000e+02
8.000000000000000000e+02
2.292000000000000000e+03
8.070000000000000000e+02
2.630000000000000000e+02
6.660000000000000000e+02
6.510000000000000000e+02
1.585000000000000000e+03
2.931000000000000000e+03
6.790000000000000000e+02
4.120000000000000000e+02
8.450000000000000000e+02
6.110000000000000000e+02
4.890000000000000000e+02
9.360000000000000000e+02
5.620000000000000000e+02
1.938000000000000000e+03
3.550000000000000000e+02
1.347000000000000000e+03
7.270000000000000000e+02
6.200000000000000000e+02
2.484000000000000000e+03
1.249000000000000000e+03
1.330000000000000000e+03
2.944000000000000000e+03
6.550000000000000000e+02
1.267000000000000000e+03
5.380000000000000000e+02
7.540000000000000000e+02
1.129000000000000000e+03
7.270000000000000000e+02
5.720000000000000000e+02
8.040000000000000000e+02
7.980000000000000000e+02
1.098000000000000000e+03
2.720000000000000000e+02
3.630000000000000000e+02
6.740000000000000000e+02
1.733000000000000000e+03
1.020000000000000000e+03
3.610000000000000000e+02
1.754000000000000000e+03
2.319000000000000000e+03
1.063000000000000000e+03
5.260000000000000000e+02
1.180000000000000000e+03
9.020000000000000000e+02
2.421000000000000000e+03
3.990000000000000000e+02
1.598000000000000000e+03
1.190000000000000000e+03
1.253000000000000000e+03
5.490000000000000000e+02
1.195000000000000000e+03
1.258000000000000000e+03
1.150000000000000000e+03
2.885000000000000000e+03
1.448000000000000000e+03
3.142000000000000000e+03
5.550000000000000000e+02
5.250000000000000000e+02
1.474000000000000000e+03
1.374000000000000000e+03
1.764000000000000000e+03
1.542000000000000000e+03
4.830000000000000000e+02
6.130000000000000000e+02
2.484000000000000000e+03
6.030000000000000000e+02
4.840000000000000000e+02
1.186000000000000000e+03
1.197000000000000000e+03
7.140000000000000000e+02
1.240000000000000000e+03
3.940000000000000000e+02
4.840000000000000000e+02
2.029000000000000000e+03
4.310000000000000000e+02
2.434000000000000000e+03
7.190000000000000000e+02
3.380000000000000000e+02
2.970000000000000000e+02
1.025000000000000000e+03
5.940000000000000000e+02
1.919000000000000000e+03
6.180000000000000000e+02
3.140000000000000000e+02
9.190000000000000000e+02
1.206000000000000000e+03
1.269000000000000000e+03
6.530000000000000000e+02
7.800000000000000000e+02
3.490000000000000000e+02
2.090000000000000000e+03
1.496000000000000000e+03
5.180000000000000000e+02
3.080000000000000000e+02
7.970000000000000000e+02
4.270000000000000000e+02
4.490000000000000000e+02
6.390000000000000000e+02
3.610000000000000000e+02
1.255000000000000000e+03
2.266000000000000000e+03
7.370000000000000000e+02
4.850000000000000000e+02
7.770000000000000000e+02
1.192000000000000000e+03
5.140000000000000000e+02
5.310000000000000000e+02
6.720000000000000000e+02
2.233000000000000000e+03
4.810000000000000000e+02
6.350000000000000000e+02
6.250000000000000000e+02
2.160000000000000000e+02
6.700000000000000000e+02
8.880000000000000000e+02
9.980000000000000000e+02
5.090000000000000000e+02
6.020000000000000000e+02
1.646000000000000000e+03
2.022000000000000000e+03
1.038000000000000000e+03
4.080000000000000000e+02
5.510000000000000000e+02
1.528000000000000000e+03
8.100000000000000000e+02
7.030000000000000000e+02
8.550000000000000000e+02
4.470000000000000000e+02
6.050000000000000000e+02
2.300000000000000000e+02
1.524000000000000000e+03
6.530000000000000000e+02
1.288000000000000000e+03
2.267000000000000000e+03
1.597000000000000000e+03
3.230000000000000000e+02
9.870000000000000000e+02
1.412000000000000000e+03
5.860000000000000000e+02
5.070000000000000000e+02
7.060000000000000000e+02
1.032000000000000000e+03
1.032000000000000000e+03
5.090000000000000000e+02
7.940000000000000000e+02
1.837000000000000000e+03
7.200000000000000000e+02
1.497000000000000000e+03
1.588000000000000000e+03
7.050000000000000000e+02
1.252000000000000000e+03
3.189000000000000000e+03
4.730000000000000000e+02
9.770000000000000000e+02
6.880000000000000000e+02
2.460000000000000000e+02
2.660000000000000000e+02
6.070000000000000000e+02
7.540000000000000000e+02
8.360000000000000000e+02
1.884000000000000000e+03
6.490000000000000000e+02
9.360000000000000000e+02
6.290000000000000000e+02
3.640000000000000000e+02
2.204000000000000000e+03
1.211000000000000000e+03
5.790000000000000000e+02
1.554000000000000000e+03
1.212000000000000000e+03
1.049000000000000000e+03
3.250000000000000000e+02
3.480000000000000000e+02
9.670000000000000000e+02
9.680000000000000000e+02
1.268000000000000000e+03
4.820000000000000000e+02
2.140000000000000000e+03
1.102000000000000000e+03
1.602000000000000000e+03
4.770000000000000000e+02
1.041000000000000000e+03
9.290000000000000000e+02
1.522000000000000000e+03
6.130000000000000000e+02
1.272000000000000000e+03
2.240000000000000000e+02
8.900000000000000000e+02
4.890000000000000000e+02
8.310000000000000000e+02
7.200000000000000000e+02
6.630000000000000000e+02
6.200000000000000000e+02
8.900000000000000000e+02
4.960000000000000000e+02
6.650000000000000000e+02
6.140000000000000000e+02
5.820000000000000000e+02
5.050000000000000000e+02
3.780000000000000000e+02
2.579000000000000000e+03
5.270000000000000000e+02
5.390000000000000000e+02
2.336000000000000000e+03
3.220000000000000000e+02
6.930000000000000000e+02
9.780000000000000000e+02
9.890000000000000000e+02
6.510000000000000000e+02
9.870000000000000000e+02
7.200000000000000000e+02
8.490000000000000000e+02
4.720000000000000000e+02
1.057000000000000000e+03
6.120000000000000000e+02
8.600000000000000000e+02
5.460000000000000000e+02
2.367000000000000000e+03
1.264000000000000000e+03
3.142000000000000000e+03
1.276000000000000000e+03
1.465000000000000000e+03
4.410000000000000000e+02
6.240000000000000000e+02
4.660000000000000000e+02
5.930000000000000000e+02
5.950000000000000000e+02
1.452000000000000000e+03
1.121000000000000000e+03
5.920000000000000000e+02
8.580000000000000000e+02
6.270000000000000000e+02
3.535000000000000000e+03
1.129000000000000000e+03
5.330000000000000000e+02
7.210000000000000000e+02
1.888000000000000000e+03
1.729000000000000000e+03
5.780000000000000000e+02
3.260000000000000000e+02
5.430000000000000000e+02
3.400000000000000000e+02
4.040000000000000000e+02
6.610000000000000000e+02
8.310000000000000000e+02
4.650000000000000000e+02
1.107000000000000000e+03
9.590000000000000000e+02
9.980000000000000000e+02
7.230000000000000000e+02
5.030000000000000000e+02
1.213000000000000000e+03
8.210000000000000000e+02
2.034000000000000000e+03
1.291000000000000000e+03
1.014000000000000000e+03
8.040000000000000000e+02
4.220000000000000000e+02
1.012000000000000000e+03
4.930000000000000000e+02
6.270000000000000000e+02
3.340000000000000000e+02
8.950000000000000000e+02
8.710000000000000000e+02
1.203000000000000000e+03
5.210000000000000000e+02
7.660000000000000000e+02
1.447000000000000000e+03
5.380000000000000000e+02
5.060000000000000000e+02
6.770000000000000000e+02
3.610000000000000000e+02
6.790000000000000000e+02
9.080000000000000000e+02
4.780000000000000000e+02
1.033000000000000000e+03
2.600000000000000000e+02
7.030000000000000000e+02
1.133000000000000000e+03
8.350000000000000000e+02
9.400000000000000000e+02
1.139000000000000000e+03
5.980000000000000000e+02
5.040000000000000000e+02
3.800000000000000000e+02
8.780000000000000000e+02
1.088000000000000000e+03
5.270000000000000000e+02
6.480000000000000000e+02
1.297000000000000000e+03
1.347000000000000000e+03
1.818000000000000000e+03
4.450000000000000000e+02
1.013000000000000000e+03
6.260000000000000000e+02
5.800000000000000000e+02
1.220000000000000000e+03
3.860000000000000000e+02
7.960000000000000000e+02
5.020000000000000000e+02
9.800000000000000000e+02
1.023000000000000000e+03
3.860000000000000000e+02
2.660000000000000000e+02
6.390000000000000000e+02
1.415000000000000000e+03
1.575000000000000000e+03
8.380000000000000000e+02
3.970000000000000000e+02
1.047000000000000000e+03
4.020000000000000000e+02
6.330000000000000000e+02
7.880000000000000000e+02
6.320000000000000000e+02
1.084000000000000000e+03
2.048000000000000000e+03
6.730000000000000000e+02
1.270000000000000000e+03
7.420000000000000000e+02
1.910000000000000000e+03
5.330000000000000000e+02
1.555000000000000000e+03
5.410000000000000000e+02
1.511000000000000000e+03
7.740000000000000000e+02
1.473000000000000000e+03
1.202000000000000000e+03
5.830000000000000000e+02
4.580000000000000000e+02
6.780000000000000000e+02
2.219000000000000000e+03
5.200000000000000000e+02
2.700000000000000000e+02
1.064000000000000000e+03
1.281000000000000000e+03
1.052000000000000000e+03
9.910000000000000000e+02
7.330000000000000000e+02
1.047000000000000000e+03
6.380000000000000000e+02
6.700000000000000000e+02
6.140000000000000000e+02
6.230000000000000000e+02
1.175000000000000000e+03
7.430000000000000000e+02
7.590000000000000000e+02
4.930000000000000000e+02
9.920000000000000000e+02
1.710000000000000000e+02
6.910000000000000000e+02
1.304000000000000000e+03
6.720000000000000000e+02
2.680000000000000000e+02
1.288000000000000000e+03
1.992000000000000000e+03
1.607000000000000000e+03
1.265000000000000000e+03
1.296000000000000000e+03
1.792000000000000000e+03
9.640000000000000000e+02
9.700000000000000000e+02
5.660000000000000000e+02
8.090000000000000000e+02
1.730000000000000000e+02
1.831000000000000000e+03
4.590000000000000000e+02
1.011000000000000000e+03
1.269000000000000000e+03
4.590000000000000000e+02
2.720000000000000000e+02
3.510000000000000000e+02
9.920000000000000000e+02
7.580000000000000000e+02
4.950000000000000000e+02
1.463000000000000000e+03
9.430000000000000000e+02
4.970000000000000000e+02
1.019000000000000000e+03
3.660000000000000000e+02
2.026000000000000000e+03
1.416000000000000000e+03
8.180000000000000000e+02
1.614000000000000000e+03
2.840000000000000000e+02
6.530000000000000000e+02
5.510000000000000000e+02
9.260000000000000000e+02
2.236000000000000000e+03
3.140000000000000000e+02
4.060000000000000000e+02
9.320000000000000000e+02
5.500000000000000000e+02
1.301000000000000000e+03
5.660000000000000000e+02
5.540000000000000000e+02
7.920000000000000000e+02
6.920000000000000000e+02
3.144000000000000000e+03
5.750000000000000000e+02
4.210000000000000000e+02
8.710000000000000000e+02
5.550000000000000000e+02
7.730000000000000000e+02
5.400000000000000000e+02
7.090000000000000000e+02
9.550000000000000000e+02
7.470000000000000000e+02
1.096000000000000000e+03
5.190000000000000000e+02
1.011000000000000000e+03
8.950000000000000000e+02
6.650000000000000000e+02
5.610000000000000000e+02
6.870000000000000000e+02
4.140000000000000000e+02
1.880000000000000000e+03
1.424000000000000000e+03
6.800000000000000000e+02
3.440000000000000000e+02
2.233000000000000000e+03
7.280000000000000000e+02
3.170000000000000000e+02
6.570000000000000000e+02
1.028000000000000000e+03
1.992000000000000000e+03
5.040000000000000000e+02
1.244000000000000000e+03
4.090000000000000000e+02
1.363000000000000000e+03
8.020000000000000000e+02
8.400000000000000000e+02
2.321000000000000000e+03
1.676000000000000000e+03
1.086000000000000000e+03
1.007000000000000000e+03
