3.571000000000000000e+03
2.458700000000000000e+04
4.470000000000000000e+03
2.557500000000000000e+04
4.361000000000000000e+03
1.905000000000000000e+03
2.415000000000000000e+03
2.898000000000000000e+03
1.865000000000000000e+03
3.897000000000000000e+03
8.113000000000000000e+03
5.209000000000000000e+03
9.103000000000000000e+03
6.743000000000000000e+03
1.591100000000000000e+04
1.034200000000000000e+04
1.193000000000000000e+03
5.053000000000000000e+03
6.757000000000000000e+03
5.878000000000000000e+03
8.738000000000000000e+03
2.314000000000000000e+03
2.278400000000000000e+04
5.570000000000000000e+03
2.935000000000000000e+03
7.199000000000000000e+03
5.584000000000000000e+03
3.279000000000000000e+03
2.387000000000000000e+03
5.472000000000000000e+03
2.800000000000000000e+03
1.054600000000000000e+04
9.247000000000000000e+03
7.846000000000000000e+03
2.784600000000000000e+04
9.170000000000000000e+03
1.382700000000000000e+04
1.061100000000000000e+04
3.307000000000000000e+03
2.702000000000000000e+03
1.213900000000000000e+04
5.142000000000000000e+03
9.048000000000000000e+03
5.289000000000000000e+03
5.241000000000000000e+03
6.599000000000000000e+03
6.952000000000000000e+03
1.944000000000000000e+03
1.989000000000000000e+04
2.610600000000000000e+04
9.402000000000000000e+03
1.016300000000000000e+04
5.923000000000000000e+03
2.004600000000000000e+04
4.790000000000000000e+03
4.065000000000000000e+03
8.479000000000000000e+03
2.092000000000000000e+03
1.209300000000000000e+04
3.877000000000000000e+03
2.996000000000000000e+03
2.587200000000000000e+04
8.607000000000000000e+03
4.840000000000000000e+03
4.164000000000000000e+03
1.417700000000000000e+04
7.144000000000000000e+03
1.328000000000000000e+03
1.016200000000000000e+04
5.058000000000000000e+03
6.126000000000000000e+03
6.801000000000000000e+03
4.795000000000000000e+03
1.489500000000000000e+04
1.097800000000000000e+04
1.119100000000000000e+04
9.109000000000000000e+03
1.472000000000000000e+03
1.603600000000000000e+04
1.100700000000000000e+04
2.029000000000000000e+03
2.067000000000000000e+03
1.635000000000000000e+03
2.805000000000000000e+03
5.079000000000000000e+03
2.058000000000000000e+03
4.581000000000000000e+03
5.712000000000000000e+03
2.635000000000000000e+03
7.169000000000000000e+03
1.932100000000000000e+04
1.490300000000000000e+04
4.896000000000000000e+03
3.696000000000000000e+03
4.244000000000000000e+03
5.414000000000000000e+03
2.479000000000000000e+03
1.016600000000000000e+04
9.394000000000000000e+03
1.682400000000000000e+04
1.990000000000000000e+03
9.771000000000000000e+03
3.242000000000000000e+03
1.995200000000000000e+04
1.483000000000000000e+03
2.274000000000000000e+03
7.584000000000000000e+03
2.284000000000000000e+03
4.023000000000000000e+03
1.062700000000000000e+04
2.763600000000000000e+04
5.143000000000000000e+03
1.127300000000000000e+04
7.134000000000000000e+03
3.104000000000000000e+03
8.666000000000000000e+03
1.136100000000000000e+04
2.973000000000000000e+03
1.066200000000000000e+04
4.906000000000000000e+03
8.202000000000000000e+03
7.800000000000000000e+03
3.319000000000000000e+03
9.172000000000000000e+03
5.374000000000000000e+03
5.943000000000000000e+03
2.516000000000000000e+03
1.031300000000000000e+04
1.220300000000000000e+04
2.868000000000000000e+03
6.875000000000000000e+03
2.083700000000000000e+04
4.752000000000000000e+03
3.908000000000000000e+03
4.468000000000000000e+03
4.608000000000000000e+03
4.689000000000000000e+03
3.159000000000000000e+03
1.076600000000000000e+04
2.074000000000000000e+03
1.177800000000000000e+04
7.282000000000000000e+03
6.393000000000000000e+03
7.990000000000000000e+03
4.249000000000000000e+03
4.686000000000000000e+03
2.585000000000000000e+03
3.382000000000000000e+03
3.342000000000000000e+03
9.885000000000000000e+03
1.059900000000000000e+04
5.509000000000000000e+03
4.152000000000000000e+03
7.746000000000000000e+03
1.134300000000000000e+04
1.082900000000000000e+04
1.109900000000000000e+04
6.053000000000000000e+03
1.150200000000000000e+04
4.865000000000000000e+03
1.008500000000000000e+04
5.074000000000000000e+03
3.100000000000000000e+03
2.426000000000000000e+03
3.260000000000000000e+03
1.000800000000000000e+04
2.681000000000000000e+03
6.567000000000000000e+03
1.913000000000000000e+03
7.054000000000000000e+03
1.474000000000000000e+04
8.502000000000000000e+03
1.495400000000000000e+04
3.034000000000000000e+03
2.458000000000000000e+03
2.049000000000000000e+04
1.115900000000000000e+04
2.757000000000000000e+03
8.723000000000000000e+03
1.923800000000000000e+04
1.530300000000000000e+04
2.108000000000000000e+03
1.012600000000000000e+04
1.041300000000000000e+04
4.887000000000000000e+03
8.925000000000000000e+03
2.266200000000000000e+04
1.334600000000000000e+04
7.130000000000000000e+03
2.037000000000000000e+03
8.131000000000000000e+03
6.689000000000000000e+03
9.316000000000000000e+03
2.657000000000000000e+03
3.455000000000000000e+03
4.423000000000000000e+03
2.748000000000000000e+03
1.754000000000000000e+03
2.610000000000000000e+03
4.439000000000000000e+03
4.009000000000000000e+03
6.534000000000000000e+03
7.330000000000000000e+03
6.331000000000000000e+03
4.076000000000000000e+03
1.703200000000000000e+04
1.278400000000000000e+04
6.987000000000000000e+03
3.402000000000000000e+03
5.777000000000000000e+03
8.591000000000000000e+03
6.186000000000000000e+03
1.819900000000000000e+04
6.537000000000000000e+03
4.884000000000000000e+03
2.153000000000000000e+03
8.721000000000000000e+03
1.023000000000000000e+04
6.514000000000000000e+03
1.322900000000000000e+04
7.023000000000000000e+03
6.096000000000000000e+03
2.948000000000000000e+03
2.499000000000000000e+03
2.336000000000000000e+03
3.150000000000000000e+03
6.135000000000000000e+03
3.116000000000000000e+03
3.916000000000000000e+03
4.497000000000000000e+03
8.160000000000000000e+03
2.008000000000000000e+03
1.504200000000000000e+04
7.130000000000000000e+03
1.665000000000000000e+03
1.297400000000000000e+04
1.368700000000000000e+04
9.553000000000000000e+03
3.241000000000000000e+03
4.485000000000000000e+03
4.817000000000000000e+03
4.671000000000000000e+03
7.400000000000000000e+03
4.722000000000000000e+03
3.843000000000000000e+03
1.329000000000000000e+04
4.650000000000000000e+03
1.363900000000000000e+04
3.783000000000000000e+03
3.698000000000000000e+03
1.462000000000000000e+03
1.274000000000000000e+03
5.371000000000000000e+03
2.027000000000000000e+03
1.989400000000000000e+04
2.317000000000000000e+03
2.157900000000000000e+04
1.178400000000000000e+04
2.222000000000000000e+03
2.761000000000000000e+03
3.663000000000000000e+03
4.936000000000000000e+03
4.762000000000000000e+03
1.614300000000000000e+04
3.060000000000000000e+03
9.135000000000000000e+03
1.150300000000000000e+04
1.446900000000000000e+04
1.815500000000000000e+04
1.100000000000000000e+04
4.004000000000000000e+03
5.380000000000000000e+03
3.887000000000000000e+03
1.958000000000000000e+03
2.328000000000000000e+03
5.230000000000000000e+03
5.594000000000000000e+03
3.258000000000000000e+03
2.076000000000000000e+03
1.176900000000000000e+04
3.498000000000000000e+03
1.242900000000000000e+04
3.592000000000000000e+03
3.224000000000000000e+03
8.849000000000000000e+03
2.484000000000000000e+03
7.591000000000000000e+03
4.449000000000000000e+03
2.365000000000000000e+03
6.234000000000000000e+03
4.248000000000000000e+03
9.985000000000000000e+03
1.515500000000000000e+04
8.409000000000000000e+03
1.623600000000000000e+04
7.667000000000000000e+03
6.305000000000000000e+03
9.269000000000000000e+03
2.050000000000000000e+03
6.464000000000000000e+03
1.481600000000000000e+04
2.931000000000000000e+03
3.501000000000000000e+03
1.398700000000000000e+04
2.078900000000000000e+04
6.465000000000000000e+03
1.804000000000000000e+03
1.148000000000000000e+03
1.248800000000000000e+04
5.146000000000000000e+03
7.397000000000000000e+03
1.749700000000000000e+04
5.248000000000000000e+03
5.947000000000000000e+03
1.683000000000000000e+03
1.840900000000000000e+04
6.646000000000000000e+03
1.354000000000000000e+03
9.436000000000000000e+03
6.751000000000000000e+03
4.917000000000000000e+03
2.048000000000000000e+03
2.318000000000000000e+03
3.054000000000000000e+03
3.649000000000000000e+03
1.619900000000000000e+04
4.238000000000000000e+03
2.867000000000000000e+03
4.393000000000000000e+03
2.049600000000000000e+04
1.355000000000000000e+03
3.226000000000000000e+03
9.205000000000000000e+03
5.838000000000000000e+03
3.778000000000000000e+03
7.289000000000000000e+03
7.672000000000000000e+03
1.167700000000000000e+04
1.139100000000000000e+04
5.423000000000000000e+03
1.895500000000000000e+04
2.375000000000000000e+03
6.218000000000000000e+03
6.774000000000000000e+03
2.492000000000000000e+03
9.642000000000000000e+03
4.515000000000000000e+03
1.061900000000000000e+04
1.481500000000000000e+04
6.774000000000000000e+03
5.695000000000000000e+03
1.574100000000000000e+04
1.731000000000000000e+03
1.559000000000000000e+03
7.361000000000000000e+03
5.179000000000000000e+03
2.768000000000000000e+03
1.165000000000000000e+03
3.131000000000000000e+03
4.659000000000000000e+03
3.429000000000000000e+03
3.345000000000000000e+03
4.389000000000000000e+03
5.870000000000000000e+03
5.559000000000000000e+03
1.992000000000000000e+03
2.678000000000000000e+03
3.966000000000000000e+03
1.236300000000000000e+04
9.753000000000000000e+03
3.629000000000000000e+03
4.089000000000000000e+03
6.072000000000000000e+03
2.633100000000000000e+04
6.074000000000000000e+03
3.891000000000000000e+03
6.694000000000000000e+03
3.663000000000000000e+03
1.215400000000000000e+04
5.071000000000000000e+03
1.372700000000000000e+04
9.735000000000000000e+03
9.255000000000000000e+03
2.769000000000000000e+03
1.029000000000000000e+04
8.601000000000000000e+03
1.966100000000000000e+04
2.337000000000000000e+03
2.665800000000000000e+04
1.402200000000000000e+04
4.091000000000000000e+03
3.584000000000000000e+03
3.363000000000000000e+03
2.091300000000000000e+04
2.229000000000000000e+03
2.493800000000000000e+04
3.381000000000000000e+03
3.874000000000000000e+03
1.405800000000000000e+04
1.126500000000000000e+04
3.442000000000000000e+03
1.344200000000000000e+04
8.242000000000000000e+03
2.332200000000000000e+04
2.717300000000000000e+04
3.130000000000000000e+03
8.905000000000000000e+03
4.002000000000000000e+03
2.743000000000000000e+03
1.119700000000000000e+04
3.256900000000000000e+04
6.359000000000000000e+03
7.691000000000000000e+03
4.666000000000000000e+03
7.837000000000000000e+03
5.042000000000000000e+03
4.294000000000000000e+03
1.004000000000000000e+04
1.568800000000000000e+04
5.998000000000000000e+03
8.230000000000000000e+03
4.294000000000000000e+03
9.890000000000000000e+03
1.129600000000000000e+04
1.018000000000000000e+03
3.641000000000000000e+03
3.647000000000000000e+03
8.063000000000000000e+03
1.482300000000000000e+04
1.115600000000000000e+04
6.660000000000000000e+03
6.857000000000000000e+03
2.648000000000000000e+03
5.680000000000000000e+03
3.179000000000000000e+03
7.012000000000000000e+03
9.258000000000000000e+03
1.285000000000000000e+03
8.737000000000000000e+03
1.943600000000000000e+04
1.462100000000000000e+04
5.776000000000000000e+03
4.719000000000000000e+03
6.670000000000000000e+03
8.984000000000000000e+03
1.156700000000000000e+04
9.354000000000000000e+03
1.308000000000000000e+04
4.398000000000000000e+03
1.611200000000000000e+04
5.773000000000000000e+03
1.507500000000000000e+04
8.456000000000000000e+03
3.664000000000000000e+03
5.267000000000000000e+03
6.862000000000000000e+03
1.039800000000000000e+04
7.914000000000000000e+03
9.572000000000000000e+03
1.093600000000000000e+04
3.345000000000000000e+03
1.277600000000000000e+04
3.378000000000000000e+03
1.277100000000000000e+04
1.252200000000000000e+04
4.125000000000000000e+03
2.576000000000000000e+03
1.691000000000000000e+03
3.712000000000000000e+03
1.395300000000000000e+04
3.764000000000000000e+03
6.688000000000000000e+03
1.403000000000000000e+03
5.638000000000000000e+03
1.978200000000000000e+04
3.137000000000000000e+03
4.249000000000000000e+03
1.597000000000000000e+03
1.039300000000000000e+04
1.370900000000000000e+04
4.473000000000000000e+03
7.451000000000000000e+03
1.084400000000000000e+04
1.440300000000000000e+04
5.097000000000000000e+03
2.269000000000000000e+03
3.168000000000000000e+03
1.020000000000000000e+03
4.904000000000000000e+03
2.787000000000000000e+03
4.120000000000000000e+03
1.196900000000000000e+04
2.062000000000000000e+03
2.653000000000000000e+03
4.371000000000000000e+03
1.782000000000000000e+04
8.854000000000000000e+03
2.379000000000000000e+03
1.138800000000000000e+04
4.700000000000000000e+03
6.017000000000000000e+03
9.386000000000000000e+03
2.517000000000000000e+03
1.219200000000000000e+04
1.191300000000000000e+04
1.717000000000000000e+03
9.963000000000000000e+03
1.200500000000000000e+04
9.023000000000000000e+03
1.609400000000000000e+04
3.201000000000000000e+03
7.326000000000000000e+03
2.577200000000000000e+04
9.694000000000000000e+03
3.636000000000000000e+03
4.716000000000000000e+03
2.005900000000000000e+04
1.057000000000000000e+03
9.104000000000000000e+03
6.814000000000000000e+03
2.107000000000000000e+03
1.565000000000000000e+03
4.964000000000000000e+03
3.643000000000000000e+03
9.431000000000000000e+03
2.457000000000000000e+03
3.460000000000000000e+03
3.655000000000000000e+03
5.790000000000000000e+03
1.520100000000000000e+04
6.024000000000000000e+03
4.779000000000000000e+03
3.917000000000000000e+03
1.040500000000000000e+04
6.108000000000000000e+03
4.938000000000000000e+03
1.628700000000000000e+04
2.305100000000000000e+04
4.155000000000000000e+03
2.136000000000000000e+03
7.823000000000000000e+03
1.227000000000000000e+03
3.470800000000000000e+04
2.239700000000000000e+04
8.704000000000000000e+03
4.165000000000000000e+03
5.097000000000000000e+03
3.254000000000000000e+03
8.498000000000000000e+03
1.718800000000000000e+04
1.274200000000000000e+04
4.651000000000000000e+03
5.688000000000000000e+03
3.144000000000000000e+03
3.019000000000000000e+03
1.434200000000000000e+04
6.580000000000000000e+03
1.448700000000000000e+04
1.283400000000000000e+04
3.766000000000000000e+03
1.093900000000000000e+04
4.356000000000000000e+03
7.161000000000000000e+03
2.437000000000000000e+03
5.858000000000000000e+03
4.867000000000000000e+03
6.254000000000000000e+03
9.391000000000000000e+03
1.932000000000000000e+03
9.434000000000000000e+03
1.169700000000000000e+04
1.880000000000000000e+03
1.855300000000000000e+04
8.408000000000000000e+03
1.449100000000000000e+04
6.335000000000000000e+03
6.186000000000000000e+03
1.698000000000000000e+03
4.382000000000000000e+03
2.444000000000000000e+03
7.686000000000000000e+03
1.912300000000000000e+04
9.746000000000000000e+03
4.173000000000000000e+03
2.024000000000000000e+03
1.651000000000000000e+03
8.362000000000000000e+03
1.124400000000000000e+04
2.126000000000000000e+03
3.783000000000000000e+03
4.758000000000000000e+03
1.895300000000000000e+04
3.705000000000000000e+03
1.173700000000000000e+04
1.305400000000000000e+04
1.392000000000000000e+03
6.020000000000000000e+03
6.084000000000000000e+03
4.452000000000000000e+03
4.179000000000000000e+03
1.045000000000000000e+04
5.717000000000000000e+03
9.009000000000000000e+03
5.388000000000000000e+03
2.708000000000000000e+03
3.408000000000000000e+03
1.807000000000000000e+03
1.185100000000000000e+04
8.636000000000000000e+03
1.553000000000000000e+03
2.423500000000000000e+04
7.994000000000000000e+03
3.679000000000000000e+03
8.394000000000000000e+03
4.633000000000000000e+03
1.031200000000000000e+04
1.084600000000000000e+04
1.833000000000000000e+03
3.268000000000000000e+03
6.347000000000000000e+03
1.213200000000000000e+04
7.721000000000000000e+03
4.645000000000000000e+03
1.750900000000000000e+04
6.727000000000000000e+03
1.163500000000000000e+04
1.552000000000000000e+03
5.848000000000000000e+03
8.289000000000000000e+03
1.119200000000000000e+04
9.366000000000000000e+03
2.290000000000000000e+03
2.799000000000000000e+03
1.532000000000000000e+03
1.508900000000000000e+04
3.616000000000000000e+03
1.987000000000000000e+03
2.084000000000000000e+03
4.584000000000000000e+03
3.664000000000000000e+03
1.073400000000000000e+04
1.085400000000000000e+04
2.195500000000000000e+04
2.057000000000000000e+03
9.268000000000000000e+03
1.943700000000000000e+04
1.351000000000000000e+04
4.572000000000000000e+03
9.019000000000000000e+03
1.396800000000000000e+04
1.397000000000000000e+03
6.694000000000000000e+03
4.550000000000000000e+03
3.830000000000000000e+03
1.189400000000000000e+04
6.252000000000000000e+03
2.530000000000000000e+03
2.605700000000000000e+04
3.238000000000000000e+03
4.220000000000000000e+03
4.463000000000000000e+03
2.707000000000000000e+03
4.293000000000000000e+03
7.351000000000000000e+03
2.218000000000000000e+03
2.134000000000000000e+03
3.225000000000000000e+03
7.568000000000000000e+03
7.536000000000000000e+03
1.716000000000000000e+03
8.038000000000000000e+03
2.140000000000000000e+04
3.238000000000000000e+03
3.568000000000000000e+03
1.829600000000000000e+04
2.358800000000000000e+04
3.730000000000000000e+03
3.663000000000000000e+03
1.969800000000000000e+04
9.663000000000000000e+03
1.252400000000000000e+04
2.429000000000000000e+03
1.008500000000000000e+04
2.979000000000000000e+03
5.676000000000000000e+03
6.554000000000000000e+03
3.234000000000000000e+03
5.757000000000000000e+03
8.326000000000000000e+03
2.800000000000000000e+03
9.680000000000000000e+03
7.446000000000000000e+03
1.468000000000000000e+03
3.790000000000000000e+03
9.363000000000000000e+03
5.829000000000000000e+03
4.882000000000000000e+03
6.814000000000000000e+03
3.880000000000000000e+03
5.005000000000000000e+03
1.078800000000000000e+04
4.116000000000000000e+03
5.642000000000000000e+03
1.949600000000000000e+04
2.738000000000000000e+03
1.224500000000000000e+04
3.128000000000000000e+04
1.263800000000000000e+04
4.849000000000000000e+03
6.873000000000000000e+03
1.590000000000000000e+03
9.822000000000000000e+03
1.340000000000000000e+03
1.143600000000000000e+04
7.084000000000000000e+03
6.825000000000000000e+03
7.202000000000000000e+03
1.760000000000000000e+04
6.065000000000000000e+03
3.378000000000000000e+03
1.946600000000000000e+04
2.877000000000000000e+03
1.167300000000000000e+04
1.482000000000000000e+03
4.715000000000000000e+03
1.047100000000000000e+04
5.435000000000000000e+03
2.067900000000000000e+04
4.049000000000000000e+03
4.181000000000000000e+03
1.007600000000000000e+04
4.967000000000000000e+03
8.691000000000000000e+03
9.660000000000000000e+03
1.210800000000000000e+04
6.258000000000000000e+03
8.481000000000000000e+03
8.635000000000000000e+03
2.830000000000000000e+03
1.583400000000000000e+04
6.044000000000000000e+03
2.170000000000000000e+03
1.397000000000000000e+04
5.356000000000000000e+03
9.321000000000000000e+03
3.557000000000000000e+03
1.378100000000000000e+04
1.051400000000000000e+04
1.068400000000000000e+04
3.456000000000000000e+03
2.622000000000000000e+03
8.351000000000000000e+03
1.240600000000000000e+04
1.578500000000000000e+04
2.811000000000000000e+03
1.453900000000000000e+04
1.497000000000000000e+04
1.857000000000000000e+03
1.386000000000000000e+03
3.500900000000000000e+04
2.904000000000000000e+03
6.740000000000000000e+03
1.174500000000000000e+04
5.933000000000000000e+03
2.384000000000000000e+03
5.252000000000000000e+03
7.008000000000000000e+03
3.731000000000000000e+03
5.872000000000000000e+03
6.987000000000000000e+03
1.390600000000000000e+04
2.773000000000000000e+03
1.649400000000000000e+04
1.821100000000000000e+04
7.893000000000000000e+03
5.135000000000000000e+03
4.862000000000000000e+03
1.751000000000000000e+04
1.249500000000000000e+04
1.696800000000000000e+04
2.494000000000000000e+03
1.139000000000000000e+04
1.113000000000000000e+04
8.693000000000000000e+03
7.272000000000000000e+03
5.508000000000000000e+03
7.175000000000000000e+03
2.155000000000000000e+03
4.086000000000000000e+03
8.102000000000000000e+03
6.730000000000000000e+03
2.019000000000000000e+03
5.777000000000000000e+03
2.342000000000000000e+03
3.548600000000000000e+04
6.475000000000000000e+03
5.446000000000000000e+03
3.119000000000000000e+03
2.846000000000000000e+03
2.777000000000000000e+03
1.216000000000000000e+04
7.129000000000000000e+03
8.696000000000000000e+03
4.973000000000000000e+03
3.051000000000000000e+03
4.411000000000000000e+03
1.889300000000000000e+04
2.821000000000000000e+03
6.697000000000000000e+03
5.739000000000000000e+03
7.177000000000000000e+03
4.103000000000000000e+03
5.498000000000000000e+03
5.423000000000000000e+03
9.635000000000000000e+03
4.655000000000000000e+03
1.406000000000000000e+03
3.144000000000000000e+03
3.582000000000000000e+03
2.710000000000000000e+03
9.982000000000000000e+03
3.411000000000000000e+03
1.023700000000000000e+04
3.560000000000000000e+03
5.099000000000000000e+03
2.089800000000000000e+04
6.676000000000000000e+03
3.600000000000000000e+03
8.389000000000000000e+03
2.701000000000000000e+03
4.216000000000000000e+03
4.899000000000000000e+03
6.631000000000000000e+03
2.198400000000000000e+04
5.395000000000000000e+03
1.775000000000000000e+03
2.240000000000000000e+03
1.989800000000000000e+04
3.550000000000000000e+03
9.174000000000000000e+03
1.019600000000000000e+04
1.632000000000000000e+03
6.657000000000000000e+03
1.635300000000000000e+04
1.675000000000000000e+03
1.517100000000000000e+04
7.376000000000000000e+03
9.027000000000000000e+03
1.231100000000000000e+04
4.826000000000000000e+03
3.728000000000000000e+03
3.940000000000000000e+03
1.694200000000000000e+04
1.333600000000000000e+04
2.998000000000000000e+03
2.495000000000000000e+03
4.251000000000000000e+03
4.261000000000000000e+03
5.250000000000000000e+03
9.229000000000000000e+03
1.101400000000000000e+04
5.017000000000000000e+03
5.228000000000000000e+03
2.881000000000000000e+03
2.223000000000000000e+04
2.813000000000000000e+03
2.480000000000000000e+03
1.139200000000000000e+04
1.043000000000000000e+04
1.731900000000000000e+04
2.984000000000000000e+03
2.835000000000000000e+03
3.325000000000000000e+03
2.964000000000000000e+03
7.016000000000000000e+03
9.138000000000000000e+03
2.046200000000000000e+04
1.683000000000000000e+03
1.081500000000000000e+04
2.915000000000000000e+03
2.576200000000000000e+04
8.359000000000000000e+03
6.178000000000000000e+03
5.866000000000000000e+03
5.155000000000000000e+03
1.235700000000000000e+04
3.758000000000000000e+03
6.094000000000000000e+03
2.403000000000000000e+03
1.986000000000000000e+03
3.301000000000000000e+03
3.556000000000000000e+03
4.506000000000000000e+03
4.810000000000000000e+03
1.469500000000000000e+04
4.582000000000000000e+03
8.445000000000000000e+03
1.914000000000000000e+03
1.214000000000000000e+04
2.879000000000000000e+03
1.925600000000000000e+04
9.597000000000000000e+03
1.453500000000000000e+04
1.074200000000000000e+04
3.659000000000000000e+03
7.042000000000000000e+03
2.346500000000000000e+04
2.087900000000000000e+04
2.566000000000000000e+03
5.590000000000000000e+03
1.554700000000000000e+04
2.404000000000000000e+03
9.448000000000000000e+03
4.120000000000000000e+03
7.052000000000000000e+03
4.387000000000000000e+03
2.096000000000000000e+03
3.856000000000000000e+03
3.866000000000000000e+03
3.099000000000000000e+03
2.576200000000000000e+04
5.555000000000000000e+03
2.140000000000000000e+03
5.038000000000000000e+03
5.719000000000000000e+03
6.204000000000000000e+03
1.803000000000000000e+03
3.896000000000000000e+03
6.970000000000000000e+03
1.063200000000000000e+04
1.716000000000000000e+04
1.728100000000000000e+04
2.503800000000000000e+04
1.348700000000000000e+04
5.249000000000000000e+03
4.478000000000000000e+03
1.647500000000000000e+04
3.447000000000000000e+03
1.952000000000000000e+03
7.947000000000000000e+03
1.499900000000000000e+04
9.912000000000000000e+03
2.436000000000000000e+03
2.530000000000000000e+04
1.413900000000000000e+04
1.478900000000000000e+04
4.147000000000000000e+03
1.964000000000000000e+03
3.702000000000000000e+03
3.808000000000000000e+03
2.577000000000000000e+03
5.688000000000000000e+03
8.453000000000000000e+03
7.525000000000000000e+03
9.851000000000000000e+03
9.517000000000000000e+03
4.842000000000000000e+03
3.445000000000000000e+03
3.227000000000000000e+03
1.423400000000000000e+04
5.093000000000000000e+03
8.963000000000000000e+03
2.790000000000000000e+03
6.267000000000000000e+03
4.496000000000000000e+03
2.629800000000000000e+04
1.995100000000000000e+04
8.351000000000000000e+03
1.087800000000000000e+04
2.787000000000000000e+03
2.777000000000000000e+03
4.590000000000000000e+03
4.879000000000000000e+03
4.957000000000000000e+03
4.450000000000000000e+03
1.328500000000000000e+04
2.020000000000000000e+03
2.301000000000000000e+03
3.811000000000000000e+03
2.363000000000000000e+03
3.920000000000000000e+03
1.339200000000000000e+04
1.590800000000000000e+04
1.905700000000000000e+04
1.036500000000000000e+04
9.439000000000000000e+03
6.718000000000000000e+03
2.378000000000000000e+03
1.936200000000000000e+04
1.379200000000000000e+04
1.292300000000000000e+04
5.067000000000000000e+03
8.020000000000000000e+03
2.142000000000000000e+03
1.919500000000000000e+04
1.081700000000000000e+04
3.551000000000000000e+03
5.349000000000000000e+03
1.290700000000000000e+04
2.795000000000000000e+03
