1.335600000000000000e+04
1.230700000000000000e+04
5.394300000000000000e+04
8.702000000000000000e+03
6.275000000000000000e+03
1.561300000000000000e+04
3.799200000000000000e+04
4.576000000000000000e+04
7.604100000000000000e+04
6.631000000000000000e+03
1.478500000000000000e+04
1.701400000000000000e+04
5.291100000000000000e+04
1.005700000000000000e+04
2.822100000000000000e+04
3.457400000000000000e+04
1.050300000000000000e+04
2.076000000000000000e+03
3.271500000000000000e+04
3.311800000000000000e+04
3.783000000000000000e+03
1.812000000000000000e+04
1.818200000000000000e+04
6.506700000000000000e+04
2.848000000000000000e+03
3.546300000000000000e+04
5.970700000000000000e+04
2.528000000000000000e+03
9.130600000000000000e+04
6.227900000000000000e+04
4.897100000000000000e+04
9.613600000000000000e+04
5.717400000000000000e+04
8.249300000000000000e+04
8.991000000000000000e+04
4.288700000000000000e+04
1.310900000000000000e+04
1.538400000000000000e+04
1.251600000000000000e+05
1.199000000000000000e+04
7.187000000000000000e+03
5.472000000000000000e+03
2.439900000000000000e+04
7.781000000000000000e+03
4.755600000000000000e+04
8.633000000000000000e+03
1.179000000000000000e+04
6.103000000000000000e+03
1.105400000000000000e+04
1.541500000000000000e+04
3.022800000000000000e+04
2.144000000000000000e+03
2.513200000000000000e+04
3.637600000000000000e+04
2.408960000000000000e+05
1.668300000000000000e+04
1.755790000000000000e+05
7.871500000000000000e+04
6.136400000000000000e+04
8.948000000000000000e+03
1.117130000000000000e+05
6.389700000000000000e+04
2.102300000000000000e+04
1.499680000000000000e+05
2.523200000000000000e+04
8.207100000000000000e+04
1.076000000000000000e+04
2.551500000000000000e+04
3.125200000000000000e+04
1.857500000000000000e+04
2.494100000000000000e+04
5.280500000000000000e+04
1.697000000000000000e+03
2.164500000000000000e+04
4.074300000000000000e+04
6.199200000000000000e+04
1.094660000000000000e+05
2.738700000000000000e+04
4.428300000000000000e+04
1.242100000000000000e+04
7.424200000000000000e+04
3.717600000000000000e+04
2.899600000000000000e+04
8.998200000000000000e+04
1.396790000000000000e+05
2.739400000000000000e+04
4.131000000000000000e+03
4.644000000000000000e+04
1.599540000000000000e+05
4.473800000000000000e+04
6.279100000000000000e+04
5.800400000000000000e+04
8.238000000000000000e+03
2.864700000000000000e+04
5.419000000000000000e+03
3.027500000000000000e+04
1.362700000000000000e+04
6.149900000000000000e+04
3.292700000000000000e+04
8.543700000000000000e+04
1.741200000000000000e+04
1.991000000000000000e+04
3.831300000000000000e+04
2.904100000000000000e+04
3.187600000000000000e+04
5.979900000000000000e+04
2.984600000000000000e+04
2.789900000000000000e+04
1.338770000000000000e+05
1.295600000000000000e+04
9.978000000000000000e+03
1.795000000000000000e+04
7.035500000000000000e+04
5.565100000000000000e+04
5.360500000000000000e+04
3.965600000000000000e+04
4.050800000000000000e+04
9.757200000000000000e+04
3.811100000000000000e+04
4.908000000000000000e+03
5.306000000000000000e+03
6.851000000000000000e+03
4.010000000000000000e+03
1.605000000000000000e+03
3.904700000000000000e+04
2.572200000000000000e+04
7.227300000000000000e+04
2.935600000000000000e+04
4.166000000000000000e+03
7.259800000000000000e+04
3.648100000000000000e+04
2.834000000000000000e+04
6.776000000000000000e+03
8.951000000000000000e+04
2.260200000000000000e+04
3.519100000000000000e+04
2.169800000000000000e+04
3.590900000000000000e+04
1.589000000000000000e+03
4.096600000000000000e+04
1.314300000000000000e+04
9.040000000000000000e+03
5.335600000000000000e+04
8.553000000000000000e+03
3.660000000000000000e+03
7.516000000000000000e+03
1.026980000000000000e+05
4.531000000000000000e+03
1.182500000000000000e+04
3.108300000000000000e+04
2.148590000000000000e+05
1.292080000000000000e+05
1.746070000000000000e+05
2.021200000000000000e+04
1.358600000000000000e+04
1.484000000000000000e+03
4.359500000000000000e+04
9.104600000000000000e+04
2.199700000000000000e+04
2.325000000000000000e+04
5.323800000000000000e+04
1.316630000000000000e+05
1.217800000000000000e+04
1.076800000000000000e+04
4.893000000000000000e+03
4.552200000000000000e+04
6.308000000000000000e+03
2.565600000000000000e+04
1.442800000000000000e+04
8.587400000000000000e+04
1.060090000000000000e+05
8.477000000000000000e+03
1.668700000000000000e+04
2.449900000000000000e+04
2.114200000000000000e+04
6.070200000000000000e+04
3.008150000000000000e+05
2.448500000000000000e+04
3.943700000000000000e+04
6.393900000000000000e+04
1.915700000000000000e+04
1.883000000000000000e+04
1.322280000000000000e+05
2.515700000000000000e+04
1.640700000000000000e+04
3.219700000000000000e+04
7.380000000000000000e+04
3.550000000000000000e+03
1.786700000000000000e+04
6.183000000000000000e+03
3.564500000000000000e+04
1.437280000000000000e+05
2.568000000000000000e+04
2.580300000000000000e+04
2.587500000000000000e+04
1.228300000000000000e+04
2.426560000000000000e+05
1.036710000000000000e+05
4.946100000000000000e+04
2.871100000000000000e+04
5.300000000000000000e+03
1.478380000000000000e+05
2.697600000000000000e+04
7.954000000000000000e+03
1.666000000000000000e+03
5.734000000000000000e+03
8.474000000000000000e+03
4.660700000000000000e+04
2.184240000000000000e+05
1.094100000000000000e+04
3.804600000000000000e+04
6.004800000000000000e+04
2.858100000000000000e+04
7.214500000000000000e+04
3.755300000000000000e+04
1.129100000000000000e+05
1.826000000000000000e+03
8.789000000000000000e+03
1.705000000000000000e+04
1.876200000000000000e+04
1.478500000000000000e+04
3.268000000000000000e+03
5.585000000000000000e+03
1.884600000000000000e+04
2.964900000000000000e+04
1.803400000000000000e+04
7.209000000000000000e+04
1.899680000000000000e+05
2.796500000000000000e+04
2.798300000000000000e+04
3.590300000000000000e+04
4.841400000000000000e+04
1.399300000000000000e+04
2.236700000000000000e+04
1.326000000000000000e+04
3.613000000000000000e+04
2.463800000000000000e+04
1.169700000000000000e+04
4.780000000000000000e+03
3.701200000000000000e+04
6.397900000000000000e+04
3.183600000000000000e+04
5.206700000000000000e+04
4.214000000000000000e+03
5.366000000000000000e+03
2.398600000000000000e+04
1.045100000000000000e+04
3.494000000000000000e+03
4.473800000000000000e+04
4.874600000000000000e+04
8.167500000000000000e+04
2.783400000000000000e+04
6.563000000000000000e+03
9.028200000000000000e+04
3.150600000000000000e+04
4.874000000000000000e+03
3.924000000000000000e+03
1.068010000000000000e+05
4.989900000000000000e+04
1.368600000000000000e+04
9.927500000000000000e+04
7.608000000000000000e+03
6.385100000000000000e+04
9.587000000000000000e+03
5.698000000000000000e+03
8.305000000000000000e+03
6.031200000000000000e+04
4.917000000000000000e+03
3.165200000000000000e+04
5.204200000000000000e+04
4.119800000000000000e+04
4.087900000000000000e+04
3.219000000000000000e+03
3.264600000000000000e+04
7.929000000000000000e+04
2.369000000000000000e+04
1.574000000000000000e+03
1.095530000000000000e+05
5.668000000000000000e+04
6.039100000000000000e+04
7.065000000000000000e+03
1.620800000000000000e+04
1.228700000000000000e+04
9.643500000000000000e+04
3.068400000000000000e+04
1.611400000000000000e+04
4.569600000000000000e+04
9.154000000000000000e+03
5.907900000000000000e+04
3.539800000000000000e+04
4.086700000000000000e+04
3.790800000000000000e+04
1.552000000000000000e+04
1.284040000000000000e+05
1.375600000000000000e+04
3.785200000000000000e+04
7.164100000000000000e+04
2.325000000000000000e+03
6.866500000000000000e+04
3.055000000000000000e+04
3.871300000000000000e+04
2.446300000000000000e+04
3.419000000000000000e+03
5.427200000000000000e+04
1.042900000000000000e+04
2.552700000000000000e+04
4.887400000000000000e+04
6.147300000000000000e+04
5.414700000000000000e+04
7.002200000000000000e+04
4.990800000000000000e+04
2.382600000000000000e+04
3.661400000000000000e+04
1.572500000000000000e+04
3.015800000000000000e+04
4.013400000000000000e+04
5.045000000000000000e+04
6.844800000000000000e+04
3.629200000000000000e+04
2.190800000000000000e+04
2.077700000000000000e+04
1.863100000000000000e+04
1.959800000000000000e+04
7.481200000000000000e+04
4.534700000000000000e+04
1.416250000000000000e+05
6.411000000000000000e+04
4.575000000000000000e+03
7.349800000000000000e+04
1.047380000000000000e+05
6.238000000000000000e+03
5.967700000000000000e+04
2.666800000000000000e+04
2.504100000000000000e+04
6.005000000000000000e+03
1.488000000000000000e+05
6.206000000000000000e+04
5.272300000000000000e+04
1.241400000000000000e+04
6.229900000000000000e+04
3.914300000000000000e+04
9.372300000000000000e+04
1.016970000000000000e+05
5.004800000000000000e+04
6.810000000000000000e+03
8.136000000000000000e+03
1.679200000000000000e+04
8.376500000000000000e+04
4.512900000000000000e+04
5.376100000000000000e+04
9.995200000000000000e+04
6.912700000000000000e+04
3.492700000000000000e+04
9.920000000000000000e+03
5.777700000000000000e+04
8.593000000000000000e+03
2.586100000000000000e+04
5.201300000000000000e+04
5.168500000000000000e+04
5.480700000000000000e+04
8.825000000000000000e+03
9.409700000000000000e+04
1.373700000000000000e+04
6.266200000000000000e+04
5.415000000000000000e+03
1.264640000000000000e+05
7.251000000000000000e+04
1.048800000000000000e+04
4.237000000000000000e+03
4.145400000000000000e+04
3.085600000000000000e+04
1.805100000000000000e+04
4.544000000000000000e+03
1.086900000000000000e+04
2.817000000000000000e+03
4.044800000000000000e+04
8.303000000000000000e+04
1.313100000000000000e+04
1.254500000000000000e+04
1.194200000000000000e+04
4.173300000000000000e+04
4.041300000000000000e+04
2.258500000000000000e+04
4.096000000000000000e+03
2.147100000000000000e+04
8.922300000000000000e+04
2.675400000000000000e+04
5.407000000000000000e+03
2.219400000000000000e+04
1.923500000000000000e+04
1.137500000000000000e+04
1.462900000000000000e+05
1.132400000000000000e+04
4.707000000000000000e+04
5.367000000000000000e+04
7.836000000000000000e+03
1.730300000000000000e+04
6.238900000000000000e+04
1.303850000000000000e+05
2.122000000000000000e+04
5.629000000000000000e+03
8.525000000000000000e+03
2.895700000000000000e+04
1.881200000000000000e+04
8.609500000000000000e+04
2.535300000000000000e+04
7.760100000000000000e+04
1.064370000000000000e+05
5.317200000000000000e+04
3.879000000000000000e+03
2.393900000000000000e+04
4.713800000000000000e+04
2.160900000000000000e+04
8.827400000000000000e+04
4.774400000000000000e+04
2.318300000000000000e+04
8.073300000000000000e+04
2.799400000000000000e+04
2.524000000000000000e+03
2.060800000000000000e+04
2.838200000000000000e+04
9.640000000000000000e+03
8.742000000000000000e+03
5.918100000000000000e+04
4.083700000000000000e+04
4.028600000000000000e+04
4.899900000000000000e+04
4.357400000000000000e+04
8.890000000000000000e+03
1.733000000000000000e+03
5.602300000000000000e+04
4.885000000000000000e+04
4.282500000000000000e+04
3.858700000000000000e+04
8.247000000000000000e+03
4.800300000000000000e+04
1.733600000000000000e+04
9.165400000000000000e+04
7.340800000000000000e+04
1.634700000000000000e+04
2.146800000000000000e+04
2.036200000000000000e+04
6.989000000000000000e+03
1.062110000000000000e+05
1.092450000000000000e+05
2.921900000000000000e+04
4.939900000000000000e+04
1.899000000000000000e+04
2.108200000000000000e+04
8.136600000000000000e+04
5.191200000000000000e+04
9.853000000000000000e+03
8.950000000000000000e+03
4.788900000000000000e+04
1.623000000000000000e+04
4.061100000000000000e+04
2.566100000000000000e+04
2.743700000000000000e+04
3.147900000000000000e+04
9.658500000000000000e+04
2.410400000000000000e+04
9.154100000000000000e+04
1.873800000000000000e+04
5.292700000000000000e+04
7.991400000000000000e+04
1.021570000000000000e+05
1.271890000000000000e+05
2.921900000000000000e+04
1.445900000000000000e+04
5.390600000000000000e+04
2.388600000000000000e+04
6.920000000000000000e+04
2.497200000000000000e+04
6.419200000000000000e+04
1.849000000000000000e+04
3.874400000000000000e+04
1.416080000000000000e+05
1.890600000000000000e+04
1.029390000000000000e+05
4.190200000000000000e+04
1.584200000000000000e+04
1.191310000000000000e+05
1.250900000000000000e+04
3.331000000000000000e+03
1.098290000000000000e+05
3.951400000000000000e+04
2.895100000000000000e+04
6.881700000000000000e+04
1.727000000000000000e+04
1.463110000000000000e+05
1.855600000000000000e+04
2.470800000000000000e+04
4.911100000000000000e+04
4.231700000000000000e+04
5.423100000000000000e+04
1.985000000000000000e+04
1.188600000000000000e+04
7.719300000000000000e+04
1.155900000000000000e+04
1.363000000000000000e+04
1.062120000000000000e+05
1.836400000000000000e+04
2.578400000000000000e+04
2.701710000000000000e+05
1.399700000000000000e+04
1.679000000000000000e+04
4.668800000000000000e+04
1.331000000000000000e+03
2.656400000000000000e+04
1.441500000000000000e+04
1.212900000000000000e+04
3.788300000000000000e+04
3.849000000000000000e+03
6.538500000000000000e+04
1.183050000000000000e+05
4.294800000000000000e+04
1.775400000000000000e+04
7.992000000000000000e+03
1.735500000000000000e+04
7.295900000000000000e+04
2.460600000000000000e+04
3.877000000000000000e+04
1.830700000000000000e+04
3.222000000000000000e+04
2.336800000000000000e+04
1.037700000000000000e+04
6.374200000000000000e+04
2.874900000000000000e+04
3.014400000000000000e+04
9.230500000000000000e+04
1.422100000000000000e+05
2.028400000000000000e+04
5.349200000000000000e+04
3.358700000000000000e+04
3.168800000000000000e+04
1.742100000000000000e+04
2.521000000000000000e+03
4.863000000000000000e+03
9.463000000000000000e+03
6.544300000000000000e+04
1.984500000000000000e+04
3.740400000000000000e+04
3.069100000000000000e+04
5.085400000000000000e+04
8.547000000000000000e+03
2.526800000000000000e+04
9.519000000000000000e+03
1.721000000000000000e+03
3.695600000000000000e+04
9.219700000000000000e+04
5.226800000000000000e+04
1.701700000000000000e+04
2.101200000000000000e+04
1.203300000000000000e+04
2.666800000000000000e+04
1.665400000000000000e+04
2.401700000000000000e+04
1.262100000000000000e+04
2.906700000000000000e+04
2.750200000000000000e+04
1.883900000000000000e+04
1.835600000000000000e+04
7.153000000000000000e+03
5.883000000000000000e+03
4.561000000000000000e+03
3.796000000000000000e+04
4.703700000000000000e+04
2.111000000000000000e+04
1.225100000000000000e+04
5.194000000000000000e+03
1.244300000000000000e+05
2.600200000000000000e+04
2.766400000000000000e+04
4.817300000000000000e+04
2.097300000000000000e+04
1.873000000000000000e+04
8.764000000000000000e+03
5.531400000000000000e+04
4.979900000000000000e+04
4.356400000000000000e+04
3.682300000000000000e+04
9.509200000000000000e+04
3.574300000000000000e+04
3.016000000000000000e+03
1.472100000000000000e+04
3.023800000000000000e+04
4.251100000000000000e+04
4.352600000000000000e+04
1.965800000000000000e+04
4.749200000000000000e+04
1.385500000000000000e+04
6.579000000000000000e+03
1.578800000000000000e+04
3.475000000000000000e+03
7.651000000000000000e+03
7.342000000000000000e+03
3.298300000000000000e+04
1.631800000000000000e+04
1.484160000000000000e+05
3.852000000000000000e+03
1.514100000000000000e+04
2.678700000000000000e+04
3.469600000000000000e+04
2.197200000000000000e+04
1.387750000000000000e+05
3.393000000000000000e+03
2.514400000000000000e+04
1.187900000000000000e+04
3.862000000000000000e+03
8.146000000000000000e+03
1.362490000000000000e+05
1.261700000000000000e+04
2.513500000000000000e+04
1.455000000000000000e+04
2.831100000000000000e+04
1.576100000000000000e+04
1.812000000000000000e+04
6.677000000000000000e+03
3.971200000000000000e+04
6.541200000000000000e+04
4.069400000000000000e+04
6.576400000000000000e+04
2.759700000000000000e+04
3.821500000000000000e+04
5.446600000000000000e+04
5.791000000000000000e+03
1.533500000000000000e+04
3.128800000000000000e+04
1.677950000000000000e+05
8.200000000000000000e+03
9.733000000000000000e+03
5.573400000000000000e+04
1.744700000000000000e+04
1.080400000000000000e+04
4.962000000000000000e+03
1.070000000000000000e+04
3.151100000000000000e+04
6.929400000000000000e+04
7.910000000000000000e+03
1.764200000000000000e+04
4.838300000000000000e+04
9.939000000000000000e+03
9.834700000000000000e+04
6.529000000000000000e+03
6.600000000000000000e+03
3.649000000000000000e+03
3.936700000000000000e+04
1.427800000000000000e+04
7.603000000000000000e+03
6.451400000000000000e+04
1.402590000000000000e+05
7.542200000000000000e+04
2.512800000000000000e+04
1.611900000000000000e+04
6.296000000000000000e+03
6.673000000000000000e+03
9.005500000000000000e+04
9.909000000000000000e+03
6.369400000000000000e+04
3.134300000000000000e+04
3.088600000000000000e+04
7.844000000000000000e+03
6.803100000000000000e+04
7.097000000000000000e+03
1.485500000000000000e+04
7.088700000000000000e+04
7.635000000000000000e+04
3.318000000000000000e+04
4.141500000000000000e+04
1.871500000000000000e+04
3.395000000000000000e+03
1.943340000000000000e+05
5.582000000000000000e+04
1.040480000000000000e+05
6.631000000000000000e+03
4.041500000000000000e+04
4.106800000000000000e+04
1.311340000000000000e+05
7.147400000000000000e+04
3.096600000000000000e+04
5.697400000000000000e+04
1.092600000000000000e+04
5.486000000000000000e+03
1.583760000000000000e+05
5.249000000000000000e+04
9.858000000000000000e+03
5.455000000000000000e+03
3.986000000000000000e+04
1.390750000000000000e+05
6.072200000000000000e+04
6.388900000000000000e+04
8.480500000000000000e+04
1.214900000000000000e+04
1.166900000000000000e+05
2.104000000000000000e+04
3.336900000000000000e+04
6.192000000000000000e+04
1.114000000000000000e+03
6.509000000000000000e+04
2.656000000000000000e+04
2.535300000000000000e+04
4.616400000000000000e+04
1.832300000000000000e+04
1.513700000000000000e+04
5.740300000000000000e+04
5.655000000000000000e+03
2.284300000000000000e+04
1.563400000000000000e+04
1.276360000000000000e+05
1.032560000000000000e+05
5.255700000000000000e+04
1.867400000000000000e+04
4.317600000000000000e+04
2.337700000000000000e+04
2.425300000000000000e+04
4.762100000000000000e+04
1.949800000000000000e+04
1.798000000000000000e+03
8.709000000000000000e+03
2.852130000000000000e+05
3.928100000000000000e+04
1.645400000000000000e+04
4.439600000000000000e+04
3.351800000000000000e+04
1.666100000000000000e+04
4.990000000000000000e+03
9.348000000000000000e+03
4.388800000000000000e+04
4.667900000000000000e+04
1.969000000000000000e+04
2.391000000000000000e+03
2.745800000000000000e+04
8.421400000000000000e+04
4.652600000000000000e+04
6.772100000000000000e+04
9.468400000000000000e+04
2.972200000000000000e+04
3.429900000000000000e+04
3.614500000000000000e+04
6.259000000000000000e+04
2.826000000000000000e+03
1.036030000000000000e+05
3.028000000000000000e+03
6.270400000000000000e+04
9.945000000000000000e+03
5.648800000000000000e+04
1.998700000000000000e+04
2.627500000000000000e+04
6.258400000000000000e+04
1.059660000000000000e+05
8.675600000000000000e+04
6.037000000000000000e+03
5.618200000000000000e+04
3.276300000000000000e+04
2.925900000000000000e+04
3.392800000000000000e+04
1.241670000000000000e+05
4.186400000000000000e+04
6.906900000000000000e+04
4.351100000000000000e+04
5.277000000000000000e+03
1.622520000000000000e+05
4.961800000000000000e+04
1.037900000000000000e+04
8.155000000000000000e+03
1.253550000000000000e+05
8.927000000000000000e+03
2.505400000000000000e+04
7.366000000000000000e+03
2.774200000000000000e+04
5.284100000000000000e+04
6.988000000000000000e+03
5.893000000000000000e+03
1.193800000000000000e+04
2.542900000000000000e+04
6.899000000000000000e+03
3.414300000000000000e+04
4.066500000000000000e+04
2.773900000000000000e+04
7.315000000000000000e+03
6.131600000000000000e+04
1.131900000000000000e+04
7.190400000000000000e+04
1.117910000000000000e+05
6.887400000000000000e+04
3.365000000000000000e+04
6.936800000000000000e+04
4.028000000000000000e+03
1.632250000000000000e+05
8.685000000000000000e+03
1.755700000000000000e+04
9.296900000000000000e+04
6.686000000000000000e+04
9.481000000000000000e+03
2.946000000000000000e+03
6.082500000000000000e+04
1.546500000000000000e+04
1.307000000000000000e+03
1.220700000000000000e+04
2.297600000000000000e+04
2.174300000000000000e+04
5.840700000000000000e+04
8.000000000000000000e+04
7.131900000000000000e+04
1.896080000000000000e+05
4.897000000000000000e+03
6.108800000000000000e+04
1.085480000000000000e+05
2.398900000000000000e+04
2.517400000000000000e+04
6.277000000000000000e+03
8.042000000000000000e+03
2.355000000000000000e+03
1.254300000000000000e+04
1.694100000000000000e+04
2.690900000000000000e+04
5.084500000000000000e+04
6.993300000000000000e+04
2.656100000000000000e+04
5.969000000000000000e+03
2.223000000000000000e+03
4.133100000000000000e+04
6.549900000000000000e+04
1.493700000000000000e+04
1.041440000000000000e+05
4.209200000000000000e+04
1.620300000000000000e+04
2.789700000000000000e+04
4.752000000000000000e+03
1.236900000000000000e+04
2.040430000000000000e+05
6.934000000000000000e+03
1.868280000000000000e+05
7.562600000000000000e+04
4.160100000000000000e+04
2.745960000000000000e+05
2.398210000000000000e+05
5.663900000000000000e+04
8.379200000000000000e+04
7.130600000000000000e+04
2.089300000000000000e+04
5.074600000000000000e+04
1.944500000000000000e+04
4.498300000000000000e+04
4.745000000000000000e+03
2.809200000000000000e+04
4.682700000000000000e+04
2.063900000000000000e+04
1.682900000000000000e+04
4.195800000000000000e+04
4.882200000000000000e+04
6.004200000000000000e+04
2.016200000000000000e+04
1.540700000000000000e+04
5.606500000000000000e+04
6.179200000000000000e+04
6.406300000000000000e+04
3.457000000000000000e+03
3.324000000000000000e+04
2.805800000000000000e+04
1.364500000000000000e+04
1.661000000000000000e+03
4.164600000000000000e+04
2.332000000000000000e+03
1.849000000000000000e+03
2.568400000000000000e+04
8.974500000000000000e+04
5.966900000000000000e+04
2.859700000000000000e+04
1.328000000000000000e+04
4.430900000000000000e+04
4.554800000000000000e+04
6.913200000000000000e+04
2.575800000000000000e+04
1.625800000000000000e+04
2.870000000000000000e+04
1.624800000000000000e+04
3.541600000000000000e+04
4.849100000000000000e+04
9.432400000000000000e+04
1.767800000000000000e+04
5.629300000000000000e+04
9.347000000000000000e+03
7.283400000000000000e+04
8.303000000000000000e+03
2.397200000000000000e+04
2.605000000000000000e+03
4.631100000000000000e+04
8.079100000000000000e+04
7.596000000000000000e+03
6.566100000000000000e+04
2.742600000000000000e+04
1.198230000000000000e+05
2.150300000000000000e+04
5.288000000000000000e+04
1.359300000000000000e+05
5.001000000000000000e+04
6.436300000000000000e+04
3.454000000000000000e+03
3.464800000000000000e+04
1.853000000000000000e+03
3.547000000000000000e+04
1.680000000000000000e+04
3.300000000000000000e+03
1.335000000000000000e+04
8.098900000000000000e+04
5.895300000000000000e+04
4.488300000000000000e+04
9.005000000000000000e+03
1.319800000000000000e+04
2.581500000000000000e+04
4.753000000000000000e+03
1.545100000000000000e+04
1.502940000000000000e+05
7.091500000000000000e+04
2.890700000000000000e+04
2.585900000000000000e+04
2.546000000000000000e+03
3.465000000000000000e+03
6.298200000000000000e+04
6.630400000000000000e+04
7.044000000000000000e+04
1.192000000000000000e+04
1.093490000000000000e+05
2.362000000000000000e+04
1.325700000000000000e+04
8.239000000000000000e+03
3.479100000000000000e+04
5.705000000000000000e+03
2.364300000000000000e+04
8.369000000000000000e+03
8.543000000000000000e+03
1.343800000000000000e+04
3.841100000000000000e+04
7.764100000000000000e+04
1.489180000000000000e+05
1.869800000000000000e+04
6.450100000000000000e+04
1.458100000000000000e+04
1.748000000000000000e+03
1.283390000000000000e+05
3.924000000000000000e+03
1.483600000000000000e+04
2.606400000000000000e+04
4.558000000000000000e+03
1.277120000000000000e+05
4.442000000000000000e+03
3.508300000000000000e+04
4.976400000000000000e+04
3.381200000000000000e+04
9.752000000000000000e+03
2.537800000000000000e+04
1.049620000000000000e+05
2.995700000000000000e+04
2.430000000000000000e+03
4.253500000000000000e+04
4.479100000000000000e+04
1.350750000000000000e+05
1.122100000000000000e+04
2.329000000000000000e+03
1.575000000000000000e+03
1.629000000000000000e+03
1.524700000000000000e+04
6.644000000000000000e+03
1.413100000000000000e+04
1.432300000000000000e+04
1.253560000000000000e+05
9.413300000000000000e+04
6.049000000000000000e+04
1.701100000000000000e+05
7.215000000000000000e+03
1.934000000000000000e+04
5.584600000000000000e+04
6.672600000000000000e+04
4.289000000000000000e+03
5.743800000000000000e+04
8.866000000000000000e+03
3.617700000000000000e+04
1.530800000000000000e+04
1.100600000000000000e+04
1.217240000000000000e+05
2.601400000000000000e+04
8.966000000000000000e+03
4.130000000000000000e+04
1.072700000000000000e+04
2.930800000000000000e+04
3.019000000000000000e+04
1.408000000000000000e+04
2.372000000000000000e+03
1.388100000000000000e+04
5.329100000000000000e+04
2.086290000000000000e+05
5.371100000000000000e+04
4.383600000000000000e+04
8.533700000000000000e+04
8.520200000000000000e+04
1.318100000000000000e+05
8.855900000000000000e+04
2.057600000000000000e+04
1.669800000000000000e+04
