5.813000000000000000e+03
9.960000000000000000e+02
1.338900000000000000e+04
3.742000000000000000e+03
2.135000000000000000e+03
9.508000000000000000e+03
2.507000000000000000e+03
7.818000000000000000e+03
6.222000000000000000e+03
8.118000000000000000e+03
7.841000000000000000e+03
3.978000000000000000e+03
1.283400000000000000e+04
8.013000000000000000e+03
3.218000000000000000e+03
6.779000000000000000e+03
3.713000000000000000e+03
3.610000000000000000e+03
3.634000000000000000e+03
1.013000000000000000e+03
2.604000000000000000e+03
4.236000000000000000e+03
6.356000000000000000e+03
4.809000000000000000e+03
2.780400000000000000e+04
4.329000000000000000e+03
1.227700000000000000e+04
1.274000000000000000e+03
1.167200000000000000e+04
8.752000000000000000e+03
3.979000000000000000e+03
2.185000000000000000e+03
5.563000000000000000e+03
3.962000000000000000e+03
1.697000000000000000e+03
3.140000000000000000e+03
9.390000000000000000e+02
6.175000000000000000e+03
1.322400000000000000e+04
1.738000000000000000e+03
1.106100000000000000e+04
4.218000000000000000e+03
6.002000000000000000e+03
4.126000000000000000e+03
2.164000000000000000e+03
1.534000000000000000e+03
3.769000000000000000e+03
2.084000000000000000e+03
2.971000000000000000e+03
1.979000000000000000e+03
1.496000000000000000e+03
1.117300000000000000e+04
9.817000000000000000e+03
8.434000000000000000e+03
2.086300000000000000e+04
6.635000000000000000e+03
6.557000000000000000e+03
6.716000000000000000e+03
1.633000000000000000e+03
3.445000000000000000e+03
3.827000000000000000e+03
1.011300000000000000e+04
2.021000000000000000e+03
9.192000000000000000e+03
1.223900000000000000e+04
7.140000000000000000e+02
1.342200000000000000e+04
4.819000000000000000e+03
5.968000000000000000e+03
1.193000000000000000e+03
1.160700000000000000e+04
2.911000000000000000e+03
7.675000000000000000e+03
2.384000000000000000e+03
2.242000000000000000e+03
2.318000000000000000e+03
6.233000000000000000e+03
2.292000000000000000e+03
1.511200000000000000e+04
9.922000000000000000e+03
3.160000000000000000e+03
1.976000000000000000e+03
1.874000000000000000e+03
1.539000000000000000e+03
3.836000000000000000e+03
2.765000000000000000e+03
1.873000000000000000e+03
7.029000000000000000e+03
2.795000000000000000e+03
6.718000000000000000e+03
1.652000000000000000e+03
3.950000000000000000e+02
3.551000000000000000e+03
1.113400000000000000e+04
3.991000000000000000e+03
5.986000000000000000e+03
3.151000000000000000e+03
4.211000000000000000e+03
7.580000000000000000e+03
5.787000000000000000e+03
2.168000000000000000e+03
8.074000000000000000e+03
2.838000000000000000e+03
3.920000000000000000e+03
1.201300000000000000e+04
2.623000000000000000e+03
1.400400000000000000e+04
3.357000000000000000e+03
2.626000000000000000e+03
4.915000000000000000e+03
2.006000000000000000e+03
1.340400000000000000e+04
5.730000000000000000e+03
4.140000000000000000e+03
3.358000000000000000e+03
5.088000000000000000e+03
8.372000000000000000e+03
1.138000000000000000e+03
1.000800000000000000e+04
5.903000000000000000e+03
5.110000000000000000e+03
2.604000000000000000e+03
2.444000000000000000e+03
4.535000000000000000e+03
3.351000000000000000e+03
5.160000000000000000e+03
4.244000000000000000e+03
6.600000000000000000e+02
6.797000000000000000e+03
3.751000000000000000e+03
8.829000000000000000e+03
5.336000000000000000e+03
1.038600000000000000e+04
7.346000000000000000e+03
8.818000000000000000e+03
9.140000000000000000e+02
1.935000000000000000e+03
1.822000000000000000e+03
2.694000000000000000e+03
2.958000000000000000e+03
2.394000000000000000e+03
6.543000000000000000e+03
2.391200000000000000e+04
2.883000000000000000e+03
3.744000000000000000e+03
2.314000000000000000e+03
1.228500000000000000e+04
2.342000000000000000e+03
5.958000000000000000e+03
5.339000000000000000e+03
2.600000000000000000e+03
2.132000000000000000e+03
5.361000000000000000e+03
3.862000000000000000e+03
3.686000000000000000e+03
1.143800000000000000e+04
2.241000000000000000e+03
6.857000000000000000e+03
2.209000000000000000e+03
2.715000000000000000e+03
8.182000000000000000e+03
2.876000000000000000e+03
3.721000000000000000e+03
6.120000000000000000e+02
1.949000000000000000e+03
2.248200000000000000e+04
5.922000000000000000e+03
9.661000000000000000e+03
2.487000000000000000e+03
1.063200000000000000e+04
2.828000000000000000e+03
3.852000000000000000e+03
2.107000000000000000e+03
7.163000000000000000e+03
7.920000000000000000e+02
9.286000000000000000e+03
5.033000000000000000e+03
6.433000000000000000e+03
3.396000000000000000e+03
3.349000000000000000e+03
6.701000000000000000e+03
4.137000000000000000e+03
9.179000000000000000e+03
7.517000000000000000e+03
9.100000000000000000e+02
3.087000000000000000e+03
1.879000000000000000e+03
2.192000000000000000e+03
1.481000000000000000e+03
1.275400000000000000e+04
1.332500000000000000e+04
6.740000000000000000e+03
7.031000000000000000e+03
1.295100000000000000e+04
1.671300000000000000e+04
1.289000000000000000e+03
1.311000000000000000e+03
7.637000000000000000e+03
3.004000000000000000e+03
1.072000000000000000e+04
8.582000000000000000e+03
1.518500000000000000e+04
5.484000000000000000e+03
4.386000000000000000e+03
3.875000000000000000e+03
4.406000000000000000e+03
3.874000000000000000e+03
6.324000000000000000e+03
7.960000000000000000e+03
2.089000000000000000e+03
1.018600000000000000e+04
3.815000000000000000e+03
5.265000000000000000e+03
1.163600000000000000e+04
1.418000000000000000e+03
6.939000000000000000e+03
9.805000000000000000e+03
5.322000000000000000e+03
3.881000000000000000e+03
2.356000000000000000e+03
1.542000000000000000e+03
2.174000000000000000e+03
5.723000000000000000e+03
1.400000000000000000e+04
1.936000000000000000e+03
3.384000000000000000e+03
3.269000000000000000e+03
2.806000000000000000e+03
5.415000000000000000e+03
3.954000000000000000e+03
1.267400000000000000e+04
6.202000000000000000e+03
1.195900000000000000e+04
9.340000000000000000e+03
1.099500000000000000e+04
9.039000000000000000e+03
3.730000000000000000e+03
5.152000000000000000e+03
2.285000000000000000e+03
6.330000000000000000e+03
1.439600000000000000e+04
3.545000000000000000e+03
7.350000000000000000e+02
5.297000000000000000e+03
2.038000000000000000e+03
2.198000000000000000e+03
4.278000000000000000e+03
7.464000000000000000e+03
2.103000000000000000e+03
1.875000000000000000e+03
1.877000000000000000e+03
4.988000000000000000e+03
6.924000000000000000e+03
1.336000000000000000e+03
2.596000000000000000e+03
6.647000000000000000e+03
1.745000000000000000e+03
2.763000000000000000e+03
6.559000000000000000e+03
4.806000000000000000e+03
4.001000000000000000e+03
7.358000000000000000e+03
2.364000000000000000e+03
8.100000000000000000e+02
4.569000000000000000e+03
2.606000000000000000e+03
4.853000000000000000e+03
2.800000000000000000e+03
2.517300000000000000e+04
6.576000000000000000e+03
5.938000000000000000e+03
2.683000000000000000e+03
5.536000000000000000e+03
5.671000000000000000e+03
1.168600000000000000e+04
3.364000000000000000e+03
4.603000000000000000e+03
1.043300000000000000e+04
5.941000000000000000e+03
3.506000000000000000e+03
4.999000000000000000e+03
4.718000000000000000e+03
2.179000000000000000e+03
8.050000000000000000e+02
2.679000000000000000e+03
1.427000000000000000e+03
4.572000000000000000e+03
8.674000000000000000e+03
3.872000000000000000e+03
1.370500000000000000e+04
1.027700000000000000e+04
3.652000000000000000e+03
5.746000000000000000e+03
4.764000000000000000e+03
6.444000000000000000e+03
8.005000000000000000e+03
9.984000000000000000e+03
5.290000000000000000e+02
3.814000000000000000e+03
5.263000000000000000e+03
3.727000000000000000e+03
2.906000000000000000e+03
2.408000000000000000e+03
1.113000000000000000e+04
5.270000000000000000e+03
1.647800000000000000e+04
1.147000000000000000e+04
4.617000000000000000e+03
6.506000000000000000e+03
1.429500000000000000e+04
6.719000000000000000e+03
2.723000000000000000e+03
1.146400000000000000e+04
1.556000000000000000e+03
1.068900000000000000e+04
1.782000000000000000e+04
4.582000000000000000e+03
2.344000000000000000e+03
1.103000000000000000e+04
2.281000000000000000e+03
4.392000000000000000e+03
5.741000000000000000e+03
4.669000000000000000e+03
1.377000000000000000e+03
2.983000000000000000e+03
2.999000000000000000e+03
4.293000000000000000e+03
5.159000000000000000e+03
1.225800000000000000e+04
8.568000000000000000e+03
7.916000000000000000e+03
3.023000000000000000e+03
1.811000000000000000e+03
7.720000000000000000e+02
8.444000000000000000e+03
6.994000000000000000e+03
3.405000000000000000e+03
2.792000000000000000e+03
1.023700000000000000e+04
1.014300000000000000e+04
5.333000000000000000e+03
5.024000000000000000e+03
3.496000000000000000e+03
1.006400000000000000e+04
3.371000000000000000e+03
7.719000000000000000e+03
1.053000000000000000e+03
1.085800000000000000e+04
3.725000000000000000e+03
2.666000000000000000e+03
1.665000000000000000e+03
1.009000000000000000e+03
9.285000000000000000e+03
5.437000000000000000e+03
7.316000000000000000e+03
1.727000000000000000e+03
1.182000000000000000e+03
6.596000000000000000e+03
2.890000000000000000e+03
9.398000000000000000e+03
5.635000000000000000e+03
3.410000000000000000e+03
6.641000000000000000e+03
1.004700000000000000e+04
3.657000000000000000e+03
3.424000000000000000e+03
8.445000000000000000e+03
4.411000000000000000e+03
4.601000000000000000e+03
3.482000000000000000e+03
5.758000000000000000e+03
2.618000000000000000e+03
3.031000000000000000e+03
1.450400000000000000e+04
1.053100000000000000e+04
6.549000000000000000e+03
3.681000000000000000e+03
5.460000000000000000e+03
4.018000000000000000e+03
1.025700000000000000e+04
2.328800000000000000e+04
1.347000000000000000e+04
1.469800000000000000e+04
2.447000000000000000e+03
3.344000000000000000e+03
2.229000000000000000e+03
6.018000000000000000e+03
4.525000000000000000e+03
9.864000000000000000e+03
3.218000000000000000e+03
7.613000000000000000e+03
1.511000000000000000e+03
9.226000000000000000e+03
3.163000000000000000e+03
3.623000000000000000e+03
3.231000000000000000e+03
1.602000000000000000e+03
1.088900000000000000e+04
2.514000000000000000e+03
8.104000000000000000e+03
1.386500000000000000e+04
1.718000000000000000e+03
2.510000000000000000e+03
8.573000000000000000e+03
1.879000000000000000e+03
2.153000000000000000e+03
1.858000000000000000e+03
4.013000000000000000e+03
3.576700000000000000e+04
5.739000000000000000e+03
4.378000000000000000e+03
4.568000000000000000e+03
7.206000000000000000e+03
1.981400000000000000e+04
9.400000000000000000e+03
5.933000000000000000e+03
5.565000000000000000e+03
2.121000000000000000e+03
5.955000000000000000e+03
4.786000000000000000e+03
4.333000000000000000e+03
2.149000000000000000e+03
6.275000000000000000e+03
3.451000000000000000e+03
3.161000000000000000e+03
1.052000000000000000e+03
3.195000000000000000e+03
3.459000000000000000e+03
2.362000000000000000e+03
4.346000000000000000e+03
3.305000000000000000e+03
6.324000000000000000e+03
6.014000000000000000e+03
1.060000000000000000e+03
1.189000000000000000e+03
2.977000000000000000e+03
6.142000000000000000e+03
2.024800000000000000e+04
2.187000000000000000e+03
5.361000000000000000e+03
3.671000000000000000e+03
1.121800000000000000e+04
1.629000000000000000e+03
6.204000000000000000e+03
5.245000000000000000e+03
9.311000000000000000e+03
2.542000000000000000e+03
1.285400000000000000e+04
4.107000000000000000e+03
1.134900000000000000e+04
3.738000000000000000e+03
1.888000000000000000e+03
2.208000000000000000e+03
3.170000000000000000e+03
1.244700000000000000e+04
3.837000000000000000e+03
2.951000000000000000e+03
1.318000000000000000e+03
6.297000000000000000e+03
4.688000000000000000e+03
4.709000000000000000e+03
7.189000000000000000e+03
6.132000000000000000e+03
1.091000000000000000e+03
1.221400000000000000e+04
1.224300000000000000e+04
1.830000000000000000e+03
4.774000000000000000e+03
2.230000000000000000e+03
4.096000000000000000e+03
1.425600000000000000e+04
1.284700000000000000e+04
1.589000000000000000e+03
1.365000000000000000e+03
2.395000000000000000e+03
5.023000000000000000e+03
4.176000000000000000e+03
1.599000000000000000e+03
1.069300000000000000e+04
5.713000000000000000e+03
1.358000000000000000e+03
6.715000000000000000e+03
3.003000000000000000e+03
2.325000000000000000e+03
1.510000000000000000e+04
2.948000000000000000e+03
3.477000000000000000e+03
2.503000000000000000e+03
3.485000000000000000e+03
5.122000000000000000e+03
2.213400000000000000e+04
3.594000000000000000e+03
1.332000000000000000e+03
4.173000000000000000e+03
9.004000000000000000e+03
2.622000000000000000e+03
1.411500000000000000e+04
2.954000000000000000e+03
8.281000000000000000e+03
7.854000000000000000e+03
1.836400000000000000e+04
2.856000000000000000e+03
6.917000000000000000e+03
4.243000000000000000e+03
1.013000000000000000e+03
3.039000000000000000e+03
4.287000000000000000e+03
7.705000000000000000e+03
5.478000000000000000e+03
4.504000000000000000e+03
3.782000000000000000e+03
7.220000000000000000e+03
5.356000000000000000e+03
4.303000000000000000e+03
2.907000000000000000e+03
3.897000000000000000e+03
1.947400000000000000e+04
1.468000000000000000e+03
2.070000000000000000e+03
3.328000000000000000e+03
1.134200000000000000e+04
1.885000000000000000e+03
2.171000000000000000e+03
9.867000000000000000e+03
2.260000000000000000e+03
8.713000000000000000e+03
6.330000000000000000e+02
4.284000000000000000e+03
3.814000000000000000e+03
1.043000000000000000e+03
1.008000000000000000e+04
6.646000000000000000e+03
3.113000000000000000e+03
7.800000000000000000e+02
2.829000000000000000e+03
5.504000000000000000e+03
2.760400000000000000e+04
1.260600000000000000e+04
3.199000000000000000e+03
6.446000000000000000e+03
5.399000000000000000e+03
4.842000000000000000e+03
8.434000000000000000e+03
3.300000000000000000e+03
5.494000000000000000e+03
8.178000000000000000e+03
7.351000000000000000e+03
8.014000000000000000e+03
1.217300000000000000e+04
2.793000000000000000e+03
2.344000000000000000e+03
1.112900000000000000e+04
1.549000000000000000e+03
1.523000000000000000e+03
3.075000000000000000e+03
3.791000000000000000e+03
1.681000000000000000e+03
6.369000000000000000e+03
1.025100000000000000e+04
3.551000000000000000e+03
8.190000000000000000e+02
3.074000000000000000e+03
2.849000000000000000e+03
1.184300000000000000e+04
4.298000000000000000e+03
1.917000000000000000e+03
6.508000000000000000e+03
6.170000000000000000e+03
1.307000000000000000e+03
5.629000000000000000e+03
3.190000000000000000e+03
2.356000000000000000e+03
1.408600000000000000e+04
1.366000000000000000e+03
9.290000000000000000e+02
1.695600000000000000e+04
7.309000000000000000e+03
1.521100000000000000e+04
1.719900000000000000e+04
1.054700000000000000e+04
2.907000000000000000e+03
2.723000000000000000e+03
1.810000000000000000e+03
7.481000000000000000e+03
5.308000000000000000e+03
1.484700000000000000e+04
1.015000000000000000e+03
9.846000000000000000e+03
2.577000000000000000e+03
3.346000000000000000e+03
1.349000000000000000e+03
1.898000000000000000e+03
2.765000000000000000e+03
3.762000000000000000e+03
1.240900000000000000e+04
3.412000000000000000e+03
6.898000000000000000e+03
2.566000000000000000e+03
8.713000000000000000e+03
1.179500000000000000e+04
2.561000000000000000e+03
1.758000000000000000e+03
1.791000000000000000e+03
8.723000000000000000e+03
4.002000000000000000e+03
3.373000000000000000e+03
6.024000000000000000e+03
8.023000000000000000e+03
3.753000000000000000e+03
8.230000000000000000e+03
2.537000000000000000e+03
4.278000000000000000e+03
6.958000000000000000e+03
3.411000000000000000e+03
1.297000000000000000e+03
6.342000000000000000e+03
4.620000000000000000e+03
2.933000000000000000e+03
3.660000000000000000e+03
1.069500000000000000e+04
6.203000000000000000e+03
2.187000000000000000e+03
2.935000000000000000e+03
4.500000000000000000e+03
2.423000000000000000e+03
2.590000000000000000e+03
2.820800000000000000e+04
5.332000000000000000e+03
2.326000000000000000e+03
4.233000000000000000e+03
3.793000000000000000e+03
4.627000000000000000e+03
6.020000000000000000e+03
1.466500000000000000e+04
2.920000000000000000e+03
8.740000000000000000e+02
2.130000000000000000e+03
1.151500000000000000e+04
1.017000000000000000e+03
4.474000000000000000e+03
6.672000000000000000e+03
1.990000000000000000e+03
2.692000000000000000e+03
2.703000000000000000e+03
4.608000000000000000e+03
7.395000000000000000e+03
5.536000000000000000e+03
2.229000000000000000e+03
2.004000000000000000e+03
3.093000000000000000e+03
1.395000000000000000e+03
6.492000000000000000e+03
2.019000000000000000e+03
8.670000000000000000e+02
1.006900000000000000e+04
2.022000000000000000e+03
4.366000000000000000e+03
1.306000000000000000e+03
1.516000000000000000e+03
5.070000000000000000e+03
2.073000000000000000e+03
2.455000000000000000e+03
1.701000000000000000e+03
2.213000000000000000e+03
2.379000000000000000e+03
5.689000000000000000e+03
4.714000000000000000e+03
2.091000000000000000e+03
1.086500000000000000e+04
2.815000000000000000e+03
9.019000000000000000e+03
5.334000000000000000e+03
5.538000000000000000e+03
1.240700000000000000e+04
1.122100000000000000e+04
4.085000000000000000e+03
1.545000000000000000e+03
4.293000000000000000e+03
1.881000000000000000e+03
5.670000000000000000e+03
8.624000000000000000e+03
3.884000000000000000e+03
1.071300000000000000e+04
3.668000000000000000e+03
2.673000000000000000e+03
8.608000000000000000e+03
1.585000000000000000e+03
9.620000000000000000e+02
1.959000000000000000e+03
3.672000000000000000e+03
2.973000000000000000e+03
1.594000000000000000e+03
8.234000000000000000e+03
6.947000000000000000e+03
2.016000000000000000e+03
9.612000000000000000e+03
3.831000000000000000e+03
4.184000000000000000e+03
8.468000000000000000e+03
2.698000000000000000e+03
4.865000000000000000e+03
1.798000000000000000e+03
4.313000000000000000e+03
4.079000000000000000e+03
5.215000000000000000e+03
1.202300000000000000e+04
2.204000000000000000e+03
5.441000000000000000e+03
2.944000000000000000e+03
1.282800000000000000e+04
2.341000000000000000e+03
4.595000000000000000e+03
1.486000000000000000e+03
2.710000000000000000e+03
7.780000000000000000e+03
3.058000000000000000e+03
3.846000000000000000e+03
6.095000000000000000e+03
2.650000000000000000e+03
2.358000000000000000e+03
1.632000000000000000e+03
1.588000000000000000e+03
3.552000000000000000e+03
1.479000000000000000e+03
6.760000000000000000e+03
4.634000000000000000e+03
7.513000000000000000e+03
1.314000000000000000e+03
7.010000000000000000e+03
1.033900000000000000e+04
3.642000000000000000e+03
1.897000000000000000e+03
3.645000000000000000e+03
7.417000000000000000e+03
3.097000000000000000e+03
1.104100000000000000e+04
9.693000000000000000e+03
8.517000000000000000e+03
1.262700000000000000e+04
1.491000000000000000e+03
2.580000000000000000e+03
5.083000000000000000e+03
3.065000000000000000e+03
8.409000000000000000e+03
1.205000000000000000e+03
1.378900000000000000e+04
8.639000000000000000e+03
1.700900000000000000e+04
1.945000000000000000e+03
1.972000000000000000e+03
4.099000000000000000e+03
1.623000000000000000e+03
5.469000000000000000e+03
2.735000000000000000e+03
2.292000000000000000e+03
1.416200000000000000e+04
3.857000000000000000e+03
4.471000000000000000e+03
3.890000000000000000e+03
3.273000000000000000e+03
9.528000000000000000e+03
1.166000000000000000e+03
8.308000000000000000e+03
6.078000000000000000e+03
3.084000000000000000e+03
7.326000000000000000e+03
2.502000000000000000e+03
2.012000000000000000e+03
7.163000000000000000e+03
2.605000000000000000e+03
3.235000000000000000e+03
2.649000000000000000e+03
9.310000000000000000e+02
4.764000000000000000e+03
5.086000000000000000e+03
4.354000000000000000e+03
6.197000000000000000e+03
1.488200000000000000e+04
6.839000000000000000e+03
2.060000000000000000e+03
9.124000000000000000e+03
1.225000000000000000e+03
1.163700000000000000e+04
1.681000000000000000e+03
1.549000000000000000e+03
2.998000000000000000e+03
4.227000000000000000e+03
2.140000000000000000e+03
5.650000000000000000e+03
5.268000000000000000e+03
1.784000000000000000e+03
2.530000000000000000e+03
5.571000000000000000e+03
2.369000000000000000e+03
2.223000000000000000e+03
3.881000000000000000e+03
3.779000000000000000e+03
1.252700000000000000e+04
2.613000000000000000e+03
5.434000000000000000e+03
2.937000000000000000e+03
4.950000000000000000e+02
8.531000000000000000e+03
3.535000000000000000e+03
1.123000000000000000e+03
5.383000000000000000e+03
9.705000000000000000e+03
5.275000000000000000e+03
3.294000000000000000e+03
2.772000000000000000e+03
2.263000000000000000e+03
4.496000000000000000e+03
1.175000000000000000e+03
7.631000000000000000e+03
5.742000000000000000e+03
2.687000000000000000e+03
8.418000000000000000e+03
4.954000000000000000e+03
1.012000000000000000e+03
4.260000000000000000e+03
8.343000000000000000e+03
2.241000000000000000e+03
6.273000000000000000e+03
1.937000000000000000e+03
9.478000000000000000e+03
2.277000000000000000e+03
1.216000000000000000e+04
2.093000000000000000e+03
2.051000000000000000e+03
2.114000000000000000e+03
3.440000000000000000e+03
1.016700000000000000e+04
7.228000000000000000e+03
1.047200000000000000e+04
5.040000000000000000e+03
1.781300000000000000e+04
3.743000000000000000e+03
6.469000000000000000e+03
2.948000000000000000e+03
4.968000000000000000e+03
1.985000000000000000e+03
5.813000000000000000e+03
1.026400000000000000e+04
1.001700000000000000e+04
2.564600000000000000e+04
1.248200000000000000e+04
1.274800000000000000e+04
9.957000000000000000e+03
2.483000000000000000e+03
5.683000000000000000e+03
1.291000000000000000e+04
2.520000000000000000e+03
3.282000000000000000e+03
6.405000000000000000e+03
1.606000000000000000e+03
1.932000000000000000e+03
2.164000000000000000e+03
4.518000000000000000e+03
6.281000000000000000e+03
2.294000000000000000e+03
2.357000000000000000e+03
1.922900000000000000e+04
4.129000000000000000e+03
5.747000000000000000e+03
5.375000000000000000e+03
6.660000000000000000e+02
8.443000000000000000e+03
2.793000000000000000e+03
6.895000000000000000e+03
2.689000000000000000e+03
2.268000000000000000e+03
7.735000000000000000e+03
2.055000000000000000e+03
3.392000000000000000e+03
1.290500000000000000e+04
3.049000000000000000e+03
8.607000000000000000e+03
2.374000000000000000e+03
2.614000000000000000e+03
1.287000000000000000e+03
1.022800000000000000e+04
9.270000000000000000e+03
1.773000000000000000e+03
6.784000000000000000e+03
3.886000000000000000e+03
1.196500000000000000e+04
7.615000000000000000e+03
1.880000000000000000e+04
8.606000000000000000e+03
3.982000000000000000e+03
1.206000000000000000e+03
3.997000000000000000e+03
2.766000000000000000e+03
1.403800000000000000e+04
2.008000000000000000e+03
6.950000000000000000e+02
1.794000000000000000e+03
2.165000000000000000e+03
2.229000000000000000e+03
9.880000000000000000e+03
3.825000000000000000e+03
2.731000000000000000e+03
3.703000000000000000e+03
2.074000000000000000e+03
8.917000000000000000e+03
5.201000000000000000e+03
2.147000000000000000e+03
2.662000000000000000e+03
5.742000000000000000e+03
3.634000000000000000e+03
3.062000000000000000e+03
1.069700000000000000e+04
5.583000000000000000e+03
5.054000000000000000e+03
1.128300000000000000e+04
5.807000000000000000e+03
3.057000000000000000e+03
1.901000000000000000e+03
8.963000000000000000e+03
3.971000000000000000e+03
1.180000000000000000e+03
3.067000000000000000e+03
1.078000000000000000e+03
1.992000000000000000e+03
1.211400000000000000e+04
7.753000000000000000e+03
2.986000000000000000e+03
6.501000000000000000e+03
5.077000000000000000e+03
2.672000000000000000e+03
3.004000000000000000e+03
4.073000000000000000e+03
6.050000000000000000e+03
1.569000000000000000e+03
2.350000000000000000e+03
1.182000000000000000e+03
1.125000000000000000e+03
7.466000000000000000e+03
1.459000000000000000e+03
8.233000000000000000e+03
2.175000000000000000e+03
3.666000000000000000e+03
3.017000000000000000e+03
3.167000000000000000e+03
1.551000000000000000e+03
3.376000000000000000e+03
8.597000000000000000e+03
3.388000000000000000e+03
5.289000000000000000e+03
1.912200000000000000e+04
2.634000000000000000e+03
2.326900000000000000e+04
1.629000000000000000e+03
4.054000000000000000e+03
3.587000000000000000e+03
1.015800000000000000e+04
2.107000000000000000e+03
9.694000000000000000e+03
6.278000000000000000e+03
1.531300000000000000e+04
4.316000000000000000e+03
4.149000000000000000e+03
5.049000000000000000e+03
2.854000000000000000e+03
4.646000000000000000e+03
2.228000000000000000e+03
1.303800000000000000e+04
1.550200000000000000e+04
5.023000000000000000e+03
1.212700000000000000e+04
9.070000000000000000e+02
8.118000000000000000e+03
5.167000000000000000e+03
1.715000000000000000e+03
1.576000000000000000e+03
9.960000000000000000e+03
9.140000000000000000e+02
1.186500000000000000e+04
1.676000000000000000e+03
6.718000000000000000e+03
3.747000000000000000e+03
8.460000000000000000e+03
3.909000000000000000e+03
5.660000000000000000e+03
7.698000000000000000e+03
2.843000000000000000e+03
7.733000000000000000e+03
2.990300000000000000e+04
1.866000000000000000e+03
3.104000000000000000e+03
1.608000000000000000e+03
6.039000000000000000e+03
7.118000000000000000e+03
1.841000000000000000e+03
1.144300000000000000e+04
4.909000000000000000e+03
2.035000000000000000e+03
4.138000000000000000e+03
7.127000000000000000e+03
2.979000000000000000e+03
