2.648000000000000000e+03
5.621000000000000000e+03
3.120000000000000000e+02
5.730000000000000000e+02
9.550000000000000000e+02
8.530000000000000000e+02
7.540000000000000000e+02
3.860000000000000000e+02
1.554000000000000000e+03
7.105000000000000000e+03
2.502000000000000000e+03
1.826000000000000000e+03
2.335000000000000000e+03
1.778000000000000000e+03
1.770000000000000000e+03
5.830000000000000000e+02
1.005000000000000000e+03
1.202000000000000000e+03
2.953000000000000000e+03
1.049000000000000000e+03
1.115000000000000000e+03
1.393000000000000000e+03
2.277000000000000000e+03
1.075000000000000000e+03
3.073000000000000000e+03
1.461000000000000000e+03
5.750000000000000000e+02
2.007000000000000000e+03
5.628000000000000000e+03
1.026000000000000000e+03
1.269000000000000000e+03
4.530000000000000000e+03
1.560000000000000000e+03
9.290000000000000000e+02
3.160000000000000000e+03
1.588000000000000000e+03
2.015000000000000000e+03
9.140000000000000000e+02
1.115000000000000000e+03
1.067000000000000000e+03
2.769000000000000000e+03
4.311000000000000000e+03
1.801000000000000000e+03
1.017000000000000000e+03
5.690000000000000000e+02
8.340000000000000000e+02
2.253000000000000000e+03
8.180000000000000000e+02
2.777000000000000000e+03
9.370000000000000000e+02
3.760000000000000000e+02
9.210000000000000000e+02
2.721000000000000000e+03
8.430000000000000000e+02
5.760000000000000000e+02
2.440000000000000000e+02
1.681000000000000000e+03
5.470000000000000000e+02
2.178000000000000000e+03
1.351000000000000000e+03
1.546000000000000000e+03
2.682000000000000000e+03
3.740000000000000000e+02
8.560000000000000000e+02
8.700000000000000000e+02
7.380000000000000000e+02
1.223000000000000000e+03
5.510000000000000000e+02
9.930000000000000000e+02
4.170000000000000000e+02
1.856000000000000000e+03
8.030000000000000000e+02
9.720000000000000000e+02
1.045000000000000000e+03
3.530000000000000000e+02
1.869000000000000000e+03
2.170000000000000000e+03
4.047000000000000000e+03
9.950000000000000000e+02
2.149000000000000000e+03
5.500000000000000000e+02
1.315000000000000000e+03
7.780000000000000000e+02
1.015000000000000000e+03
7.360000000000000000e+02
1.070000000000000000e+03
4.820000000000000000e+02
1.895000000000000000e+03
7.520000000000000000e+02
3.418000000000000000e+03
1.342000000000000000e+03
5.370000000000000000e+02
1.185000000000000000e+03
1.293000000000000000e+03
9.890000000000000000e+02
6.940000000000000000e+02
2.891000000000000000e+03
5.120000000000000000e+02
2.120000000000000000e+03
1.754000000000000000e+03
2.068000000000000000e+03
6.430000000000000000e+02
6.720000000000000000e+02
4.450000000000000000e+02
3.770000000000000000e+02
1.139000000000000000e+03
1.431000000000000000e+03
4.600000000000000000e+02
1.150000000000000000e+03
9.310000000000000000e+02
1.974000000000000000e+03
7.280000000000000000e+02
3.648000000000000000e+03
2.681000000000000000e+03
1.530000000000000000e+03
1.331000000000000000e+03
2.841000000000000000e+03
3.965000000000000000e+03
1.024000000000000000e+03
9.450000000000000000e+02
3.468000000000000000e+03
7.680000000000000000e+02
3.535000000000000000e+03
7.750000000000000000e+02
2.059000000000000000e+03
1.694000000000000000e+03
1.747000000000000000e+03
6.760000000000000000e+02
2.350000000000000000e+03
2.079000000000000000e+03
1.936000000000000000e+03
2.243000000000000000e+03
4.010000000000000000e+02
2.108000000000000000e+03
6.150000000000000000e+02
2.631000000000000000e+03
6.000000000000000000e+02
2.936000000000000000e+03
1.182000000000000000e+03
1.542000000000000000e+03
6.471000000000000000e+03
2.277000000000000000e+03
1.307000000000000000e+03
6.010000000000000000e+02
6.220000000000000000e+02
4.660000000000000000e+02
7.280000000000000000e+02
3.426000000000000000e+03
1.264000000000000000e+03
9.580000000000000000e+02
5.880000000000000000e+02
5.450000000000000000e+02
6.586000000000000000e+03
4.980000000000000000e+02
4.160000000000000000e+02
6.290000000000000000e+02
8.520000000000000000e+02
4.740000000000000000e+02
2.357000000000000000e+03
6.690000000000000000e+02
1.664000000000000000e+03
2.527000000000000000e+03
9.770000000000000000e+02
7.190000000000000000e+02
2.829000000000000000e+03
1.073000000000000000e+03
2.235000000000000000e+03
1.217000000000000000e+03
2.025000000000000000e+03
7.310000000000000000e+02
8.860000000000000000e+02
1.268000000000000000e+03
3.027000000000000000e+03
4.823000000000000000e+03
4.062000000000000000e+03
3.016000000000000000e+03
7.200000000000000000e+02
1.088000000000000000e+03
5.860000000000000000e+02
6.720000000000000000e+02
9.760000000000000000e+02
7.660000000000000000e+02
5.350000000000000000e+02
6.530000000000000000e+02
2.096000000000000000e+03
2.783000000000000000e+03
1.255000000000000000e+03
4.990000000000000000e+02
4.707000000000000000e+03
6.180000000000000000e+02
1.082000000000000000e+03
7.580000000000000000e+02
1.778000000000000000e+03
2.607000000000000000e+03
4.160000000000000000e+03
7.540000000000000000e+02
1.425000000000000000e+03
1.769000000000000000e+03
1.222000000000000000e+03
1.732000000000000000e+03
2.660000000000000000e+02
3.271000000000000000e+03
6.840000000000000000e+02
1.064000000000000000e+03
1.983000000000000000e+03
5.930000000000000000e+02
8.650000000000000000e+02
1.371000000000000000e+03
5.820000000000000000e+02
6.660000000000000000e+02
1.184000000000000000e+03
1.392000000000000000e+03
6.710000000000000000e+02
2.410000000000000000e+02
1.149000000000000000e+03
3.200000000000000000e+02
6.660000000000000000e+02
5.654000000000000000e+03
1.757000000000000000e+03
1.084000000000000000e+03
1.412000000000000000e+03
7.120000000000000000e+02
8.799000000000000000e+03
1.722000000000000000e+03
1.782000000000000000e+03
5.590000000000000000e+03
6.220000000000000000e+02
4.980000000000000000e+02
4.514000000000000000e+03
4.390000000000000000e+02
1.023000000000000000e+03
1.191000000000000000e+03
9.870000000000000000e+02
9.660000000000000000e+02
2.613000000000000000e+03
1.671000000000000000e+03
3.200000000000000000e+02
2.520000000000000000e+02
1.448000000000000000e+03
5.280000000000000000e+02
9.030000000000000000e+02
6.340000000000000000e+02
2.413000000000000000e+03
2.575000000000000000e+03
1.054000000000000000e+03
1.070000000000000000e+03
3.551000000000000000e+03
9.460000000000000000e+02
5.540000000000000000e+02
3.995000000000000000e+03
2.639000000000000000e+03
1.859000000000000000e+03
4.870000000000000000e+02
1.364000000000000000e+03
5.610000000000000000e+02
4.330000000000000000e+02
1.410000000000000000e+03
3.016000000000000000e+03
1.282000000000000000e+03
5.256000000000000000e+03
1.854000000000000000e+03
1.502000000000000000e+03
2.593000000000000000e+03
1.105000000000000000e+03
1.769000000000000000e+03
1.013000000000000000e+03
2.188000000000000000e+03
5.860000000000000000e+02
1.014000000000000000e+03
7.770000000000000000e+02
1.383000000000000000e+03
1.877000000000000000e+03
7.730000000000000000e+02
9.800000000000000000e+02
2.086000000000000000e+03
6.330000000000000000e+02
2.219000000000000000e+03
8.560000000000000000e+02
1.877000000000000000e+03
1.581000000000000000e+03
1.084000000000000000e+03
2.350000000000000000e+03
7.340000000000000000e+02
1.139000000000000000e+03
4.099000000000000000e+03
2.002000000000000000e+03
1.001000000000000000e+03
2.095000000000000000e+03
3.540000000000000000e+02
5.597000000000000000e+03
1.588000000000000000e+03
1.574000000000000000e+03
9.300000000000000000e+02
1.684000000000000000e+03
9.090000000000000000e+02
1.032000000000000000e+03
2.481000000000000000e+03
1.265000000000000000e+03
6.030000000000000000e+02
1.378000000000000000e+03
8.830000000000000000e+02
6.790000000000000000e+02
2.323000000000000000e+03
1.116000000000000000e+03
3.436000000000000000e+03
4.480000000000000000e+02
5.712000000000000000e+03
1.226000000000000000e+03
3.910000000000000000e+02
1.252000000000000000e+03
7.480000000000000000e+02
2.003000000000000000e+03
8.770000000000000000e+02
4.525000000000000000e+03
2.190000000000000000e+03
2.013000000000000000e+03
1.350000000000000000e+03
5.370000000000000000e+03
2.876000000000000000e+03
1.733000000000000000e+03
4.536000000000000000e+03
9.570000000000000000e+02
2.263000000000000000e+03
3.460000000000000000e+02
1.541000000000000000e+03
1.210000000000000000e+03
5.252000000000000000e+03
5.860000000000000000e+02
1.059000000000000000e+03
3.773000000000000000e+03
7.000000000000000000e+02
3.525000000000000000e+03
4.117000000000000000e+03
2.160000000000000000e+02
1.297000000000000000e+03
1.709000000000000000e+03
1.178000000000000000e+03
1.714000000000000000e+03
3.438000000000000000e+03
2.660000000000000000e+03
9.220000000000000000e+02
1.735000000000000000e+03
9.050000000000000000e+02
2.285000000000000000e+03
1.684000000000000000e+03
5.810000000000000000e+02
7.290000000000000000e+02
1.192000000000000000e+03
1.437000000000000000e+03
2.700000000000000000e+02
1.931000000000000000e+03
5.480000000000000000e+02
1.024000000000000000e+03
1.149000000000000000e+03
6.200000000000000000e+02
8.840000000000000000e+02
1.715000000000000000e+03
1.037000000000000000e+03
2.713000000000000000e+03
9.720000000000000000e+02
8.330000000000000000e+02
7.840000000000000000e+02
3.770000000000000000e+02
7.640000000000000000e+02
1.423000000000000000e+03
4.995000000000000000e+03
1.450000000000000000e+02
5.620000000000000000e+02
1.935000000000000000e+03
9.260000000000000000e+02
2.698000000000000000e+03
8.800000000000000000e+02
1.051000000000000000e+03
5.910000000000000000e+02
1.246000000000000000e+03
1.235000000000000000e+03
8.180000000000000000e+02
1.860000000000000000e+03
1.777000000000000000e+03
1.854000000000000000e+03
1.479000000000000000e+03
1.871000000000000000e+03
3.920000000000000000e+02
3.750000000000000000e+02
1.539000000000000000e+03
1.166000000000000000e+03
3.250000000000000000e+02
2.201000000000000000e+03
8.190000000000000000e+02
1.723000000000000000e+03
6.270000000000000000e+02
5.960000000000000000e+02
4.760000000000000000e+02
2.269000000000000000e+03
2.438000000000000000e+03
9.470000000000000000e+02
9.940000000000000000e+02
4.440000000000000000e+02
1.288000000000000000e+03
1.051000000000000000e+03
5.290000000000000000e+02
1.295000000000000000e+03
1.190000000000000000e+03
2.142000000000000000e+03
9.000000000000000000e+02
6.090000000000000000e+02
1.084000000000000000e+03
6.430000000000000000e+02
2.243000000000000000e+03
2.132000000000000000e+03
8.610000000000000000e+02
8.200000000000000000e+02
3.929000000000000000e+03
3.260000000000000000e+02
4.206000000000000000e+03
9.700000000000000000e+02
4.620000000000000000e+02
1.336000000000000000e+03
9.080000000000000000e+02
1.111000000000000000e+03
1.146000000000000000e+03
2.228000000000000000e+03
1.657000000000000000e+03
8.940000000000000000e+02
2.591000000000000000e+03
1.155000000000000000e+03
6.980000000000000000e+02
2.231000000000000000e+03
2.350000000000000000e+03
7.110000000000000000e+02
6.280000000000000000e+02
1.443000000000000000e+03
1.204000000000000000e+03
2.588000000000000000e+03
6.170000000000000000e+03
2.941000000000000000e+03
1.632000000000000000e+03
4.720000000000000000e+03
1.963000000000000000e+03
6.140000000000000000e+02
1.714000000000000000e+03
1.249000000000000000e+03
2.868000000000000000e+03
2.239000000000000000e+03
3.303000000000000000e+03
2.080000000000000000e+03
3.238000000000000000e+03
1.169000000000000000e+03
7.350000000000000000e+02
1.067000000000000000e+03
1.452000000000000000e+03
2.486000000000000000e+03
1.403000000000000000e+03
1.000000000000000000e+03
1.548000000000000000e+03
1.311000000000000000e+03
6.310000000000000000e+02
3.840000000000000000e+02
2.136000000000000000e+03
6.990000000000000000e+02
2.086000000000000000e+03
5.400000000000000000e+02
2.195000000000000000e+03
2.342000000000000000e+03
3.140000000000000000e+03
1.757000000000000000e+03
3.043000000000000000e+03
7.340000000000000000e+02
1.295000000000000000e+03
1.782000000000000000e+03
1.342000000000000000e+03
1.935000000000000000e+03
1.214000000000000000e+03
7.200000000000000000e+02
8.210000000000000000e+02
1.976000000000000000e+03
2.382000000000000000e+03
1.055000000000000000e+03
1.131000000000000000e+03
9.390000000000000000e+02
3.890000000000000000e+02
1.360000000000000000e+03
6.040000000000000000e+02
5.500000000000000000e+02
1.119000000000000000e+03
4.300000000000000000e+02
7.600000000000000000e+02
3.600000000000000000e+02
2.100000000000000000e+03
9.600000000000000000e+02
9.980000000000000000e+02
8.850000000000000000e+02
1.234000000000000000e+03
5.297000000000000000e+03
1.608000000000000000e+03
8.900000000000000000e+02
3.220000000000000000e+03
4.140000000000000000e+02
2.779000000000000000e+03
1.065000000000000000e+03
1.448000000000000000e+03
4.970000000000000000e+02
3.332000000000000000e+03
1.479000000000000000e+03
1.174000000000000000e+03
4.750000000000000000e+02
1.018000000000000000e+03
1.665000000000000000e+03
4.650000000000000000e+02
1.796000000000000000e+03
8.410000000000000000e+02
3.946000000000000000e+03
6.660000000000000000e+02
8.680000000000000000e+02
8.570000000000000000e+02
9.810000000000000000e+02
1.816000000000000000e+03
2.295000000000000000e+03
6.240000000000000000e+02
3.030000000000000000e+03
3.180000000000000000e+02
1.511000000000000000e+03
3.640000000000000000e+03
1.095000000000000000e+03
3.372000000000000000e+03
5.730000000000000000e+02
1.114000000000000000e+03
2.610000000000000000e+02
2.820000000000000000e+02
1.028000000000000000e+03
6.650000000000000000e+02
5.210000000000000000e+02
3.854000000000000000e+03
1.190000000000000000e+03
1.467000000000000000e+03
1.645000000000000000e+03
5.506000000000000000e+03
1.500000000000000000e+03
1.758000000000000000e+03
1.960000000000000000e+03
2.102000000000000000e+03
1.330000000000000000e+03
1.184000000000000000e+03
8.670000000000000000e+02
1.014000000000000000e+03
9.490000000000000000e+02
6.900000000000000000e+02
4.180000000000000000e+02
1.341000000000000000e+03
3.270000000000000000e+03
6.920000000000000000e+02
4.060000000000000000e+02
5.210000000000000000e+02
4.929000000000000000e+03
9.690000000000000000e+02
2.056000000000000000e+03
2.601000000000000000e+03
4.720000000000000000e+02
6.540000000000000000e+02
1.263000000000000000e+03
1.124000000000000000e+03
1.984000000000000000e+03
3.628000000000000000e+03
7.990000000000000000e+02
4.160000000000000000e+02
7.680000000000000000e+02
4.148000000000000000e+03
5.820000000000000000e+02
8.750000000000000000e+02
1.252000000000000000e+03
1.026000000000000000e+03
4.166000000000000000e+03
2.648000000000000000e+03
2.290000000000000000e+02
9.650000000000000000e+02
1.190000000000000000e+03
3.180000000000000000e+02
1.550000000000000000e+03
2.568000000000000000e+03
3.668000000000000000e+03
1.380000000000000000e+03
4.390000000000000000e+02
4.910000000000000000e+02
2.720000000000000000e+03
1.205000000000000000e+03
2.076000000000000000e+03
2.271000000000000000e+03
1.557000000000000000e+03
7.870000000000000000e+02
9.440000000000000000e+02
1.181000000000000000e+03
8.550000000000000000e+02
2.498000000000000000e+03
1.454000000000000000e+03
6.570000000000000000e+02
5.900000000000000000e+02
2.584000000000000000e+03
1.716000000000000000e+03
4.270000000000000000e+02
1.075000000000000000e+03
3.544000000000000000e+03
6.590000000000000000e+02
8.220000000000000000e+02
2.620000000000000000e+02
1.063000000000000000e+03
7.700000000000000000e+02
4.110000000000000000e+02
1.812000000000000000e+03
3.034000000000000000e+03
1.818000000000000000e+03
8.860000000000000000e+02
5.580000000000000000e+02
1.051000000000000000e+03
4.580000000000000000e+02
1.657000000000000000e+03
2.971000000000000000e+03
6.660000000000000000e+02
6.750000000000000000e+02
3.007000000000000000e+03
1.050000000000000000e+03
1.061000000000000000e+03
6.910000000000000000e+02
1.112000000000000000e+03
1.924000000000000000e+03
5.830000000000000000e+02
1.042000000000000000e+03
4.720000000000000000e+02
5.280000000000000000e+02
4.720000000000000000e+02
9.470000000000000000e+02
4.553000000000000000e+03
1.278000000000000000e+03
5.389000000000000000e+03
3.184000000000000000e+03
1.251000000000000000e+03
4.780000000000000000e+02
4.084000000000000000e+03
7.930000000000000000e+02
2.840000000000000000e+02
1.671000000000000000e+03
7.240000000000000000e+02
4.770000000000000000e+02
1.744000000000000000e+03
3.206000000000000000e+03
1.999000000000000000e+03
2.898000000000000000e+03
3.100000000000000000e+02
6.810000000000000000e+02
1.891000000000000000e+03
2.280000000000000000e+02
1.137000000000000000e+03
7.360000000000000000e+02
1.036000000000000000e+03
8.640000000000000000e+02
2.430000000000000000e+02
6.460000000000000000e+02
2.717000000000000000e+03
5.930000000000000000e+02
2.144000000000000000e+03
1.532000000000000000e+03
1.117000000000000000e+03
1.469000000000000000e+03
2.238000000000000000e+03
3.460000000000000000e+02
1.707000000000000000e+03
7.350000000000000000e+02
1.472000000000000000e+03
2.946000000000000000e+03
3.421000000000000000e+03
2.860000000000000000e+03
1.547000000000000000e+03
3.534000000000000000e+03
6.900000000000000000e+02
1.098000000000000000e+03
2.704000000000000000e+03
2.890000000000000000e+03
1.419000000000000000e+03
1.717000000000000000e+03
2.040000000000000000e+03
8.030000000000000000e+02
2.565000000000000000e+03
5.790000000000000000e+02
6.110000000000000000e+02
2.710000000000000000e+02
6.315000000000000000e+03
2.430000000000000000e+03
2.042000000000000000e+03
3.280000000000000000e+02
2.362000000000000000e+03
9.070000000000000000e+02
2.773000000000000000e+03
5.050000000000000000e+02
1.058000000000000000e+03
1.648000000000000000e+03
2.258000000000000000e+03
2.758000000000000000e+03
8.520000000000000000e+02
1.730000000000000000e+03
7.480000000000000000e+02
4.450000000000000000e+02
4.250000000000000000e+02
5.990000000000000000e+02
6.230000000000000000e+02
1.917000000000000000e+03
9.970000000000000000e+02
8.470000000000000000e+02
2.081000000000000000e+03
7.580000000000000000e+02
1.982000000000000000e+03
1.029000000000000000e+03
1.976000000000000000e+03
1.665000000000000000e+03
2.600000000000000000e+02
3.130000000000000000e+02
3.730000000000000000e+02
8.590000000000000000e+02
2.286000000000000000e+03
1.718000000000000000e+03
2.543000000000000000e+03
4.750000000000000000e+02
2.154000000000000000e+03
3.089000000000000000e+03
3.158000000000000000e+03
8.960000000000000000e+02
1.005000000000000000e+03
2.075000000000000000e+03
1.310000000000000000e+03
1.208000000000000000e+03
1.205000000000000000e+03
3.532000000000000000e+03
6.580000000000000000e+02
3.850000000000000000e+02
2.128000000000000000e+03
9.470000000000000000e+02
8.350000000000000000e+02
6.760000000000000000e+02
1.532000000000000000e+03
1.633000000000000000e+03
1.157000000000000000e+03
1.284000000000000000e+03
5.400000000000000000e+02
2.662000000000000000e+03
2.239000000000000000e+03
1.415000000000000000e+03
3.696000000000000000e+03
1.227000000000000000e+03
4.362000000000000000e+03
1.116000000000000000e+03
8.840000000000000000e+02
3.542000000000000000e+03
2.106000000000000000e+03
2.057000000000000000e+03
6.860000000000000000e+02
4.100000000000000000e+02
2.504000000000000000e+03
1.421000000000000000e+03
5.530000000000000000e+02
3.960000000000000000e+03
9.380000000000000000e+02
5.580000000000000000e+02
8.660000000000000000e+02
6.410000000000000000e+02
1.760000000000000000e+03
1.190000000000000000e+03
4.720000000000000000e+02
1.615000000000000000e+03
3.270000000000000000e+02
2.430000000000000000e+02
6.410000000000000000e+02
5.166000000000000000e+03
2.502000000000000000e+03
5.810000000000000000e+02
4.490000000000000000e+02
8.170000000000000000e+02
2.353000000000000000e+03
1.420000000000000000e+03
1.233000000000000000e+03
1.490000000000000000e+03
1.285000000000000000e+03
3.079000000000000000e+03
6.170000000000000000e+02
8.330000000000000000e+02
1.939000000000000000e+03
9.590000000000000000e+02
8.890000000000000000e+02
2.392000000000000000e+03
1.004000000000000000e+03
1.661000000000000000e+03
1.981000000000000000e+03
2.010000000000000000e+02
1.770000000000000000e+03
2.021000000000000000e+03
4.570000000000000000e+02
1.175000000000000000e+03
8.620000000000000000e+02
2.265000000000000000e+03
7.580000000000000000e+02
7.850000000000000000e+02
6.910000000000000000e+02
4.026000000000000000e+03
1.309000000000000000e+03
1.373000000000000000e+03
1.619000000000000000e+03
2.137000000000000000e+03
5.620000000000000000e+03
1.024000000000000000e+03
6.698000000000000000e+03
4.761000000000000000e+03
1.452000000000000000e+03
5.820000000000000000e+02
8.220000000000000000e+02
1.479000000000000000e+03
7.990000000000000000e+02
7.630000000000000000e+02
1.956000000000000000e+03
5.910000000000000000e+02
9.400000000000000000e+02
4.290000000000000000e+02
8.050000000000000000e+02
1.228000000000000000e+03
1.188000000000000000e+03
2.005000000000000000e+03
2.331000000000000000e+03
4.020000000000000000e+02
1.065000000000000000e+03
1.048000000000000000e+03
1.146000000000000000e+03
8.050000000000000000e+02
8.345000000000000000e+03
3.900000000000000000e+02
1.453000000000000000e+03
7.800000000000000000e+02
4.870000000000000000e+02
6.570000000000000000e+02
2.185000000000000000e+03
2.351000000000000000e+03
7.500000000000000000e+02
7.970000000000000000e+02
8.710000000000000000e+02
2.288000000000000000e+03
8.060000000000000000e+02
1.041000000000000000e+03
8.240000000000000000e+02
1.203000000000000000e+03
1.123000000000000000e+03
2.114000000000000000e+03
1.804000000000000000e+03
2.636000000000000000e+03
1.598000000000000000e+03
1.427000000000000000e+03
1.524000000000000000e+03
1.011000000000000000e+03
9.610000000000000000e+02
5.341000000000000000e+03
9.210000000000000000e+02
1.456000000000000000e+03
4.330000000000000000e+02
3.620000000000000000e+02
1.895000000000000000e+03
1.178000000000000000e+03
1.292000000000000000e+03
2.195000000000000000e+03
1.192000000000000000e+03
1.577000000000000000e+03
8.310000000000000000e+02
1.059000000000000000e+03
1.361000000000000000e+03
9.820000000000000000e+02
5.280000000000000000e+02
1.438000000000000000e+03
2.178000000000000000e+03
3.449000000000000000e+03
8.220000000000000000e+02
1.000000000000000000e+03
1.015000000000000000e+03
1.508000000000000000e+03
1.373000000000000000e+03
1.773000000000000000e+03
8.760000000000000000e+02
2.110000000000000000e+02
1.226000000000000000e+03
6.280000000000000000e+02
1.624000000000000000e+03
1.026000000000000000e+03
3.212000000000000000e+03
2.768000000000000000e+03
1.152000000000000000e+03
9.120000000000000000e+02
4.670000000000000000e+02
7.980000000000000000e+02
1.102000000000000000e+03
4.569000000000000000e+03
8.520000000000000000e+02
7.540000000000000000e+02
1.263000000000000000e+03
2.281000000000000000e+03
2.720000000000000000e+02
1.469000000000000000e+03
2.522000000000000000e+03
6.860000000000000000e+02
1.069600000000000000e+04
9.870000000000000000e+02
1.124000000000000000e+03
2.107000000000000000e+03
6.160000000000000000e+02
8.770000000000000000e+02
1.001000000000000000e+03
1.062000000000000000e+03
2.579000000000000000e+03
7.290000000000000000e+02
2.339000000000000000e+03
2.250000000000000000e+02
4.860000000000000000e+02
5.800000000000000000e+02
3.089000000000000000e+03
7.370000000000000000e+02
1.843000000000000000e+03
7.940000000000000000e+02
8.760000000000000000e+02
1.302000000000000000e+03
3.390000000000000000e+02
2.002000000000000000e+03
8.830000000000000000e+02
1.099000000000000000e+03
3.236000000000000000e+03
4.561000000000000000e+03
1.283000000000000000e+03
2.624000000000000000e+03
6.900000000000000000e+02
3.870000000000000000e+02
2.662000000000000000e+03
6.380000000000000000e+02
2.372000000000000000e+03
5.590000000000000000e+02
4.360000000000000000e+02
1.288000000000000000e+03
1.309000000000000000e+03
2.524000000000000000e+03
3.980000000000000000e+02
6.710000000000000000e+02
1.522000000000000000e+03
1.544000000000000000e+03
2.719000000000000000e+03
3.440000000000000000e+02
6.070000000000000000e+02
8.710000000000000000e+02
2.177000000000000000e+03
1.518000000000000000e+03
6.120000000000000000e+02
9.410000000000000000e+02
1.294000000000000000e+03
2.060000000000000000e+02
1.608000000000000000e+03
1.121000000000000000e+03
1.128000000000000000e+03
1.748000000000000000e+03
4.280000000000000000e+02
1.276000000000000000e+03
1.521000000000000000e+03
1.721000000000000000e+03
6.370000000000000000e+02
3.625000000000000000e+03
1.133000000000000000e+03
1.950000000000000000e+03
3.690000000000000000e+02
3.645000000000000000e+03
2.951000000000000000e+03
1.171000000000000000e+03
3.720000000000000000e+02
1.776000000000000000e+03
1.222000000000000000e+03
6.320000000000000000e+02
9.550000000000000000e+02
2.489000000000000000e+03
2.368000000000000000e+03
1.609000000000000000e+03
3.444000000000000000e+03
2.075000000000000000e+03
8.220000000000000000e+02
4.750000000000000000e+02
1.835000000000000000e+03
3.118000000000000000e+03
1.650000000000000000e+03
3.920000000000000000e+02
1.424000000000000000e+03
3.380000000000000000e+03
1.529000000000000000e+03
1.546000000000000000e+03
8.020000000000000000e+02
2.079000000000000000e+03
5.400000000000000000e+02
1.154000000000000000e+03
2.410000000000000000e+03
5.340000000000000000e+02
5.741000000000000000e+03
3.820000000000000000e+02
1.191000000000000000e+03
1.945000000000000000e+03
2.623000000000000000e+03
1.284000000000000000e+03
