2.182000000000000000e+03
8.930000000000000000e+02
4.787000000000000000e+03
3.779000000000000000e+03
4.009000000000000000e+03
7.138000000000000000e+03
6.193000000000000000e+03
7.953000000000000000e+03
5.385000000000000000e+03
2.297000000000000000e+03
1.302000000000000000e+03
1.150100000000000000e+04
8.762000000000000000e+03
5.437000000000000000e+03
1.254000000000000000e+03
1.095000000000000000e+03
5.649000000000000000e+03
7.208000000000000000e+03
2.123000000000000000e+03
2.699000000000000000e+03
4.213000000000000000e+03
6.152000000000000000e+03
5.955000000000000000e+03
6.484000000000000000e+03
3.945000000000000000e+03
1.844000000000000000e+03
4.065000000000000000e+03
2.902000000000000000e+03
5.737000000000000000e+03
3.105000000000000000e+03
7.499000000000000000e+03
4.098000000000000000e+03
7.183000000000000000e+03
3.142000000000000000e+03
4.763000000000000000e+03
1.718000000000000000e+04
8.138000000000000000e+03
5.485000000000000000e+03
1.026800000000000000e+04
9.255000000000000000e+03
1.619000000000000000e+04
3.965000000000000000e+03
4.088000000000000000e+03
5.171000000000000000e+03
5.777000000000000000e+03
4.997000000000000000e+03
3.021000000000000000e+03
1.071700000000000000e+04
2.720000000000000000e+03
1.260400000000000000e+04
2.974000000000000000e+03
3.873000000000000000e+03
1.715000000000000000e+03
3.674000000000000000e+03
2.467000000000000000e+03
1.498000000000000000e+03
3.144000000000000000e+03
1.288300000000000000e+04
8.843000000000000000e+03
7.443000000000000000e+03
7.599000000000000000e+03
4.504000000000000000e+03
8.850000000000000000e+03
4.135000000000000000e+03
2.646000000000000000e+03
5.445000000000000000e+03
3.353000000000000000e+03
2.533000000000000000e+03
1.055000000000000000e+03
1.543000000000000000e+03
5.137000000000000000e+03
2.199000000000000000e+03
2.271000000000000000e+03
1.516800000000000000e+04
1.805000000000000000e+03
3.886000000000000000e+03
9.698000000000000000e+03
9.050000000000000000e+03
7.694000000000000000e+03
4.574000000000000000e+03
5.193000000000000000e+03
1.414000000000000000e+03
5.895000000000000000e+03
5.892000000000000000e+03
3.580000000000000000e+03
6.706000000000000000e+03
1.758000000000000000e+03
2.106000000000000000e+03
2.252000000000000000e+03
1.268700000000000000e+04
6.935000000000000000e+03
4.413000000000000000e+03
3.074000000000000000e+03
5.826000000000000000e+03
3.255000000000000000e+03
3.381000000000000000e+03
1.884500000000000000e+04
1.993000000000000000e+03
2.739000000000000000e+03
2.855000000000000000e+03
8.698000000000000000e+03
3.442000000000000000e+03
2.531000000000000000e+03
1.937000000000000000e+03
3.266000000000000000e+03
1.689000000000000000e+03
1.979000000000000000e+03
2.651000000000000000e+03
1.981000000000000000e+03
6.781000000000000000e+03
2.525000000000000000e+03
3.366000000000000000e+03
4.806000000000000000e+03
5.610000000000000000e+03
8.920000000000000000e+03
2.935000000000000000e+03
3.460000000000000000e+03
4.329000000000000000e+03
4.627000000000000000e+03
2.293000000000000000e+03
1.278000000000000000e+03
2.370000000000000000e+03
5.355000000000000000e+03
4.028000000000000000e+03
3.600000000000000000e+03
4.005000000000000000e+03
1.523000000000000000e+03
2.360000000000000000e+03
6.482000000000000000e+03
4.929000000000000000e+03
4.072000000000000000e+03
2.422000000000000000e+03
5.947000000000000000e+03
7.275000000000000000e+03
2.615000000000000000e+03
1.245300000000000000e+04
1.778000000000000000e+03
8.726000000000000000e+03
4.185000000000000000e+03
6.340000000000000000e+03
1.124600000000000000e+04
4.574000000000000000e+03
4.283000000000000000e+03
5.546000000000000000e+03
5.696000000000000000e+03
2.457000000000000000e+03
2.382000000000000000e+03
5.916000000000000000e+03
1.248000000000000000e+03
3.250000000000000000e+03
3.542000000000000000e+03
6.231000000000000000e+03
1.230000000000000000e+03
5.491000000000000000e+03
8.380000000000000000e+03
2.320000000000000000e+03
6.348000000000000000e+03
2.714000000000000000e+03
2.488000000000000000e+03
1.425000000000000000e+03
1.914000000000000000e+03
1.674000000000000000e+04
1.786000000000000000e+03
3.050000000000000000e+03
1.293500000000000000e+04
4.088000000000000000e+03
3.733000000000000000e+03
6.582000000000000000e+03
4.473000000000000000e+03
3.228000000000000000e+03
2.821000000000000000e+03
3.645000000000000000e+03
4.254000000000000000e+03
7.956000000000000000e+03
1.704000000000000000e+03
3.181000000000000000e+03
3.587000000000000000e+03
3.996000000000000000e+03
3.463000000000000000e+03
2.342000000000000000e+03
6.648000000000000000e+03
6.398000000000000000e+03
4.790000000000000000e+03
1.128600000000000000e+04
3.031000000000000000e+03
4.581000000000000000e+03
2.064000000000000000e+03
4.690000000000000000e+03
2.030000000000000000e+03
6.152000000000000000e+03
4.896000000000000000e+03
2.665000000000000000e+03
3.766000000000000000e+03
3.899000000000000000e+03
2.568000000000000000e+03
1.583200000000000000e+04
2.474000000000000000e+03
7.490000000000000000e+02
8.187000000000000000e+03
1.442500000000000000e+04
3.714000000000000000e+03
2.508000000000000000e+03
1.127200000000000000e+04
4.269000000000000000e+03
3.603000000000000000e+03
4.593000000000000000e+03
5.714000000000000000e+03
3.756000000000000000e+03
1.657000000000000000e+03
1.965000000000000000e+03
7.419000000000000000e+03
5.010000000000000000e+03
2.179000000000000000e+03
5.800000000000000000e+03
1.800000000000000000e+03
2.641000000000000000e+03
6.523000000000000000e+03
3.092000000000000000e+03
3.749000000000000000e+03
8.838000000000000000e+03
9.229000000000000000e+03
4.712000000000000000e+03
3.435000000000000000e+03
4.285000000000000000e+03
2.596000000000000000e+03
4.395000000000000000e+03
2.000000000000000000e+03
1.120200000000000000e+04
1.118200000000000000e+04
2.446000000000000000e+03
3.332000000000000000e+03
4.720000000000000000e+03
4.003000000000000000e+03
6.171000000000000000e+03
3.910000000000000000e+03
7.942000000000000000e+03
1.243300000000000000e+04
1.160300000000000000e+04
3.567000000000000000e+03
1.744000000000000000e+03
1.326000000000000000e+03
4.940000000000000000e+03
1.507000000000000000e+03
3.715000000000000000e+03
2.332000000000000000e+03
5.756000000000000000e+03
4.162000000000000000e+03
4.206000000000000000e+03
1.717000000000000000e+03
1.398000000000000000e+03
3.908000000000000000e+03
8.769000000000000000e+03
3.358000000000000000e+03
3.532000000000000000e+03
7.187000000000000000e+03
1.925000000000000000e+03
4.278000000000000000e+03
6.678000000000000000e+03
4.039000000000000000e+03
7.301000000000000000e+03
3.285000000000000000e+03
4.628000000000000000e+03
4.108000000000000000e+03
1.510000000000000000e+03
3.747000000000000000e+03
7.961000000000000000e+03
4.207000000000000000e+03
5.795000000000000000e+03
3.132000000000000000e+03
1.819300000000000000e+04
8.375000000000000000e+03
2.857000000000000000e+03
2.847000000000000000e+03
3.955000000000000000e+03
2.229000000000000000e+03
4.043000000000000000e+03
1.916000000000000000e+03
5.434000000000000000e+03
2.988000000000000000e+03
3.004000000000000000e+03
4.031000000000000000e+03
4.455000000000000000e+03
4.721000000000000000e+03
3.305000000000000000e+03
6.013000000000000000e+03
6.494000000000000000e+03
1.017900000000000000e+04
3.199000000000000000e+03
3.638000000000000000e+03
5.205000000000000000e+03
2.266000000000000000e+03
1.096900000000000000e+04
7.163000000000000000e+03
3.441000000000000000e+03
3.022000000000000000e+03
4.054000000000000000e+03
4.596000000000000000e+03
4.751000000000000000e+03
9.181000000000000000e+03
2.186000000000000000e+03
8.927000000000000000e+03
3.410000000000000000e+03
2.617000000000000000e+03
4.528000000000000000e+03
8.676000000000000000e+03
3.065000000000000000e+03
1.324000000000000000e+03
4.268000000000000000e+03
3.560000000000000000e+03
4.790000000000000000e+03
2.733000000000000000e+03
3.458000000000000000e+03
3.223000000000000000e+03
1.674000000000000000e+03
1.278500000000000000e+04
5.991000000000000000e+03
1.533000000000000000e+03
5.925000000000000000e+03
8.530000000000000000e+03
1.599000000000000000e+03
3.127000000000000000e+03
3.786000000000000000e+03
1.652000000000000000e+03
4.843000000000000000e+03
3.028000000000000000e+03
9.328000000000000000e+03
3.202000000000000000e+03
5.453000000000000000e+03
2.923000000000000000e+03
4.235000000000000000e+03
3.969000000000000000e+03
1.327200000000000000e+04
3.600000000000000000e+03
3.655000000000000000e+03
1.940000000000000000e+03
6.895000000000000000e+03
6.681000000000000000e+03
6.457000000000000000e+03
3.480000000000000000e+03
6.182000000000000000e+03
7.762000000000000000e+03
4.780000000000000000e+03
1.540000000000000000e+03
6.084000000000000000e+03
3.781000000000000000e+03
1.733000000000000000e+03
1.090800000000000000e+04
4.982000000000000000e+03
5.967000000000000000e+03
3.985000000000000000e+03
3.594000000000000000e+03
4.990000000000000000e+03
8.055000000000000000e+03
3.679000000000000000e+03
1.890000000000000000e+03
3.298000000000000000e+03
6.366000000000000000e+03
8.009000000000000000e+03
5.357000000000000000e+03
3.318000000000000000e+03
6.917000000000000000e+03
4.141000000000000000e+03
3.315000000000000000e+03
1.558000000000000000e+03
4.865000000000000000e+03
2.879000000000000000e+03
8.801000000000000000e+03
4.030000000000000000e+03
4.908000000000000000e+03
1.845900000000000000e+04
8.530000000000000000e+03
4.983000000000000000e+03
1.569000000000000000e+03
4.023000000000000000e+03
6.367000000000000000e+03
6.600000000000000000e+03
3.320000000000000000e+03
4.638000000000000000e+03
4.999000000000000000e+03
8.535000000000000000e+03
5.974000000000000000e+03
9.601000000000000000e+03
7.509000000000000000e+03
8.448000000000000000e+03
5.013000000000000000e+03
5.597000000000000000e+03
1.137800000000000000e+04
4.728000000000000000e+03
1.896000000000000000e+03
2.555000000000000000e+03
6.830000000000000000e+03
7.646000000000000000e+03
2.817000000000000000e+03
1.044000000000000000e+03
2.408000000000000000e+03
2.643000000000000000e+03
7.651000000000000000e+03
1.143900000000000000e+04
6.146000000000000000e+03
8.231000000000000000e+03
3.835000000000000000e+03
2.915000000000000000e+03
3.807000000000000000e+03
3.417000000000000000e+03
3.352000000000000000e+03
3.915000000000000000e+03
3.568000000000000000e+03
1.238000000000000000e+03
2.100000000000000000e+03
3.186000000000000000e+03
5.266000000000000000e+03
7.538000000000000000e+03
3.088000000000000000e+03
1.505000000000000000e+03
4.186000000000000000e+03
5.355000000000000000e+03
2.448000000000000000e+03
2.811000000000000000e+03
1.349600000000000000e+04
5.966000000000000000e+03
1.050200000000000000e+04
4.038000000000000000e+03
3.953000000000000000e+03
3.543000000000000000e+03
2.069000000000000000e+03
5.972000000000000000e+03
5.660000000000000000e+03
7.013000000000000000e+03
6.999000000000000000e+03
1.136000000000000000e+04
5.555000000000000000e+03
5.718000000000000000e+03
4.793000000000000000e+03
3.473000000000000000e+03
6.385000000000000000e+03
2.396000000000000000e+03
4.961000000000000000e+03
5.409000000000000000e+03
2.218000000000000000e+03
8.412000000000000000e+03
3.998000000000000000e+03
1.998000000000000000e+03
2.745000000000000000e+03
1.029600000000000000e+04
3.585000000000000000e+03
2.768000000000000000e+03
4.229000000000000000e+03
8.940000000000000000e+02
3.623000000000000000e+03
9.324000000000000000e+03
7.561000000000000000e+03
1.970000000000000000e+03
5.956000000000000000e+03
1.014800000000000000e+04
1.694000000000000000e+03
2.125000000000000000e+03
4.259000000000000000e+03
5.222000000000000000e+03
4.126000000000000000e+03
2.075000000000000000e+03
1.165900000000000000e+04
8.534000000000000000e+03
2.411000000000000000e+03
7.384000000000000000e+03
1.320000000000000000e+04
2.652000000000000000e+03
7.362000000000000000e+03
5.894000000000000000e+03
6.880000000000000000e+02
2.150000000000000000e+03
1.540000000000000000e+03
6.703000000000000000e+03
4.639000000000000000e+03
2.587000000000000000e+03
7.228000000000000000e+03
6.371000000000000000e+03
4.097000000000000000e+03
2.951000000000000000e+03
3.410000000000000000e+03
6.250000000000000000e+03
3.403000000000000000e+03
1.876000000000000000e+03
1.076000000000000000e+03
2.354000000000000000e+03
3.245000000000000000e+03
2.137000000000000000e+03
4.256000000000000000e+03
1.269900000000000000e+04
2.616000000000000000e+03
2.416000000000000000e+03
3.298000000000000000e+03
2.618000000000000000e+03
5.502000000000000000e+03
1.442000000000000000e+03
3.844000000000000000e+03
2.574000000000000000e+03
1.680000000000000000e+03
4.043000000000000000e+03
3.180000000000000000e+03
7.774000000000000000e+03
3.615000000000000000e+03
4.699000000000000000e+03
4.919000000000000000e+03
4.233000000000000000e+03
5.829000000000000000e+03
1.107000000000000000e+03
1.225600000000000000e+04
5.541000000000000000e+03
2.524000000000000000e+03
1.273700000000000000e+04
3.527000000000000000e+03
3.307000000000000000e+03
7.030000000000000000e+03
7.190000000000000000e+03
2.073000000000000000e+03
4.775000000000000000e+03
8.559000000000000000e+03
6.736000000000000000e+03
4.973000000000000000e+03
9.757000000000000000e+03
2.701000000000000000e+03
8.516000000000000000e+03
7.392000000000000000e+03
3.008000000000000000e+03
3.681000000000000000e+03
5.348000000000000000e+03
1.084800000000000000e+04
3.553000000000000000e+03
2.011000000000000000e+03
1.833000000000000000e+03
6.274000000000000000e+03
6.617000000000000000e+03
6.580000000000000000e+03
1.040000000000000000e+03
2.976000000000000000e+03
1.225300000000000000e+04
7.142000000000000000e+03
5.613000000000000000e+03
1.100700000000000000e+04
2.460000000000000000e+03
2.793000000000000000e+03
3.180000000000000000e+03
1.957000000000000000e+03
1.864000000000000000e+03
8.321000000000000000e+03
4.314000000000000000e+03
4.385000000000000000e+03
6.032000000000000000e+03
4.851000000000000000e+03
2.019000000000000000e+03
1.589000000000000000e+04
2.983000000000000000e+03
2.532000000000000000e+03
7.422000000000000000e+03
3.491000000000000000e+03
3.428000000000000000e+03
7.430000000000000000e+03
6.031000000000000000e+03
4.489000000000000000e+03
4.116000000000000000e+03
8.702000000000000000e+03
3.572000000000000000e+03
3.064000000000000000e+03
6.848000000000000000e+03
6.114000000000000000e+03
7.357000000000000000e+03
4.934000000000000000e+03
1.712000000000000000e+03
1.994000000000000000e+03
3.228000000000000000e+03
9.035000000000000000e+03
8.644000000000000000e+03
1.576000000000000000e+03
1.374000000000000000e+03
4.142000000000000000e+03
5.974000000000000000e+03
6.048000000000000000e+03
6.116000000000000000e+03
3.430000000000000000e+03
3.313000000000000000e+03
1.005600000000000000e+04
2.280000000000000000e+03
1.464300000000000000e+04
3.456000000000000000e+03
4.897000000000000000e+03
3.343000000000000000e+03
4.101000000000000000e+03
5.746000000000000000e+03
1.592700000000000000e+04
4.361000000000000000e+03
4.661000000000000000e+03
2.710000000000000000e+03
1.148000000000000000e+03
2.968000000000000000e+03
2.212000000000000000e+03
2.899000000000000000e+03
3.731000000000000000e+03
2.710000000000000000e+03
1.146000000000000000e+04
1.604000000000000000e+03
4.324000000000000000e+03
9.930000000000000000e+02
5.193000000000000000e+03
1.684400000000000000e+04
1.010000000000000000e+03
2.134000000000000000e+03
4.272000000000000000e+03
2.202000000000000000e+03
6.214000000000000000e+03
6.793000000000000000e+03
1.750100000000000000e+04
4.434000000000000000e+03
9.717000000000000000e+03
5.785000000000000000e+03
6.693000000000000000e+03
6.508000000000000000e+03
4.746000000000000000e+03
2.755000000000000000e+03
1.850000000000000000e+03
9.618000000000000000e+03
2.649000000000000000e+03
5.254000000000000000e+03
3.961000000000000000e+03
6.631000000000000000e+03
6.064000000000000000e+03
3.533000000000000000e+03
4.643000000000000000e+03
7.289000000000000000e+03
3.497000000000000000e+03
1.613000000000000000e+03
4.750000000000000000e+03
5.096000000000000000e+03
2.702000000000000000e+03
6.163000000000000000e+03
4.633000000000000000e+03
4.861000000000000000e+03
1.941000000000000000e+03
6.050000000000000000e+03
9.125000000000000000e+03
5.920000000000000000e+03
5.306000000000000000e+03
2.715000000000000000e+03
2.661000000000000000e+03
6.783000000000000000e+03
3.991000000000000000e+03
4.779000000000000000e+03
2.621000000000000000e+03
1.706000000000000000e+03
4.656000000000000000e+03
4.429000000000000000e+03
1.338500000000000000e+04
4.130000000000000000e+03
1.731000000000000000e+03
2.151000000000000000e+03
9.682000000000000000e+03
2.681000000000000000e+03
2.233000000000000000e+03
7.340000000000000000e+03
9.078000000000000000e+03
2.884000000000000000e+03
5.785000000000000000e+03
2.931000000000000000e+03
1.237700000000000000e+04
2.158000000000000000e+03
9.027000000000000000e+03
8.335000000000000000e+03
7.084000000000000000e+03
2.469000000000000000e+03
2.245000000000000000e+03
4.518000000000000000e+03
7.943000000000000000e+03
9.454000000000000000e+03
5.778000000000000000e+03
8.399000000000000000e+03
1.100300000000000000e+04
2.486000000000000000e+03
1.247000000000000000e+03
5.827000000000000000e+03
2.208000000000000000e+03
5.189000000000000000e+03
4.018000000000000000e+03
4.003000000000000000e+03
4.667000000000000000e+03
4.747000000000000000e+03
2.677000000000000000e+03
6.319000000000000000e+03
3.524000000000000000e+03
3.296000000000000000e+03
7.999000000000000000e+03
3.972000000000000000e+03
3.438000000000000000e+03
1.131400000000000000e+04
3.331000000000000000e+03
4.905000000000000000e+03
1.002100000000000000e+04
5.702000000000000000e+03
3.438000000000000000e+03
5.639000000000000000e+03
5.310000000000000000e+03
1.228000000000000000e+03
3.623000000000000000e+03
9.739000000000000000e+03
4.033000000000000000e+03
2.100000000000000000e+03
5.484000000000000000e+03
3.373000000000000000e+03
4.482000000000000000e+03
3.850000000000000000e+03
5.984000000000000000e+03
5.968000000000000000e+03
1.770000000000000000e+03
2.915000000000000000e+03
5.958000000000000000e+03
3.996000000000000000e+03
1.717000000000000000e+03
3.129000000000000000e+03
6.061000000000000000e+03
2.360000000000000000e+03
7.047000000000000000e+03
3.826000000000000000e+03
3.604000000000000000e+03
7.510000000000000000e+03
3.047000000000000000e+03
2.778000000000000000e+03
8.546000000000000000e+03
2.645000000000000000e+03
6.028000000000000000e+03
1.038000000000000000e+03
3.440000000000000000e+03
5.193000000000000000e+03
4.350000000000000000e+03
3.880000000000000000e+03
4.393000000000000000e+03
1.500100000000000000e+04
6.782000000000000000e+03
3.142000000000000000e+03
3.183000000000000000e+03
1.067400000000000000e+04
3.817000000000000000e+03
3.388000000000000000e+03
2.361000000000000000e+03
5.890000000000000000e+03
3.024000000000000000e+03
8.701000000000000000e+03
1.890000000000000000e+03
2.568000000000000000e+03
5.885000000000000000e+03
5.452000000000000000e+03
1.724000000000000000e+03
8.815000000000000000e+03
4.256000000000000000e+03
1.277400000000000000e+04
7.633000000000000000e+03
2.378000000000000000e+03
5.158000000000000000e+03
1.938000000000000000e+03
3.556000000000000000e+03
1.749000000000000000e+03
5.615000000000000000e+03
5.858000000000000000e+03
3.831000000000000000e+03
1.970000000000000000e+03
3.299000000000000000e+03
6.893000000000000000e+03
4.040000000000000000e+03
6.004000000000000000e+03
1.339300000000000000e+04
8.440000000000000000e+03
3.826000000000000000e+03
1.997000000000000000e+03
4.570000000000000000e+03
1.673000000000000000e+03
1.533000000000000000e+03
6.172000000000000000e+03
4.475000000000000000e+03
9.158000000000000000e+03
9.807000000000000000e+03
8.123000000000000000e+03
1.904000000000000000e+03
9.595000000000000000e+03
6.733000000000000000e+03
2.488000000000000000e+03
2.854000000000000000e+03
2.409000000000000000e+03
4.710000000000000000e+03
2.978000000000000000e+03
3.559000000000000000e+03
2.068000000000000000e+03
2.772000000000000000e+03
3.104000000000000000e+03
2.755000000000000000e+03
2.822000000000000000e+03
5.270000000000000000e+03
5.405000000000000000e+03
1.851500000000000000e+04
1.357300000000000000e+04
2.660000000000000000e+03
6.621000000000000000e+03
3.446000000000000000e+03
3.409000000000000000e+03
5.989000000000000000e+03
6.195000000000000000e+03
1.849000000000000000e+04
1.938000000000000000e+03
5.908000000000000000e+03
2.365400000000000000e+04
2.947000000000000000e+03
5.489000000000000000e+03
1.372200000000000000e+04
3.137000000000000000e+03
6.913000000000000000e+03
1.156600000000000000e+04
1.099600000000000000e+04
3.146000000000000000e+03
5.530000000000000000e+03
1.517600000000000000e+04
2.927000000000000000e+03
7.243000000000000000e+03
5.174000000000000000e+03
2.845000000000000000e+03
2.277000000000000000e+03
4.044000000000000000e+03
2.450000000000000000e+03
1.014400000000000000e+04
3.669000000000000000e+03
6.397000000000000000e+03
4.531000000000000000e+03
8.574000000000000000e+03
4.281000000000000000e+03
3.524000000000000000e+03
7.829000000000000000e+03
6.279000000000000000e+03
1.722000000000000000e+03
6.717000000000000000e+03
3.951000000000000000e+03
5.449000000000000000e+03
2.151000000000000000e+03
3.539000000000000000e+03
4.811000000000000000e+03
1.136700000000000000e+04
1.700000000000000000e+03
1.514900000000000000e+04
1.693000000000000000e+03
2.627000000000000000e+03
1.393000000000000000e+03
7.701000000000000000e+03
2.726000000000000000e+03
5.119000000000000000e+03
6.877000000000000000e+03
1.664300000000000000e+04
4.689000000000000000e+03
2.024000000000000000e+03
7.827000000000000000e+03
2.535000000000000000e+03
4.408000000000000000e+03
4.745000000000000000e+03
3.954000000000000000e+03
2.383000000000000000e+03
7.516000000000000000e+03
3.368000000000000000e+03
2.159000000000000000e+03
6.449000000000000000e+03
4.899000000000000000e+03
1.884000000000000000e+03
4.075000000000000000e+03
8.149000000000000000e+03
4.820000000000000000e+03
4.414000000000000000e+03
1.855000000000000000e+03
9.543000000000000000e+03
4.037000000000000000e+03
3.608000000000000000e+03
1.174000000000000000e+03
3.473000000000000000e+03
6.721000000000000000e+03
2.554100000000000000e+04
5.605000000000000000e+03
7.957000000000000000e+03
1.017800000000000000e+04
4.130000000000000000e+03
1.165600000000000000e+04
7.495000000000000000e+03
8.849000000000000000e+03
5.932000000000000000e+03
1.038000000000000000e+03
1.950000000000000000e+03
5.573000000000000000e+03
2.941000000000000000e+03
1.995500000000000000e+04
3.304000000000000000e+03
1.073000000000000000e+03
8.067000000000000000e+03
4.284000000000000000e+03
2.418000000000000000e+03
1.910900000000000000e+04
4.245000000000000000e+03
2.044000000000000000e+03
3.196000000000000000e+03
2.894000000000000000e+03
3.151000000000000000e+03
3.657000000000000000e+03
5.483000000000000000e+03
2.562000000000000000e+03
2.890000000000000000e+03
4.670000000000000000e+03
7.268000000000000000e+03
7.526000000000000000e+03
1.985000000000000000e+03
1.495100000000000000e+04
3.924000000000000000e+03
6.556000000000000000e+03
9.715000000000000000e+03
7.183000000000000000e+03
5.695000000000000000e+03
1.599000000000000000e+03
2.319000000000000000e+03
3.916000000000000000e+03
4.449000000000000000e+03
1.849000000000000000e+03
4.784000000000000000e+03
3.196000000000000000e+03
2.451000000000000000e+03
3.693000000000000000e+03
3.012000000000000000e+03
3.704000000000000000e+03
3.874000000000000000e+03
8.019000000000000000e+03
8.499000000000000000e+03
1.049700000000000000e+04
3.673000000000000000e+03
2.617000000000000000e+03
2.820000000000000000e+03
5.157000000000000000e+03
1.186000000000000000e+03
4.265000000000000000e+03
1.219900000000000000e+04
5.534000000000000000e+03
2.992000000000000000e+03
6.177000000000000000e+03
4.177000000000000000e+03
4.627000000000000000e+03
8.208000000000000000e+03
2.924000000000000000e+03
4.617000000000000000e+03
4.161000000000000000e+03
9.000000000000000000e+02
1.047700000000000000e+04
3.089000000000000000e+03
4.467000000000000000e+03
5.479000000000000000e+03
6.406000000000000000e+03
6.142000000000000000e+03
4.942000000000000000e+03
5.221000000000000000e+03
4.636000000000000000e+03
7.161000000000000000e+03
5.427000000000000000e+03
2.391000000000000000e+03
3.431000000000000000e+03
6.345000000000000000e+03
5.692000000000000000e+03
2.031000000000000000e+03
2.823000000000000000e+03
1.079600000000000000e+04
3.469000000000000000e+03
1.500000000000000000e+03
4.373000000000000000e+03
6.692000000000000000e+03
6.652000000000000000e+03
3.387000000000000000e+03
5.142000000000000000e+03
1.857000000000000000e+03
2.530000000000000000e+03
9.867000000000000000e+03
7.541000000000000000e+03
2.214000000000000000e+03
9.386000000000000000e+03
1.429800000000000000e+04
5.469000000000000000e+03
5.064000000000000000e+03
6.096000000000000000e+03
3.172000000000000000e+03
7.194000000000000000e+03
5.207000000000000000e+03
6.232000000000000000e+03
1.437000000000000000e+03
2.264000000000000000e+03
9.380000000000000000e+03
3.287000000000000000e+03
4.356000000000000000e+03
4.412000000000000000e+03
1.928000000000000000e+03
6.414000000000000000e+03
8.475000000000000000e+03
2.096000000000000000e+03
6.852000000000000000e+03
8.509000000000000000e+03
6.899000000000000000e+03
2.420000000000000000e+03
5.144000000000000000e+03
