6.138000000000000000e+03
5.046000000000000000e+03
7.234000000000000000e+03
8.409000000000000000e+03
5.504000000000000000e+03
1.015000000000000000e+03
5.796000000000000000e+03
4.506000000000000000e+03
2.067000000000000000e+03
1.448000000000000000e+03
4.512000000000000000e+03
2.481000000000000000e+03
7.692000000000000000e+03
3.032000000000000000e+03
3.586000000000000000e+03
4.271000000000000000e+03
2.435000000000000000e+03
1.549000000000000000e+03
6.505000000000000000e+03
2.696000000000000000e+03
6.318000000000000000e+03
3.647000000000000000e+03
6.767000000000000000e+03
4.832000000000000000e+03
6.265000000000000000e+03
4.109000000000000000e+03
3.991000000000000000e+03
1.042200000000000000e+04
9.525000000000000000e+03
2.202000000000000000e+03
1.734000000000000000e+03
7.635000000000000000e+03
4.793000000000000000e+03
2.743000000000000000e+03
5.024000000000000000e+03
2.168000000000000000e+03
8.883000000000000000e+03
8.696000000000000000e+03
3.597000000000000000e+03
8.170000000000000000e+03
2.530000000000000000e+03
1.164800000000000000e+04
3.239000000000000000e+03
5.688000000000000000e+03
3.660000000000000000e+03
5.989000000000000000e+03
8.825000000000000000e+03
2.321000000000000000e+03
1.243200000000000000e+04
1.030100000000000000e+04
5.086000000000000000e+03
3.094000000000000000e+03
3.519000000000000000e+03
7.391000000000000000e+03
1.183400000000000000e+04
3.445000000000000000e+03
3.761000000000000000e+03
1.105800000000000000e+04
1.130300000000000000e+04
2.122000000000000000e+03
4.574000000000000000e+03
1.503300000000000000e+04
4.305000000000000000e+03
1.326000000000000000e+04
5.828000000000000000e+03
2.911000000000000000e+03
3.481000000000000000e+03
3.304000000000000000e+03
6.747000000000000000e+03
3.708000000000000000e+03
8.635000000000000000e+03
1.127900000000000000e+04
2.768000000000000000e+03
1.199600000000000000e+04
7.400000000000000000e+03
3.047000000000000000e+03
4.725000000000000000e+03
3.788000000000000000e+03
2.312000000000000000e+03
8.603000000000000000e+03
1.516000000000000000e+03
2.872000000000000000e+03
3.634000000000000000e+03
2.886000000000000000e+03
4.344000000000000000e+03
2.501000000000000000e+03
1.496800000000000000e+04
7.698000000000000000e+03
1.612000000000000000e+03
1.511600000000000000e+04
1.881000000000000000e+03
1.053000000000000000e+03
9.557000000000000000e+03
1.984000000000000000e+03
6.848000000000000000e+03
1.207100000000000000e+04
8.121000000000000000e+03
3.708000000000000000e+03
2.903000000000000000e+03
4.302000000000000000e+03
1.170300000000000000e+04
4.285000000000000000e+03
1.554000000000000000e+03
3.839000000000000000e+03
4.074000000000000000e+03
4.894000000000000000e+03
5.513000000000000000e+03
6.113000000000000000e+03
5.299000000000000000e+03
1.111100000000000000e+04
6.334000000000000000e+03
3.487000000000000000e+03
3.882000000000000000e+03
3.865000000000000000e+03
3.060000000000000000e+03
6.860000000000000000e+03
4.648000000000000000e+03
6.955000000000000000e+03
4.599000000000000000e+03
1.047700000000000000e+04
2.501000000000000000e+03
1.840000000000000000e+03
3.730000000000000000e+03
2.436000000000000000e+03
3.924000000000000000e+03
1.938000000000000000e+03
5.610000000000000000e+03
1.271700000000000000e+04
1.710200000000000000e+04
2.916000000000000000e+03
1.708600000000000000e+04
5.578000000000000000e+03
6.409000000000000000e+03
3.544000000000000000e+03
3.462000000000000000e+03
8.028000000000000000e+03
1.245500000000000000e+04
6.454000000000000000e+03
2.748000000000000000e+03
2.300000000000000000e+03
7.880000000000000000e+03
7.021000000000000000e+03
3.610000000000000000e+03
3.639000000000000000e+03
2.199000000000000000e+03
4.280000000000000000e+03
1.596000000000000000e+03
7.200000000000000000e+03
1.418000000000000000e+03
5.501000000000000000e+03
9.613000000000000000e+03
6.246000000000000000e+03
1.984200000000000000e+04
1.536000000000000000e+03
9.978000000000000000e+03
2.142000000000000000e+03
6.374000000000000000e+03
6.319000000000000000e+03
5.849000000000000000e+03
5.890000000000000000e+03
6.196000000000000000e+03
4.928000000000000000e+03
8.108000000000000000e+03
1.122200000000000000e+04
4.759000000000000000e+03
5.563000000000000000e+03
9.612000000000000000e+03
7.217000000000000000e+03
3.599000000000000000e+03
2.904000000000000000e+03
7.039000000000000000e+03
2.344000000000000000e+03
3.806000000000000000e+03
4.610000000000000000e+03
5.135000000000000000e+03
2.575000000000000000e+03
4.461000000000000000e+03
1.697000000000000000e+04
3.872000000000000000e+03
2.309000000000000000e+03
7.867000000000000000e+03
3.790000000000000000e+03
9.410000000000000000e+02
1.287000000000000000e+03
7.195000000000000000e+03
6.724000000000000000e+03
3.777000000000000000e+03
2.780000000000000000e+03
6.076000000000000000e+03
1.953800000000000000e+04
8.547000000000000000e+03
8.716000000000000000e+03
5.954000000000000000e+03
2.219000000000000000e+03
1.329100000000000000e+04
3.005000000000000000e+03
5.337000000000000000e+03
5.551000000000000000e+03
1.490200000000000000e+04
4.437000000000000000e+03
8.160000000000000000e+03
1.146000000000000000e+03
2.773000000000000000e+03
6.506000000000000000e+03
1.451100000000000000e+04
1.811000000000000000e+03
3.056000000000000000e+03
5.541000000000000000e+03
1.274000000000000000e+03
5.119000000000000000e+03
3.513000000000000000e+03
3.203000000000000000e+03
1.669100000000000000e+04
5.894000000000000000e+03
3.133000000000000000e+03
1.280000000000000000e+03
3.634000000000000000e+03
3.221000000000000000e+03
1.054600000000000000e+04
4.277000000000000000e+03
7.847000000000000000e+03
6.664000000000000000e+03
5.476000000000000000e+03
5.048000000000000000e+03
4.596000000000000000e+03
5.574000000000000000e+03
3.817000000000000000e+03
1.100900000000000000e+04
3.624000000000000000e+03
4.014000000000000000e+03
1.774000000000000000e+03
5.140000000000000000e+03
2.212000000000000000e+03
3.171000000000000000e+03
8.560000000000000000e+03
3.322000000000000000e+03
1.363900000000000000e+04
3.225000000000000000e+03
1.228500000000000000e+04
5.098000000000000000e+03
1.815000000000000000e+03
2.501000000000000000e+03
3.846000000000000000e+03
5.588000000000000000e+03
7.836000000000000000e+03
9.277000000000000000e+03
6.225000000000000000e+03
7.263000000000000000e+03
1.848000000000000000e+03
6.309000000000000000e+03
1.032200000000000000e+04
5.208000000000000000e+03
6.483000000000000000e+03
1.087000000000000000e+04
1.188900000000000000e+04
2.240000000000000000e+03
1.556700000000000000e+04
8.231000000000000000e+03
3.587000000000000000e+03
4.139000000000000000e+03
4.472000000000000000e+03
4.698000000000000000e+03
1.074000000000000000e+03
1.050800000000000000e+04
4.611000000000000000e+03
2.012000000000000000e+03
4.198000000000000000e+03
8.724000000000000000e+03
1.317600000000000000e+04
7.562000000000000000e+03
6.959000000000000000e+03
9.740000000000000000e+02
6.174000000000000000e+03
1.350900000000000000e+04
9.553000000000000000e+03
1.048900000000000000e+04
2.281100000000000000e+04
1.920900000000000000e+04
1.088300000000000000e+04
2.682000000000000000e+03
9.864000000000000000e+03
1.489200000000000000e+04
3.941000000000000000e+03
2.854000000000000000e+03
6.070000000000000000e+03
1.152900000000000000e+04
3.672000000000000000e+03
2.608000000000000000e+03
2.661000000000000000e+03
7.013000000000000000e+03
4.029000000000000000e+03
4.523000000000000000e+03
5.867000000000000000e+03
4.045000000000000000e+03
2.456000000000000000e+03
1.014600000000000000e+04
4.449000000000000000e+03
3.570000000000000000e+03
4.169000000000000000e+03
4.073000000000000000e+03
3.863000000000000000e+03
1.620000000000000000e+03
4.186000000000000000e+03
5.145000000000000000e+03
1.693000000000000000e+03
2.152000000000000000e+03
3.694000000000000000e+03
4.858000000000000000e+03
5.491000000000000000e+03
6.848000000000000000e+03
1.763000000000000000e+03
2.756000000000000000e+03
8.987000000000000000e+03
7.033000000000000000e+03
2.563000000000000000e+03
9.276000000000000000e+03
4.500000000000000000e+03
5.490000000000000000e+03
1.002100000000000000e+04
1.956000000000000000e+03
6.105000000000000000e+03
4.521000000000000000e+03
1.179700000000000000e+04
4.860000000000000000e+03
2.783000000000000000e+03
1.445000000000000000e+03
9.647000000000000000e+03
5.126000000000000000e+03
5.452000000000000000e+03
4.946000000000000000e+03
7.495000000000000000e+03
3.758000000000000000e+03
4.737000000000000000e+03
2.713000000000000000e+03
7.672000000000000000e+03
5.450000000000000000e+03
1.497000000000000000e+03
9.216000000000000000e+03
4.086000000000000000e+03
1.040000000000000000e+04
5.433000000000000000e+03
2.870000000000000000e+03
2.258700000000000000e+04
1.581000000000000000e+03
6.727000000000000000e+03
1.435000000000000000e+03
9.761000000000000000e+03
3.180000000000000000e+03
1.312000000000000000e+03
2.924000000000000000e+03
4.098000000000000000e+03
1.322900000000000000e+04
1.577000000000000000e+03
3.446000000000000000e+03
3.081000000000000000e+03
1.088000000000000000e+04
1.026300000000000000e+04
5.802000000000000000e+03
1.228200000000000000e+04
3.511000000000000000e+03
4.419000000000000000e+03
1.144100000000000000e+04
3.090000000000000000e+03
3.032000000000000000e+03
1.963000000000000000e+03
4.217000000000000000e+03
6.729000000000000000e+03
2.822000000000000000e+03
8.476000000000000000e+03
1.137000000000000000e+03
4.694000000000000000e+03
5.377000000000000000e+03
3.687000000000000000e+03
5.524000000000000000e+03
4.284000000000000000e+03
1.515000000000000000e+03
4.852000000000000000e+03
2.733000000000000000e+03
8.148000000000000000e+03
1.108200000000000000e+04
3.708000000000000000e+03
4.966000000000000000e+03
1.251900000000000000e+04
2.946000000000000000e+03
2.007000000000000000e+03
6.917000000000000000e+03
4.705000000000000000e+03
3.516000000000000000e+03
3.661000000000000000e+03
4.585000000000000000e+03
3.207000000000000000e+03
5.120000000000000000e+03
3.819000000000000000e+03
7.607000000000000000e+03
5.720000000000000000e+03
3.924000000000000000e+03
2.458000000000000000e+03
7.575000000000000000e+03
2.976000000000000000e+03
9.358000000000000000e+03
4.954000000000000000e+03
4.220000000000000000e+03
7.404000000000000000e+03
4.147000000000000000e+03
6.070000000000000000e+03
1.679400000000000000e+04
8.611000000000000000e+03
1.058000000000000000e+03
2.653000000000000000e+03
4.807000000000000000e+03
6.650000000000000000e+03
5.082000000000000000e+03
1.734000000000000000e+03
1.861000000000000000e+03
2.432000000000000000e+03
1.571000000000000000e+03
2.006000000000000000e+03
7.371000000000000000e+03
2.549000000000000000e+03
4.054000000000000000e+03
6.562000000000000000e+03
7.441000000000000000e+03
3.719000000000000000e+03
6.310000000000000000e+03
3.610000000000000000e+03
1.605800000000000000e+04
1.030900000000000000e+04
2.255000000000000000e+03
2.153000000000000000e+03
4.818000000000000000e+03
1.623000000000000000e+03
6.037000000000000000e+03
4.563000000000000000e+03
2.178000000000000000e+03
3.202000000000000000e+03
8.992000000000000000e+03
6.691000000000000000e+03
8.544000000000000000e+03
5.944000000000000000e+03
8.054000000000000000e+03
2.237000000000000000e+03
3.982000000000000000e+03
1.617000000000000000e+03
5.264000000000000000e+03
4.267000000000000000e+03
1.095300000000000000e+04
3.073000000000000000e+04
5.037000000000000000e+03
2.870000000000000000e+03
3.976000000000000000e+03
5.013000000000000000e+03
6.101000000000000000e+03
2.612000000000000000e+03
4.833000000000000000e+03
2.849000000000000000e+03
3.293000000000000000e+03
2.579000000000000000e+03
7.066000000000000000e+03
3.008000000000000000e+03
1.753700000000000000e+04
4.668000000000000000e+03
5.258000000000000000e+03
3.086000000000000000e+03
2.662000000000000000e+03
3.507000000000000000e+03
1.318000000000000000e+03
5.536000000000000000e+03
3.639000000000000000e+03
3.384000000000000000e+03
9.591000000000000000e+03
6.445000000000000000e+03
1.276400000000000000e+04
2.851000000000000000e+03
4.624000000000000000e+03
2.734000000000000000e+03
4.482000000000000000e+03
5.334000000000000000e+03
6.850000000000000000e+03
2.503000000000000000e+03
3.104000000000000000e+03
1.079500000000000000e+04
7.437000000000000000e+03
7.335000000000000000e+03
5.574000000000000000e+03
2.663000000000000000e+03
9.122000000000000000e+03
3.019000000000000000e+03
1.011400000000000000e+04
1.291100000000000000e+04
8.290000000000000000e+03
1.469700000000000000e+04
2.919000000000000000e+03
1.677200000000000000e+04
8.140000000000000000e+03
4.484000000000000000e+03
6.517000000000000000e+03
6.746000000000000000e+03
5.235000000000000000e+03
3.612000000000000000e+03
1.154000000000000000e+04
5.246000000000000000e+03
8.308000000000000000e+03
5.680000000000000000e+03
6.161000000000000000e+03
7.607000000000000000e+03
1.477600000000000000e+04
1.357800000000000000e+04
3.647000000000000000e+03
6.332000000000000000e+03
2.439000000000000000e+03
9.951000000000000000e+03
1.170100000000000000e+04
4.926000000000000000e+03
2.567000000000000000e+03
3.023000000000000000e+03
6.891000000000000000e+03
3.203000000000000000e+03
5.988000000000000000e+03
1.192300000000000000e+04
3.730000000000000000e+03
1.047300000000000000e+04
1.473900000000000000e+04
3.179000000000000000e+03
1.093300000000000000e+04
1.676000000000000000e+04
2.857000000000000000e+03
6.080000000000000000e+03
6.600000000000000000e+03
1.526600000000000000e+04
4.403000000000000000e+03
9.425000000000000000e+03
2.933000000000000000e+03
4.471000000000000000e+03
3.309000000000000000e+03
4.801000000000000000e+03
7.021000000000000000e+03
1.587700000000000000e+04
3.726000000000000000e+03
5.029000000000000000e+03
8.643000000000000000e+03
1.017500000000000000e+04
2.837000000000000000e+03
2.032000000000000000e+03
7.203000000000000000e+03
2.108000000000000000e+03
1.743000000000000000e+03
2.913000000000000000e+03
7.927000000000000000e+03
6.452000000000000000e+03
6.977000000000000000e+03
3.358000000000000000e+03
5.017000000000000000e+03
1.277000000000000000e+03
3.467000000000000000e+03
6.415000000000000000e+03
8.534000000000000000e+03
8.692000000000000000e+03
3.349000000000000000e+03
5.180000000000000000e+03
1.202400000000000000e+04
1.242400000000000000e+04
5.233000000000000000e+03
3.233000000000000000e+03
8.038000000000000000e+03
3.523000000000000000e+03
6.252000000000000000e+03
7.100000000000000000e+03
7.079000000000000000e+03
2.167000000000000000e+03
1.407700000000000000e+04
3.057000000000000000e+03
1.792000000000000000e+03
8.633000000000000000e+03
3.280000000000000000e+03
4.931000000000000000e+03
4.972000000000000000e+03
3.583000000000000000e+03
4.158000000000000000e+03
4.225000000000000000e+03
5.956000000000000000e+03
8.689000000000000000e+03
2.835000000000000000e+03
9.770000000000000000e+02
2.173000000000000000e+03
1.400000000000000000e+03
3.964000000000000000e+03
6.090000000000000000e+03
7.628000000000000000e+03
4.145000000000000000e+03
2.021000000000000000e+03
2.809000000000000000e+03
5.579000000000000000e+03
1.328000000000000000e+03
1.368600000000000000e+04
1.531000000000000000e+03
4.257000000000000000e+03
3.757000000000000000e+03
2.618000000000000000e+03
6.723000000000000000e+03
2.154500000000000000e+04
4.836000000000000000e+03
8.288000000000000000e+03
1.251900000000000000e+04
1.778000000000000000e+03
8.730000000000000000e+03
3.551000000000000000e+03
4.239000000000000000e+03
9.185000000000000000e+03
3.129000000000000000e+03
3.504000000000000000e+03
4.481000000000000000e+03
8.288000000000000000e+03
8.073000000000000000e+03
3.863000000000000000e+03
1.717000000000000000e+03
3.259000000000000000e+03
4.534000000000000000e+03
1.076300000000000000e+04
8.763000000000000000e+03
4.214000000000000000e+03
7.680000000000000000e+03
6.611000000000000000e+03
1.111300000000000000e+04
1.680900000000000000e+04
7.302000000000000000e+03
2.385000000000000000e+03
4.329000000000000000e+03
6.236000000000000000e+03
5.375000000000000000e+03
1.360100000000000000e+04
1.241700000000000000e+04
5.060000000000000000e+03
4.854000000000000000e+03
1.447200000000000000e+04
9.267000000000000000e+03
4.849000000000000000e+03
7.643000000000000000e+03
6.357000000000000000e+03
1.067200000000000000e+04
6.338000000000000000e+03
3.637000000000000000e+03
6.030000000000000000e+03
3.356000000000000000e+03
3.674000000000000000e+03
1.814000000000000000e+03
1.124700000000000000e+04
1.888000000000000000e+03
1.020600000000000000e+04
4.348000000000000000e+03
2.985900000000000000e+04
5.589000000000000000e+03
3.689000000000000000e+03
2.301000000000000000e+03
1.816300000000000000e+04
4.784000000000000000e+03
2.778000000000000000e+03
5.201000000000000000e+03
1.213400000000000000e+04
6.999000000000000000e+03
1.998000000000000000e+03
1.341000000000000000e+03
7.228000000000000000e+03
9.968000000000000000e+03
5.437000000000000000e+03
5.026000000000000000e+03
2.068200000000000000e+04
5.141000000000000000e+03
1.140700000000000000e+04
3.569000000000000000e+03
3.413000000000000000e+03
7.944000000000000000e+03
1.424500000000000000e+04
2.698000000000000000e+03
1.543700000000000000e+04
4.430000000000000000e+03
1.838000000000000000e+03
1.274800000000000000e+04
8.000000000000000000e+03
6.516000000000000000e+03
4.627000000000000000e+03
7.634000000000000000e+03
5.579000000000000000e+03
5.001000000000000000e+03
1.007500000000000000e+04
1.536000000000000000e+03
6.272000000000000000e+03
4.228000000000000000e+03
3.381000000000000000e+03
3.932000000000000000e+03
6.203000000000000000e+03
4.222000000000000000e+03
2.230000000000000000e+03
9.407000000000000000e+03
4.037000000000000000e+03
1.295600000000000000e+04
1.268100000000000000e+04
8.999000000000000000e+03
1.280900000000000000e+04
2.160000000000000000e+03
3.634000000000000000e+03
7.682000000000000000e+03
6.134000000000000000e+03
3.537000000000000000e+03
8.667000000000000000e+03
2.347000000000000000e+03
3.050000000000000000e+03
6.941000000000000000e+03
6.529000000000000000e+03
5.957000000000000000e+03
1.679000000000000000e+03
1.571000000000000000e+03
7.285000000000000000e+03
3.869000000000000000e+03
3.100000000000000000e+03
3.439000000000000000e+03
2.387000000000000000e+03
5.584000000000000000e+03
8.792000000000000000e+03
8.232000000000000000e+03
3.113000000000000000e+03
1.626000000000000000e+03
2.589000000000000000e+03
3.636000000000000000e+03
6.614000000000000000e+03
1.583600000000000000e+04
8.656000000000000000e+03
3.363000000000000000e+03
3.211000000000000000e+03
7.496000000000000000e+03
3.313000000000000000e+03
2.897000000000000000e+03
5.816000000000000000e+03
6.280000000000000000e+02
9.457000000000000000e+03
6.514000000000000000e+03
2.170000000000000000e+03
1.708000000000000000e+03
5.773000000000000000e+03
5.066000000000000000e+03
2.093000000000000000e+03
5.008000000000000000e+03
4.293000000000000000e+03
2.470000000000000000e+03
3.564000000000000000e+03
6.413000000000000000e+03
3.637000000000000000e+03
5.995000000000000000e+03
6.354000000000000000e+03
5.385000000000000000e+03
4.195000000000000000e+03
6.114000000000000000e+03
1.670000000000000000e+03
5.590000000000000000e+03
3.172000000000000000e+03
5.773000000000000000e+03
4.374000000000000000e+03
6.763000000000000000e+03
1.027300000000000000e+04
1.342000000000000000e+04
5.427000000000000000e+03
3.327000000000000000e+03
4.293000000000000000e+03
1.383000000000000000e+03
1.185400000000000000e+04
8.108000000000000000e+03
2.323000000000000000e+03
1.459000000000000000e+03
1.838000000000000000e+03
8.399000000000000000e+03
3.549000000000000000e+03
6.570000000000000000e+03
1.985000000000000000e+04
2.322000000000000000e+03
5.755000000000000000e+03
2.089000000000000000e+03
2.897000000000000000e+03
6.690000000000000000e+03
4.666000000000000000e+03
2.458000000000000000e+03
5.571000000000000000e+03
8.053000000000000000e+03
3.293000000000000000e+03
4.883000000000000000e+03
7.096000000000000000e+03
4.327000000000000000e+03
5.006000000000000000e+03
3.618000000000000000e+03
5.179000000000000000e+03
2.534800000000000000e+04
1.232600000000000000e+04
9.375000000000000000e+03
1.808000000000000000e+03
8.742000000000000000e+03
3.331000000000000000e+03
4.047000000000000000e+03
1.771000000000000000e+03
6.847000000000000000e+03
4.054000000000000000e+03
2.154000000000000000e+03
6.352000000000000000e+03
3.624000000000000000e+03
3.442000000000000000e+03
8.297000000000000000e+03
4.516000000000000000e+03
3.410000000000000000e+03
1.522000000000000000e+04
7.934000000000000000e+03
6.055000000000000000e+03
1.801000000000000000e+03
1.471000000000000000e+03
1.386400000000000000e+04
8.513000000000000000e+03
5.412000000000000000e+03
8.294000000000000000e+03
7.348000000000000000e+03
1.952000000000000000e+03
6.920000000000000000e+03
6.555000000000000000e+03
3.912000000000000000e+03
8.783000000000000000e+03
5.811000000000000000e+03
7.070000000000000000e+03
2.597000000000000000e+03
5.353000000000000000e+03
1.245600000000000000e+04
1.182000000000000000e+04
8.820000000000000000e+03
3.502000000000000000e+03
3.751000000000000000e+03
2.786000000000000000e+03
7.752000000000000000e+03
1.340200000000000000e+04
9.940000000000000000e+02
1.800000000000000000e+03
3.803000000000000000e+03
7.530000000000000000e+03
1.135800000000000000e+04
2.950000000000000000e+03
1.990900000000000000e+04
7.072000000000000000e+03
8.567000000000000000e+03
2.302900000000000000e+04
8.922000000000000000e+03
5.974000000000000000e+03
1.181200000000000000e+04
4.390000000000000000e+03
5.796000000000000000e+03
5.714000000000000000e+03
2.364000000000000000e+03
2.764000000000000000e+03
1.786800000000000000e+04
9.384000000000000000e+03
6.045000000000000000e+03
2.046100000000000000e+04
4.601000000000000000e+03
1.935000000000000000e+03
1.579900000000000000e+04
1.404500000000000000e+04
2.552000000000000000e+03
2.431000000000000000e+03
3.433000000000000000e+03
2.258000000000000000e+03
3.569000000000000000e+03
2.957000000000000000e+03
1.628000000000000000e+03
1.100700000000000000e+04
2.436000000000000000e+03
1.446100000000000000e+04
9.452000000000000000e+03
1.331700000000000000e+04
2.465000000000000000e+03
3.022000000000000000e+03
1.257000000000000000e+03
1.094000000000000000e+04
9.556000000000000000e+03
1.584000000000000000e+04
4.209000000000000000e+03
3.222000000000000000e+03
2.587000000000000000e+03
6.023000000000000000e+03
4.466000000000000000e+03
7.404000000000000000e+03
3.788000000000000000e+03
5.405000000000000000e+03
4.013000000000000000e+03
5.338000000000000000e+03
3.503000000000000000e+03
1.252000000000000000e+03
1.987800000000000000e+04
6.853000000000000000e+03
1.398600000000000000e+04
2.884000000000000000e+03
4.591000000000000000e+03
3.332000000000000000e+03
1.723900000000000000e+04
7.867000000000000000e+03
1.690000000000000000e+03
1.995000000000000000e+03
1.786000000000000000e+03
3.931000000000000000e+03
3.672000000000000000e+03
3.932000000000000000e+03
3.961000000000000000e+03
1.052900000000000000e+04
6.038000000000000000e+03
3.161000000000000000e+03
8.809000000000000000e+03
1.312000000000000000e+03
7.127000000000000000e+03
8.844000000000000000e+03
1.367000000000000000e+04
6.496000000000000000e+03
8.827000000000000000e+03
5.210000000000000000e+03
3.590000000000000000e+03
6.057000000000000000e+03
4.634000000000000000e+03
2.268000000000000000e+03
5.018000000000000000e+03
6.511000000000000000e+03
4.205000000000000000e+03
8.713000000000000000e+03
6.326000000000000000e+03
2.282000000000000000e+03
3.501000000000000000e+03
4.529000000000000000e+03
6.328000000000000000e+03
3.325000000000000000e+03
1.876000000000000000e+03
1.163200000000000000e+04
5.665000000000000000e+03
6.168000000000000000e+03
6.020000000000000000e+03
4.245000000000000000e+03
2.604000000000000000e+03
1.776000000000000000e+03
6.108000000000000000e+03
7.208000000000000000e+03
7.854000000000000000e+03
2.389000000000000000e+03
2.261000000000000000e+03
3.170000000000000000e+03
2.581000000000000000e+03
3.985000000000000000e+03
3.475000000000000000e+03
1.419000000000000000e+04
3.516000000000000000e+03
4.126000000000000000e+03
5.859000000000000000e+03
3.899000000000000000e+03
9.063000000000000000e+03
3.429000000000000000e+03
1.198000000000000000e+03
7.011000000000000000e+03
7.165000000000000000e+03
1.138000000000000000e+03
3.520000000000000000e+03
8.124000000000000000e+03
4.489000000000000000e+03
2.060000000000000000e+03
8.489000000000000000e+03
3.880000000000000000e+03
1.512000000000000000e+03
2.667000000000000000e+03
6.653000000000000000e+03
2.324000000000000000e+03
4.669000000000000000e+03
2.400000000000000000e+03
7.767000000000000000e+03
3.602000000000000000e+03
7.346000000000000000e+03
2.406100000000000000e+04
5.918000000000000000e+03
5.961000000000000000e+03
3.172000000000000000e+03
7.985000000000000000e+03
3.212000000000000000e+03
3.905000000000000000e+03
3.430000000000000000e+03
4.659000000000000000e+03
5.160000000000000000e+03
1.145000000000000000e+03
1.176900000000000000e+04
4.766000000000000000e+03
4.533000000000000000e+03
1.126100000000000000e+04
6.113000000000000000e+03
1.990000000000000000e+03
7.334000000000000000e+03
3.229000000000000000e+03
1.184100000000000000e+04
1.641000000000000000e+03
3.652000000000000000e+03
3.534000000000000000e+03
1.934000000000000000e+03
3.096000000000000000e+03
6.632000000000000000e+03
2.060000000000000000e+03
5.722000000000000000e+03
2.380200000000000000e+04
