7.513000000000000000e+03
2.548000000000000000e+03
1.628900000000000000e+04
4.529000000000000000e+03
7.999000000000000000e+03
7.078000000000000000e+03
6.095000000000000000e+03
1.175800000000000000e+04
5.598000000000000000e+03
5.986000000000000000e+03
1.176200000000000000e+04
4.000000000000000000e+03
1.657000000000000000e+03
9.400000000000000000e+03
1.416000000000000000e+04
2.502000000000000000e+03
4.261000000000000000e+03
1.258200000000000000e+04
2.340000000000000000e+03
3.735000000000000000e+03
2.307700000000000000e+04
8.107000000000000000e+03
3.903000000000000000e+03
1.596700000000000000e+04
1.173400000000000000e+04
4.362000000000000000e+03
1.456400000000000000e+04
3.414000000000000000e+03
2.715000000000000000e+03
6.315000000000000000e+03
8.547000000000000000e+03
2.210000000000000000e+03
2.420000000000000000e+03
3.454000000000000000e+03
5.974000000000000000e+03
7.824000000000000000e+03
3.044000000000000000e+03
3.855000000000000000e+03
4.150000000000000000e+03
1.537900000000000000e+04
4.672000000000000000e+03
1.262200000000000000e+04
5.391000000000000000e+03
5.089000000000000000e+03
4.078000000000000000e+03
7.404000000000000000e+03
1.232700000000000000e+04
9.534000000000000000e+03
8.114000000000000000e+03
2.382000000000000000e+03
1.550700000000000000e+04
1.079700000000000000e+04
3.103000000000000000e+03
7.448000000000000000e+03
5.095000000000000000e+03
1.385700000000000000e+04
8.162000000000000000e+03
3.622000000000000000e+03
3.919000000000000000e+03
6.148000000000000000e+03
3.355000000000000000e+03
6.911000000000000000e+03
7.055000000000000000e+03
1.945200000000000000e+04
8.889000000000000000e+03
4.179000000000000000e+03
7.449000000000000000e+03
2.793000000000000000e+03
4.561000000000000000e+03
3.974000000000000000e+03
7.381000000000000000e+03
6.352000000000000000e+03
1.233500000000000000e+04
7.229000000000000000e+03
8.432000000000000000e+03
8.585000000000000000e+03
3.278000000000000000e+03
1.770000000000000000e+03
2.164000000000000000e+03
7.079000000000000000e+03
8.783000000000000000e+03
4.395000000000000000e+03
5.206000000000000000e+03
2.449000000000000000e+03
5.221000000000000000e+03
3.643000000000000000e+03
1.472100000000000000e+04
7.953000000000000000e+03
2.782000000000000000e+03
9.649000000000000000e+03
1.983800000000000000e+04
9.750000000000000000e+03
4.973000000000000000e+03
4.969000000000000000e+03
5.650000000000000000e+03
2.514000000000000000e+03
4.646000000000000000e+03
1.094500000000000000e+04
1.577700000000000000e+04
1.922000000000000000e+03
5.075000000000000000e+03
6.494000000000000000e+03
4.120000000000000000e+03
4.870000000000000000e+03
6.679000000000000000e+03
6.437000000000000000e+03
3.871000000000000000e+03
3.049000000000000000e+03
7.384000000000000000e+03
3.856000000000000000e+03
1.044300000000000000e+04
6.938000000000000000e+03
7.060000000000000000e+03
1.356000000000000000e+03
2.713000000000000000e+03
4.693000000000000000e+03
6.084000000000000000e+03
1.410100000000000000e+04
4.420000000000000000e+03
1.112200000000000000e+04
5.135000000000000000e+03
4.034000000000000000e+03
6.753000000000000000e+03
3.469000000000000000e+03
7.804000000000000000e+03
1.098000000000000000e+03
1.071700000000000000e+04
4.902000000000000000e+03
1.085000000000000000e+04
1.263000000000000000e+03
9.869000000000000000e+03
3.584000000000000000e+03
8.731000000000000000e+03
7.866000000000000000e+03
2.350000000000000000e+03
2.544000000000000000e+03
3.398000000000000000e+03
5.666000000000000000e+03
6.244000000000000000e+03
1.074500000000000000e+04
3.467000000000000000e+03
3.947000000000000000e+03
1.638000000000000000e+03
2.768000000000000000e+03
1.027000000000000000e+04
8.800000000000000000e+03
1.210000000000000000e+03
9.527000000000000000e+03
4.762000000000000000e+03
2.395000000000000000e+03
8.939000000000000000e+03
6.253000000000000000e+03
2.248000000000000000e+03
8.711000000000000000e+03
4.004000000000000000e+03
3.231000000000000000e+03
8.610000000000000000e+03
4.088000000000000000e+03
8.372000000000000000e+03
1.558000000000000000e+03
7.645000000000000000e+03
7.579000000000000000e+03
9.882000000000000000e+03
4.785000000000000000e+03
2.079000000000000000e+03
3.320000000000000000e+03
4.404000000000000000e+03
4.885000000000000000e+03
8.571000000000000000e+03
4.177000000000000000e+03
4.156000000000000000e+03
1.871200000000000000e+04
8.630000000000000000e+03
1.731000000000000000e+03
3.521000000000000000e+03
3.890000000000000000e+03
2.908000000000000000e+03
3.768000000000000000e+03
3.500000000000000000e+03
1.218500000000000000e+04
1.020800000000000000e+04
1.059000000000000000e+04
1.310600000000000000e+04
2.842000000000000000e+03
2.622000000000000000e+03
1.066800000000000000e+04
4.359200000000000000e+04
3.491000000000000000e+03
9.644000000000000000e+03
5.698000000000000000e+03
6.603000000000000000e+03
1.173700000000000000e+04
9.037000000000000000e+03
3.409000000000000000e+03
5.172000000000000000e+03
5.904000000000000000e+03
7.547000000000000000e+03
4.275000000000000000e+03
1.331000000000000000e+03
1.031500000000000000e+04
3.256000000000000000e+03
8.269000000000000000e+03
5.052000000000000000e+03
5.022000000000000000e+03
7.548000000000000000e+03
4.057000000000000000e+03
3.604000000000000000e+03
1.669800000000000000e+04
4.820000000000000000e+03
5.447000000000000000e+03
1.106500000000000000e+04
4.911000000000000000e+03
4.219000000000000000e+03
4.359000000000000000e+03
1.643300000000000000e+04
3.773000000000000000e+03
7.827000000000000000e+03
5.050000000000000000e+03
9.341000000000000000e+03
3.455000000000000000e+03
1.164600000000000000e+04
2.047500000000000000e+04
2.761000000000000000e+03
3.394000000000000000e+03
5.331000000000000000e+03
1.799000000000000000e+03
4.725000000000000000e+03
3.987000000000000000e+03
8.182000000000000000e+03
2.091000000000000000e+03
4.143000000000000000e+03
1.162600000000000000e+04
5.062000000000000000e+03
1.574800000000000000e+04
1.625400000000000000e+04
4.182000000000000000e+03
6.979000000000000000e+03
2.564900000000000000e+04
1.083300000000000000e+04
7.714000000000000000e+03
8.497000000000000000e+03
3.453000000000000000e+03
4.428000000000000000e+03
1.664600000000000000e+04
6.949000000000000000e+03
9.025000000000000000e+03
5.212000000000000000e+03
1.345100000000000000e+04
1.033000000000000000e+04
4.320000000000000000e+03
1.204900000000000000e+04
3.668000000000000000e+03
4.509000000000000000e+03
6.740000000000000000e+03
5.983000000000000000e+03
4.287000000000000000e+03
1.788000000000000000e+03
3.398700000000000000e+04
1.307400000000000000e+04
1.863600000000000000e+04
3.347000000000000000e+03
3.555000000000000000e+03
3.812000000000000000e+03
5.535000000000000000e+03
1.995000000000000000e+03
8.469000000000000000e+03
6.211000000000000000e+03
8.705000000000000000e+03
5.646000000000000000e+03
1.969000000000000000e+03
1.749000000000000000e+03
2.240000000000000000e+03
5.811000000000000000e+03
6.974000000000000000e+03
1.859800000000000000e+04
4.103000000000000000e+03
7.488000000000000000e+03
4.102000000000000000e+03
3.054000000000000000e+03
1.143000000000000000e+04
3.495000000000000000e+03
1.291500000000000000e+04
1.145800000000000000e+04
6.974000000000000000e+03
1.087600000000000000e+04
3.915000000000000000e+03
2.352000000000000000e+03
6.384000000000000000e+03
1.402500000000000000e+04
6.499000000000000000e+03
8.889000000000000000e+03
1.218800000000000000e+04
4.933000000000000000e+03
8.668000000000000000e+03
4.461000000000000000e+03
8.099000000000000000e+03
3.770000000000000000e+03
3.209000000000000000e+03
9.161000000000000000e+03
6.612000000000000000e+03
5.686000000000000000e+03
2.899000000000000000e+03
4.247000000000000000e+03
5.518000000000000000e+03
4.427000000000000000e+03
2.359400000000000000e+04
6.114000000000000000e+03
2.728000000000000000e+03
1.861000000000000000e+03
3.245000000000000000e+03
1.385200000000000000e+04
1.821000000000000000e+03
5.350000000000000000e+03
4.909000000000000000e+03
3.111000000000000000e+03
4.574000000000000000e+03
5.422000000000000000e+03
6.575000000000000000e+03
2.970000000000000000e+03
4.787000000000000000e+03
3.241000000000000000e+03
8.502000000000000000e+03
7.114000000000000000e+03
2.256000000000000000e+03
3.596000000000000000e+03
7.511000000000000000e+03
8.779000000000000000e+03
7.625000000000000000e+03
2.393000000000000000e+03
1.339100000000000000e+04
7.654000000000000000e+03
4.368000000000000000e+03
1.630000000000000000e+03
4.832000000000000000e+03
1.256500000000000000e+04
9.538000000000000000e+03
1.828000000000000000e+04
6.846000000000000000e+03
7.844000000000000000e+03
1.951000000000000000e+03
6.504000000000000000e+03
2.019000000000000000e+03
3.032000000000000000e+03
6.632000000000000000e+03
2.538000000000000000e+03
9.160000000000000000e+03
2.641000000000000000e+03
3.051000000000000000e+03
1.065000000000000000e+04
1.252000000000000000e+03
5.629000000000000000e+03
1.165300000000000000e+04
4.800000000000000000e+03
1.712000000000000000e+03
2.625000000000000000e+03
1.608600000000000000e+04
1.643700000000000000e+04
4.567000000000000000e+03
3.081000000000000000e+03
2.929000000000000000e+03
2.666000000000000000e+03
1.233400000000000000e+04
3.333000000000000000e+03
4.053000000000000000e+03
1.648000000000000000e+03
1.446900000000000000e+04
1.105200000000000000e+04
2.832000000000000000e+03
6.490000000000000000e+03
4.034000000000000000e+03
9.409000000000000000e+03
7.763000000000000000e+03
9.678000000000000000e+03
2.205800000000000000e+04
1.162200000000000000e+04
1.638000000000000000e+03
1.408900000000000000e+04
2.413000000000000000e+03
4.888000000000000000e+03
4.278000000000000000e+03
1.648800000000000000e+04
2.547000000000000000e+03
1.434300000000000000e+04
3.651000000000000000e+03
1.382700000000000000e+04
8.008000000000000000e+03
3.423000000000000000e+03
2.256000000000000000e+03
5.549000000000000000e+03
1.719000000000000000e+03
4.137000000000000000e+03
4.070000000000000000e+03
3.696000000000000000e+03
1.304000000000000000e+04
2.981000000000000000e+03
3.865000000000000000e+03
7.628000000000000000e+03
8.160000000000000000e+03
2.008000000000000000e+03
2.851000000000000000e+03
4.808000000000000000e+03
1.189800000000000000e+04
2.241000000000000000e+03
3.197000000000000000e+03
1.158700000000000000e+04
3.470000000000000000e+03
9.069000000000000000e+03
4.763000000000000000e+03
4.593000000000000000e+03
2.219200000000000000e+04
1.453900000000000000e+04
7.452000000000000000e+03
1.702300000000000000e+04
2.970000000000000000e+03
9.622000000000000000e+03
4.937000000000000000e+03
9.065000000000000000e+03
5.567000000000000000e+03
4.357000000000000000e+03
4.301000000000000000e+03
3.887000000000000000e+03
1.312100000000000000e+04
3.251000000000000000e+03
4.114000000000000000e+03
2.416000000000000000e+03
6.551000000000000000e+03
2.638000000000000000e+03
5.424000000000000000e+03
1.175000000000000000e+03
1.271200000000000000e+04
3.019000000000000000e+03
1.020300000000000000e+04
7.415000000000000000e+03
7.550000000000000000e+03
7.515000000000000000e+03
8.732000000000000000e+03
1.057500000000000000e+04
1.573400000000000000e+04
8.804000000000000000e+03
1.006500000000000000e+04
9.860000000000000000e+03
1.412000000000000000e+04
7.767000000000000000e+03
1.198800000000000000e+04
3.981000000000000000e+03
3.454000000000000000e+03
4.253000000000000000e+03
3.356000000000000000e+03
1.190300000000000000e+04
1.102100000000000000e+04
1.129900000000000000e+04
5.329000000000000000e+03
9.164000000000000000e+03
5.500000000000000000e+03
4.068000000000000000e+03
7.456000000000000000e+03
7.194000000000000000e+03
6.325000000000000000e+03
8.584000000000000000e+03
1.505100000000000000e+04
5.488000000000000000e+03
3.047000000000000000e+03
9.214000000000000000e+03
7.008000000000000000e+03
3.197000000000000000e+03
1.113900000000000000e+04
8.685000000000000000e+03
3.895000000000000000e+03
9.616000000000000000e+03
2.004000000000000000e+03
2.811000000000000000e+03
6.766000000000000000e+03
6.146000000000000000e+03
2.259000000000000000e+03
1.359900000000000000e+04
2.176000000000000000e+03
3.918000000000000000e+03
1.450700000000000000e+04
1.429700000000000000e+04
1.180000000000000000e+04
2.609000000000000000e+03
2.921000000000000000e+03
7.894000000000000000e+03
1.385200000000000000e+04
9.740000000000000000e+03
3.126000000000000000e+03
2.877000000000000000e+03
6.191000000000000000e+03
4.747000000000000000e+03
5.749000000000000000e+03
5.601000000000000000e+03
3.077000000000000000e+03
6.128000000000000000e+03
1.469400000000000000e+04
1.368000000000000000e+03
5.083000000000000000e+03
1.584100000000000000e+04
2.102400000000000000e+04
5.435000000000000000e+03
1.145900000000000000e+04
5.201000000000000000e+03
4.213000000000000000e+03
8.582000000000000000e+03
1.092000000000000000e+04
4.429000000000000000e+03
8.881000000000000000e+03
6.849000000000000000e+03
1.503700000000000000e+04
7.103000000000000000e+03
5.749000000000000000e+03
3.349000000000000000e+03
1.647000000000000000e+03
4.005000000000000000e+03
1.237000000000000000e+03
5.389000000000000000e+03
2.667000000000000000e+03
3.948000000000000000e+03
1.143500000000000000e+04
4.621000000000000000e+03
7.085000000000000000e+03
6.276000000000000000e+03
3.182000000000000000e+03
7.363000000000000000e+03
5.595000000000000000e+03
9.076000000000000000e+03
4.467000000000000000e+03
3.525000000000000000e+03
4.058000000000000000e+03
1.358700000000000000e+04
4.812000000000000000e+03
1.642300000000000000e+04
2.309000000000000000e+03
9.385000000000000000e+03
1.626000000000000000e+04
4.124000000000000000e+03
5.876000000000000000e+03
3.282000000000000000e+03
3.000000000000000000e+03
6.994000000000000000e+03
4.606000000000000000e+03
5.903000000000000000e+03
4.839000000000000000e+03
5.423000000000000000e+03
1.053600000000000000e+04
5.947000000000000000e+03
3.825000000000000000e+03
5.391000000000000000e+03
1.969000000000000000e+03
2.665000000000000000e+03
9.168000000000000000e+03
6.901000000000000000e+03
1.527100000000000000e+04
8.544000000000000000e+03
5.141000000000000000e+03
2.382000000000000000e+03
7.029000000000000000e+03
1.006100000000000000e+04
1.383000000000000000e+04
4.487000000000000000e+03
7.909000000000000000e+03
2.797000000000000000e+03
1.039900000000000000e+04
2.971000000000000000e+03
6.367000000000000000e+03
8.319000000000000000e+03
3.355000000000000000e+03
1.359100000000000000e+04
2.866000000000000000e+03
1.087300000000000000e+04
1.267300000000000000e+04
2.991000000000000000e+03
1.402500000000000000e+04
1.448600000000000000e+04
3.248000000000000000e+03
3.807000000000000000e+03
6.005000000000000000e+03
2.359000000000000000e+03
5.885000000000000000e+03
9.681000000000000000e+03
2.682000000000000000e+03
7.266000000000000000e+03
4.046000000000000000e+03
7.785000000000000000e+03
6.730000000000000000e+03
1.101000000000000000e+04
5.073000000000000000e+03
1.611800000000000000e+04
1.001900000000000000e+04
6.214000000000000000e+03
1.589500000000000000e+04
7.630000000000000000e+03
3.335900000000000000e+04
6.187000000000000000e+03
5.563000000000000000e+03
9.512000000000000000e+03
6.460000000000000000e+03
4.934000000000000000e+03
9.917000000000000000e+03
2.057600000000000000e+04
7.429000000000000000e+03
4.869000000000000000e+03
1.171100000000000000e+04
1.702500000000000000e+04
6.880000000000000000e+03
2.834000000000000000e+03
3.239000000000000000e+04
1.840900000000000000e+04
1.674500000000000000e+04
5.207000000000000000e+03
6.017000000000000000e+03
2.401000000000000000e+03
1.603800000000000000e+04
1.717000000000000000e+04
3.107000000000000000e+03
4.448000000000000000e+03
2.017000000000000000e+03
5.866000000000000000e+03
2.815000000000000000e+03
3.083000000000000000e+03
4.845000000000000000e+03
1.204200000000000000e+04
3.420000000000000000e+03
1.048200000000000000e+04
6.093000000000000000e+03
1.045400000000000000e+04
4.832000000000000000e+03
7.324000000000000000e+03
4.500000000000000000e+03
3.536000000000000000e+03
6.286000000000000000e+03
3.918000000000000000e+03
1.021200000000000000e+04
1.862200000000000000e+04
1.316800000000000000e+04
3.659000000000000000e+03
1.041100000000000000e+04
3.130000000000000000e+03
1.686100000000000000e+04
4.366000000000000000e+03
1.485800000000000000e+04
4.216000000000000000e+03
7.325000000000000000e+03
6.629000000000000000e+03
4.169000000000000000e+03
2.016000000000000000e+03
6.979000000000000000e+03
2.989000000000000000e+03
1.257800000000000000e+04
1.201000000000000000e+04
1.834100000000000000e+04
9.945000000000000000e+03
3.695000000000000000e+03
3.551000000000000000e+03
4.554000000000000000e+03
5.227000000000000000e+03
9.013000000000000000e+03
7.370000000000000000e+03
2.681000000000000000e+03
1.178900000000000000e+04
4.066000000000000000e+03
9.711000000000000000e+03
6.254000000000000000e+03
3.969000000000000000e+03
2.211000000000000000e+03
2.799000000000000000e+03
1.346500000000000000e+04
3.576000000000000000e+03
4.194000000000000000e+03
4.289000000000000000e+03
6.183000000000000000e+03
9.288000000000000000e+03
9.432000000000000000e+03
3.985000000000000000e+03
2.836000000000000000e+03
2.999000000000000000e+03
2.941000000000000000e+03
2.847000000000000000e+03
3.025000000000000000e+03
1.591000000000000000e+03
4.620000000000000000e+03
6.936000000000000000e+03
2.978000000000000000e+03
1.293400000000000000e+04
5.561000000000000000e+03
3.353000000000000000e+03
2.285000000000000000e+03
3.232000000000000000e+03
2.717000000000000000e+03
4.068000000000000000e+03
1.330700000000000000e+04
9.457000000000000000e+03
2.234000000000000000e+03
4.780000000000000000e+03
1.721200000000000000e+04
4.861000000000000000e+03
2.757000000000000000e+03
7.365000000000000000e+03
1.329300000000000000e+04
6.304000000000000000e+03
4.591000000000000000e+03
2.131000000000000000e+03
5.702000000000000000e+03
3.829000000000000000e+03
5.501000000000000000e+03
1.443400000000000000e+04
4.611000000000000000e+03
5.452000000000000000e+03
5.925000000000000000e+03
4.186000000000000000e+03
5.319000000000000000e+03
6.943000000000000000e+03
1.053400000000000000e+04
8.223000000000000000e+03
4.519000000000000000e+03
1.460000000000000000e+03
5.683000000000000000e+03
1.813000000000000000e+03
6.112000000000000000e+03
3.509000000000000000e+03
5.415000000000000000e+03
4.676000000000000000e+03
8.740000000000000000e+03
4.706000000000000000e+03
3.628000000000000000e+03
5.662000000000000000e+03
5.845000000000000000e+03
2.042000000000000000e+03
1.035300000000000000e+04
1.918000000000000000e+03
1.201100000000000000e+04
1.121600000000000000e+04
5.317000000000000000e+03
1.021300000000000000e+04
1.086000000000000000e+04
2.041000000000000000e+03
1.582600000000000000e+04
8.494000000000000000e+03
2.747000000000000000e+04
9.810000000000000000e+02
3.239000000000000000e+03
1.018400000000000000e+04
6.686000000000000000e+03
5.189000000000000000e+03
1.871200000000000000e+04
1.937000000000000000e+03
2.365000000000000000e+03
4.442000000000000000e+03
3.585000000000000000e+03
1.397000000000000000e+03
8.123000000000000000e+03
8.615000000000000000e+03
6.001000000000000000e+03
3.106000000000000000e+03
1.326300000000000000e+04
5.565000000000000000e+03
8.607000000000000000e+03
1.063400000000000000e+04
1.753000000000000000e+03
3.225000000000000000e+03
3.651000000000000000e+03
8.172000000000000000e+03
4.595000000000000000e+03
4.051000000000000000e+03
8.991000000000000000e+03
1.182000000000000000e+04
6.232000000000000000e+03
1.093200000000000000e+04
2.756000000000000000e+03
7.673000000000000000e+03
1.159200000000000000e+04
1.431000000000000000e+03
1.024200000000000000e+04
9.742000000000000000e+03
8.271000000000000000e+03
1.320700000000000000e+04
1.127800000000000000e+04
1.223500000000000000e+04
1.355000000000000000e+04
9.513000000000000000e+03
3.417000000000000000e+03
5.851000000000000000e+03
3.183000000000000000e+03
5.622000000000000000e+03
7.616000000000000000e+03
1.987000000000000000e+03
1.305000000000000000e+03
6.107000000000000000e+03
1.292600000000000000e+04
7.473000000000000000e+03
4.482000000000000000e+03
1.243000000000000000e+04
1.239700000000000000e+04
4.047000000000000000e+03
5.669000000000000000e+03
2.841000000000000000e+03
7.565000000000000000e+03
2.502000000000000000e+03
2.571400000000000000e+04
2.049600000000000000e+04
6.199000000000000000e+03
5.546000000000000000e+03
2.133000000000000000e+03
1.677000000000000000e+03
4.307000000000000000e+03
1.121400000000000000e+04
4.215000000000000000e+03
3.579000000000000000e+03
7.834000000000000000e+03
5.317000000000000000e+03
7.201000000000000000e+03
1.481500000000000000e+04
3.893000000000000000e+03
6.831000000000000000e+03
1.195300000000000000e+04
4.304000000000000000e+03
1.617000000000000000e+03
2.509000000000000000e+03
2.347000000000000000e+03
9.960000000000000000e+03
1.123600000000000000e+04
2.964000000000000000e+03
5.582000000000000000e+03
6.608000000000000000e+03
1.129700000000000000e+04
5.200000000000000000e+03
1.226700000000000000e+04
7.580000000000000000e+03
1.645800000000000000e+04
3.628000000000000000e+03
5.474000000000000000e+03
8.863000000000000000e+03
4.370000000000000000e+03
1.903000000000000000e+03
6.915000000000000000e+03
8.877000000000000000e+03
3.734000000000000000e+03
1.201400000000000000e+04
4.757000000000000000e+03
3.438000000000000000e+03
9.981000000000000000e+03
6.657000000000000000e+03
1.252200000000000000e+04
7.724000000000000000e+03
9.063000000000000000e+03
5.411000000000000000e+03
2.480000000000000000e+03
3.909000000000000000e+03
3.474000000000000000e+03
5.707000000000000000e+03
5.919000000000000000e+03
9.375000000000000000e+03
3.261000000000000000e+03
2.397200000000000000e+04
2.587000000000000000e+03
2.646000000000000000e+03
1.062100000000000000e+04
7.280000000000000000e+03
4.932000000000000000e+03
1.343200000000000000e+04
2.510000000000000000e+03
3.528000000000000000e+03
8.070000000000000000e+03
4.506000000000000000e+03
1.099000000000000000e+03
3.561000000000000000e+03
1.250800000000000000e+04
9.505000000000000000e+03
3.908000000000000000e+03
6.242000000000000000e+03
5.931000000000000000e+03
8.100000000000000000e+03
3.290000000000000000e+03
2.600000000000000000e+03
4.830000000000000000e+03
5.750000000000000000e+03
1.553300000000000000e+04
4.833000000000000000e+03
4.833000000000000000e+03
1.972000000000000000e+03
3.110000000000000000e+03
2.665000000000000000e+03
4.242000000000000000e+03
4.065000000000000000e+03
5.099000000000000000e+03
8.045000000000000000e+03
2.317000000000000000e+03
1.882000000000000000e+03
7.896000000000000000e+03
6.917000000000000000e+03
5.247000000000000000e+03
2.426000000000000000e+03
7.635000000000000000e+03
2.002500000000000000e+04
1.237800000000000000e+04
3.919000000000000000e+03
1.151800000000000000e+04
5.502000000000000000e+03
6.477000000000000000e+03
1.852000000000000000e+03
9.401000000000000000e+03
3.511000000000000000e+03
4.511000000000000000e+03
4.257000000000000000e+03
4.955000000000000000e+03
1.496800000000000000e+04
4.168000000000000000e+03
1.197100000000000000e+04
7.828000000000000000e+03
7.676000000000000000e+03
2.817000000000000000e+03
7.780000000000000000e+03
3.043000000000000000e+03
5.467000000000000000e+03
9.356000000000000000e+03
2.978000000000000000e+03
4.362000000000000000e+03
7.167000000000000000e+03
1.352000000000000000e+03
1.170000000000000000e+04
1.643000000000000000e+03
4.374000000000000000e+03
4.602000000000000000e+03
8.739000000000000000e+03
2.066000000000000000e+03
1.059800000000000000e+04
3.029000000000000000e+03
5.756000000000000000e+03
6.037000000000000000e+03
2.672000000000000000e+03
8.064000000000000000e+03
9.624000000000000000e+03
8.750000000000000000e+03
7.100000000000000000e+03
4.082000000000000000e+03
9.668000000000000000e+03
5.138000000000000000e+03
1.277200000000000000e+04
1.404700000000000000e+04
3.684000000000000000e+03
1.825000000000000000e+03
4.135000000000000000e+03
6.817000000000000000e+03
3.800000000000000000e+03
5.323000000000000000e+03
3.277000000000000000e+03
3.224000000000000000e+03
4.522000000000000000e+03
2.681000000000000000e+03
7.132000000000000000e+03
1.679100000000000000e+04
6.758000000000000000e+03
7.389000000000000000e+03
1.337000000000000000e+03
1.968000000000000000e+03
3.706000000000000000e+03
1.661200000000000000e+04
8.709000000000000000e+03
6.673000000000000000e+03
7.998000000000000000e+03
7.759000000000000000e+03
2.654000000000000000e+03
8.882000000000000000e+03
1.644900000000000000e+04
8.201000000000000000e+03
2.647000000000000000e+03
1.243100000000000000e+04
2.221500000000000000e+04
8.329000000000000000e+03
3.958000000000000000e+03
2.280000000000000000e+03
4.737000000000000000e+03
9.852000000000000000e+03
3.923000000000000000e+03
8.505000000000000000e+03
3.248000000000000000e+03
8.645000000000000000e+03
1.748000000000000000e+03
2.232000000000000000e+03
9.486000000000000000e+03
6.051000000000000000e+03
2.105000000000000000e+03
9.956000000000000000e+03
5.460000000000000000e+03
3.552000000000000000e+03
3.069000000000000000e+03
9.740000000000000000e+03
6.466000000000000000e+03
1.645800000000000000e+04
2.799000000000000000e+03
1.415900000000000000e+04
3.705000000000000000e+03
4.881000000000000000e+03
1.870000000000000000e+03
6.162000000000000000e+03
8.975000000000000000e+03
1.436000000000000000e+03
8.183000000000000000e+03
7.250000000000000000e+03
2.553000000000000000e+03
7.419000000000000000e+03
