7.180000000000000000e+02
1.878000000000000000e+03
1.874000000000000000e+03
5.010000000000000000e+02
2.260000000000000000e+02
2.850000000000000000e+02
1.184000000000000000e+03
1.436000000000000000e+03
6.900000000000000000e+02
7.100000000000000000e+02
5.650000000000000000e+02
3.000000000000000000e+02
5.420000000000000000e+02
9.780000000000000000e+02
1.633000000000000000e+03
1.431000000000000000e+03
2.670000000000000000e+02
5.650000000000000000e+02
4.010000000000000000e+02
4.610000000000000000e+02
3.224000000000000000e+03
6.460000000000000000e+02
1.354000000000000000e+03
1.254000000000000000e+03
8.050000000000000000e+02
1.102000000000000000e+03
6.210000000000000000e+02
4.690000000000000000e+02
3.972000000000000000e+03
8.410000000000000000e+02
7.240000000000000000e+02
3.010000000000000000e+02
2.710000000000000000e+02
3.820000000000000000e+02
8.200000000000000000e+02
2.336000000000000000e+03
1.064000000000000000e+03
3.600000000000000000e+02
8.880000000000000000e+02
1.122000000000000000e+03
3.639000000000000000e+03
6.710000000000000000e+02
1.230000000000000000e+03
8.510000000000000000e+02
5.440000000000000000e+02
8.190000000000000000e+02
6.510000000000000000e+02
1.327000000000000000e+03
2.870000000000000000e+02
1.339000000000000000e+03
5.480000000000000000e+02
5.250000000000000000e+02
1.443000000000000000e+03
1.212000000000000000e+03
1.387000000000000000e+03
4.980000000000000000e+02
9.040000000000000000e+02
4.920000000000000000e+02
4.500000000000000000e+02
3.280000000000000000e+02
2.190000000000000000e+02
2.190000000000000000e+02
7.740000000000000000e+02
4.670000000000000000e+02
8.130000000000000000e+02
8.150000000000000000e+02
5.560000000000000000e+02
7.180000000000000000e+02
1.540000000000000000e+02
5.380000000000000000e+02
8.110000000000000000e+02
1.618000000000000000e+03
3.320000000000000000e+02
9.930000000000000000e+02
3.460000000000000000e+02
7.300000000000000000e+02
4.410000000000000000e+02
1.074000000000000000e+03
9.680000000000000000e+02
9.340000000000000000e+02
1.596000000000000000e+03
9.420000000000000000e+02
1.396000000000000000e+03
1.059000000000000000e+03
8.790000000000000000e+02
7.830000000000000000e+02
1.248000000000000000e+03
2.278000000000000000e+03
8.960000000000000000e+02
7.760000000000000000e+02
7.250000000000000000e+02
5.090000000000000000e+02
1.439000000000000000e+03
6.520000000000000000e+02
3.470000000000000000e+02
1.917000000000000000e+03
1.094000000000000000e+03
3.600000000000000000e+02
5.510000000000000000e+02
7.110000000000000000e+02
6.300000000000000000e+02
5.870000000000000000e+02
9.030000000000000000e+02
3.470000000000000000e+02
4.710000000000000000e+02
8.930000000000000000e+02
3.900000000000000000e+02
8.900000000000000000e+02
5.110000000000000000e+02
2.850000000000000000e+02
2.161000000000000000e+03
8.560000000000000000e+02
6.110000000000000000e+02
1.640000000000000000e+03
8.860000000000000000e+02
1.343000000000000000e+03
9.730000000000000000e+02
2.326000000000000000e+03
5.000000000000000000e+02
9.000000000000000000e+02
6.590000000000000000e+02
1.719000000000000000e+03
8.420000000000000000e+02
1.483000000000000000e+03
7.270000000000000000e+02
3.330000000000000000e+02
7.780000000000000000e+02
6.890000000000000000e+02
3.850000000000000000e+02
8.570000000000000000e+02
1.140000000000000000e+03
9.030000000000000000e+02
5.000000000000000000e+02
1.575000000000000000e+03
1.899000000000000000e+03
1.207000000000000000e+03
8.440000000000000000e+02
4.380000000000000000e+02
1.119000000000000000e+03
1.869000000000000000e+03
5.060000000000000000e+02
1.258000000000000000e+03
2.213000000000000000e+03
1.458000000000000000e+03
3.210000000000000000e+02
4.590000000000000000e+02
4.070000000000000000e+02
6.590000000000000000e+02
5.200000000000000000e+02
8.460000000000000000e+02
3.910000000000000000e+02
1.048000000000000000e+03
4.000000000000000000e+02
5.430000000000000000e+02
5.300000000000000000e+02
3.420000000000000000e+02
3.760000000000000000e+02
4.130000000000000000e+02
5.170000000000000000e+02
1.512000000000000000e+03
9.930000000000000000e+02
4.550000000000000000e+02
1.247000000000000000e+03
4.120000000000000000e+02
1.444000000000000000e+03
8.130000000000000000e+02
7.990000000000000000e+02
6.280000000000000000e+02
1.471000000000000000e+03
6.650000000000000000e+02
8.630000000000000000e+02
8.880000000000000000e+02
7.150000000000000000e+02
1.930000000000000000e+03
1.101000000000000000e+03
5.910000000000000000e+02
8.360000000000000000e+02
1.508000000000000000e+03
1.582000000000000000e+03
6.860000000000000000e+02
6.730000000000000000e+02
6.850000000000000000e+02
8.500000000000000000e+02
1.248000000000000000e+03
1.397000000000000000e+03
1.430000000000000000e+03
4.240000000000000000e+02
1.254000000000000000e+03
6.100000000000000000e+02
1.302000000000000000e+03
4.160000000000000000e+02
8.680000000000000000e+02
5.790000000000000000e+02
4.740000000000000000e+02
2.155000000000000000e+03
1.753000000000000000e+03
1.084000000000000000e+03
6.420000000000000000e+02
6.740000000000000000e+02
5.040000000000000000e+02
8.240000000000000000e+02
8.500000000000000000e+02
9.180000000000000000e+02
8.700000000000000000e+02
8.920000000000000000e+02
5.940000000000000000e+02
8.810000000000000000e+02
4.630000000000000000e+02
2.040000000000000000e+02
5.970000000000000000e+02
8.270000000000000000e+02
5.620000000000000000e+02
8.150000000000000000e+02
1.086000000000000000e+03
7.990000000000000000e+02
7.270000000000000000e+02
5.660000000000000000e+02
2.605000000000000000e+03
1.031000000000000000e+03
8.060000000000000000e+02
4.810000000000000000e+02
7.290000000000000000e+02
4.860000000000000000e+02
4.200000000000000000e+02
7.330000000000000000e+02
6.910000000000000000e+02
4.950000000000000000e+02
1.771000000000000000e+03
9.150000000000000000e+02
1.825000000000000000e+03
5.290000000000000000e+02
9.060000000000000000e+02
4.420000000000000000e+02
9.120000000000000000e+02
1.194000000000000000e+03
7.750000000000000000e+02
3.570000000000000000e+02
1.480000000000000000e+03
1.732000000000000000e+03
2.410000000000000000e+02
7.950000000000000000e+02
2.076000000000000000e+03
7.230000000000000000e+02
9.780000000000000000e+02
6.690000000000000000e+02
5.620000000000000000e+02
1.105000000000000000e+03
6.860000000000000000e+02
3.550000000000000000e+02
1.253000000000000000e+03
2.420000000000000000e+03
2.760000000000000000e+02
1.740000000000000000e+02
5.660000000000000000e+02
1.269000000000000000e+03
5.440000000000000000e+02
8.100000000000000000e+02
9.170000000000000000e+02
1.123000000000000000e+03
6.880000000000000000e+02
6.980000000000000000e+02
9.530000000000000000e+02
6.920000000000000000e+02
8.690000000000000000e+02
5.430000000000000000e+02
5.850000000000000000e+02
1.376000000000000000e+03
1.455000000000000000e+03
7.060000000000000000e+02
2.230000000000000000e+02
6.260000000000000000e+02
9.200000000000000000e+02
8.420000000000000000e+02
7.880000000000000000e+02
3.670000000000000000e+02
4.720000000000000000e+02
1.092000000000000000e+03
6.490000000000000000e+02
2.590000000000000000e+02
3.340000000000000000e+02
4.090000000000000000e+02
1.148000000000000000e+03
1.023000000000000000e+03
5.480000000000000000e+02
6.270000000000000000e+02
3.900000000000000000e+02
1.016000000000000000e+03
1.194000000000000000e+03
7.190000000000000000e+02
1.780000000000000000e+03
1.138000000000000000e+03
1.019000000000000000e+03
9.350000000000000000e+02
5.180000000000000000e+02
9.500000000000000000e+02
4.930000000000000000e+02
9.690000000000000000e+02
9.820000000000000000e+02
9.710000000000000000e+02
8.420000000000000000e+02
1.960000000000000000e+03
1.003000000000000000e+03
1.400000000000000000e+03
9.770000000000000000e+02
3.260000000000000000e+02
4.830000000000000000e+02
1.097000000000000000e+03
4.380000000000000000e+02
1.000000000000000000e+03
8.210000000000000000e+02
1.395000000000000000e+03
7.900000000000000000e+02
5.650000000000000000e+02
3.950000000000000000e+02
7.590000000000000000e+02
8.670000000000000000e+02
1.990000000000000000e+02
1.134000000000000000e+03
3.970000000000000000e+02
3.700000000000000000e+02
9.300000000000000000e+02
1.051000000000000000e+03
1.278000000000000000e+03
6.350000000000000000e+02
4.440000000000000000e+02
9.090000000000000000e+02
4.510000000000000000e+02
2.040000000000000000e+02
4.030000000000000000e+02
8.720000000000000000e+02
8.840000000000000000e+02
5.690000000000000000e+02
4.010000000000000000e+02
3.800000000000000000e+02
6.780000000000000000e+02
4.680000000000000000e+02
1.100000000000000000e+03
4.640000000000000000e+02
6.910000000000000000e+02
4.330000000000000000e+02
3.880000000000000000e+02
1.111000000000000000e+03
9.150000000000000000e+02
6.160000000000000000e+02
7.400000000000000000e+02
5.500000000000000000e+02
1.368000000000000000e+03
9.010000000000000000e+02
1.242000000000000000e+03
1.180000000000000000e+03
9.360000000000000000e+02
2.783000000000000000e+03
1.547000000000000000e+03
5.000000000000000000e+02
1.531000000000000000e+03
9.930000000000000000e+02
1.028000000000000000e+03
1.808000000000000000e+03
2.360000000000000000e+02
1.822000000000000000e+03
1.350000000000000000e+03
9.710000000000000000e+02
1.421000000000000000e+03
1.114000000000000000e+03
4.310000000000000000e+02
1.077000000000000000e+03
4.260000000000000000e+02
5.930000000000000000e+02
7.460000000000000000e+02
4.070000000000000000e+02
5.610000000000000000e+02
1.175000000000000000e+03
1.132000000000000000e+03
8.870000000000000000e+02
1.247000000000000000e+03
5.990000000000000000e+02
4.640000000000000000e+02
1.456000000000000000e+03
2.510000000000000000e+02
1.530000000000000000e+03
1.764000000000000000e+03
3.000000000000000000e+02
1.277000000000000000e+03
6.620000000000000000e+02
9.700000000000000000e+02
9.420000000000000000e+02
5.800000000000000000e+02
2.790000000000000000e+02
4.410000000000000000e+02
2.536000000000000000e+03
4.730000000000000000e+02
1.288000000000000000e+03
5.560000000000000000e+02
8.480000000000000000e+02
1.033000000000000000e+03
5.720000000000000000e+02
4.610000000000000000e+02
3.900000000000000000e+02
7.150000000000000000e+02
8.680000000000000000e+02
1.042000000000000000e+03
1.112000000000000000e+03
5.741000000000000000e+03
1.137000000000000000e+03
1.400000000000000000e+02
6.040000000000000000e+02
1.083000000000000000e+03
8.040000000000000000e+02
6.310000000000000000e+02
1.912000000000000000e+03
7.440000000000000000e+02
1.809000000000000000e+03
1.637000000000000000e+03
1.291000000000000000e+03
1.701000000000000000e+03
5.040000000000000000e+02
5.120000000000000000e+02
7.880000000000000000e+02
1.329000000000000000e+03
3.520000000000000000e+02
4.920000000000000000e+02
1.059000000000000000e+03
3.580000000000000000e+02
2.400000000000000000e+02
6.200000000000000000e+02
1.503000000000000000e+03
6.540000000000000000e+02
8.230000000000000000e+02
2.645000000000000000e+03
9.820000000000000000e+02
6.330000000000000000e+02
5.020000000000000000e+02
1.083000000000000000e+03
4.550000000000000000e+02
1.238000000000000000e+03
1.101000000000000000e+03
2.700000000000000000e+02
7.420000000000000000e+02
1.872000000000000000e+03
4.910000000000000000e+02
8.160000000000000000e+02
8.250000000000000000e+02
5.910000000000000000e+02
1.381000000000000000e+03
9.270000000000000000e+02
5.700000000000000000e+02
6.030000000000000000e+02
1.989000000000000000e+03
6.650000000000000000e+02
4.100000000000000000e+02
8.180000000000000000e+02
5.270000000000000000e+02
1.018000000000000000e+03
1.194000000000000000e+03
2.990000000000000000e+02
2.208000000000000000e+03
7.690000000000000000e+02
8.110000000000000000e+02
7.590000000000000000e+02
7.590000000000000000e+02
6.920000000000000000e+02
1.142000000000000000e+03
5.300000000000000000e+02
8.010000000000000000e+02
6.030000000000000000e+02
8.170000000000000000e+02
7.740000000000000000e+02
3.920000000000000000e+02
8.060000000000000000e+02
1.416000000000000000e+03
1.019000000000000000e+03
1.622000000000000000e+03
1.198000000000000000e+03
1.199000000000000000e+03
1.031000000000000000e+03
8.410000000000000000e+02
7.500000000000000000e+02
7.350000000000000000e+02
6.800000000000000000e+02
4.460000000000000000e+02
6.580000000000000000e+02
6.610000000000000000e+02
1.507000000000000000e+03
1.177000000000000000e+03
1.233000000000000000e+03
9.640000000000000000e+02
2.148000000000000000e+03
2.955000000000000000e+03
1.190000000000000000e+03
7.800000000000000000e+02
2.437000000000000000e+03
8.110000000000000000e+02
9.210000000000000000e+02
1.093000000000000000e+03
2.134000000000000000e+03
6.490000000000000000e+02
1.119000000000000000e+03
1.089000000000000000e+03
1.918000000000000000e+03
8.900000000000000000e+02
7.140000000000000000e+02
6.100000000000000000e+02
8.860000000000000000e+02
2.330000000000000000e+02
4.290000000000000000e+02
1.214000000000000000e+03
1.282000000000000000e+03
7.240000000000000000e+02
7.440000000000000000e+02
1.067000000000000000e+03
4.970000000000000000e+02
9.310000000000000000e+02
7.230000000000000000e+02
5.970000000000000000e+02
3.030000000000000000e+02
3.650000000000000000e+02
8.460000000000000000e+02
3.360000000000000000e+02
1.556000000000000000e+03
9.520000000000000000e+02
3.390000000000000000e+02
1.270000000000000000e+03
9.760000000000000000e+02
4.250000000000000000e+02
6.070000000000000000e+02
7.050000000000000000e+02
1.023000000000000000e+03
8.880000000000000000e+02
5.750000000000000000e+02
1.710000000000000000e+03
2.341000000000000000e+03
1.816000000000000000e+03
5.640000000000000000e+02
4.750000000000000000e+02
4.120000000000000000e+02
1.589000000000000000e+03
4.060000000000000000e+02
7.420000000000000000e+02
2.210000000000000000e+03
7.410000000000000000e+02
8.640000000000000000e+02
1.085000000000000000e+03
1.897000000000000000e+03
4.510000000000000000e+02
1.004000000000000000e+03
2.836000000000000000e+03
7.950000000000000000e+02
2.510000000000000000e+02
6.610000000000000000e+02
5.470000000000000000e+02
2.117000000000000000e+03
3.330000000000000000e+02
1.972000000000000000e+03
6.410000000000000000e+02
5.840000000000000000e+02
4.240000000000000000e+02
3.390000000000000000e+02
1.660000000000000000e+02
7.680000000000000000e+02
6.080000000000000000e+02
1.850000000000000000e+03
5.510000000000000000e+02
5.790000000000000000e+02
8.780000000000000000e+02
6.130000000000000000e+02
7.090000000000000000e+02
5.530000000000000000e+02
6.980000000000000000e+02
1.139000000000000000e+03
3.750000000000000000e+02
8.000000000000000000e+02
6.390000000000000000e+02
3.610000000000000000e+02
7.420000000000000000e+02
1.344000000000000000e+03
9.310000000000000000e+02
9.110000000000000000e+02
4.020000000000000000e+02
2.560000000000000000e+02
4.600000000000000000e+02
6.410000000000000000e+02
1.750000000000000000e+03
3.770000000000000000e+02
4.160000000000000000e+02
1.977000000000000000e+03
1.963000000000000000e+03
6.740000000000000000e+02
6.990000000000000000e+02
2.500000000000000000e+02
3.700000000000000000e+02
4.360000000000000000e+02
6.180000000000000000e+02
2.410000000000000000e+02
1.055000000000000000e+03
5.000000000000000000e+02
9.430000000000000000e+02
1.186000000000000000e+03
7.220000000000000000e+02
5.640000000000000000e+02
1.088000000000000000e+03
4.230000000000000000e+02
4.850000000000000000e+02
1.073000000000000000e+03
8.010000000000000000e+02
9.890000000000000000e+02
1.134000000000000000e+03
9.540000000000000000e+02
4.300000000000000000e+02
2.453000000000000000e+03
6.440000000000000000e+02
1.671000000000000000e+03
2.930000000000000000e+02
3.620000000000000000e+02
2.301000000000000000e+03
3.860000000000000000e+02
5.100000000000000000e+02
3.770000000000000000e+02
6.200000000000000000e+02
1.035000000000000000e+03
1.071000000000000000e+03
4.860000000000000000e+02
1.200000000000000000e+03
1.138000000000000000e+03
2.342000000000000000e+03
5.600000000000000000e+02
5.610000000000000000e+02
6.310000000000000000e+02
2.950000000000000000e+02
1.165000000000000000e+03
4.650000000000000000e+02
4.610000000000000000e+02
1.256000000000000000e+03
5.760000000000000000e+02
6.260000000000000000e+02
1.022000000000000000e+03
1.990000000000000000e+02
9.110000000000000000e+02
8.630000000000000000e+02
5.790000000000000000e+02
7.580000000000000000e+02
1.458000000000000000e+03
1.995000000000000000e+03
2.401000000000000000e+03
1.432000000000000000e+03
1.019000000000000000e+03
7.610000000000000000e+02
6.560000000000000000e+02
5.520000000000000000e+02
3.354000000000000000e+03
5.590000000000000000e+02
3.290000000000000000e+02
6.830000000000000000e+02
7.480000000000000000e+02
1.750000000000000000e+02
5.160000000000000000e+02
6.760000000000000000e+02
2.923000000000000000e+03
3.524000000000000000e+03
6.830000000000000000e+02
3.510000000000000000e+02
5.830000000000000000e+02
3.400000000000000000e+02
9.890000000000000000e+02
1.685000000000000000e+03
1.190000000000000000e+03
3.620000000000000000e+02
7.520000000000000000e+02
7.220000000000000000e+02
1.095000000000000000e+03
5.340000000000000000e+02
4.860000000000000000e+02
2.407000000000000000e+03
9.050000000000000000e+02
8.030000000000000000e+02
4.170000000000000000e+02
7.050000000000000000e+02
3.960000000000000000e+02
6.610000000000000000e+02
1.409000000000000000e+03
1.069000000000000000e+03
1.253000000000000000e+03
1.222000000000000000e+03
1.033000000000000000e+03
1.129000000000000000e+03
3.050000000000000000e+02
3.070000000000000000e+02
1.893000000000000000e+03
1.036000000000000000e+03
6.500000000000000000e+02
8.470000000000000000e+02
2.053000000000000000e+03
8.530000000000000000e+02
6.490000000000000000e+02
8.190000000000000000e+02
5.150000000000000000e+02
1.317000000000000000e+03
3.560000000000000000e+02
3.230000000000000000e+02
6.360000000000000000e+02
2.870000000000000000e+02
3.610000000000000000e+02
1.602000000000000000e+03
4.220000000000000000e+02
4.760000000000000000e+02
2.310000000000000000e+02
7.740000000000000000e+02
7.460000000000000000e+02
7.120000000000000000e+02
1.758000000000000000e+03
1.352000000000000000e+03
1.147000000000000000e+03
4.740000000000000000e+02
1.164000000000000000e+03
3.830000000000000000e+02
9.650000000000000000e+02
6.210000000000000000e+02
7.960000000000000000e+02
6.780000000000000000e+02
5.240000000000000000e+02
9.040000000000000000e+02
1.123000000000000000e+03
6.890000000000000000e+02
3.490000000000000000e+02
6.850000000000000000e+02
1.822000000000000000e+03
7.670000000000000000e+02
1.419000000000000000e+03
5.420000000000000000e+02
6.120000000000000000e+02
4.670000000000000000e+02
9.730000000000000000e+02
5.070000000000000000e+02
6.120000000000000000e+02
6.620000000000000000e+02
4.350000000000000000e+02
1.322000000000000000e+03
5.500000000000000000e+02
3.750000000000000000e+02
1.581000000000000000e+03
4.690000000000000000e+02
6.680000000000000000e+02
1.626000000000000000e+03
4.300000000000000000e+02
1.126000000000000000e+03
1.221000000000000000e+03
6.520000000000000000e+02
2.044000000000000000e+03
9.320000000000000000e+02
1.156000000000000000e+03
1.858000000000000000e+03
4.740000000000000000e+02
6.160000000000000000e+02
5.790000000000000000e+02
2.770000000000000000e+02
4.560000000000000000e+02
1.282000000000000000e+03
4.280000000000000000e+02
5.310000000000000000e+02
8.070000000000000000e+02
9.480000000000000000e+02
1.070000000000000000e+03
6.540000000000000000e+02
6.820000000000000000e+02
1.255000000000000000e+03
8.190000000000000000e+02
1.195000000000000000e+03
6.300000000000000000e+02
1.673000000000000000e+03
6.120000000000000000e+02
1.118000000000000000e+03
8.580000000000000000e+02
7.170000000000000000e+02
6.190000000000000000e+02
5.330000000000000000e+02
1.215000000000000000e+03
3.340000000000000000e+02
2.340000000000000000e+02
7.670000000000000000e+02
4.470000000000000000e+02
4.640000000000000000e+02
5.560000000000000000e+02
7.250000000000000000e+02
5.550000000000000000e+02
1.334000000000000000e+03
6.970000000000000000e+02
9.460000000000000000e+02
9.310000000000000000e+02
5.960000000000000000e+02
5.880000000000000000e+02
3.590000000000000000e+02
4.100000000000000000e+02
5.180000000000000000e+02
1.686000000000000000e+03
2.295000000000000000e+03
2.681000000000000000e+03
6.250000000000000000e+02
1.334000000000000000e+03
8.060000000000000000e+02
5.480000000000000000e+02
1.021000000000000000e+03
7.570000000000000000e+02
8.610000000000000000e+02
3.760000000000000000e+02
2.720000000000000000e+02
1.020000000000000000e+03
9.130000000000000000e+02
3.880000000000000000e+02
6.830000000000000000e+02
4.810000000000000000e+02
1.536000000000000000e+03
4.530000000000000000e+02
8.360000000000000000e+02
2.836000000000000000e+03
4.740000000000000000e+02
2.620000000000000000e+02
7.620000000000000000e+02
1.095000000000000000e+03
8.780000000000000000e+02
5.370000000000000000e+02
1.117000000000000000e+03
5.560000000000000000e+02
9.820000000000000000e+02
1.685000000000000000e+03
1.420000000000000000e+03
6.050000000000000000e+02
5.560000000000000000e+02
8.170000000000000000e+02
7.220000000000000000e+02
6.630000000000000000e+02
1.211000000000000000e+03
5.810000000000000000e+02
1.922000000000000000e+03
3.910000000000000000e+02
1.305000000000000000e+03
1.950000000000000000e+03
1.842000000000000000e+03
6.030000000000000000e+02
1.668000000000000000e+03
5.910000000000000000e+02
5.720000000000000000e+02
6.650000000000000000e+02
1.359000000000000000e+03
5.570000000000000000e+02
3.640000000000000000e+02
1.097000000000000000e+03
1.874000000000000000e+03
1.025000000000000000e+03
9.170000000000000000e+02
3.990000000000000000e+02
6.610000000000000000e+02
8.560000000000000000e+02
1.935000000000000000e+03
9.780000000000000000e+02
6.620000000000000000e+02
1.768000000000000000e+03
3.660000000000000000e+02
1.279000000000000000e+03
3.690000000000000000e+02
1.191000000000000000e+03
1.151000000000000000e+03
1.049000000000000000e+03
9.470000000000000000e+02
1.517000000000000000e+03
1.116000000000000000e+03
7.000000000000000000e+02
7.650000000000000000e+02
1.247000000000000000e+03
5.680000000000000000e+02
1.059000000000000000e+03
6.750000000000000000e+02
2.159000000000000000e+03
9.710000000000000000e+02
5.690000000000000000e+02
4.970000000000000000e+02
5.570000000000000000e+02
1.760000000000000000e+03
1.101000000000000000e+03
9.240000000000000000e+02
1.237000000000000000e+03
7.700000000000000000e+02
2.730000000000000000e+02
6.930000000000000000e+02
5.230000000000000000e+02
6.280000000000000000e+02
8.830000000000000000e+02
9.340000000000000000e+02
1.414000000000000000e+03
1.238000000000000000e+03
6.940000000000000000e+02
6.410000000000000000e+02
3.290000000000000000e+02
3.090000000000000000e+02
9.080000000000000000e+02
7.910000000000000000e+02
9.300000000000000000e+02
2.770000000000000000e+02
1.001000000000000000e+03
6.870000000000000000e+02
2.117000000000000000e+03
7.760000000000000000e+02
3.178000000000000000e+03
8.320000000000000000e+02
4.040000000000000000e+02
5.100000000000000000e+02
1.282000000000000000e+03
7.980000000000000000e+02
1.871000000000000000e+03
3.405000000000000000e+03
1.207000000000000000e+03
3.240000000000000000e+02
3.560000000000000000e+02
3.920000000000000000e+02
3.890000000000000000e+02
2.241000000000000000e+03
1.120000000000000000e+03
6.420000000000000000e+02
5.340000000000000000e+02
6.610000000000000000e+02
1.042000000000000000e+03
1.117000000000000000e+03
1.331000000000000000e+03
4.750000000000000000e+02
8.770000000000000000e+02
1.255000000000000000e+03
9.920000000000000000e+02
8.450000000000000000e+02
1.105000000000000000e+03
1.851000000000000000e+03
1.389000000000000000e+03
4.155000000000000000e+03
1.361000000000000000e+03
6.280000000000000000e+02
1.267000000000000000e+03
6.910000000000000000e+02
4.970000000000000000e+02
9.120000000000000000e+02
4.590000000000000000e+02
6.270000000000000000e+02
9.990000000000000000e+02
2.440000000000000000e+03
9.170000000000000000e+02
1.256000000000000000e+03
4.440000000000000000e+02
5.820000000000000000e+02
9.610000000000000000e+02
5.740000000000000000e+02
4.540000000000000000e+02
6.910000000000000000e+02
1.795000000000000000e+03
1.339000000000000000e+03
1.068000000000000000e+03
1.270000000000000000e+03
7.990000000000000000e+02
1.457000000000000000e+03
4.420000000000000000e+02
1.001000000000000000e+03
4.440000000000000000e+02
1.137000000000000000e+03
8.590000000000000000e+02
1.131000000000000000e+03
2.990000000000000000e+02
2.640000000000000000e+02
5.560000000000000000e+02
5.480000000000000000e+02
3.730000000000000000e+02
1.039000000000000000e+03
3.530000000000000000e+02
6.280000000000000000e+02
1.086000000000000000e+03
5.770000000000000000e+02
1.120000000000000000e+03
2.470000000000000000e+02
1.293000000000000000e+03
5.950000000000000000e+02
2.007000000000000000e+03
8.670000000000000000e+02
4.720000000000000000e+02
2.022000000000000000e+03
1.244000000000000000e+03
5.970000000000000000e+02
3.310000000000000000e+02
3.210000000000000000e+02
5.070000000000000000e+02
4.630000000000000000e+02
3.930000000000000000e+02
1.134000000000000000e+03
5.900000000000000000e+02
9.180000000000000000e+02
6.570000000000000000e+02
3.880000000000000000e+02
7.790000000000000000e+02
7.100000000000000000e+02
1.286000000000000000e+03
1.028000000000000000e+03
1.637000000000000000e+03
3.390000000000000000e+02
8.240000000000000000e+02
8.000000000000000000e+02
3.440000000000000000e+02
9.860000000000000000e+02
