1.781000000000000000e+03
1.014000000000000000e+03
7.870000000000000000e+02
8.330000000000000000e+02
7.440000000000000000e+02
8.920000000000000000e+02
1.602000000000000000e+03
1.088000000000000000e+03
8.930000000000000000e+02
1.423000000000000000e+03
8.170000000000000000e+02
3.610000000000000000e+02
3.940000000000000000e+02
4.320000000000000000e+02
1.278000000000000000e+03
1.860000000000000000e+03
1.487000000000000000e+03
2.970000000000000000e+02
1.149000000000000000e+03
9.320000000000000000e+02
8.690000000000000000e+02
2.430000000000000000e+02
1.247000000000000000e+03
2.377000000000000000e+03
2.248000000000000000e+03
4.080000000000000000e+02
6.580000000000000000e+02
1.021000000000000000e+03
9.330000000000000000e+02
1.229000000000000000e+03
1.664000000000000000e+03
2.340000000000000000e+02
1.024000000000000000e+03
1.061000000000000000e+03
8.530000000000000000e+02
1.355000000000000000e+03
1.239000000000000000e+03
1.193000000000000000e+03
1.345000000000000000e+03
1.571000000000000000e+03
2.066000000000000000e+03
2.700000000000000000e+02
8.280000000000000000e+02
5.580000000000000000e+02
3.950000000000000000e+02
6.800000000000000000e+02
1.672000000000000000e+03
1.143000000000000000e+03
1.201000000000000000e+03
1.517000000000000000e+03
1.175000000000000000e+03
5.020000000000000000e+02
3.890000000000000000e+02
5.200000000000000000e+02
1.631000000000000000e+03
8.280000000000000000e+02
7.730000000000000000e+02
3.370000000000000000e+02
2.089000000000000000e+03
8.900000000000000000e+02
8.950000000000000000e+02
2.189000000000000000e+03
8.310000000000000000e+02
7.660000000000000000e+02
6.930000000000000000e+02
2.060000000000000000e+03
8.810000000000000000e+02
1.619000000000000000e+03
6.450000000000000000e+02
4.500000000000000000e+02
2.915000000000000000e+03
6.730000000000000000e+02
1.847000000000000000e+03
7.050000000000000000e+02
6.160000000000000000e+02
1.149000000000000000e+03
5.960000000000000000e+02
2.568000000000000000e+03
3.040000000000000000e+03
5.050000000000000000e+02
3.406000000000000000e+03
1.274000000000000000e+03
7.700000000000000000e+02
1.368000000000000000e+03
9.080000000000000000e+02
3.179000000000000000e+03
5.780000000000000000e+02
1.608000000000000000e+03
7.200000000000000000e+02
4.060000000000000000e+02
7.630000000000000000e+02
3.940000000000000000e+02
8.750000000000000000e+02
3.790000000000000000e+02
8.910000000000000000e+02
1.369000000000000000e+03
6.650000000000000000e+02
7.290000000000000000e+02
1.168000000000000000e+03
1.299000000000000000e+03
6.070000000000000000e+02
1.398000000000000000e+03
4.180000000000000000e+02
5.920000000000000000e+02
4.280000000000000000e+02
1.407000000000000000e+03
1.354000000000000000e+03
4.510000000000000000e+02
6.180000000000000000e+02
9.040000000000000000e+02
2.407000000000000000e+03
7.790000000000000000e+02
8.200000000000000000e+02
1.274000000000000000e+03
4.490000000000000000e+02
1.575000000000000000e+03
9.170000000000000000e+02
1.425000000000000000e+03
4.770000000000000000e+02
3.830000000000000000e+02
9.330000000000000000e+02
7.020000000000000000e+02
6.000000000000000000e+02
2.053000000000000000e+03
3.760000000000000000e+02
6.730000000000000000e+02
8.000000000000000000e+02
2.580000000000000000e+02
1.415000000000000000e+03
5.690000000000000000e+02
2.201000000000000000e+03
4.550000000000000000e+02
2.910000000000000000e+02
1.117000000000000000e+03
1.300000000000000000e+03
5.820000000000000000e+02
1.544000000000000000e+03
3.140000000000000000e+02
1.076000000000000000e+03
1.273000000000000000e+03
1.025000000000000000e+03
1.161000000000000000e+03
3.530000000000000000e+02
1.939000000000000000e+03
5.120000000000000000e+02
6.750000000000000000e+02
3.310000000000000000e+02
1.670000000000000000e+03
9.530000000000000000e+02
1.924000000000000000e+03
9.910000000000000000e+02
3.700000000000000000e+02
2.450000000000000000e+02
7.070000000000000000e+02
1.208000000000000000e+03
1.553000000000000000e+03
2.261000000000000000e+03
1.198000000000000000e+03
5.360000000000000000e+02
1.367000000000000000e+03
7.400000000000000000e+02
3.260000000000000000e+02
1.972000000000000000e+03
5.110000000000000000e+02
3.770000000000000000e+02
4.690000000000000000e+02
1.496000000000000000e+03
1.162000000000000000e+03
1.475000000000000000e+03
1.155000000000000000e+03
4.840000000000000000e+02
3.430000000000000000e+02
1.798000000000000000e+03
6.650000000000000000e+02
1.424000000000000000e+03
5.940000000000000000e+02
6.970000000000000000e+02
1.774000000000000000e+03
2.731000000000000000e+03
5.220000000000000000e+02
6.500000000000000000e+02
9.290000000000000000e+02
5.310000000000000000e+02
4.840000000000000000e+02
1.125000000000000000e+03
9.600000000000000000e+02
6.320000000000000000e+02
9.230000000000000000e+02
7.310000000000000000e+02
1.629000000000000000e+03
5.310000000000000000e+02
4.790000000000000000e+02
8.440000000000000000e+02
6.110000000000000000e+02
2.078000000000000000e+03
1.863000000000000000e+03
5.340000000000000000e+02
3.922000000000000000e+03
1.252000000000000000e+03
5.670000000000000000e+02
7.650000000000000000e+02
4.690000000000000000e+02
5.560000000000000000e+02
1.229000000000000000e+03
5.060000000000000000e+02
6.200000000000000000e+02
1.197000000000000000e+03
1.411000000000000000e+03
6.280000000000000000e+02
1.150000000000000000e+03
2.566000000000000000e+03
6.050000000000000000e+02
5.650000000000000000e+02
3.850000000000000000e+02
4.920000000000000000e+02
3.880000000000000000e+02
4.380000000000000000e+02
1.360000000000000000e+03
8.360000000000000000e+02
9.950000000000000000e+02
2.245000000000000000e+03
7.210000000000000000e+02
5.140000000000000000e+02
8.220000000000000000e+02
3.120000000000000000e+02
6.220000000000000000e+02
1.223000000000000000e+03
8.390000000000000000e+02
8.810000000000000000e+02
1.602000000000000000e+03
8.390000000000000000e+02
2.275000000000000000e+03
8.300000000000000000e+02
7.970000000000000000e+02
5.370000000000000000e+02
3.311000000000000000e+03
8.060000000000000000e+02
1.122000000000000000e+03
7.190000000000000000e+02
7.770000000000000000e+02
2.100000000000000000e+03
8.350000000000000000e+02
8.040000000000000000e+02
3.170000000000000000e+02
8.970000000000000000e+02
9.290000000000000000e+02
5.240000000000000000e+02
2.551000000000000000e+03
2.071000000000000000e+03
9.990000000000000000e+02
5.190000000000000000e+02
7.900000000000000000e+02
9.830000000000000000e+02
4.980000000000000000e+02
6.640000000000000000e+02
1.470000000000000000e+03
6.230000000000000000e+02
8.520000000000000000e+02
6.290000000000000000e+02
4.860000000000000000e+02
2.729000000000000000e+03
5.600000000000000000e+02
1.981000000000000000e+03
1.416000000000000000e+03
1.724000000000000000e+03
6.780000000000000000e+02
1.339000000000000000e+03
5.970000000000000000e+02
2.866000000000000000e+03
5.150000000000000000e+02
8.550000000000000000e+02
1.232000000000000000e+03
1.913000000000000000e+03
8.580000000000000000e+02
1.095000000000000000e+03
3.362000000000000000e+03
1.919000000000000000e+03
1.034000000000000000e+03
2.019000000000000000e+03
6.500000000000000000e+02
4.770000000000000000e+02
9.810000000000000000e+02
8.060000000000000000e+02
1.335000000000000000e+03
1.322000000000000000e+03
3.100000000000000000e+02
8.150000000000000000e+02
6.850000000000000000e+02
2.370000000000000000e+02
8.770000000000000000e+02
3.710000000000000000e+02
2.830000000000000000e+02
1.718000000000000000e+03
2.007000000000000000e+03
9.470000000000000000e+02
5.250000000000000000e+02
9.210000000000000000e+02
9.640000000000000000e+02
2.050000000000000000e+03
8.450000000000000000e+02
5.660000000000000000e+02
8.390000000000000000e+02
4.080000000000000000e+02
1.837000000000000000e+03
1.017000000000000000e+03
6.190000000000000000e+02
3.310000000000000000e+02
6.660000000000000000e+02
9.520000000000000000e+02
7.010000000000000000e+02
1.000000000000000000e+03
6.440000000000000000e+02
6.600000000000000000e+02
8.950000000000000000e+02
3.281000000000000000e+03
1.963000000000000000e+03
5.190000000000000000e+02
6.870000000000000000e+02
5.470000000000000000e+02
1.453000000000000000e+03
1.315000000000000000e+03
3.710000000000000000e+02
1.168000000000000000e+03
3.160000000000000000e+02
9.610000000000000000e+02
5.610000000000000000e+02
1.521000000000000000e+03
6.830000000000000000e+02
8.700000000000000000e+02
8.690000000000000000e+02
8.740000000000000000e+02
1.076000000000000000e+03
6.470000000000000000e+02
1.074000000000000000e+03
4.870000000000000000e+02
5.580000000000000000e+02
4.560000000000000000e+02
8.560000000000000000e+02
5.790000000000000000e+02
2.114000000000000000e+03
1.203000000000000000e+03
1.357000000000000000e+03
1.125000000000000000e+03
2.120000000000000000e+03
5.500000000000000000e+02
1.091000000000000000e+03
9.150000000000000000e+02
2.242000000000000000e+03
1.701000000000000000e+03
6.390000000000000000e+02
1.024000000000000000e+03
1.714000000000000000e+03
1.910000000000000000e+02
1.121000000000000000e+03
1.275000000000000000e+03
6.630000000000000000e+02
3.348000000000000000e+03
1.235000000000000000e+03
1.299000000000000000e+03
4.490000000000000000e+02
5.860000000000000000e+02
2.505000000000000000e+03
9.700000000000000000e+02
1.670000000000000000e+03
1.495000000000000000e+03
2.057000000000000000e+03
1.361000000000000000e+03
3.072000000000000000e+03
1.305000000000000000e+03
1.218000000000000000e+03
9.740000000000000000e+02
7.500000000000000000e+02
4.570000000000000000e+02
5.560000000000000000e+02
9.920000000000000000e+02
1.185000000000000000e+03
5.710000000000000000e+02
5.720000000000000000e+02
2.725000000000000000e+03
9.680000000000000000e+02
5.180000000000000000e+02
6.350000000000000000e+02
1.711000000000000000e+03
1.469000000000000000e+03
1.142000000000000000e+03
3.500000000000000000e+02
6.160000000000000000e+02
4.850000000000000000e+02
1.720000000000000000e+03
7.230000000000000000e+02
3.740000000000000000e+02
5.510000000000000000e+02
3.180000000000000000e+02
7.610000000000000000e+02
5.760000000000000000e+02
4.830000000000000000e+02
2.470000000000000000e+03
1.031000000000000000e+03
1.232000000000000000e+03
7.400000000000000000e+02
6.270000000000000000e+02
2.164000000000000000e+03
1.191000000000000000e+03
8.610000000000000000e+02
1.566000000000000000e+03
5.820000000000000000e+02
3.050000000000000000e+02
7.300000000000000000e+02
2.024000000000000000e+03
1.008000000000000000e+03
1.474000000000000000e+03
4.850000000000000000e+02
4.690000000000000000e+02
9.330000000000000000e+02
1.010000000000000000e+03
1.983000000000000000e+03
2.872000000000000000e+03
1.638000000000000000e+03
3.570000000000000000e+02
1.750000000000000000e+03
1.126000000000000000e+03
2.640000000000000000e+02
6.580000000000000000e+02
1.985000000000000000e+03
9.520000000000000000e+02
9.650000000000000000e+02
2.473000000000000000e+03
5.660000000000000000e+02
3.450000000000000000e+02
4.590000000000000000e+02
7.300000000000000000e+02
2.000000000000000000e+03
1.049000000000000000e+03
2.297000000000000000e+03
9.330000000000000000e+02
1.478000000000000000e+03
6.230000000000000000e+02
1.030000000000000000e+03
8.150000000000000000e+02
6.400000000000000000e+02
3.530000000000000000e+02
2.313000000000000000e+03
1.147000000000000000e+03
5.450000000000000000e+02
1.753000000000000000e+03
5.240000000000000000e+02
1.004000000000000000e+03
6.710000000000000000e+02
6.090000000000000000e+02
7.170000000000000000e+02
5.330000000000000000e+02
6.830000000000000000e+02
4.940000000000000000e+02
1.451000000000000000e+03
5.750000000000000000e+02
6.890000000000000000e+02
1.786000000000000000e+03
2.850000000000000000e+02
5.060000000000000000e+02
9.160000000000000000e+02
4.270000000000000000e+02
9.820000000000000000e+02
8.390000000000000000e+02
3.073000000000000000e+03
1.031000000000000000e+03
8.370000000000000000e+02
8.980000000000000000e+02
9.180000000000000000e+02
9.340000000000000000e+02
1.235000000000000000e+03
1.135000000000000000e+03
3.603000000000000000e+03
6.430000000000000000e+02
8.540000000000000000e+02
1.642000000000000000e+03
1.656000000000000000e+03
1.086000000000000000e+03
1.347000000000000000e+03
4.360000000000000000e+02
1.070000000000000000e+03
1.963000000000000000e+03
5.390000000000000000e+02
7.470000000000000000e+02
2.322000000000000000e+03
8.310000000000000000e+02
9.220000000000000000e+02
1.044000000000000000e+03
1.036000000000000000e+03
6.740000000000000000e+02
8.680000000000000000e+02
1.088000000000000000e+03
1.134000000000000000e+03
1.213000000000000000e+03
9.340000000000000000e+02
3.770000000000000000e+02
1.079000000000000000e+03
4.790000000000000000e+02
5.990000000000000000e+02
7.470000000000000000e+02
1.157000000000000000e+03
3.938000000000000000e+03
1.532000000000000000e+03
2.013000000000000000e+03
4.920000000000000000e+02
5.300000000000000000e+02
6.390000000000000000e+02
3.475000000000000000e+03
1.229000000000000000e+03
1.564000000000000000e+03
1.515000000000000000e+03
7.210000000000000000e+02
9.050000000000000000e+02
6.630000000000000000e+02
2.609000000000000000e+03
6.860000000000000000e+02
3.613000000000000000e+03
5.820000000000000000e+02
6.500000000000000000e+02
5.790000000000000000e+02
1.029000000000000000e+03
1.328000000000000000e+03
4.980000000000000000e+02
1.155000000000000000e+03
1.148000000000000000e+03
8.350000000000000000e+02
8.090000000000000000e+02
2.727000000000000000e+03
3.860000000000000000e+02
6.560000000000000000e+02
2.697000000000000000e+03
2.160000000000000000e+03
1.789000000000000000e+03
6.880000000000000000e+02
9.660000000000000000e+02
1.406000000000000000e+03
1.210000000000000000e+03
4.488000000000000000e+03
5.010000000000000000e+02
5.910000000000000000e+02
6.860000000000000000e+02
7.480000000000000000e+02
4.740000000000000000e+02
1.061000000000000000e+03
3.021000000000000000e+03
1.316000000000000000e+03
1.547000000000000000e+03
5.580000000000000000e+02
8.050000000000000000e+02
7.900000000000000000e+02
1.316000000000000000e+03
7.280000000000000000e+02
1.774000000000000000e+03
2.097000000000000000e+03
4.220000000000000000e+02
8.350000000000000000e+02
2.453000000000000000e+03
4.240000000000000000e+02
6.680000000000000000e+02
4.980000000000000000e+02
1.123000000000000000e+03
8.940000000000000000e+02
5.010000000000000000e+02
1.362000000000000000e+03
5.120000000000000000e+02
1.238000000000000000e+03
3.620000000000000000e+02
1.527000000000000000e+03
5.450000000000000000e+02
1.109000000000000000e+03
5.700000000000000000e+02
2.481000000000000000e+03
3.940000000000000000e+02
1.025000000000000000e+03
9.130000000000000000e+02
1.695000000000000000e+03
2.990000000000000000e+02
1.140000000000000000e+03
1.642000000000000000e+03
4.060000000000000000e+02
4.260000000000000000e+02
8.080000000000000000e+02
1.660000000000000000e+03
1.089000000000000000e+03
1.144000000000000000e+03
3.960000000000000000e+02
1.868000000000000000e+03
5.730000000000000000e+02
9.480000000000000000e+02
3.840000000000000000e+02
1.247000000000000000e+03
7.130000000000000000e+02
9.360000000000000000e+02
3.520000000000000000e+02
5.640000000000000000e+02
7.620000000000000000e+02
8.300000000000000000e+02
6.670000000000000000e+02
3.300000000000000000e+02
8.030000000000000000e+02
4.190000000000000000e+02
8.710000000000000000e+02
1.164000000000000000e+03
4.330000000000000000e+02
2.520000000000000000e+03
5.180000000000000000e+02
2.950000000000000000e+02
1.083000000000000000e+03
3.070000000000000000e+02
1.692000000000000000e+03
3.770000000000000000e+02
5.370000000000000000e+02
1.183000000000000000e+03
7.860000000000000000e+02
7.470000000000000000e+02
1.352000000000000000e+03
1.384000000000000000e+03
4.760000000000000000e+02
8.080000000000000000e+02
1.260000000000000000e+03
6.430000000000000000e+02
8.130000000000000000e+02
2.460000000000000000e+02
1.920000000000000000e+02
1.869000000000000000e+03
1.734000000000000000e+03
4.050000000000000000e+02
5.350000000000000000e+02
1.083000000000000000e+03
2.320000000000000000e+03
1.517000000000000000e+03
9.850000000000000000e+02
3.770000000000000000e+02
5.270000000000000000e+02
3.910000000000000000e+02
3.280000000000000000e+02
1.012000000000000000e+03
5.840000000000000000e+02
3.350000000000000000e+02
7.480000000000000000e+02
3.060000000000000000e+02
4.410000000000000000e+02
1.917000000000000000e+03
1.880000000000000000e+02
4.780000000000000000e+02
8.200000000000000000e+02
4.150000000000000000e+02
6.220000000000000000e+02
7.640000000000000000e+02
5.510000000000000000e+02
7.130000000000000000e+02
1.223000000000000000e+03
1.187000000000000000e+03
5.510000000000000000e+02
1.107000000000000000e+03
4.790000000000000000e+02
2.360000000000000000e+02
2.620000000000000000e+02
1.313000000000000000e+03
9.420000000000000000e+02
5.130000000000000000e+02
5.050000000000000000e+02
1.207000000000000000e+03
6.980000000000000000e+02
1.780000000000000000e+03
1.430000000000000000e+03
2.324000000000000000e+03
1.110000000000000000e+03
1.055000000000000000e+03
9.670000000000000000e+02
7.370000000000000000e+02
7.680000000000000000e+02
9.620000000000000000e+02
8.210000000000000000e+02
1.303000000000000000e+03
1.652000000000000000e+03
6.450000000000000000e+02
9.840000000000000000e+02
5.230000000000000000e+02
6.410000000000000000e+02
1.881000000000000000e+03
1.103000000000000000e+03
6.040000000000000000e+02
5.260000000000000000e+02
1.337000000000000000e+03
3.680000000000000000e+02
1.326000000000000000e+03
8.870000000000000000e+02
1.048000000000000000e+03
7.110000000000000000e+02
9.200000000000000000e+02
1.835000000000000000e+03
4.380000000000000000e+02
8.900000000000000000e+02
1.495000000000000000e+03
3.910000000000000000e+02
9.870000000000000000e+02
2.357000000000000000e+03
9.500000000000000000e+02
3.690000000000000000e+02
8.600000000000000000e+02
2.608000000000000000e+03
3.910000000000000000e+02
6.580000000000000000e+02
6.350000000000000000e+02
3.710000000000000000e+02
6.880000000000000000e+02
5.530000000000000000e+02
1.324000000000000000e+03
1.243000000000000000e+03
8.060000000000000000e+02
1.836000000000000000e+03
6.990000000000000000e+02
1.072000000000000000e+03
5.720000000000000000e+02
5.840000000000000000e+02
8.320000000000000000e+02
6.030000000000000000e+02
1.116000000000000000e+03
1.656000000000000000e+03
6.820000000000000000e+02
4.310000000000000000e+02
9.900000000000000000e+02
6.860000000000000000e+02
3.678000000000000000e+03
5.000000000000000000e+02
1.133000000000000000e+03
2.586000000000000000e+03
2.280000000000000000e+02
4.930000000000000000e+02
1.415000000000000000e+03
1.174000000000000000e+03
6.960000000000000000e+02
9.080000000000000000e+02
2.243000000000000000e+03
9.990000000000000000e+02
1.248000000000000000e+03
8.750000000000000000e+02
7.150000000000000000e+02
7.320000000000000000e+02
5.850000000000000000e+02
8.570000000000000000e+02
1.153000000000000000e+03
2.560000000000000000e+02
9.580000000000000000e+02
1.851000000000000000e+03
7.830000000000000000e+02
4.400000000000000000e+02
3.511000000000000000e+03
7.860000000000000000e+02
8.010000000000000000e+02
4.400000000000000000e+02
2.120000000000000000e+03
1.798000000000000000e+03
9.000000000000000000e+02
1.356000000000000000e+03
9.030000000000000000e+02
1.543000000000000000e+03
4.490000000000000000e+02
5.350000000000000000e+02
3.890000000000000000e+02
7.500000000000000000e+02
7.860000000000000000e+02
1.297000000000000000e+03
8.770000000000000000e+02
5.410000000000000000e+02
1.545000000000000000e+03
1.528000000000000000e+03
1.333000000000000000e+03
1.620000000000000000e+03
4.710000000000000000e+02
6.680000000000000000e+02
1.137000000000000000e+03
1.114000000000000000e+03
9.370000000000000000e+02
8.140000000000000000e+02
2.157000000000000000e+03
1.475000000000000000e+03
4.360000000000000000e+02
9.380000000000000000e+02
4.940000000000000000e+02
8.400000000000000000e+02
8.270000000000000000e+02
9.550000000000000000e+02
8.570000000000000000e+02
1.827000000000000000e+03
7.320000000000000000e+02
5.340000000000000000e+02
1.392000000000000000e+03
5.110000000000000000e+02
2.520000000000000000e+02
3.280000000000000000e+02
3.550000000000000000e+02
2.890000000000000000e+02
1.271000000000000000e+03
4.380000000000000000e+02
2.401000000000000000e+03
9.170000000000000000e+02
4.780000000000000000e+02
9.120000000000000000e+02
7.630000000000000000e+02
1.127000000000000000e+03
7.900000000000000000e+02
1.333000000000000000e+03
1.152000000000000000e+03
7.800000000000000000e+02
3.860000000000000000e+02
4.650000000000000000e+02
1.323000000000000000e+03
8.010000000000000000e+02
8.850000000000000000e+02
3.080000000000000000e+02
1.651000000000000000e+03
1.370000000000000000e+02
2.217000000000000000e+03
9.660000000000000000e+02
7.500000000000000000e+02
1.735000000000000000e+03
1.569000000000000000e+03
2.868000000000000000e+03
4.030000000000000000e+02
5.550000000000000000e+02
1.776000000000000000e+03
1.913000000000000000e+03
1.009000000000000000e+03
1.010000000000000000e+03
7.450000000000000000e+02
3.652000000000000000e+03
4.490000000000000000e+02
8.810000000000000000e+02
1.090000000000000000e+03
1.087000000000000000e+03
5.500000000000000000e+02
1.022000000000000000e+03
8.300000000000000000e+02
7.760000000000000000e+02
1.447000000000000000e+03
1.186000000000000000e+03
1.365000000000000000e+03
1.004000000000000000e+03
4.920000000000000000e+02
2.627000000000000000e+03
1.410000000000000000e+03
8.530000000000000000e+02
6.220000000000000000e+02
1.285000000000000000e+03
4.370000000000000000e+02
2.168000000000000000e+03
1.080000000000000000e+03
7.840000000000000000e+02
7.760000000000000000e+02
1.765000000000000000e+03
1.063000000000000000e+03
7.800000000000000000e+02
1.428000000000000000e+03
1.358000000000000000e+03
2.177000000000000000e+03
6.740000000000000000e+02
2.706000000000000000e+03
5.760000000000000000e+02
1.182000000000000000e+03
6.690000000000000000e+02
2.549000000000000000e+03
3.410000000000000000e+02
3.970000000000000000e+02
9.230000000000000000e+02
4.286000000000000000e+03
1.035000000000000000e+03
8.440000000000000000e+02
1.500000000000000000e+03
2.838000000000000000e+03
7.450000000000000000e+02
1.151000000000000000e+03
2.536000000000000000e+03
1.123000000000000000e+03
4.940000000000000000e+02
5.300000000000000000e+02
9.800000000000000000e+02
3.960000000000000000e+02
1.507000000000000000e+03
1.216000000000000000e+03
1.412000000000000000e+03
5.320000000000000000e+02
4.110000000000000000e+02
7.460000000000000000e+02
8.030000000000000000e+02
8.420000000000000000e+02
4.660000000000000000e+02
1.044000000000000000e+03
2.420000000000000000e+03
3.710000000000000000e+02
9.580000000000000000e+02
1.860000000000000000e+02
5.270000000000000000e+02
7.690000000000000000e+02
6.460000000000000000e+02
1.409000000000000000e+03
3.710000000000000000e+02
3.180000000000000000e+02
1.065000000000000000e+03
6.070000000000000000e+02
2.682000000000000000e+03
1.491000000000000000e+03
6.050000000000000000e+02
1.935000000000000000e+03
8.100000000000000000e+02
9.340000000000000000e+02
1.008000000000000000e+03
1.063000000000000000e+03
9.730000000000000000e+02
4.610000000000000000e+02
1.408000000000000000e+03
2.031000000000000000e+03
2.691000000000000000e+03
6.120000000000000000e+02
7.950000000000000000e+02
7.740000000000000000e+02
8.410000000000000000e+02
5.940000000000000000e+02
1.941000000000000000e+03
1.811000000000000000e+03
2.532000000000000000e+03
4.290000000000000000e+02
2.431000000000000000e+03
9.870000000000000000e+02
1.367000000000000000e+03
8.550000000000000000e+02
1.555000000000000000e+03
2.990000000000000000e+02
1.326000000000000000e+03
5.040000000000000000e+02
1.296000000000000000e+03
6.500000000000000000e+02
6.340000000000000000e+02
3.170000000000000000e+02
1.303000000000000000e+03
4.910000000000000000e+02
3.610000000000000000e+02
1.454000000000000000e+03
4.520000000000000000e+02
1.414000000000000000e+03
7.620000000000000000e+02
6.370000000000000000e+02
1.885000000000000000e+03
6.460000000000000000e+02
9.700000000000000000e+02
1.453000000000000000e+03
1.510000000000000000e+03
1.301000000000000000e+03
7.040000000000000000e+02
1.325000000000000000e+03
2.592000000000000000e+03
7.360000000000000000e+02
5.110000000000000000e+02
8.500000000000000000e+02
4.490000000000000000e+02
2.054000000000000000e+03
1.407000000000000000e+03
4.910000000000000000e+02
6.530000000000000000e+02
6.110000000000000000e+02
2.697000000000000000e+03
9.280000000000000000e+02
1.295000000000000000e+03
7.330000000000000000e+02
1.172000000000000000e+03
1.366000000000000000e+03
9.880000000000000000e+02
6.500000000000000000e+02
2.430000000000000000e+03
8.430000000000000000e+02
1.255000000000000000e+03
8.300000000000000000e+02
6.220000000000000000e+02
1.281000000000000000e+03
9.490000000000000000e+02
5.140000000000000000e+02
5.430000000000000000e+02
1.162000000000000000e+03
1.405000000000000000e+03
1.112000000000000000e+03
7.960000000000000000e+02
2.169000000000000000e+03
5.250000000000000000e+02
8.000000000000000000e+02
4.430000000000000000e+02
4.630000000000000000e+02
3.175000000000000000e+03
6.060000000000000000e+02
1.512000000000000000e+03
3.680000000000000000e+02
2.950000000000000000e+02
1.277000000000000000e+03
2.920000000000000000e+02
1.107000000000000000e+03
1.184000000000000000e+03
1.010000000000000000e+03
5.500000000000000000e+02
6.480000000000000000e+02
7.640000000000000000e+02
4.570000000000000000e+02
