1.521200000000000000e+04
1.148600000000000000e+04
8.934000000000000000e+03
2.228100000000000000e+04
2.760500000000000000e+04
6.124000000000000000e+03
1.161600000000000000e+04
6.321600000000000000e+04
4.088000000000000000e+03
1.659900000000000000e+04
4.572100000000000000e+04
2.563000000000000000e+03
5.413000000000000000e+03
2.144600000000000000e+04
2.593600000000000000e+04
1.181200000000000000e+04
6.643000000000000000e+03
1.306300000000000000e+04
3.793000000000000000e+03
1.759700000000000000e+04
4.033000000000000000e+03
8.692000000000000000e+03
4.737300000000000000e+04
5.076400000000000000e+04
1.913100000000000000e+04
2.317300000000000000e+04
6.544000000000000000e+03
3.497000000000000000e+03
2.821100000000000000e+04
1.110100000000000000e+04
1.678500000000000000e+04
3.059300000000000000e+04
2.952000000000000000e+04
4.590200000000000000e+04
4.068000000000000000e+03
2.757700000000000000e+04
5.419200000000000000e+04
1.411900000000000000e+04
3.510000000000000000e+03
3.025000000000000000e+03
4.839000000000000000e+03
2.242600000000000000e+04
1.484200000000000000e+04
8.067000000000000000e+03
3.344900000000000000e+04
7.512000000000000000e+03
9.130000000000000000e+03
7.379000000000000000e+03
1.959900000000000000e+04
1.475100000000000000e+04
1.414300000000000000e+04
3.902900000000000000e+04
3.675000000000000000e+03
8.614000000000000000e+03
1.409600000000000000e+04
5.647000000000000000e+03
2.419700000000000000e+04
5.568000000000000000e+03
1.165500000000000000e+04
6.087000000000000000e+03
5.918700000000000000e+04
3.327200000000000000e+04
2.663900000000000000e+04
3.854000000000000000e+03
1.774000000000000000e+03
2.698000000000000000e+03
1.425700000000000000e+04
9.470000000000000000e+03
1.735900000000000000e+04
5.711000000000000000e+03
8.404000000000000000e+03
1.010400000000000000e+04
2.684500000000000000e+04
3.947000000000000000e+03
3.552000000000000000e+03
1.941000000000000000e+03
2.816000000000000000e+04
1.683400000000000000e+04
1.535100000000000000e+04
1.819000000000000000e+04
1.229000000000000000e+04
5.675000000000000000e+03
1.233000000000000000e+03
1.923200000000000000e+04
1.118200000000000000e+04
6.110000000000000000e+03
2.515600000000000000e+04
2.278000000000000000e+04
2.673300000000000000e+04
4.060000000000000000e+03
4.868000000000000000e+03
5.533200000000000000e+04
2.510800000000000000e+04
2.138800000000000000e+04
2.291300000000000000e+04
1.856200000000000000e+04
3.055400000000000000e+04
1.403300000000000000e+04
2.258200000000000000e+04
3.273400000000000000e+04
1.732600000000000000e+04
1.001500000000000000e+04
3.658000000000000000e+03
1.183900000000000000e+04
3.258000000000000000e+03
1.213600000000000000e+04
1.801600000000000000e+04
2.783000000000000000e+03
7.589000000000000000e+03
8.758000000000000000e+03
1.401300000000000000e+04
2.070200000000000000e+04
3.164000000000000000e+03
9.239000000000000000e+03
3.062500000000000000e+04
2.251000000000000000e+04
4.476000000000000000e+03
3.910600000000000000e+04
6.213000000000000000e+03
3.424500000000000000e+04
7.954000000000000000e+03
9.800000000000000000e+03
6.856000000000000000e+03
8.404000000000000000e+03
1.164800000000000000e+04
5.113000000000000000e+03
2.129600000000000000e+04
8.282000000000000000e+03
6.110000000000000000e+03
1.423100000000000000e+04
8.651000000000000000e+03
2.095300000000000000e+04
8.003000000000000000e+03
6.977000000000000000e+03
2.728000000000000000e+04
2.258100000000000000e+04
1.706000000000000000e+03
2.692000000000000000e+03
6.262000000000000000e+03
9.356000000000000000e+03
2.054800000000000000e+04
4.959000000000000000e+03
1.147100000000000000e+04
2.411200000000000000e+04
1.036300000000000000e+04
1.283400000000000000e+04
4.564300000000000000e+04
1.743200000000000000e+04
2.194900000000000000e+04
2.247900000000000000e+04
1.184800000000000000e+04
3.383200000000000000e+04
5.112000000000000000e+03
3.705000000000000000e+03
5.585000000000000000e+03
1.281500000000000000e+04
8.710000000000000000e+02
1.989000000000000000e+03
1.197400000000000000e+04
2.779000000000000000e+03
1.481000000000000000e+03
7.335000000000000000e+03
2.223300000000000000e+04
2.241000000000000000e+04
8.046000000000000000e+03
3.515000000000000000e+03
2.887200000000000000e+04
1.231100000000000000e+04
6.377000000000000000e+03
2.214100000000000000e+04
1.453000000000000000e+03
2.653000000000000000e+03
1.730000000000000000e+04
1.270400000000000000e+04
1.791300000000000000e+04
8.511000000000000000e+03
1.689600000000000000e+04
1.014000000000000000e+04
2.982500000000000000e+04
1.302100000000000000e+04
1.249000000000000000e+04
1.852500000000000000e+04
2.821600000000000000e+04
2.301000000000000000e+04
6.999400000000000000e+04
3.423000000000000000e+03
7.078000000000000000e+03
8.201000000000000000e+03
5.211800000000000000e+04
8.020000000000000000e+03
9.439000000000000000e+03
2.250200000000000000e+04
1.010690000000000000e+05
1.625900000000000000e+04
1.366700000000000000e+04
2.064400000000000000e+04
1.545000000000000000e+04
5.315000000000000000e+03
5.302100000000000000e+04
6.431000000000000000e+03
4.273800000000000000e+04
6.821000000000000000e+03
6.348700000000000000e+04
1.330400000000000000e+04
3.633000000000000000e+03
1.376000000000000000e+03
7.045000000000000000e+03
5.023000000000000000e+03
2.139600000000000000e+04
3.366000000000000000e+03
5.048000000000000000e+03
1.796400000000000000e+04
3.424800000000000000e+04
1.835000000000000000e+03
1.303700000000000000e+04
2.311000000000000000e+03
6.569000000000000000e+03
1.316100000000000000e+04
1.275000000000000000e+04
7.886000000000000000e+03
5.072000000000000000e+03
1.195200000000000000e+04
2.739000000000000000e+03
8.065000000000000000e+03
5.405000000000000000e+03
3.131900000000000000e+04
6.563400000000000000e+04
4.102800000000000000e+04
9.942000000000000000e+03
1.884200000000000000e+04
7.605000000000000000e+03
1.683500000000000000e+04
3.681500000000000000e+04
1.405600000000000000e+04
3.451700000000000000e+04
5.243000000000000000e+03
3.418500000000000000e+04
3.787000000000000000e+03
1.197100000000000000e+04
2.504000000000000000e+03
4.253000000000000000e+03
3.713300000000000000e+04
2.416000000000000000e+03
1.944800000000000000e+04
2.272300000000000000e+04
5.761000000000000000e+03
6.031000000000000000e+03
1.088200000000000000e+04
2.657000000000000000e+03
2.893800000000000000e+04
4.578000000000000000e+03
1.812400000000000000e+04
4.380100000000000000e+04
3.964000000000000000e+03
5.631000000000000000e+03
3.234200000000000000e+04
4.499000000000000000e+03
4.379000000000000000e+03
4.695000000000000000e+03
2.104500000000000000e+04
6.371100000000000000e+04
8.685000000000000000e+03
2.788400000000000000e+04
5.317500000000000000e+04
3.881000000000000000e+03
7.023000000000000000e+03
1.312700000000000000e+04
2.392000000000000000e+03
2.009000000000000000e+03
2.479600000000000000e+04
6.483000000000000000e+03
9.934000000000000000e+03
1.643900000000000000e+04
1.176200000000000000e+04
6.162000000000000000e+03
6.282000000000000000e+03
5.852000000000000000e+03
3.567000000000000000e+04
3.511000000000000000e+03
3.533300000000000000e+04
4.079000000000000000e+03
1.587700000000000000e+04
8.591000000000000000e+03
2.900000000000000000e+03
3.726900000000000000e+04
1.575700000000000000e+04
1.412200000000000000e+04
1.748300000000000000e+04
3.725700000000000000e+04
1.820100000000000000e+04
3.738000000000000000e+03
5.487000000000000000e+04
8.697000000000000000e+03
4.528000000000000000e+04
3.259700000000000000e+04
3.595000000000000000e+03
4.326400000000000000e+04
2.581000000000000000e+04
7.901000000000000000e+03
9.200000000000000000e+03
8.776000000000000000e+03
7.314000000000000000e+03
1.086100000000000000e+04
1.082400000000000000e+04
4.210800000000000000e+04
4.314600000000000000e+04
4.221000000000000000e+03
1.362000000000000000e+03
3.152400000000000000e+04
1.410000000000000000e+03
1.265600000000000000e+04
6.837000000000000000e+03
1.679800000000000000e+04
2.982000000000000000e+03
4.441000000000000000e+03
5.264000000000000000e+03
1.860700000000000000e+04
2.196000000000000000e+04
2.176800000000000000e+04
2.514000000000000000e+03
8.023000000000000000e+03
6.664000000000000000e+03
4.684000000000000000e+03
5.894000000000000000e+03
1.019200000000000000e+04
1.037200000000000000e+04
1.237600000000000000e+04
3.279900000000000000e+04
1.929100000000000000e+04
1.210900000000000000e+04
1.086700000000000000e+04
1.619100000000000000e+04
5.658000000000000000e+03
3.159000000000000000e+03
3.663800000000000000e+04
1.205900000000000000e+04
2.992000000000000000e+03
3.453000000000000000e+04
2.484400000000000000e+04
4.593000000000000000e+03
1.444700000000000000e+04
3.168600000000000000e+04
2.323300000000000000e+04
4.980400000000000000e+04
9.310000000000000000e+02
1.191300000000000000e+04
3.012800000000000000e+04
3.779400000000000000e+04
3.698600000000000000e+04
2.063800000000000000e+04
1.529000000000000000e+03
2.307400000000000000e+04
3.097200000000000000e+04
4.270200000000000000e+04
8.675000000000000000e+03
1.272400000000000000e+04
1.845000000000000000e+03
4.764000000000000000e+03
2.470000000000000000e+03
5.750400000000000000e+04
1.130200000000000000e+04
1.308000000000000000e+03
2.834000000000000000e+03
3.001700000000000000e+04
6.649000000000000000e+03
1.464100000000000000e+04
1.878800000000000000e+04
1.944700000000000000e+04
5.905500000000000000e+04
1.813500000000000000e+04
1.571100000000000000e+04
7.323000000000000000e+03
4.644000000000000000e+03
1.352600000000000000e+04
7.447100000000000000e+04
4.294000000000000000e+03
1.867000000000000000e+03
4.049200000000000000e+04
1.198200000000000000e+04
1.470000000000000000e+04
1.469600000000000000e+04
3.281600000000000000e+04
2.158200000000000000e+04
2.326000000000000000e+03
5.199000000000000000e+03
4.561800000000000000e+04
2.884700000000000000e+04
2.589200000000000000e+04
3.256000000000000000e+03
1.982500000000000000e+04
2.072600000000000000e+04
3.215000000000000000e+03
2.089600000000000000e+04
6.470000000000000000e+03
7.793000000000000000e+03
1.856200000000000000e+04
3.311800000000000000e+04
1.404400000000000000e+04
8.358800000000000000e+04
1.886700000000000000e+04
3.589000000000000000e+03
3.072600000000000000e+04
6.040000000000000000e+03
3.296000000000000000e+03
1.613100000000000000e+04
2.750000000000000000e+03
6.183500000000000000e+04
3.181900000000000000e+04
1.499700000000000000e+04
2.507900000000000000e+04
2.770500000000000000e+04
2.753000000000000000e+04
6.003000000000000000e+03
8.946000000000000000e+03
7.841000000000000000e+03
8.428000000000000000e+03
2.766000000000000000e+03
1.163900000000000000e+04
1.423100000000000000e+04
4.426000000000000000e+03
2.863000000000000000e+03
8.774000000000000000e+03
1.499000000000000000e+03
3.199000000000000000e+03
3.764000000000000000e+03
1.982700000000000000e+04
2.927000000000000000e+03
4.569000000000000000e+03
1.825000000000000000e+04
2.272900000000000000e+04
2.422600000000000000e+04
1.231600000000000000e+04
1.436000000000000000e+04
1.525000000000000000e+04
1.917100000000000000e+04
3.547000000000000000e+03
2.178000000000000000e+04
3.845000000000000000e+03
3.472800000000000000e+04
1.126200000000000000e+04
3.622000000000000000e+03
2.821500000000000000e+04
5.394000000000000000e+03
6.132000000000000000e+03
2.619000000000000000e+04
3.655700000000000000e+04
2.980700000000000000e+04
8.618000000000000000e+03
9.151000000000000000e+03
1.234600000000000000e+04
6.746000000000000000e+03
1.450500000000000000e+04
4.010000000000000000e+03
2.158000000000000000e+03
3.786300000000000000e+04
2.676000000000000000e+03
4.128000000000000000e+03
1.514200000000000000e+04
1.415800000000000000e+04
2.259600000000000000e+04
1.603100000000000000e+04
1.328600000000000000e+04
3.936000000000000000e+03
6.850000000000000000e+03
1.235400000000000000e+04
2.211500000000000000e+04
3.152400000000000000e+04
1.924300000000000000e+04
1.048600000000000000e+04
1.993700000000000000e+04
3.139000000000000000e+03
6.573000000000000000e+03
2.610900000000000000e+04
7.328600000000000000e+04
1.036200000000000000e+04
1.466900000000000000e+04
1.346800000000000000e+04
1.891300000000000000e+04
2.100900000000000000e+04
5.184000000000000000e+03
2.714500000000000000e+04
2.421000000000000000e+03
4.546000000000000000e+03
2.793000000000000000e+03
6.011000000000000000e+03
7.351000000000000000e+03
1.805000000000000000e+03
1.612000000000000000e+03
4.879000000000000000e+03
1.712800000000000000e+04
5.086000000000000000e+03
3.084400000000000000e+04
6.815000000000000000e+03
6.487000000000000000e+03
2.230500000000000000e+04
3.952400000000000000e+04
5.537000000000000000e+03
5.031700000000000000e+04
1.361300000000000000e+04
3.468900000000000000e+04
4.248000000000000000e+03
4.652100000000000000e+04
3.251000000000000000e+03
2.998400000000000000e+04
6.646200000000000000e+04
1.474000000000000000e+04
9.095000000000000000e+03
2.530000000000000000e+03
4.356100000000000000e+04
3.827000000000000000e+03
3.008700000000000000e+04
5.887400000000000000e+04
5.386700000000000000e+04
4.446800000000000000e+04
1.966100000000000000e+04
2.084200000000000000e+04
8.362200000000000000e+04
4.791200000000000000e+04
3.229100000000000000e+04
3.547000000000000000e+03
2.097400000000000000e+04
3.945000000000000000e+03
4.127800000000000000e+04
8.530000000000000000e+03
4.569600000000000000e+04
5.618800000000000000e+04
4.625000000000000000e+03
2.707800000000000000e+04
2.412000000000000000e+04
3.414000000000000000e+03
8.929000000000000000e+03
4.470800000000000000e+04
3.689100000000000000e+04
3.374000000000000000e+03
2.895500000000000000e+04
5.754000000000000000e+03
1.961500000000000000e+04
6.670000000000000000e+02
3.857000000000000000e+03
1.746000000000000000e+03
4.941000000000000000e+03
4.872300000000000000e+04
1.457500000000000000e+04
1.843000000000000000e+03
3.535700000000000000e+04
5.297900000000000000e+04
5.470000000000000000e+03
4.268000000000000000e+03
4.527000000000000000e+03
1.019000000000000000e+04
1.768600000000000000e+04
6.939000000000000000e+03
1.610300000000000000e+04
1.999900000000000000e+04
1.312000000000000000e+03
2.218400000000000000e+04
3.087000000000000000e+03
5.889000000000000000e+03
4.136500000000000000e+04
5.746000000000000000e+03
3.322000000000000000e+03
1.062400000000000000e+04
4.335100000000000000e+04
2.676700000000000000e+04
6.138000000000000000e+03
3.648800000000000000e+04
5.280000000000000000e+03
1.147200000000000000e+04
2.346400000000000000e+04
1.665400000000000000e+04
7.760000000000000000e+03
1.581100000000000000e+04
8.690000000000000000e+02
1.534000000000000000e+03
7.417000000000000000e+03
5.859000000000000000e+03
5.493000000000000000e+03
2.460700000000000000e+04
6.547500000000000000e+04
1.663000000000000000e+03
9.500000000000000000e+03
4.568000000000000000e+03
2.387000000000000000e+04
1.152100000000000000e+04
6.536000000000000000e+03
4.079300000000000000e+04
8.104000000000000000e+03
1.211900000000000000e+04
2.252000000000000000e+03
1.906000000000000000e+03
6.579000000000000000e+03
5.822900000000000000e+04
2.028000000000000000e+03
6.692000000000000000e+03
9.804000000000000000e+03
1.665100000000000000e+04
1.309500000000000000e+04
4.927000000000000000e+03
9.400000000000000000e+02
1.416500000000000000e+04
3.348300000000000000e+04
1.949000000000000000e+03
2.025300000000000000e+04
2.413700000000000000e+04
1.521500000000000000e+04
4.310700000000000000e+04
3.747000000000000000e+03
1.578000000000000000e+03
4.423000000000000000e+03
2.907000000000000000e+03
1.827100000000000000e+04
2.124100000000000000e+04
5.004000000000000000e+03
1.304600000000000000e+04
1.835000000000000000e+03
2.330000000000000000e+03
1.481300000000000000e+04
2.017000000000000000e+03
6.790000000000000000e+02
2.223200000000000000e+04
1.455200000000000000e+04
2.146800000000000000e+04
1.907000000000000000e+03
1.788500000000000000e+04
1.673200000000000000e+04
1.852900000000000000e+04
1.408500000000000000e+04
6.344000000000000000e+03
5.828900000000000000e+04
1.168800000000000000e+04
7.608000000000000000e+03
5.831000000000000000e+03
7.495100000000000000e+04
2.692200000000000000e+04
4.719000000000000000e+04
2.870400000000000000e+04
4.025900000000000000e+04
1.722700000000000000e+04
5.214000000000000000e+04
4.351800000000000000e+04
2.631000000000000000e+03
2.757100000000000000e+04
3.663000000000000000e+04
9.445000000000000000e+03
9.345000000000000000e+03
3.811000000000000000e+03
4.779000000000000000e+03
3.101000000000000000e+03
9.039000000000000000e+03
2.165300000000000000e+04
9.333000000000000000e+03
1.595000000000000000e+04
1.596000000000000000e+03
1.838400000000000000e+04
4.196200000000000000e+04
6.072000000000000000e+03
3.186700000000000000e+04
2.335900000000000000e+04
2.268400000000000000e+04
5.168500000000000000e+04
1.698600000000000000e+04
2.626400000000000000e+04
2.240300000000000000e+04
6.968400000000000000e+04
8.208000000000000000e+03
2.155000000000000000e+03
2.016200000000000000e+04
9.721000000000000000e+03
4.827600000000000000e+04
3.211000000000000000e+03
2.561300000000000000e+04
6.252000000000000000e+03
5.571000000000000000e+03
3.132000000000000000e+03
9.451800000000000000e+04
3.632200000000000000e+04
1.668200000000000000e+04
5.397000000000000000e+03
2.644200000000000000e+04
1.102400000000000000e+04
3.523100000000000000e+04
9.931000000000000000e+03
5.853000000000000000e+03
2.472500000000000000e+04
9.766000000000000000e+03
2.541000000000000000e+03
2.007700000000000000e+04
2.946300000000000000e+04
2.565900000000000000e+04
1.084250000000000000e+05
2.716000000000000000e+03
4.194200000000000000e+04
1.805000000000000000e+04
1.051000000000000000e+03
2.515500000000000000e+04
2.638200000000000000e+04
9.046000000000000000e+03
2.955000000000000000e+03
8.308000000000000000e+03
2.080500000000000000e+04
8.419900000000000000e+04
2.958200000000000000e+04
2.488000000000000000e+04
4.023000000000000000e+03
4.445000000000000000e+03
6.604400000000000000e+04
2.612600000000000000e+04
1.143500000000000000e+04
6.086000000000000000e+03
7.706000000000000000e+03
8.452000000000000000e+03
6.983000000000000000e+03
2.263000000000000000e+03
3.289900000000000000e+04
3.025800000000000000e+04
3.327000000000000000e+03
8.474000000000000000e+03
5.053000000000000000e+03
2.790400000000000000e+04
3.366100000000000000e+04
4.109800000000000000e+04
1.092300000000000000e+04
4.308400000000000000e+04
1.065600000000000000e+04
3.424400000000000000e+04
6.751000000000000000e+03
3.172000000000000000e+03
1.393900000000000000e+04
2.074000000000000000e+03
4.838000000000000000e+03
1.535100000000000000e+04
9.794000000000000000e+03
5.607000000000000000e+03
7.493100000000000000e+04
1.517000000000000000e+04
4.890000000000000000e+03
1.280400000000000000e+04
3.888000000000000000e+03
1.526000000000000000e+03
3.956000000000000000e+03
4.381000000000000000e+03
2.307800000000000000e+04
3.537600000000000000e+04
9.914000000000000000e+03
1.917400000000000000e+04
6.691000000000000000e+03
2.692700000000000000e+04
7.770000000000000000e+03
8.512000000000000000e+03
2.105000000000000000e+04
1.818000000000000000e+03
2.881000000000000000e+03
3.172300000000000000e+04
1.213900000000000000e+04
3.444700000000000000e+04
4.238500000000000000e+04
9.951000000000000000e+03
2.271300000000000000e+04
4.402100000000000000e+04
9.863000000000000000e+03
1.081800000000000000e+04
1.635000000000000000e+04
3.224200000000000000e+04
1.595600000000000000e+04
8.798000000000000000e+03
2.296200000000000000e+04
7.809000000000000000e+03
2.601400000000000000e+04
5.102300000000000000e+04
1.506000000000000000e+03
2.050300000000000000e+04
2.814600000000000000e+04
5.699000000000000000e+03
4.105000000000000000e+04
2.080400000000000000e+04
8.953000000000000000e+03
4.367700000000000000e+04
1.324100000000000000e+04
4.295500000000000000e+04
9.236000000000000000e+03
8.872000000000000000e+03
1.642400000000000000e+04
2.869000000000000000e+03
5.654000000000000000e+03
3.085100000000000000e+04
2.222800000000000000e+04
1.094800000000000000e+04
2.415000000000000000e+04
1.343000000000000000e+04
9.897000000000000000e+03
5.140000000000000000e+03
1.037000000000000000e+04
1.843400000000000000e+04
4.220000000000000000e+03
7.962000000000000000e+03
6.072900000000000000e+04
8.129000000000000000e+03
2.387700000000000000e+04
2.547000000000000000e+03
2.222000000000000000e+03
9.358000000000000000e+03
8.045000000000000000e+03
9.939000000000000000e+03
6.657000000000000000e+03
3.722000000000000000e+03
3.876600000000000000e+04
4.050000000000000000e+03
7.444000000000000000e+03
5.134000000000000000e+03
2.560900000000000000e+04
2.489200000000000000e+04
4.212000000000000000e+03
4.051000000000000000e+03
2.318500000000000000e+04
2.233200000000000000e+04
1.116900000000000000e+04
1.734800000000000000e+04
4.266000000000000000e+03
3.632000000000000000e+03
1.590600000000000000e+04
1.388400000000000000e+04
1.092300000000000000e+04
1.174800000000000000e+04
6.821000000000000000e+03
2.951200000000000000e+04
1.588000000000000000e+03
5.927000000000000000e+03
1.621000000000000000e+03
1.065500000000000000e+04
1.460900000000000000e+04
8.279000000000000000e+03
2.864900000000000000e+04
2.866000000000000000e+03
3.848800000000000000e+04
1.378700000000000000e+04
5.653000000000000000e+03
2.408700000000000000e+04
1.299000000000000000e+04
2.382600000000000000e+04
1.318000000000000000e+04
4.277400000000000000e+04
2.199000000000000000e+03
7.926000000000000000e+03
2.746000000000000000e+04
7.013000000000000000e+03
1.152500000000000000e+04
1.302500000000000000e+04
8.075000000000000000e+03
2.968900000000000000e+04
1.980500000000000000e+04
2.201300000000000000e+04
2.115000000000000000e+03
4.051500000000000000e+04
4.505100000000000000e+04
2.762200000000000000e+04
3.228000000000000000e+03
1.842500000000000000e+04
1.149700000000000000e+04
3.454300000000000000e+04
2.856900000000000000e+04
1.118700000000000000e+04
3.116000000000000000e+04
5.810000000000000000e+04
1.923800000000000000e+04
3.641700000000000000e+04
1.903300000000000000e+04
9.618000000000000000e+03
8.659000000000000000e+03
1.284600000000000000e+04
1.568000000000000000e+03
2.935000000000000000e+03
5.598500000000000000e+04
3.111800000000000000e+04
2.036600000000000000e+04
3.533800000000000000e+04
2.408000000000000000e+03
9.281000000000000000e+03
4.595000000000000000e+03
2.355300000000000000e+04
5.180000000000000000e+03
7.967000000000000000e+03
7.051000000000000000e+03
1.322300000000000000e+04
5.928000000000000000e+03
1.304000000000000000e+04
4.338800000000000000e+04
1.254400000000000000e+04
1.658600000000000000e+04
5.026800000000000000e+04
4.047300000000000000e+04
1.121800000000000000e+04
4.711600000000000000e+04
1.003300000000000000e+04
1.903500000000000000e+04
1.007200000000000000e+04
2.902000000000000000e+03
6.301000000000000000e+03
4.500600000000000000e+04
4.862000000000000000e+03
1.775300000000000000e+04
5.920000000000000000e+03
2.398900000000000000e+04
1.268000000000000000e+04
1.940400000000000000e+04
2.711000000000000000e+03
3.909000000000000000e+03
2.017000000000000000e+04
3.299000000000000000e+03
7.246000000000000000e+03
9.672000000000000000e+03
1.737800000000000000e+04
3.804000000000000000e+03
6.058000000000000000e+03
4.583600000000000000e+04
3.313500000000000000e+04
1.607900000000000000e+04
2.376200000000000000e+04
2.611400000000000000e+04
8.368000000000000000e+03
8.237000000000000000e+03
2.264600000000000000e+04
3.778000000000000000e+03
3.109500000000000000e+04
1.621900000000000000e+04
4.925300000000000000e+04
5.079000000000000000e+03
2.048900000000000000e+04
1.641300000000000000e+04
3.859000000000000000e+03
5.439000000000000000e+03
3.340900000000000000e+04
1.257500000000000000e+04
2.029500000000000000e+04
2.582000000000000000e+04
1.083300000000000000e+04
5.720000000000000000e+03
3.923900000000000000e+04
4.089400000000000000e+04
1.015000000000000000e+04
4.476100000000000000e+04
1.202900000000000000e+04
3.348000000000000000e+04
5.837800000000000000e+04
1.591000000000000000e+04
1.485300000000000000e+04
3.056000000000000000e+04
1.020600000000000000e+04
3.692000000000000000e+03
5.712000000000000000e+03
7.021000000000000000e+03
4.667000000000000000e+03
5.417000000000000000e+03
2.792200000000000000e+04
2.603000000000000000e+03
1.346700000000000000e+04
1.757400000000000000e+04
4.720400000000000000e+04
2.517900000000000000e+04
2.691000000000000000e+03
6.475900000000000000e+04
1.571500000000000000e+04
3.957000000000000000e+03
6.117600000000000000e+04
5.366000000000000000e+04
5.195200000000000000e+04
9.418000000000000000e+03
8.720000000000000000e+03
1.353100000000000000e+04
2.250100000000000000e+04
1.173700000000000000e+04
2.703300000000000000e+04
5.864000000000000000e+03
1.780400000000000000e+04
6.925000000000000000e+03
9.671000000000000000e+03
5.962700000000000000e+04
3.005100000000000000e+04
7.351000000000000000e+03
1.807300000000000000e+04
3.877100000000000000e+04
1.584200000000000000e+04
4.799300000000000000e+04
2.180400000000000000e+04
2.932200000000000000e+04
1.140300000000000000e+04
2.914700000000000000e+04
3.173000000000000000e+03
3.343500000000000000e+04
6.425000000000000000e+03
1.269800000000000000e+04
7.660000000000000000e+03
1.872000000000000000e+03
5.445100000000000000e+04
5.872000000000000000e+03
2.966000000000000000e+03
1.931400000000000000e+04
8.324000000000000000e+03
8.655900000000000000e+04
1.672500000000000000e+04
2.467000000000000000e+03
