2.860000000000000000e+03
2.901000000000000000e+03
3.392000000000000000e+03
2.794000000000000000e+03
2.892000000000000000e+03
3.570000000000000000e+03
3.937000000000000000e+03
2.423000000000000000e+03
1.252000000000000000e+03
4.050000000000000000e+02
3.628000000000000000e+03
3.574000000000000000e+03
1.459000000000000000e+03
7.600000000000000000e+02
1.095000000000000000e+03
9.710000000000000000e+02
1.223000000000000000e+03
4.189000000000000000e+03
5.200000000000000000e+02
1.630000000000000000e+03
6.757000000000000000e+03
2.229000000000000000e+03
3.387000000000000000e+03
2.585000000000000000e+03
3.230000000000000000e+02
1.615000000000000000e+03
3.100000000000000000e+03
1.380000000000000000e+03
1.764000000000000000e+03
2.699000000000000000e+03
6.674000000000000000e+03
5.480000000000000000e+02
3.101000000000000000e+03
5.323000000000000000e+03
1.966000000000000000e+03
5.015000000000000000e+03
5.808000000000000000e+03
8.330000000000000000e+02
6.570000000000000000e+02
2.064000000000000000e+03
2.143000000000000000e+03
4.752000000000000000e+03
7.330000000000000000e+02
2.040000000000000000e+02
2.684000000000000000e+03
3.037000000000000000e+03
2.870000000000000000e+03
6.050000000000000000e+02
2.366000000000000000e+03
3.940000000000000000e+02
8.330000000000000000e+02
7.580000000000000000e+02
9.080000000000000000e+02
1.142000000000000000e+03
1.968000000000000000e+03
1.705000000000000000e+03
9.372000000000000000e+03
1.228000000000000000e+03
1.176000000000000000e+03
1.725000000000000000e+03
3.046000000000000000e+03
1.582000000000000000e+03
2.184000000000000000e+03
1.146000000000000000e+03
3.790000000000000000e+02
6.210000000000000000e+02
1.361000000000000000e+03
1.599000000000000000e+03
1.885000000000000000e+03
5.860000000000000000e+02
4.990000000000000000e+02
3.421000000000000000e+03
2.267000000000000000e+03
4.550000000000000000e+02
4.068000000000000000e+03
2.970000000000000000e+03
1.015000000000000000e+03
6.780000000000000000e+02
2.149000000000000000e+03
1.524000000000000000e+03
7.950000000000000000e+02
7.010000000000000000e+02
1.080000000000000000e+03
2.278000000000000000e+03
9.530000000000000000e+02
1.194000000000000000e+03
8.400000000000000000e+02
3.614000000000000000e+03
1.250000000000000000e+03
5.439000000000000000e+03
3.712000000000000000e+03
7.780000000000000000e+02
2.529000000000000000e+03
4.310000000000000000e+02
3.820000000000000000e+02
2.156000000000000000e+03
2.465000000000000000e+03
5.840000000000000000e+02
1.392000000000000000e+03
1.125000000000000000e+03
1.087000000000000000e+03
1.033000000000000000e+03
7.370000000000000000e+02
1.595000000000000000e+03
7.660000000000000000e+02
1.008000000000000000e+03
1.153000000000000000e+03
1.087000000000000000e+03
1.654000000000000000e+03
4.250000000000000000e+02
1.576000000000000000e+03
1.146000000000000000e+03
2.300000000000000000e+02
2.419000000000000000e+03
2.743000000000000000e+03
7.170000000000000000e+02
1.770000000000000000e+03
6.362000000000000000e+03
8.760000000000000000e+02
1.592000000000000000e+03
2.628000000000000000e+03
1.582000000000000000e+03
2.376000000000000000e+03
7.346000000000000000e+03
2.613000000000000000e+03
3.698000000000000000e+03
8.500000000000000000e+02
9.456000000000000000e+03
2.663000000000000000e+03
1.382000000000000000e+03
4.196000000000000000e+03
7.890000000000000000e+02
1.878000000000000000e+03
4.167000000000000000e+03
2.441000000000000000e+03
3.818000000000000000e+03
4.201000000000000000e+03
1.590000000000000000e+03
4.301000000000000000e+03
5.753000000000000000e+03
1.366000000000000000e+03
3.942000000000000000e+03
2.725000000000000000e+03
2.315000000000000000e+03
1.263000000000000000e+03
6.443000000000000000e+03
2.050000000000000000e+03
2.611000000000000000e+03
1.187000000000000000e+03
3.080000000000000000e+02
2.617000000000000000e+03
2.560000000000000000e+02
1.932000000000000000e+03
3.817000000000000000e+03
2.321000000000000000e+03
1.569000000000000000e+03
1.511000000000000000e+03
7.010000000000000000e+02
2.480000000000000000e+03
2.320000000000000000e+03
4.321000000000000000e+03
6.940000000000000000e+02
8.350000000000000000e+02
8.122000000000000000e+03
1.116000000000000000e+03
8.920000000000000000e+02
1.389000000000000000e+03
2.277000000000000000e+03
4.010000000000000000e+02
1.033000000000000000e+03
7.870000000000000000e+03
2.286000000000000000e+03
3.469000000000000000e+03
1.837000000000000000e+03
5.070000000000000000e+02
3.480000000000000000e+03
3.070000000000000000e+02
2.932000000000000000e+03
1.972000000000000000e+03
2.371000000000000000e+03
1.410000000000000000e+03
2.290000000000000000e+03
4.570000000000000000e+02
1.607000000000000000e+03
8.910000000000000000e+02
1.595000000000000000e+03
1.934000000000000000e+03
4.634000000000000000e+03
3.803000000000000000e+03
3.003000000000000000e+03
4.280000000000000000e+02
3.437000000000000000e+03
7.360000000000000000e+02
4.865000000000000000e+03
1.631000000000000000e+03
2.093000000000000000e+03
1.123000000000000000e+03
6.580000000000000000e+02
1.610000000000000000e+03
3.579000000000000000e+03
1.237000000000000000e+03
5.191000000000000000e+03
1.163000000000000000e+03
1.196000000000000000e+03
1.904000000000000000e+03
2.739000000000000000e+03
4.560000000000000000e+02
4.720000000000000000e+02
2.002000000000000000e+03
3.280000000000000000e+02
5.140000000000000000e+02
6.420000000000000000e+02
1.042000000000000000e+03
1.286000000000000000e+03
5.002000000000000000e+03
7.960000000000000000e+02
7.787000000000000000e+03
5.810000000000000000e+02
5.920000000000000000e+02
1.503000000000000000e+03
7.980000000000000000e+02
4.020000000000000000e+03
1.689000000000000000e+03
2.664000000000000000e+03
1.883000000000000000e+03
8.300000000000000000e+02
2.477000000000000000e+03
1.455000000000000000e+03
6.730000000000000000e+02
2.685000000000000000e+03
5.161000000000000000e+03
4.055000000000000000e+03
1.690000000000000000e+02
1.379000000000000000e+03
1.509000000000000000e+03
2.113000000000000000e+03
7.180000000000000000e+02
1.096000000000000000e+03
7.470000000000000000e+02
2.250000000000000000e+03
5.080000000000000000e+02
1.402000000000000000e+03
2.066000000000000000e+03
5.730000000000000000e+02
2.943000000000000000e+03
3.131000000000000000e+03
1.906000000000000000e+03
1.559000000000000000e+03
1.077000000000000000e+03
2.790000000000000000e+03
2.073000000000000000e+03
5.942000000000000000e+03
7.130000000000000000e+02
2.384000000000000000e+03
4.130000000000000000e+02
3.461000000000000000e+03
3.110000000000000000e+03
1.336000000000000000e+03
1.486000000000000000e+03
1.618000000000000000e+03
5.790000000000000000e+02
8.280000000000000000e+02
1.577000000000000000e+03
2.299000000000000000e+03
1.005000000000000000e+03
2.360000000000000000e+03
1.360000000000000000e+03
9.060000000000000000e+02
1.339000000000000000e+03
5.360000000000000000e+02
5.089000000000000000e+03
7.720000000000000000e+02
1.370000000000000000e+03
7.670000000000000000e+02
9.860000000000000000e+02
1.384000000000000000e+03
6.313000000000000000e+03
6.637000000000000000e+03
4.027000000000000000e+03
1.282000000000000000e+03
2.732000000000000000e+03
2.667000000000000000e+03
9.300000000000000000e+02
6.115000000000000000e+03
3.752000000000000000e+03
1.216000000000000000e+03
6.590000000000000000e+02
7.680000000000000000e+02
2.350000000000000000e+03
2.224000000000000000e+03
2.458000000000000000e+03
7.954000000000000000e+03
1.753000000000000000e+03
3.653000000000000000e+03
1.711000000000000000e+03
4.955000000000000000e+03
1.028000000000000000e+03
1.240000000000000000e+03
8.780000000000000000e+02
1.916000000000000000e+03
1.469000000000000000e+03
4.133000000000000000e+03
1.449000000000000000e+03
3.950000000000000000e+03
2.503000000000000000e+03
1.369000000000000000e+03
1.910000000000000000e+03
1.008000000000000000e+03
3.748000000000000000e+03
2.421000000000000000e+03
3.377000000000000000e+03
1.330000000000000000e+03
1.373000000000000000e+03
1.052000000000000000e+03
3.187000000000000000e+03
1.128000000000000000e+03
3.970000000000000000e+03
1.449000000000000000e+03
1.213000000000000000e+03
4.741000000000000000e+03
3.724000000000000000e+03
5.883000000000000000e+03
1.433000000000000000e+03
2.435000000000000000e+03
1.528000000000000000e+03
1.724000000000000000e+03
1.102000000000000000e+03
2.957000000000000000e+03
1.209000000000000000e+03
1.358000000000000000e+03
1.841000000000000000e+03
4.390000000000000000e+02
2.411000000000000000e+03
4.750000000000000000e+02
1.932000000000000000e+03
7.880000000000000000e+02
3.756000000000000000e+03
1.507000000000000000e+03
6.455000000000000000e+03
5.610000000000000000e+02
6.510000000000000000e+02
1.563000000000000000e+03
1.015000000000000000e+03
2.246000000000000000e+03
8.260000000000000000e+02
4.433000000000000000e+03
5.082000000000000000e+03
4.600000000000000000e+02
1.549000000000000000e+03
1.830000000000000000e+03
1.401000000000000000e+03
1.894000000000000000e+03
7.590000000000000000e+02
5.262000000000000000e+03
1.394000000000000000e+03
1.546000000000000000e+03
6.006000000000000000e+03
4.483000000000000000e+03
5.443000000000000000e+03
4.007000000000000000e+03
1.385000000000000000e+03
3.657000000000000000e+03
2.166000000000000000e+03
4.647000000000000000e+03
1.731000000000000000e+03
5.970000000000000000e+02
1.719000000000000000e+03
1.130000000000000000e+03
4.750000000000000000e+03
4.131000000000000000e+03
2.440000000000000000e+02
1.163000000000000000e+03
2.138000000000000000e+03
6.680000000000000000e+02
7.262000000000000000e+03
3.290000000000000000e+03
2.407000000000000000e+03
1.026000000000000000e+03
6.479000000000000000e+03
2.504000000000000000e+03
4.054000000000000000e+03
1.681000000000000000e+03
3.380000000000000000e+02
3.983000000000000000e+03
1.648000000000000000e+03
2.647000000000000000e+03
5.820000000000000000e+02
2.179000000000000000e+03
2.602000000000000000e+03
3.275000000000000000e+03
1.318000000000000000e+03
2.834000000000000000e+03
4.700000000000000000e+03
2.400000000000000000e+02
2.093000000000000000e+03
1.102800000000000000e+04
1.533000000000000000e+03
4.700000000000000000e+02
1.681000000000000000e+03
9.180000000000000000e+02
3.453000000000000000e+03
1.588000000000000000e+03
3.216000000000000000e+03
1.721000000000000000e+03
1.439000000000000000e+03
5.874000000000000000e+03
4.942000000000000000e+03
4.620000000000000000e+03
2.714000000000000000e+03
2.426000000000000000e+03
8.690000000000000000e+02
1.289000000000000000e+03
6.482000000000000000e+03
2.251000000000000000e+03
7.290000000000000000e+02
5.880000000000000000e+02
3.929000000000000000e+03
1.511000000000000000e+03
5.790000000000000000e+02
1.381000000000000000e+03
1.137000000000000000e+03
4.294000000000000000e+03
1.376000000000000000e+03
1.983000000000000000e+03
1.304000000000000000e+03
3.586000000000000000e+03
1.006000000000000000e+03
9.900000000000000000e+02
3.207000000000000000e+03
1.470000000000000000e+03
1.739000000000000000e+03
1.089000000000000000e+03
2.241000000000000000e+03
7.176000000000000000e+03
3.360000000000000000e+02
2.054000000000000000e+03
1.544000000000000000e+03
1.444000000000000000e+03
1.098000000000000000e+03
6.394000000000000000e+03
3.380000000000000000e+02
3.283000000000000000e+03
5.490000000000000000e+02
3.468000000000000000e+03
2.933000000000000000e+03
7.500000000000000000e+02
1.870000000000000000e+03
3.585000000000000000e+03
2.537000000000000000e+03
7.090000000000000000e+02
8.640000000000000000e+02
2.969000000000000000e+03
1.118000000000000000e+03
4.448000000000000000e+03
2.030000000000000000e+03
9.950000000000000000e+02
8.817000000000000000e+03
3.535000000000000000e+03
5.052000000000000000e+03
6.198000000000000000e+03
2.524000000000000000e+03
4.690000000000000000e+02
4.830000000000000000e+02
1.827000000000000000e+03
1.688000000000000000e+03
3.580000000000000000e+02
3.480000000000000000e+03
1.485000000000000000e+03
1.323000000000000000e+03
2.428000000000000000e+03
4.080000000000000000e+03
3.514000000000000000e+03
4.302000000000000000e+03
8.970000000000000000e+02
4.684000000000000000e+03
7.815000000000000000e+03
1.042000000000000000e+03
1.220000000000000000e+03
2.844000000000000000e+03
8.940000000000000000e+02
6.020000000000000000e+02
2.928000000000000000e+03
2.590000000000000000e+03
1.959000000000000000e+03
4.550000000000000000e+02
1.470000000000000000e+03
1.850000000000000000e+03
1.585000000000000000e+03
1.060000000000000000e+03
1.358000000000000000e+03
3.388000000000000000e+03
8.130000000000000000e+02
1.298000000000000000e+03
9.440000000000000000e+02
2.343000000000000000e+03
5.165000000000000000e+03
2.324000000000000000e+03
3.441000000000000000e+03
5.730000000000000000e+02
1.083000000000000000e+03
3.641000000000000000e+03
1.056000000000000000e+03
2.806000000000000000e+03
3.698000000000000000e+03
1.537000000000000000e+03
1.273000000000000000e+03
1.662000000000000000e+03
2.959000000000000000e+03
2.344000000000000000e+03
6.590000000000000000e+02
3.560000000000000000e+02
1.804000000000000000e+03
6.750000000000000000e+02
3.881000000000000000e+03
1.811000000000000000e+03
2.570000000000000000e+02
1.994000000000000000e+03
2.189000000000000000e+03
8.780000000000000000e+02
6.610000000000000000e+02
3.761000000000000000e+03
8.250000000000000000e+02
6.095000000000000000e+03
1.216000000000000000e+03
1.471000000000000000e+03
7.750000000000000000e+02
2.177000000000000000e+03
7.400000000000000000e+02
1.706000000000000000e+03
8.070000000000000000e+02
2.035000000000000000e+03
2.992000000000000000e+03
7.970000000000000000e+02
1.647000000000000000e+03
1.427000000000000000e+03
7.140000000000000000e+02
1.750000000000000000e+03
2.233000000000000000e+03
1.709000000000000000e+03
3.900000000000000000e+02
4.186000000000000000e+03
8.160000000000000000e+02
7.580000000000000000e+02
3.000000000000000000e+02
3.234000000000000000e+03
2.380000000000000000e+03
5.313000000000000000e+03
1.160000000000000000e+03
1.583000000000000000e+03
2.164000000000000000e+03
4.930000000000000000e+02
9.510000000000000000e+02
3.350000000000000000e+02
4.143000000000000000e+03
2.031000000000000000e+03
4.031000000000000000e+03
8.990000000000000000e+02
1.256000000000000000e+03
8.190000000000000000e+02
2.816000000000000000e+03
1.337000000000000000e+03
2.846000000000000000e+03
8.660000000000000000e+02
2.528000000000000000e+03
1.651000000000000000e+03
9.120000000000000000e+02
4.810000000000000000e+02
1.267000000000000000e+03
1.863000000000000000e+03
1.800000000000000000e+03
7.830000000000000000e+02
5.380000000000000000e+02
5.960000000000000000e+02
1.173000000000000000e+03
2.059000000000000000e+03
2.258000000000000000e+03
2.781000000000000000e+03
2.737000000000000000e+03
4.938000000000000000e+03
9.080000000000000000e+02
1.918000000000000000e+03
4.076000000000000000e+03
8.470000000000000000e+02
9.780000000000000000e+02
4.944000000000000000e+03
1.174000000000000000e+03
1.448000000000000000e+03
3.208000000000000000e+03
4.630000000000000000e+02
1.032000000000000000e+03
1.743000000000000000e+03
1.659000000000000000e+03
1.274000000000000000e+03
2.520000000000000000e+02
2.577000000000000000e+03
4.207000000000000000e+03
1.902000000000000000e+03
2.555000000000000000e+03
2.225000000000000000e+03
4.998000000000000000e+03
9.510000000000000000e+02
1.305000000000000000e+03
5.370000000000000000e+03
2.280000000000000000e+03
1.457000000000000000e+03
7.620000000000000000e+02
8.970000000000000000e+02
4.162000000000000000e+03
2.106000000000000000e+03
1.560000000000000000e+03
3.296000000000000000e+03
4.421000000000000000e+03
5.440000000000000000e+02
3.095000000000000000e+03
2.160000000000000000e+03
1.517000000000000000e+03
1.902000000000000000e+03
8.060000000000000000e+02
3.355000000000000000e+03
5.517000000000000000e+03
3.046000000000000000e+03
3.440000000000000000e+03
1.832000000000000000e+03
1.002000000000000000e+03
1.324000000000000000e+03
3.355000000000000000e+03
1.751000000000000000e+03
2.256000000000000000e+03
6.990000000000000000e+02
4.482000000000000000e+03
3.640000000000000000e+02
2.484000000000000000e+03
3.830000000000000000e+02
2.981000000000000000e+03
4.351000000000000000e+03
1.198000000000000000e+03
1.185000000000000000e+03
1.779000000000000000e+03
6.286000000000000000e+03
6.669000000000000000e+03
1.125000000000000000e+03
9.860000000000000000e+02
9.560000000000000000e+02
2.083000000000000000e+03
1.038000000000000000e+03
3.224000000000000000e+03
7.740000000000000000e+02
2.063000000000000000e+03
3.402000000000000000e+03
1.837000000000000000e+03
1.163000000000000000e+03
2.087000000000000000e+03
4.750000000000000000e+02
1.405000000000000000e+03
2.536000000000000000e+03
1.872000000000000000e+03
4.386000000000000000e+03
1.735000000000000000e+03
8.750000000000000000e+02
2.271000000000000000e+03
5.750000000000000000e+02
1.455000000000000000e+03
5.278000000000000000e+03
5.360000000000000000e+02
5.060000000000000000e+02
1.361000000000000000e+03
3.610000000000000000e+02
2.707000000000000000e+03
1.361000000000000000e+03
9.330000000000000000e+02
5.940000000000000000e+02
6.230000000000000000e+02
5.420000000000000000e+02
2.995000000000000000e+03
1.145000000000000000e+03
5.760000000000000000e+02
7.620000000000000000e+02
1.641000000000000000e+03
1.705000000000000000e+03
1.300000000000000000e+03
7.170000000000000000e+02
2.804000000000000000e+03
7.081000000000000000e+03
5.686000000000000000e+03
1.753000000000000000e+03
6.396000000000000000e+03
4.130000000000000000e+02
2.064000000000000000e+03
6.560000000000000000e+02
5.251000000000000000e+03
1.387000000000000000e+03
3.194000000000000000e+03
1.490000000000000000e+03
2.003000000000000000e+03
4.110000000000000000e+02
3.012000000000000000e+03
2.591000000000000000e+03
1.480000000000000000e+03
4.275000000000000000e+03
1.100000000000000000e+03
1.335000000000000000e+03
3.350000000000000000e+02
6.415000000000000000e+03
1.313000000000000000e+03
2.712000000000000000e+03
9.070000000000000000e+02
3.464000000000000000e+03
2.647000000000000000e+03
7.565000000000000000e+03
4.476000000000000000e+03
5.161000000000000000e+03
1.136000000000000000e+03
1.315000000000000000e+03
4.946000000000000000e+03
2.192000000000000000e+03
3.880000000000000000e+03
1.743000000000000000e+03
3.189000000000000000e+03
7.390000000000000000e+02
6.170000000000000000e+02
4.148000000000000000e+03
2.099000000000000000e+03
1.271000000000000000e+03
1.001000000000000000e+03
3.392000000000000000e+03
1.138000000000000000e+03
2.510000000000000000e+03
6.975000000000000000e+03
4.793000000000000000e+03
2.036000000000000000e+03
7.010000000000000000e+02
1.495000000000000000e+03
1.462000000000000000e+03
1.041000000000000000e+03
1.091000000000000000e+03
1.780000000000000000e+03
4.173000000000000000e+03
1.594000000000000000e+03
3.561000000000000000e+03
1.747000000000000000e+03
1.321000000000000000e+03
6.390000000000000000e+03
6.415000000000000000e+03
3.018000000000000000e+03
1.118000000000000000e+03
5.410000000000000000e+02
3.283000000000000000e+03
3.983000000000000000e+03
1.418000000000000000e+03
2.580000000000000000e+03
1.384000000000000000e+03
6.160000000000000000e+03
4.194000000000000000e+03
1.100000000000000000e+03
8.240000000000000000e+02
5.840000000000000000e+02
6.720000000000000000e+02
7.580000000000000000e+02
1.298000000000000000e+03
1.640000000000000000e+03
5.302000000000000000e+03
3.480000000000000000e+02
6.170000000000000000e+03
3.761000000000000000e+03
1.343000000000000000e+03
1.452000000000000000e+03
2.129000000000000000e+03
2.588000000000000000e+03
1.599000000000000000e+03
3.106000000000000000e+03
7.030000000000000000e+02
2.545000000000000000e+03
3.646000000000000000e+03
1.117000000000000000e+03
2.907000000000000000e+03
4.234000000000000000e+03
8.498000000000000000e+03
1.039000000000000000e+03
1.057000000000000000e+03
2.351000000000000000e+03
2.005000000000000000e+03
1.568000000000000000e+03
3.856000000000000000e+03
3.483000000000000000e+03
2.349000000000000000e+03
3.217000000000000000e+03
2.323000000000000000e+03
1.909000000000000000e+03
4.355000000000000000e+03
3.863000000000000000e+03
5.051000000000000000e+03
3.797000000000000000e+03
2.869000000000000000e+03
1.179000000000000000e+03
1.937000000000000000e+03
6.370000000000000000e+02
1.796000000000000000e+03
2.694000000000000000e+03
4.350000000000000000e+03
6.870000000000000000e+02
4.915000000000000000e+03
3.465000000000000000e+03
1.448000000000000000e+03
1.084000000000000000e+03
9.660000000000000000e+02
3.150000000000000000e+02
7.850000000000000000e+02
6.561000000000000000e+03
3.160000000000000000e+02
1.712000000000000000e+03
1.107000000000000000e+03
1.816000000000000000e+03
4.664000000000000000e+03
4.290000000000000000e+02
7.760000000000000000e+02
3.481000000000000000e+03
5.845000000000000000e+03
1.205000000000000000e+03
4.253000000000000000e+03
1.628000000000000000e+03
2.819000000000000000e+03
4.459000000000000000e+03
2.943000000000000000e+03
8.340000000000000000e+02
6.720000000000000000e+02
7.160000000000000000e+02
6.550000000000000000e+02
1.018000000000000000e+03
3.575000000000000000e+03
1.046000000000000000e+03
3.732000000000000000e+03
7.590000000000000000e+02
1.150000000000000000e+03
1.213000000000000000e+03
4.718000000000000000e+03
2.196000000000000000e+03
8.110000000000000000e+02
1.908000000000000000e+03
1.772000000000000000e+03
3.830000000000000000e+03
6.110000000000000000e+02
1.523000000000000000e+03
1.449000000000000000e+03
3.082000000000000000e+03
1.219000000000000000e+03
4.330000000000000000e+02
2.927000000000000000e+03
2.524000000000000000e+03
3.472000000000000000e+03
4.409000000000000000e+03
6.630000000000000000e+02
3.208000000000000000e+03
3.974000000000000000e+03
9.440000000000000000e+02
1.258000000000000000e+03
1.949000000000000000e+03
6.800000000000000000e+02
1.134000000000000000e+03
2.005000000000000000e+03
1.341000000000000000e+03
3.485000000000000000e+03
3.301000000000000000e+03
1.618000000000000000e+03
5.460000000000000000e+02
1.576000000000000000e+03
3.908000000000000000e+03
2.977000000000000000e+03
4.019000000000000000e+03
3.860000000000000000e+02
6.050000000000000000e+03
8.520000000000000000e+02
1.040000000000000000e+03
4.560000000000000000e+03
2.616000000000000000e+03
5.283000000000000000e+03
3.096000000000000000e+03
2.122000000000000000e+03
7.652000000000000000e+03
2.150000000000000000e+03
3.590000000000000000e+02
1.408000000000000000e+03
6.500000000000000000e+02
2.042000000000000000e+03
2.377000000000000000e+03
4.001000000000000000e+03
5.506000000000000000e+03
8.590000000000000000e+02
1.920000000000000000e+03
1.968000000000000000e+03
3.035000000000000000e+03
8.980000000000000000e+02
7.410000000000000000e+02
4.592000000000000000e+03
1.203000000000000000e+03
2.990000000000000000e+02
9.390000000000000000e+02
1.570000000000000000e+02
2.983000000000000000e+03
1.602000000000000000e+03
2.071000000000000000e+03
3.304000000000000000e+03
1.562000000000000000e+03
2.459000000000000000e+03
2.777000000000000000e+03
1.169000000000000000e+03
2.732000000000000000e+03
3.470000000000000000e+02
3.740000000000000000e+02
8.680000000000000000e+02
1.740000000000000000e+03
5.328000000000000000e+03
6.163000000000000000e+03
4.532000000000000000e+03
3.062000000000000000e+03
1.898000000000000000e+03
5.662000000000000000e+03
4.220000000000000000e+02
1.450000000000000000e+03
2.102000000000000000e+03
2.474000000000000000e+03
1.001000000000000000e+03
2.010000000000000000e+03
3.746000000000000000e+03
2.035000000000000000e+03
2.015000000000000000e+03
6.576000000000000000e+03
1.042000000000000000e+03
1.876000000000000000e+03
6.340000000000000000e+02
1.533000000000000000e+03
1.744000000000000000e+03
1.418000000000000000e+03
7.440000000000000000e+02
2.237000000000000000e+03
3.286000000000000000e+03
1.229000000000000000e+03
8.610000000000000000e+02
2.928000000000000000e+03
5.750000000000000000e+02
2.196000000000000000e+03
1.170000000000000000e+03
2.350000000000000000e+03
2.368000000000000000e+03
1.827000000000000000e+03
3.619000000000000000e+03
4.581000000000000000e+03
5.450000000000000000e+02
2.635000000000000000e+03
9.900000000000000000e+02
1.882000000000000000e+03
4.610000000000000000e+02
1.341000000000000000e+03
6.230000000000000000e+02
7.315000000000000000e+03
1.786000000000000000e+03
1.569000000000000000e+03
9.674000000000000000e+03
5.873000000000000000e+03
1.166000000000000000e+03
1.499000000000000000e+03
3.040000000000000000e+03
2.547000000000000000e+03
2.351000000000000000e+03
1.762000000000000000e+03
3.662000000000000000e+03
4.854000000000000000e+03
3.066000000000000000e+03
5.810000000000000000e+02
1.256000000000000000e+03
8.840000000000000000e+02
6.344000000000000000e+03
6.040000000000000000e+02
2.382000000000000000e+03
9.430000000000000000e+02
3.835000000000000000e+03
2.206000000000000000e+03
1.787000000000000000e+03
8.710000000000000000e+02
1.132000000000000000e+03
1.046000000000000000e+03
4.752000000000000000e+03
1.406000000000000000e+03
6.100000000000000000e+02
4.670000000000000000e+02
1.112000000000000000e+03
8.280000000000000000e+02
1.827000000000000000e+03
2.095000000000000000e+03
2.970000000000000000e+02
1.354000000000000000e+03
4.593000000000000000e+03
1.796000000000000000e+03
1.277000000000000000e+03
9.910000000000000000e+02
5.650000000000000000e+02
5.254000000000000000e+03
1.845000000000000000e+03
1.396000000000000000e+03
1.536000000000000000e+03
1.602000000000000000e+03
