1.797000000000000000e+03
8.440000000000000000e+02
3.350000000000000000e+02
2.190000000000000000e+02
1.750000000000000000e+02
3.490000000000000000e+02
4.860000000000000000e+02
7.650000000000000000e+02
6.610000000000000000e+02
6.510000000000000000e+02
1.561000000000000000e+03
6.740000000000000000e+02
9.060000000000000000e+02
2.930000000000000000e+02
6.890000000000000000e+02
1.244000000000000000e+03
4.010000000000000000e+02
9.030000000000000000e+02
9.870000000000000000e+02
1.190000000000000000e+03
3.760000000000000000e+02
9.430000000000000000e+02
1.642000000000000000e+03
8.910000000000000000e+02
5.920000000000000000e+02
1.130000000000000000e+03
3.860000000000000000e+02
1.084000000000000000e+03
3.890000000000000000e+02
4.930000000000000000e+02
3.640000000000000000e+02
6.780000000000000000e+02
2.600000000000000000e+03
1.657000000000000000e+03
1.072000000000000000e+03
4.140000000000000000e+02
1.137000000000000000e+03
6.330000000000000000e+02
3.100000000000000000e+02
8.420000000000000000e+02
3.090000000000000000e+02
1.106000000000000000e+03
8.270000000000000000e+02
7.830000000000000000e+02
8.110000000000000000e+02
2.890000000000000000e+02
2.167000000000000000e+03
3.670000000000000000e+02
9.040000000000000000e+02
5.150000000000000000e+02
5.670000000000000000e+02
5.070000000000000000e+02
2.900000000000000000e+02
1.418000000000000000e+03
1.189000000000000000e+03
1.277000000000000000e+03
7.190000000000000000e+02
7.070000000000000000e+02
3.577000000000000000e+03
4.810000000000000000e+02
5.440000000000000000e+02
8.220000000000000000e+02
5.720000000000000000e+02
6.150000000000000000e+02
1.009000000000000000e+03
6.980000000000000000e+02
3.910000000000000000e+02
4.110000000000000000e+02
4.160000000000000000e+02
4.410000000000000000e+02
6.780000000000000000e+02
1.441000000000000000e+03
4.880000000000000000e+02
1.838000000000000000e+03
1.184000000000000000e+03
3.400000000000000000e+02
3.850000000000000000e+02
1.045000000000000000e+03
9.330000000000000000e+02
4.480000000000000000e+02
4.130000000000000000e+02
1.305000000000000000e+03
3.150000000000000000e+02
1.315000000000000000e+03
3.110000000000000000e+02
6.050000000000000000e+02
4.460000000000000000e+02
2.450000000000000000e+02
7.650000000000000000e+02
6.320000000000000000e+02
1.670000000000000000e+03
1.615000000000000000e+03
8.970000000000000000e+02
6.210000000000000000e+02
5.380000000000000000e+02
1.692000000000000000e+03
6.340000000000000000e+02
3.020000000000000000e+02
7.970000000000000000e+02
8.150000000000000000e+02
7.690000000000000000e+02
2.350000000000000000e+02
4.970000000000000000e+02
7.880000000000000000e+02
5.130000000000000000e+02
7.740000000000000000e+02
2.480000000000000000e+02
3.220000000000000000e+02
1.044000000000000000e+03
1.806000000000000000e+03
1.188000000000000000e+03
4.090000000000000000e+02
5.360000000000000000e+02
4.940000000000000000e+02
8.090000000000000000e+02
3.750000000000000000e+02
9.090000000000000000e+02
1.073000000000000000e+03
7.700000000000000000e+02
1.019000000000000000e+03
4.840000000000000000e+02
9.220000000000000000e+02
5.130000000000000000e+02
1.229000000000000000e+03
4.170000000000000000e+02
4.430000000000000000e+02
3.830000000000000000e+02
1.557000000000000000e+03
7.290000000000000000e+02
5.470000000000000000e+02
7.940000000000000000e+02
6.200000000000000000e+02
8.570000000000000000e+02
3.710000000000000000e+02
7.050000000000000000e+02
1.270000000000000000e+03
7.120000000000000000e+02
1.406000000000000000e+03
1.191000000000000000e+03
6.450000000000000000e+02
5.000000000000000000e+02
1.195000000000000000e+03
5.420000000000000000e+02
3.870000000000000000e+02
8.180000000000000000e+02
3.550000000000000000e+02
3.600000000000000000e+02
2.400000000000000000e+03
8.940000000000000000e+02
1.725000000000000000e+03
5.240000000000000000e+02
3.310000000000000000e+02
1.256000000000000000e+03
5.790000000000000000e+02
3.900000000000000000e+02
4.620000000000000000e+02
1.869000000000000000e+03
7.030000000000000000e+02
6.610000000000000000e+02
4.810000000000000000e+02
3.220000000000000000e+02
6.020000000000000000e+02
5.110000000000000000e+02
1.163000000000000000e+03
9.630000000000000000e+02
2.870000000000000000e+02
8.150000000000000000e+02
2.290000000000000000e+03
4.960000000000000000e+02
1.897000000000000000e+03
1.298000000000000000e+03
5.240000000000000000e+02
6.110000000000000000e+02
2.600000000000000000e+02
4.880000000000000000e+02
4.060000000000000000e+02
3.810000000000000000e+02
8.910000000000000000e+02
1.450000000000000000e+03
2.200000000000000000e+02
2.036000000000000000e+03
2.247000000000000000e+03
1.675000000000000000e+03
7.620000000000000000e+02
5.860000000000000000e+02
3.060000000000000000e+02
1.404000000000000000e+03
5.040000000000000000e+02
9.020000000000000000e+02
4.690000000000000000e+02
4.200000000000000000e+02
2.860000000000000000e+02
6.450000000000000000e+02
1.234000000000000000e+03
1.225000000000000000e+03
6.120000000000000000e+02
5.570000000000000000e+02
8.950000000000000000e+02
4.230000000000000000e+02
7.170000000000000000e+02
3.410000000000000000e+02
1.514000000000000000e+03
5.400000000000000000e+02
4.830000000000000000e+02
1.109000000000000000e+03
7.120000000000000000e+02
4.170000000000000000e+02
3.350000000000000000e+02
1.081000000000000000e+03
4.400000000000000000e+02
2.840000000000000000e+02
1.692000000000000000e+03
1.320000000000000000e+03
4.030000000000000000e+02
7.840000000000000000e+02
1.049000000000000000e+03
4.280000000000000000e+02
1.421000000000000000e+03
1.766000000000000000e+03
6.750000000000000000e+02
7.210000000000000000e+02
1.336000000000000000e+03
4.810000000000000000e+02
1.614000000000000000e+03
6.520000000000000000e+02
2.880000000000000000e+02
3.980000000000000000e+02
3.970000000000000000e+02
9.560000000000000000e+02
2.890000000000000000e+02
5.300000000000000000e+02
4.780000000000000000e+02
6.240000000000000000e+02
1.316000000000000000e+03
3.850000000000000000e+02
6.580000000000000000e+02
4.910000000000000000e+02
5.690000000000000000e+02
4.550000000000000000e+02
9.210000000000000000e+02
6.330000000000000000e+02
8.270000000000000000e+02
6.620000000000000000e+02
1.216000000000000000e+03
5.170000000000000000e+02
4.500000000000000000e+02
3.668000000000000000e+03
4.440000000000000000e+02
4.200000000000000000e+02
4.280000000000000000e+02
4.370000000000000000e+02
1.488000000000000000e+03
7.290000000000000000e+02
1.708000000000000000e+03
1.504000000000000000e+03
2.980000000000000000e+02
6.900000000000000000e+02
4.760000000000000000e+02
3.490000000000000000e+02
8.190000000000000000e+02
7.110000000000000000e+02
9.830000000000000000e+02
7.680000000000000000e+02
9.550000000000000000e+02
1.254000000000000000e+03
5.420000000000000000e+02
5.250000000000000000e+02
4.190000000000000000e+02
1.091000000000000000e+03
4.590000000000000000e+02
6.540000000000000000e+02
5.930000000000000000e+02
6.840000000000000000e+02
7.070000000000000000e+02
4.180000000000000000e+02
4.680000000000000000e+02
6.650000000000000000e+02
3.680000000000000000e+02
1.352000000000000000e+03
7.870000000000000000e+02
9.070000000000000000e+02
6.230000000000000000e+02
5.550000000000000000e+02
1.413000000000000000e+03
8.450000000000000000e+02
1.200000000000000000e+03
7.620000000000000000e+02
2.019000000000000000e+03
2.250000000000000000e+02
4.860000000000000000e+02
8.510000000000000000e+02
1.757000000000000000e+03
3.300000000000000000e+02
2.520000000000000000e+02
6.160000000000000000e+02
1.067000000000000000e+03
7.350000000000000000e+02
1.191000000000000000e+03
8.450000000000000000e+02
5.740000000000000000e+02
6.210000000000000000e+02
7.880000000000000000e+02
5.700000000000000000e+02
4.770000000000000000e+02
9.670000000000000000e+02
4.700000000000000000e+02
8.720000000000000000e+02
1.845000000000000000e+03
4.130000000000000000e+02
4.010000000000000000e+02
1.537000000000000000e+03
1.504000000000000000e+03
3.760000000000000000e+02
1.079000000000000000e+03
5.800000000000000000e+02
9.690000000000000000e+02
9.760000000000000000e+02
6.180000000000000000e+02
3.620000000000000000e+02
3.220000000000000000e+02
3.710000000000000000e+02
4.620000000000000000e+02
1.366000000000000000e+03
4.720000000000000000e+02
2.760000000000000000e+02
3.097000000000000000e+03
9.900000000000000000e+02
1.247000000000000000e+03
6.460000000000000000e+02
7.960000000000000000e+02
6.040000000000000000e+02
5.900000000000000000e+02
1.067000000000000000e+03
3.750000000000000000e+02
9.240000000000000000e+02
1.028000000000000000e+03
4.040000000000000000e+02
2.200000000000000000e+02
6.060000000000000000e+02
1.693000000000000000e+03
1.009000000000000000e+03
6.680000000000000000e+02
6.760000000000000000e+02
8.850000000000000000e+02
5.580000000000000000e+02
2.005000000000000000e+03
2.320000000000000000e+02
3.890000000000000000e+02
5.550000000000000000e+02
1.041000000000000000e+03
8.970000000000000000e+02
7.540000000000000000e+02
6.710000000000000000e+02
5.770000000000000000e+02
1.236000000000000000e+03
1.329000000000000000e+03
1.910000000000000000e+03
1.396000000000000000e+03
7.430000000000000000e+02
2.730000000000000000e+02
6.540000000000000000e+02
9.320000000000000000e+02
9.170000000000000000e+02
1.291000000000000000e+03
7.870000000000000000e+02
2.042000000000000000e+03
9.030000000000000000e+02
7.400000000000000000e+02
3.950000000000000000e+02
3.920000000000000000e+02
1.190000000000000000e+03
1.840000000000000000e+02
1.658000000000000000e+03
5.680000000000000000e+02
9.180000000000000000e+02
2.635000000000000000e+03
1.182000000000000000e+03
1.079000000000000000e+03
6.200000000000000000e+02
8.890000000000000000e+02
7.560000000000000000e+02
3.900000000000000000e+02
1.005000000000000000e+03
3.530000000000000000e+02
5.220000000000000000e+02
4.810000000000000000e+02
2.480000000000000000e+02
8.120000000000000000e+02
1.246000000000000000e+03
7.010000000000000000e+02
5.250000000000000000e+02
4.020000000000000000e+02
3.840000000000000000e+02
9.270000000000000000e+02
6.450000000000000000e+02
7.730000000000000000e+02
5.050000000000000000e+02
4.480000000000000000e+02
1.328000000000000000e+03
8.200000000000000000e+02
7.150000000000000000e+02
7.670000000000000000e+02
8.380000000000000000e+02
4.860000000000000000e+02
7.490000000000000000e+02
7.990000000000000000e+02
7.590000000000000000e+02
5.220000000000000000e+02
7.140000000000000000e+02
1.927000000000000000e+03
9.010000000000000000e+02
3.030000000000000000e+02
4.920000000000000000e+02
6.880000000000000000e+02
4.920000000000000000e+02
1.037000000000000000e+03
5.280000000000000000e+02
3.890000000000000000e+02
5.560000000000000000e+02
5.650000000000000000e+02
5.560000000000000000e+02
3.990000000000000000e+02
9.330000000000000000e+02
3.100000000000000000e+02
5.490000000000000000e+02
1.468000000000000000e+03
3.330000000000000000e+02
3.680000000000000000e+02
1.092000000000000000e+03
1.042000000000000000e+03
8.790000000000000000e+02
7.730000000000000000e+02
3.110000000000000000e+02
1.089000000000000000e+03
1.641000000000000000e+03
1.067000000000000000e+03
2.340000000000000000e+02
5.480000000000000000e+02
1.665000000000000000e+03
3.160000000000000000e+02
5.660000000000000000e+02
8.780000000000000000e+02
9.380000000000000000e+02
1.010000000000000000e+03
6.050000000000000000e+02
5.750000000000000000e+02
1.790000000000000000e+02
3.420000000000000000e+02
7.310000000000000000e+02
1.579000000000000000e+03
1.044000000000000000e+03
3.500000000000000000e+02
7.360000000000000000e+02
4.380000000000000000e+02
1.315000000000000000e+03
6.530000000000000000e+02
1.434000000000000000e+03
9.690000000000000000e+02
9.100000000000000000e+02
1.271000000000000000e+03
4.360000000000000000e+02
9.740000000000000000e+02
7.000000000000000000e+02
2.188000000000000000e+03
9.560000000000000000e+02
8.420000000000000000e+02
8.630000000000000000e+02
4.280000000000000000e+02
1.146000000000000000e+03
7.920000000000000000e+02
3.180000000000000000e+02
5.100000000000000000e+02
3.160000000000000000e+02
2.560000000000000000e+02
8.560000000000000000e+02
7.240000000000000000e+02
5.680000000000000000e+02
6.170000000000000000e+02
1.038000000000000000e+03
1.342000000000000000e+03
2.621000000000000000e+03
3.100000000000000000e+02
1.122000000000000000e+03
1.119000000000000000e+03
1.892000000000000000e+03
2.490000000000000000e+02
1.253000000000000000e+03
5.030000000000000000e+02
6.550000000000000000e+02
5.640000000000000000e+02
1.570000000000000000e+03
3.490000000000000000e+02
3.700000000000000000e+02
3.470000000000000000e+02
2.350000000000000000e+02
8.010000000000000000e+02
9.580000000000000000e+02
7.360000000000000000e+02
4.620000000000000000e+02
5.490000000000000000e+02
3.270000000000000000e+02
8.930000000000000000e+02
1.909000000000000000e+03
1.103000000000000000e+03
1.555000000000000000e+03
3.750000000000000000e+02
7.880000000000000000e+02
7.660000000000000000e+02
7.860000000000000000e+02
4.750000000000000000e+02
1.027000000000000000e+03
2.590000000000000000e+02
7.710000000000000000e+02
1.686000000000000000e+03
1.069000000000000000e+03
5.870000000000000000e+02
9.920000000000000000e+02
5.060000000000000000e+02
4.400000000000000000e+02
1.266000000000000000e+03
1.333000000000000000e+03
3.670000000000000000e+02
8.350000000000000000e+02
3.660000000000000000e+02
8.040000000000000000e+02
1.393000000000000000e+03
5.410000000000000000e+02
3.300000000000000000e+02
9.490000000000000000e+02
9.440000000000000000e+02
2.720000000000000000e+02
4.560000000000000000e+02
3.780000000000000000e+02
1.947000000000000000e+03
3.300000000000000000e+02
5.340000000000000000e+02
8.880000000000000000e+02
6.320000000000000000e+02
2.393000000000000000e+03
3.960000000000000000e+02
1.613000000000000000e+03
6.980000000000000000e+02
6.090000000000000000e+02
7.070000000000000000e+02
6.840000000000000000e+02
3.490000000000000000e+02
3.750000000000000000e+02
5.620000000000000000e+02
1.209000000000000000e+03
5.710000000000000000e+02
1.644000000000000000e+03
8.800000000000000000e+02
5.440000000000000000e+02
4.450000000000000000e+02
1.115000000000000000e+03
8.960000000000000000e+02
8.800000000000000000e+02
9.780000000000000000e+02
2.048000000000000000e+03
8.390000000000000000e+02
6.470000000000000000e+02
4.140000000000000000e+02
3.020000000000000000e+02
5.990000000000000000e+02
4.230000000000000000e+02
1.180000000000000000e+03
1.303000000000000000e+03
8.570000000000000000e+02
7.050000000000000000e+02
4.980000000000000000e+02
7.620000000000000000e+02
3.850000000000000000e+02
8.460000000000000000e+02
1.656000000000000000e+03
5.520000000000000000e+02
6.870000000000000000e+02
5.510000000000000000e+02
1.308000000000000000e+03
1.185000000000000000e+03
2.051000000000000000e+03
6.540000000000000000e+02
5.220000000000000000e+02
1.049000000000000000e+03
3.360000000000000000e+02
4.380000000000000000e+02
1.085000000000000000e+03
3.890000000000000000e+02
1.199000000000000000e+03
5.340000000000000000e+02
8.240000000000000000e+02
7.850000000000000000e+02
1.374000000000000000e+03
4.600000000000000000e+02
6.280000000000000000e+02
3.820000000000000000e+02
4.740000000000000000e+02
4.610000000000000000e+02
5.370000000000000000e+02
5.650000000000000000e+02
5.380000000000000000e+02
5.340000000000000000e+02
5.140000000000000000e+02
1.322000000000000000e+03
6.200000000000000000e+02
4.670000000000000000e+02
1.174000000000000000e+03
5.800000000000000000e+02
4.820000000000000000e+02
1.890000000000000000e+02
4.020000000000000000e+02
6.760000000000000000e+02
9.920000000000000000e+02
1.037000000000000000e+03
5.780000000000000000e+02
2.150000000000000000e+02
1.672000000000000000e+03
1.063000000000000000e+03
6.280000000000000000e+02
3.290000000000000000e+02
1.145000000000000000e+03
2.970000000000000000e+02
4.090000000000000000e+02
1.054000000000000000e+03
4.870000000000000000e+02
5.800000000000000000e+02
4.910000000000000000e+02
9.060000000000000000e+02
3.070000000000000000e+02
1.004000000000000000e+03
9.750000000000000000e+02
1.092000000000000000e+03
4.260000000000000000e+02
4.750000000000000000e+02
1.812000000000000000e+03
8.430000000000000000e+02
1.014000000000000000e+03
8.380000000000000000e+02
1.760000000000000000e+03
4.640000000000000000e+02
4.600000000000000000e+02
7.150000000000000000e+02
5.450000000000000000e+02
1.243000000000000000e+03
2.440000000000000000e+02
5.700000000000000000e+02
6.600000000000000000e+02
4.430000000000000000e+02
7.080000000000000000e+02
6.510000000000000000e+02
6.840000000000000000e+02
6.610000000000000000e+02
2.490000000000000000e+02
6.750000000000000000e+02
1.010000000000000000e+03
1.000000000000000000e+03
4.140000000000000000e+02
7.480000000000000000e+02
1.145000000000000000e+03
7.590000000000000000e+02
1.979000000000000000e+03
1.809000000000000000e+03
1.001000000000000000e+03
6.840000000000000000e+02
8.310000000000000000e+02
5.140000000000000000e+02
3.270000000000000000e+02
1.246000000000000000e+03
2.470000000000000000e+02
1.284000000000000000e+03
6.650000000000000000e+02
1.427000000000000000e+03
4.380000000000000000e+02
4.240000000000000000e+02
3.360000000000000000e+02
1.003000000000000000e+03
4.080000000000000000e+02
1.117000000000000000e+03
1.059000000000000000e+03
7.560000000000000000e+02
2.810000000000000000e+02
5.440000000000000000e+02
5.730000000000000000e+02
3.710000000000000000e+02
7.340000000000000000e+02
2.625000000000000000e+03
2.534000000000000000e+03
4.180000000000000000e+02
9.430000000000000000e+02
1.429000000000000000e+03
3.780000000000000000e+02
7.340000000000000000e+02
9.970000000000000000e+02
8.660000000000000000e+02
6.380000000000000000e+02
5.170000000000000000e+02
7.060000000000000000e+02
4.530000000000000000e+02
2.746000000000000000e+03
4.730000000000000000e+02
6.260000000000000000e+02
5.940000000000000000e+02
6.250000000000000000e+02
1.968000000000000000e+03
5.210000000000000000e+02
2.879000000000000000e+03
9.520000000000000000e+02
2.960000000000000000e+02
4.390000000000000000e+02
2.384000000000000000e+03
5.810000000000000000e+02
4.260000000000000000e+02
8.160000000000000000e+02
4.750000000000000000e+02
1.003000000000000000e+03
1.083000000000000000e+03
8.940000000000000000e+02
3.790000000000000000e+02
3.400000000000000000e+02
1.225000000000000000e+03
4.960000000000000000e+02
9.070000000000000000e+02
4.590000000000000000e+02
7.310000000000000000e+02
6.930000000000000000e+02
5.310000000000000000e+02
3.150000000000000000e+02
3.580000000000000000e+02
3.250000000000000000e+02
6.970000000000000000e+02
8.460000000000000000e+02
1.754000000000000000e+03
2.033000000000000000e+03
1.484000000000000000e+03
4.620000000000000000e+02
3.290000000000000000e+02
5.500000000000000000e+02
4.610000000000000000e+02
8.930000000000000000e+02
6.010000000000000000e+02
5.560000000000000000e+02
5.020000000000000000e+02
7.690000000000000000e+02
5.130000000000000000e+02
7.840000000000000000e+02
2.035000000000000000e+03
7.820000000000000000e+02
1.282000000000000000e+03
4.490000000000000000e+02
7.420000000000000000e+02
1.205000000000000000e+03
6.590000000000000000e+02
6.200000000000000000e+02
1.293000000000000000e+03
5.710000000000000000e+02
3.990000000000000000e+02
5.190000000000000000e+02
5.650000000000000000e+02
7.250000000000000000e+02
3.410000000000000000e+02
6.590000000000000000e+02
7.030000000000000000e+02
2.690000000000000000e+02
5.970000000000000000e+02
3.140000000000000000e+02
7.740000000000000000e+02
8.500000000000000000e+02
5.760000000000000000e+02
4.990000000000000000e+02
4.100000000000000000e+02
9.940000000000000000e+02
3.840000000000000000e+02
3.218000000000000000e+03
8.040000000000000000e+02
2.796000000000000000e+03
2.690000000000000000e+02
1.411000000000000000e+03
8.790000000000000000e+02
3.670000000000000000e+02
6.480000000000000000e+02
2.780000000000000000e+02
5.470000000000000000e+02
9.220000000000000000e+02
7.810000000000000000e+02
8.680000000000000000e+02
8.870000000000000000e+02
1.006000000000000000e+03
3.720000000000000000e+02
4.270000000000000000e+02
1.638000000000000000e+03
2.950000000000000000e+02
2.721000000000000000e+03
2.590000000000000000e+02
1.463000000000000000e+03
4.790000000000000000e+02
6.000000000000000000e+02
3.880000000000000000e+02
3.920000000000000000e+02
1.900000000000000000e+02
5.010000000000000000e+02
5.030000000000000000e+02
5.650000000000000000e+02
3.440000000000000000e+02
1.157000000000000000e+03
5.570000000000000000e+02
1.230000000000000000e+03
2.370000000000000000e+02
6.220000000000000000e+02
4.850000000000000000e+02
5.650000000000000000e+02
1.999000000000000000e+03
1.343000000000000000e+03
3.000000000000000000e+02
6.660000000000000000e+02
1.494000000000000000e+03
1.263000000000000000e+03
2.226000000000000000e+03
9.350000000000000000e+02
8.450000000000000000e+02
1.338000000000000000e+03
8.300000000000000000e+02
7.410000000000000000e+02
3.290000000000000000e+02
5.960000000000000000e+02
9.970000000000000000e+02
5.130000000000000000e+02
1.943000000000000000e+03
1.221000000000000000e+03
5.950000000000000000e+02
3.380000000000000000e+02
9.470000000000000000e+02
4.200000000000000000e+02
4.220000000000000000e+02
2.320000000000000000e+02
9.470000000000000000e+02
4.250000000000000000e+02
1.461000000000000000e+03
1.419000000000000000e+03
1.056000000000000000e+03
2.660000000000000000e+02
9.250000000000000000e+02
8.920000000000000000e+02
1.492000000000000000e+03
5.010000000000000000e+02
5.680000000000000000e+02
3.440000000000000000e+02
7.310000000000000000e+02
1.023000000000000000e+03
1.923000000000000000e+03
2.800000000000000000e+02
6.590000000000000000e+02
8.580000000000000000e+02
3.080000000000000000e+02
1.691000000000000000e+03
9.600000000000000000e+02
2.330000000000000000e+02
4.200000000000000000e+02
8.150000000000000000e+02
8.860000000000000000e+02
4.640000000000000000e+02
6.340000000000000000e+02
5.440000000000000000e+02
4.780000000000000000e+02
1.577000000000000000e+03
4.570000000000000000e+02
6.650000000000000000e+02
1.417000000000000000e+03
4.330000000000000000e+02
2.029000000000000000e+03
6.190000000000000000e+02
6.900000000000000000e+02
9.570000000000000000e+02
6.220000000000000000e+02
2.859000000000000000e+03
1.470000000000000000e+03
1.139000000000000000e+03
4.640000000000000000e+02
4.320000000000000000e+02
6.870000000000000000e+02
5.970000000000000000e+02
1.190000000000000000e+03
7.270000000000000000e+02
1.078000000000000000e+03
6.200000000000000000e+02
4.470000000000000000e+02
4.120000000000000000e+02
3.150000000000000000e+02
1.244000000000000000e+03
3.270000000000000000e+02
1.006000000000000000e+03
3.380000000000000000e+02
7.980000000000000000e+02
4.250000000000000000e+02
9.420000000000000000e+02
1.095000000000000000e+03
1.797000000000000000e+03
6.290000000000000000e+02
4.230000000000000000e+02
3.690000000000000000e+02
4.850000000000000000e+02
8.490000000000000000e+02
6.210000000000000000e+02
2.800000000000000000e+02
3.078000000000000000e+03
5.820000000000000000e+02
3.830000000000000000e+02
5.420000000000000000e+02
6.560000000000000000e+02
9.480000000000000000e+02
5.310000000000000000e+02
1.113000000000000000e+03
9.610000000000000000e+02
4.940000000000000000e+02
4.710000000000000000e+02
8.440000000000000000e+02
2.960000000000000000e+02
5.550000000000000000e+02
1.860000000000000000e+03
7.220000000000000000e+02
4.470000000000000000e+02
1.102000000000000000e+03
8.620000000000000000e+02
7.320000000000000000e+02
5.690000000000000000e+02
4.990000000000000000e+02
3.170000000000000000e+02
1.888000000000000000e+03
5.250000000000000000e+02
7.720000000000000000e+02
2.029000000000000000e+03
5.090000000000000000e+02
1.189000000000000000e+03
1.090000000000000000e+03
8.480000000000000000e+02
3.920000000000000000e+02
9.570000000000000000e+02
6.540000000000000000e+02
8.850000000000000000e+02
2.770000000000000000e+02
5.300000000000000000e+02
2.600000000000000000e+02
7.270000000000000000e+02
5.890000000000000000e+02
5.400000000000000000e+02
8.310000000000000000e+02
1.716000000000000000e+03
4.570000000000000000e+02
4.710000000000000000e+02
8.520000000000000000e+02
5.420000000000000000e+02
6.850000000000000000e+02
1.090000000000000000e+03
8.850000000000000000e+02
1.138000000000000000e+03
2.810000000000000000e+02
9.360000000000000000e+02
6.230000000000000000e+02
3.860000000000000000e+02
6.830000000000000000e+02
8.130000000000000000e+02
6.700000000000000000e+02
3.710000000000000000e+02
7.590000000000000000e+02
1.390000000000000000e+03
2.380000000000000000e+02
3.380000000000000000e+02
3.020000000000000000e+02
4.840000000000000000e+02
3.660000000000000000e+02
1.787000000000000000e+03
6.950000000000000000e+02
7.760000000000000000e+02
1.484000000000000000e+03
5.710000000000000000e+02
4.700000000000000000e+02
1.038000000000000000e+03
9.860000000000000000e+02
5.390000000000000000e+02
9.640000000000000000e+02
5.080000000000000000e+02
6.100000000000000000e+02
4.250000000000000000e+02
1.168000000000000000e+03
6.430000000000000000e+02
2.230000000000000000e+02
5.840000000000000000e+02
1.260000000000000000e+03
8.490000000000000000e+02
2.770000000000000000e+02
6.430000000000000000e+02
2.978000000000000000e+03
4.820000000000000000e+02
5.690000000000000000e+02
3.750000000000000000e+02
6.580000000000000000e+02
1.323000000000000000e+03
6.600000000000000000e+02
3.590000000000000000e+02
5.880000000000000000e+02
6.790000000000000000e+02
1.870000000000000000e+02
