2.080000000000000000e+03
1.382600000000000000e+04
1.043000000000000000e+04
1.583000000000000000e+03
3.489000000000000000e+03
7.453000000000000000e+03
3.899000000000000000e+03
3.547000000000000000e+03
1.689200000000000000e+04
6.644000000000000000e+03
1.431400000000000000e+04
2.283000000000000000e+03
1.213300000000000000e+04
1.335700000000000000e+04
8.917000000000000000e+03
4.211000000000000000e+03
7.505000000000000000e+03
6.343000000000000000e+03
9.193000000000000000e+03
2.172300000000000000e+04
2.019000000000000000e+03
3.574900000000000000e+04
5.675000000000000000e+03
1.032400000000000000e+04
7.291000000000000000e+03
6.483000000000000000e+03
2.947000000000000000e+03
6.160000000000000000e+03
8.199000000000000000e+03
1.708000000000000000e+03
6.605000000000000000e+03
1.089100000000000000e+04
8.542000000000000000e+03
2.861400000000000000e+04
1.211000000000000000e+03
4.576000000000000000e+03
6.281000000000000000e+03
5.045000000000000000e+03
9.858000000000000000e+03
1.290400000000000000e+04
5.413000000000000000e+03
7.829000000000000000e+03
1.208500000000000000e+04
4.286000000000000000e+03
1.076600000000000000e+04
4.777000000000000000e+03
1.053300000000000000e+04
6.109000000000000000e+03
8.354000000000000000e+03
4.323000000000000000e+03
8.296000000000000000e+03
5.419000000000000000e+03
7.776000000000000000e+03
2.700000000000000000e+03
5.292000000000000000e+03
3.358000000000000000e+03
1.305300000000000000e+04
9.880000000000000000e+03
1.051800000000000000e+04
9.314000000000000000e+03
1.186200000000000000e+04
6.086000000000000000e+03
3.751700000000000000e+04
9.299000000000000000e+03
1.013200000000000000e+04
2.994000000000000000e+03
2.429500000000000000e+04
1.307100000000000000e+04
1.184200000000000000e+04
4.307000000000000000e+03
3.714000000000000000e+03
9.917000000000000000e+03
5.357000000000000000e+03
1.290000000000000000e+03
4.188000000000000000e+03
2.975000000000000000e+03
3.210000000000000000e+03
1.582600000000000000e+04
9.383000000000000000e+03
3.095000000000000000e+03
6.664000000000000000e+03
1.823400000000000000e+04
4.194000000000000000e+03
6.874000000000000000e+03
3.866000000000000000e+03
5.905000000000000000e+03
1.745400000000000000e+04
2.401500000000000000e+04
7.996000000000000000e+03
9.151000000000000000e+03
3.505000000000000000e+03
8.521000000000000000e+03
5.240000000000000000e+03
7.729000000000000000e+03
1.166100000000000000e+04
9.738000000000000000e+03
5.952000000000000000e+03
3.448000000000000000e+03
3.030000000000000000e+03
5.855000000000000000e+03
1.244500000000000000e+04
5.463000000000000000e+03
2.457000000000000000e+03
8.170000000000000000e+03
8.696000000000000000e+03
5.917000000000000000e+03
6.526000000000000000e+03
3.568000000000000000e+03
3.322000000000000000e+03
6.575000000000000000e+03
1.150800000000000000e+04
1.105800000000000000e+04
4.653000000000000000e+03
1.512000000000000000e+03
6.835000000000000000e+03
2.634000000000000000e+03
5.379000000000000000e+03
1.065700000000000000e+04
6.405000000000000000e+03
3.937000000000000000e+03
4.086000000000000000e+03
1.940400000000000000e+04
1.065100000000000000e+04
6.019000000000000000e+03
2.144300000000000000e+04
6.101000000000000000e+03
1.072100000000000000e+04
2.732000000000000000e+03
1.102900000000000000e+04
3.598000000000000000e+03
4.428000000000000000e+03
8.255000000000000000e+03
1.256000000000000000e+04
5.552000000000000000e+03
1.132100000000000000e+04
6.321000000000000000e+03
2.015500000000000000e+04
2.502000000000000000e+03
7.403000000000000000e+03
4.976000000000000000e+03
5.169000000000000000e+03
3.834000000000000000e+03
4.960000000000000000e+03
9.240000000000000000e+03
1.477800000000000000e+04
1.250800000000000000e+04
4.443000000000000000e+03
2.228100000000000000e+04
4.898000000000000000e+03
1.544800000000000000e+04
2.716000000000000000e+03
1.786200000000000000e+04
8.835000000000000000e+03
6.522000000000000000e+03
9.222000000000000000e+03
3.326000000000000000e+03
3.548000000000000000e+03
3.838000000000000000e+03
3.445000000000000000e+03
2.192000000000000000e+03
9.206000000000000000e+03
4.759000000000000000e+03
6.965000000000000000e+03
1.120100000000000000e+04
1.283200000000000000e+04
2.317000000000000000e+03
7.109000000000000000e+03
2.943000000000000000e+03
1.614700000000000000e+04
1.871000000000000000e+03
7.680000000000000000e+03
7.345000000000000000e+03
4.775000000000000000e+03
5.242000000000000000e+03
6.716000000000000000e+03
9.418000000000000000e+03
2.193100000000000000e+04
1.142100000000000000e+04
5.768000000000000000e+03
8.667000000000000000e+03
7.750000000000000000e+03
5.726000000000000000e+03
4.736000000000000000e+03
4.460000000000000000e+03
8.164000000000000000e+03
1.249300000000000000e+04
1.451100000000000000e+04
1.709200000000000000e+04
1.136200000000000000e+04
6.654000000000000000e+03
1.565900000000000000e+04
6.822000000000000000e+03
4.786000000000000000e+03
6.994000000000000000e+03
7.043000000000000000e+03
1.237300000000000000e+04
5.474000000000000000e+03
6.106000000000000000e+03
3.628400000000000000e+04
9.134000000000000000e+03
2.781000000000000000e+03
6.643000000000000000e+03
1.112500000000000000e+04
4.194000000000000000e+03
4.698000000000000000e+03
5.039000000000000000e+03
3.988000000000000000e+03
1.342500000000000000e+04
2.194000000000000000e+03
8.139000000000000000e+03
1.033000000000000000e+04
2.367000000000000000e+03
1.064100000000000000e+04
1.279700000000000000e+04
1.140500000000000000e+04
2.024000000000000000e+03
6.586000000000000000e+03
6.529000000000000000e+03
8.582000000000000000e+03
6.802000000000000000e+03
9.588000000000000000e+03
4.452000000000000000e+03
8.301000000000000000e+03
7.619000000000000000e+03
1.580600000000000000e+04
2.333000000000000000e+03
1.579400000000000000e+04
1.957100000000000000e+04
7.421000000000000000e+03
5.321000000000000000e+03
7.654000000000000000e+03
6.791000000000000000e+03
8.996000000000000000e+03
6.701000000000000000e+03
2.216300000000000000e+04
5.541000000000000000e+03
8.677000000000000000e+03
3.396000000000000000e+03
5.405000000000000000e+03
8.037000000000000000e+03
7.941000000000000000e+03
2.879000000000000000e+03
6.261000000000000000e+03
4.653000000000000000e+03
3.354000000000000000e+03
7.564000000000000000e+03
4.786000000000000000e+03
1.025200000000000000e+04
4.428000000000000000e+03
6.645000000000000000e+03
4.008000000000000000e+03
5.201000000000000000e+03
2.712000000000000000e+03
5.633000000000000000e+03
5.003000000000000000e+03
6.540000000000000000e+03
7.433000000000000000e+03
1.064000000000000000e+04
3.265000000000000000e+03
1.971000000000000000e+03
5.355000000000000000e+03
9.006000000000000000e+03
2.542000000000000000e+03
1.668000000000000000e+03
7.403000000000000000e+03
1.094900000000000000e+04
6.354000000000000000e+03
2.441200000000000000e+04
5.184000000000000000e+03
4.381000000000000000e+03
1.172300000000000000e+04
6.183000000000000000e+03
7.409000000000000000e+03
8.108000000000000000e+03
4.816000000000000000e+03
4.829000000000000000e+03
8.895000000000000000e+03
1.885000000000000000e+03
8.295000000000000000e+03
2.394000000000000000e+03
2.980000000000000000e+03
3.837000000000000000e+03
1.254100000000000000e+04
1.610400000000000000e+04
2.392000000000000000e+03
5.359000000000000000e+03
5.052000000000000000e+03
6.661000000000000000e+03
1.720500000000000000e+04
8.479000000000000000e+03
1.352400000000000000e+04
1.016100000000000000e+04
6.228000000000000000e+03
4.633000000000000000e+03
7.266000000000000000e+03
3.690000000000000000e+03
8.938000000000000000e+03
1.008500000000000000e+04
2.945100000000000000e+04
6.175000000000000000e+03
7.117000000000000000e+03
1.646800000000000000e+04
7.907000000000000000e+03
3.409000000000000000e+04
2.420900000000000000e+04
2.523000000000000000e+03
9.963000000000000000e+03
3.475000000000000000e+03
7.049000000000000000e+03
2.113700000000000000e+04
4.525000000000000000e+03
5.199000000000000000e+03
4.594000000000000000e+03
8.011000000000000000e+03
1.369000000000000000e+04
2.997000000000000000e+03
7.752000000000000000e+03
1.478700000000000000e+04
1.877100000000000000e+04
5.563000000000000000e+03
2.274000000000000000e+03
2.110000000000000000e+03
8.751000000000000000e+03
1.286700000000000000e+04
1.399200000000000000e+04
3.684000000000000000e+03
6.339000000000000000e+03
5.258000000000000000e+03
3.275000000000000000e+03
4.303000000000000000e+03
6.799000000000000000e+03
3.816000000000000000e+03
1.156800000000000000e+04
3.456000000000000000e+03
2.463000000000000000e+03
7.753000000000000000e+03
1.124200000000000000e+04
4.703000000000000000e+03
5.186000000000000000e+03
3.924000000000000000e+03
2.354300000000000000e+04
1.075500000000000000e+04
2.052000000000000000e+03
1.845800000000000000e+04
1.206100000000000000e+04
1.166700000000000000e+04
1.041900000000000000e+04
1.040300000000000000e+04
1.477300000000000000e+04
3.302000000000000000e+03
1.121500000000000000e+04
5.568000000000000000e+03
1.621600000000000000e+04
5.501000000000000000e+03
4.207000000000000000e+03
4.603000000000000000e+03
1.700000000000000000e+03
2.593000000000000000e+03
6.408000000000000000e+03
1.063500000000000000e+04
3.118000000000000000e+03
5.825000000000000000e+03
1.352700000000000000e+04
4.617000000000000000e+03
3.826000000000000000e+03
3.002000000000000000e+03
2.375000000000000000e+03
1.279900000000000000e+04
4.572000000000000000e+03
2.834000000000000000e+03
9.593000000000000000e+03
1.009500000000000000e+04
4.445000000000000000e+03
5.572000000000000000e+03
1.106000000000000000e+04
5.415000000000000000e+03
3.861000000000000000e+03
5.603000000000000000e+03
7.604000000000000000e+03
6.897000000000000000e+03
5.027000000000000000e+03
4.913000000000000000e+03
5.473000000000000000e+03
2.353000000000000000e+03
6.169000000000000000e+03
1.045000000000000000e+04
8.900000000000000000e+03
7.648000000000000000e+03
6.725000000000000000e+03
1.394900000000000000e+04
3.406000000000000000e+03
1.150800000000000000e+04
7.425000000000000000e+03
1.282500000000000000e+04
4.658000000000000000e+03
2.352000000000000000e+03
3.706000000000000000e+03
8.464000000000000000e+03
7.800000000000000000e+03
1.419400000000000000e+04
1.166600000000000000e+04
1.233900000000000000e+04
5.961000000000000000e+03
2.305000000000000000e+03
1.417300000000000000e+04
1.862800000000000000e+04
3.661000000000000000e+03
6.715000000000000000e+03
1.042400000000000000e+04
1.798000000000000000e+03
1.207100000000000000e+04
8.593000000000000000e+03
5.570000000000000000e+03
2.663000000000000000e+03
1.490600000000000000e+04
6.351000000000000000e+03
1.249600000000000000e+04
8.784000000000000000e+03
1.508100000000000000e+04
1.929300000000000000e+04
6.951000000000000000e+03
7.463000000000000000e+03
7.789000000000000000e+03
5.713000000000000000e+03
8.747000000000000000e+03
1.602000000000000000e+03
1.221000000000000000e+04
5.678000000000000000e+03
9.562000000000000000e+03
2.867000000000000000e+03
2.701000000000000000e+03
2.862600000000000000e+04
1.591400000000000000e+04
1.376600000000000000e+04
5.201000000000000000e+03
8.091000000000000000e+03
1.059600000000000000e+04
5.369000000000000000e+03
4.784000000000000000e+03
3.079000000000000000e+03
1.676300000000000000e+04
4.621000000000000000e+03
5.664000000000000000e+03
3.740000000000000000e+03
1.047700000000000000e+04
7.389000000000000000e+03
8.758000000000000000e+03
4.648000000000000000e+03
1.019700000000000000e+04
1.795900000000000000e+04
7.403000000000000000e+03
3.524000000000000000e+03
1.084600000000000000e+04
4.256000000000000000e+03
1.174500000000000000e+04
1.503300000000000000e+04
3.395000000000000000e+03
2.406000000000000000e+03
3.767000000000000000e+03
7.161000000000000000e+03
1.154700000000000000e+04
1.022400000000000000e+04
6.937000000000000000e+03
7.553000000000000000e+03
8.867000000000000000e+03
1.285200000000000000e+04
4.659000000000000000e+03
4.640000000000000000e+03
2.383000000000000000e+03
1.255200000000000000e+04
6.144000000000000000e+03
1.662300000000000000e+04
6.322000000000000000e+03
4.578000000000000000e+03
4.469000000000000000e+03
5.089000000000000000e+03
7.016000000000000000e+03
2.084000000000000000e+03
9.989000000000000000e+03
7.056000000000000000e+03
1.155200000000000000e+04
9.836000000000000000e+03
2.402000000000000000e+03
4.322000000000000000e+03
7.859000000000000000e+03
2.107000000000000000e+03
6.054000000000000000e+03
5.862000000000000000e+03
3.261000000000000000e+03
1.272100000000000000e+04
5.858000000000000000e+03
3.095000000000000000e+03
6.006000000000000000e+03
5.251000000000000000e+03
1.365300000000000000e+04
7.540000000000000000e+03
1.435400000000000000e+04
1.533500000000000000e+04
4.415000000000000000e+03
4.156000000000000000e+03
5.371000000000000000e+03
6.910000000000000000e+03
1.118400000000000000e+04
2.163300000000000000e+04
9.098000000000000000e+03
2.604300000000000000e+04
2.855000000000000000e+03
4.244000000000000000e+03
8.426000000000000000e+03
3.512000000000000000e+03
2.074700000000000000e+04
3.394000000000000000e+03
4.281000000000000000e+03
5.352000000000000000e+03
4.530000000000000000e+03
7.451000000000000000e+03
3.955000000000000000e+03
5.909000000000000000e+03
3.443000000000000000e+03
8.210000000000000000e+03
3.323000000000000000e+03
1.134800000000000000e+04
1.014500000000000000e+04
4.315000000000000000e+03
2.005800000000000000e+04
9.757000000000000000e+03
5.420000000000000000e+03
2.050900000000000000e+04
1.164900000000000000e+04
4.550000000000000000e+03
4.562000000000000000e+03
2.496000000000000000e+03
7.528000000000000000e+03
6.875000000000000000e+03
6.391000000000000000e+03
5.010000000000000000e+03
5.806000000000000000e+03
4.517000000000000000e+03
4.350000000000000000e+03
4.922000000000000000e+03
2.041300000000000000e+04
7.508000000000000000e+03
4.475000000000000000e+03
9.416000000000000000e+03
6.528000000000000000e+03
1.135000000000000000e+04
9.635000000000000000e+03
3.291000000000000000e+03
6.563000000000000000e+03
8.636000000000000000e+03
3.797000000000000000e+03
1.141200000000000000e+04
1.132200000000000000e+04
5.018000000000000000e+03
1.038300000000000000e+04
4.704000000000000000e+03
4.127000000000000000e+03
8.811000000000000000e+03
2.565000000000000000e+03
1.598600000000000000e+04
1.263800000000000000e+04
5.417000000000000000e+03
7.762000000000000000e+03
4.207000000000000000e+03
4.748000000000000000e+03
1.012100000000000000e+04
1.208500000000000000e+04
1.844000000000000000e+04
4.497000000000000000e+03
1.182800000000000000e+04
6.884000000000000000e+03
3.785000000000000000e+03
9.964000000000000000e+03
3.230000000000000000e+03
4.788000000000000000e+03
6.213000000000000000e+03
2.847000000000000000e+03
4.888000000000000000e+03
2.594000000000000000e+03
4.996000000000000000e+03
1.178600000000000000e+04
1.296800000000000000e+04
3.593000000000000000e+03
1.262000000000000000e+04
6.559000000000000000e+03
6.210000000000000000e+03
3.962000000000000000e+03
5.386000000000000000e+03
1.491500000000000000e+04
1.454000000000000000e+04
6.825000000000000000e+03
3.211000000000000000e+03
6.210000000000000000e+03
8.950000000000000000e+03
5.181000000000000000e+03
8.920000000000000000e+03
1.763000000000000000e+03
9.306000000000000000e+03
2.656000000000000000e+03
3.672000000000000000e+03
1.013900000000000000e+04
9.048000000000000000e+03
7.613000000000000000e+03
1.379100000000000000e+04
4.212000000000000000e+03
4.754000000000000000e+03
5.769000000000000000e+03
1.875000000000000000e+03
5.830000000000000000e+03
1.578400000000000000e+04
5.244000000000000000e+03
9.014000000000000000e+03
5.632000000000000000e+03
2.216000000000000000e+03
1.488600000000000000e+04
6.483000000000000000e+03
2.636000000000000000e+03
7.743000000000000000e+03
6.037000000000000000e+03
5.378000000000000000e+03
5.670000000000000000e+03
4.222000000000000000e+03
3.286000000000000000e+03
3.296000000000000000e+03
2.064000000000000000e+03
8.412000000000000000e+03
5.967000000000000000e+03
1.137800000000000000e+04
1.081900000000000000e+04
1.040000000000000000e+04
7.596000000000000000e+03
3.266000000000000000e+03
8.134000000000000000e+03
3.094000000000000000e+03
2.629000000000000000e+03
1.407000000000000000e+03
2.456000000000000000e+03
4.185000000000000000e+03
7.988000000000000000e+03
3.873000000000000000e+03
1.998100000000000000e+04
2.364900000000000000e+04
4.988000000000000000e+03
4.894000000000000000e+03
1.683200000000000000e+04
8.717000000000000000e+03
1.116400000000000000e+04
4.453000000000000000e+03
3.705500000000000000e+04
4.310000000000000000e+03
1.042500000000000000e+04
4.587000000000000000e+03
3.205000000000000000e+03
9.957000000000000000e+03
9.198000000000000000e+03
3.033000000000000000e+03
4.990000000000000000e+03
1.928400000000000000e+04
6.424000000000000000e+03
8.615000000000000000e+03
3.028000000000000000e+03
3.964000000000000000e+03
3.377000000000000000e+03
2.867000000000000000e+03
2.761300000000000000e+04
8.460000000000000000e+03
6.711000000000000000e+03
4.378000000000000000e+03
5.361000000000000000e+03
2.797000000000000000e+03
1.382100000000000000e+04
2.404000000000000000e+03
8.584000000000000000e+03
3.422000000000000000e+03
2.052300000000000000e+04
8.515000000000000000e+03
2.117600000000000000e+04
4.627000000000000000e+03
6.258000000000000000e+03
3.261000000000000000e+03
6.935000000000000000e+03
6.595000000000000000e+03
6.541000000000000000e+03
1.889000000000000000e+03
2.449000000000000000e+03
2.678000000000000000e+03
3.687000000000000000e+03
5.308000000000000000e+03
2.147100000000000000e+04
5.960000000000000000e+03
4.106000000000000000e+03
6.500000000000000000e+03
3.257000000000000000e+03
1.280300000000000000e+04
1.324200000000000000e+04
5.512000000000000000e+03
2.505900000000000000e+04
6.065000000000000000e+03
4.229000000000000000e+03
9.126000000000000000e+03
6.607000000000000000e+03
5.280000000000000000e+03
1.449600000000000000e+04
1.997000000000000000e+03
1.981200000000000000e+04
3.688000000000000000e+03
3.634000000000000000e+03
1.143000000000000000e+04
8.964000000000000000e+03
1.507900000000000000e+04
5.271000000000000000e+03
5.852000000000000000e+03
4.281000000000000000e+03
1.384000000000000000e+03
3.767000000000000000e+03
5.105000000000000000e+03
4.011000000000000000e+03
7.001000000000000000e+03
4.606000000000000000e+03
6.584000000000000000e+03
3.185000000000000000e+03
6.069000000000000000e+03
4.950000000000000000e+03
5.192000000000000000e+03
3.941000000000000000e+03
4.761000000000000000e+03
1.000800000000000000e+04
5.108000000000000000e+03
6.252000000000000000e+03
9.544000000000000000e+03
7.122000000000000000e+03
2.819000000000000000e+03
5.622000000000000000e+03
9.446000000000000000e+03
4.766000000000000000e+03
2.639000000000000000e+03
8.847000000000000000e+03
5.569000000000000000e+03
1.063700000000000000e+04
3.986000000000000000e+03
1.449500000000000000e+04
4.377000000000000000e+03
1.110000000000000000e+04
4.520000000000000000e+03
2.495000000000000000e+03
4.272000000000000000e+03
4.891000000000000000e+03
5.879000000000000000e+03
2.921400000000000000e+04
7.350000000000000000e+03
2.420900000000000000e+04
5.893000000000000000e+03
1.364100000000000000e+04
1.273100000000000000e+04
3.770000000000000000e+03
4.641000000000000000e+03
8.015000000000000000e+03
6.869000000000000000e+03
4.868000000000000000e+03
5.809000000000000000e+03
1.434500000000000000e+04
2.325900000000000000e+04
1.507900000000000000e+04
1.299400000000000000e+04
3.948000000000000000e+03
1.363000000000000000e+04
1.182200000000000000e+04
1.164500000000000000e+04
2.960000000000000000e+03
1.685000000000000000e+03
1.115400000000000000e+04
7.824000000000000000e+03
5.277000000000000000e+03
3.530000000000000000e+03
1.584400000000000000e+04
7.474000000000000000e+03
1.222700000000000000e+04
9.066000000000000000e+03
1.382500000000000000e+04
1.069800000000000000e+04
4.263000000000000000e+03
6.755000000000000000e+03
5.433000000000000000e+03
5.756000000000000000e+03
1.678700000000000000e+04
1.621000000000000000e+03
4.444000000000000000e+03
1.953000000000000000e+03
1.744100000000000000e+04
5.095000000000000000e+03
3.949000000000000000e+03
7.824000000000000000e+03
1.474700000000000000e+04
2.454000000000000000e+04
9.502000000000000000e+03
1.473000000000000000e+03
7.784000000000000000e+03
9.338000000000000000e+03
3.495000000000000000e+03
8.398000000000000000e+03
5.997000000000000000e+03
6.074000000000000000e+03
8.653000000000000000e+03
2.921000000000000000e+03
4.803000000000000000e+03
3.099000000000000000e+03
6.251000000000000000e+03
1.603900000000000000e+04
1.792200000000000000e+04
1.200300000000000000e+04
8.015000000000000000e+03
2.344200000000000000e+04
5.814000000000000000e+03
1.339500000000000000e+04
2.484200000000000000e+04
3.730600000000000000e+04
1.022500000000000000e+04
9.447000000000000000e+03
1.006400000000000000e+04
5.108000000000000000e+03
1.575700000000000000e+04
4.555000000000000000e+03
4.707000000000000000e+03
2.770000000000000000e+03
3.668000000000000000e+03
1.327600000000000000e+04
4.536000000000000000e+03
5.725000000000000000e+03
1.216300000000000000e+04
1.129000000000000000e+04
4.696000000000000000e+03
4.223000000000000000e+03
6.671000000000000000e+03
5.200000000000000000e+03
1.532400000000000000e+04
4.172000000000000000e+03
1.016800000000000000e+04
1.157600000000000000e+04
5.506000000000000000e+03
2.053500000000000000e+04
5.826000000000000000e+03
4.949000000000000000e+03
1.213600000000000000e+04
1.790000000000000000e+04
2.404000000000000000e+03
1.044700000000000000e+04
4.303000000000000000e+03
5.910000000000000000e+03
4.548000000000000000e+03
5.763000000000000000e+03
6.096000000000000000e+03
2.917000000000000000e+03
7.564000000000000000e+03
1.039600000000000000e+04
3.124000000000000000e+03
9.239000000000000000e+03
3.645000000000000000e+03
4.977000000000000000e+03
2.668000000000000000e+03
8.440000000000000000e+03
1.218100000000000000e+04
9.594000000000000000e+03
6.230000000000000000e+03
1.815000000000000000e+03
4.979000000000000000e+03
2.206600000000000000e+04
1.234000000000000000e+04
8.620000000000000000e+03
1.750800000000000000e+04
1.828600000000000000e+04
2.577000000000000000e+03
9.277000000000000000e+03
6.123000000000000000e+03
4.798000000000000000e+03
6.022000000000000000e+03
4.184000000000000000e+03
5.646000000000000000e+03
2.414000000000000000e+03
2.146400000000000000e+04
1.449400000000000000e+04
4.146000000000000000e+03
1.253900000000000000e+04
2.671000000000000000e+03
1.666000000000000000e+04
5.761000000000000000e+03
1.147900000000000000e+04
4.431000000000000000e+03
4.531000000000000000e+03
4.442000000000000000e+03
1.226500000000000000e+04
2.137000000000000000e+03
4.802000000000000000e+03
4.242000000000000000e+03
2.102100000000000000e+04
7.077000000000000000e+03
8.012000000000000000e+03
3.524700000000000000e+04
1.238200000000000000e+04
8.959000000000000000e+03
1.776000000000000000e+03
8.754000000000000000e+03
4.792000000000000000e+03
2.625500000000000000e+04
1.288000000000000000e+04
1.198500000000000000e+04
1.528900000000000000e+04
4.917000000000000000e+03
2.153700000000000000e+04
1.358500000000000000e+04
3.395000000000000000e+03
1.250900000000000000e+04
1.065900000000000000e+04
3.292000000000000000e+03
5.255000000000000000e+03
5.605000000000000000e+03
5.452000000000000000e+03
1.093200000000000000e+04
1.005500000000000000e+04
7.572000000000000000e+03
1.098600000000000000e+04
5.773000000000000000e+03
2.104500000000000000e+04
2.261000000000000000e+03
4.486000000000000000e+03
4.991000000000000000e+03
2.348000000000000000e+03
9.065000000000000000e+03
6.834000000000000000e+03
7.178000000000000000e+03
7.202000000000000000e+03
1.095800000000000000e+04
4.051000000000000000e+03
3.286000000000000000e+03
4.762000000000000000e+03
6.241000000000000000e+03
1.598600000000000000e+04
1.165800000000000000e+04
8.140000000000000000e+03
5.479000000000000000e+03
2.071900000000000000e+04
2.777000000000000000e+03
2.072000000000000000e+03
7.930000000000000000e+03
2.074500000000000000e+04
6.316000000000000000e+03
6.889000000000000000e+03
1.362700000000000000e+04
1.282400000000000000e+04
1.693600000000000000e+04
5.067000000000000000e+03
7.670000000000000000e+03
1.812800000000000000e+04
1.304200000000000000e+04
3.519000000000000000e+03
7.295000000000000000e+03
3.854000000000000000e+03
2.053900000000000000e+04
4.037000000000000000e+03
1.441500000000000000e+04
1.025500000000000000e+04
7.727000000000000000e+03
3.111000000000000000e+03
7.333000000000000000e+03
3.582000000000000000e+03
3.615000000000000000e+03
5.947000000000000000e+03
4.700000000000000000e+03
4.194000000000000000e+03
6.360000000000000000e+03
1.656000000000000000e+04
3.849000000000000000e+03
8.261000000000000000e+03
7.312000000000000000e+03
2.107800000000000000e+04
6.078000000000000000e+03
2.971000000000000000e+03
8.200000000000000000e+03
4.720000000000000000e+03
6.637000000000000000e+03
1.585600000000000000e+04
1.781000000000000000e+03
8.331000000000000000e+03
6.000000000000000000e+03
9.021000000000000000e+03
2.078800000000000000e+04
6.707000000000000000e+03
2.062000000000000000e+03
1.510000000000000000e+04
5.981000000000000000e+03
5.686000000000000000e+03
4.296000000000000000e+03
4.559000000000000000e+03
4.460000000000000000e+03
1.719700000000000000e+04
9.154000000000000000e+03
3.446000000000000000e+03
2.596000000000000000e+03
1.638300000000000000e+04
2.981000000000000000e+03
3.065000000000000000e+03
