1.445000000000000000e+03
1.753000000000000000e+03
2.586000000000000000e+03
5.941000000000000000e+03
6.666000000000000000e+03
2.718000000000000000e+03
1.205000000000000000e+03
2.513000000000000000e+03
3.158000000000000000e+03
9.830000000000000000e+02
1.566000000000000000e+03
3.775000000000000000e+03
7.060000000000000000e+02
1.852000000000000000e+03
2.235000000000000000e+03
2.709000000000000000e+03
4.830000000000000000e+03
3.691000000000000000e+03
4.234000000000000000e+03
2.223000000000000000e+03
3.556000000000000000e+03
2.705000000000000000e+03
4.607000000000000000e+03
9.850000000000000000e+02
2.215000000000000000e+03
1.572000000000000000e+03
2.239000000000000000e+03
4.770000000000000000e+03
1.595000000000000000e+03
2.833000000000000000e+03
1.838000000000000000e+03
2.837000000000000000e+03
1.609000000000000000e+03
2.478000000000000000e+03
4.470000000000000000e+03
1.145000000000000000e+03
1.321000000000000000e+03
1.555000000000000000e+03
2.340000000000000000e+03
8.220000000000000000e+02
2.662000000000000000e+03
3.049000000000000000e+03
3.733000000000000000e+03
1.482000000000000000e+03
9.050000000000000000e+02
2.266000000000000000e+03
4.642000000000000000e+03
3.605000000000000000e+03
1.317000000000000000e+03
1.206000000000000000e+03
2.065000000000000000e+03
8.248000000000000000e+03
2.282000000000000000e+03
3.138000000000000000e+03
3.324000000000000000e+03
5.687000000000000000e+03
2.858000000000000000e+03
2.157000000000000000e+03
3.533000000000000000e+03
1.705000000000000000e+03
5.853000000000000000e+03
1.005000000000000000e+03
6.462000000000000000e+03
3.914000000000000000e+03
6.577000000000000000e+03
1.003000000000000000e+03
2.413000000000000000e+03
1.574000000000000000e+03
1.224200000000000000e+04
1.001000000000000000e+03
5.642000000000000000e+03
2.599000000000000000e+03
1.426000000000000000e+03
5.999000000000000000e+03
4.343000000000000000e+03
1.556000000000000000e+03
5.090000000000000000e+03
2.145000000000000000e+03
9.620000000000000000e+02
5.366000000000000000e+03
3.956000000000000000e+03
2.405000000000000000e+03
1.025000000000000000e+03
3.287000000000000000e+03
1.667000000000000000e+03
8.738000000000000000e+03
2.517000000000000000e+03
6.291000000000000000e+03
2.915000000000000000e+03
2.010000000000000000e+03
1.881000000000000000e+03
1.550000000000000000e+03
6.430000000000000000e+02
3.657000000000000000e+03
1.923000000000000000e+03
6.043000000000000000e+03
3.874000000000000000e+03
2.605000000000000000e+03
1.903000000000000000e+03
7.520000000000000000e+02
3.201000000000000000e+03
2.074000000000000000e+03
4.868000000000000000e+03
3.460000000000000000e+03
1.179000000000000000e+03
7.270000000000000000e+03
1.314000000000000000e+03
1.891000000000000000e+03
1.505000000000000000e+03
2.604000000000000000e+03
2.321000000000000000e+03
5.698000000000000000e+03
6.085000000000000000e+03
5.227000000000000000e+03
5.823000000000000000e+03
4.736000000000000000e+03
4.217000000000000000e+03
3.062000000000000000e+03
1.539000000000000000e+03
1.170000000000000000e+03
1.778000000000000000e+03
2.064000000000000000e+03
6.821000000000000000e+03
3.014000000000000000e+03
1.378000000000000000e+03
2.013000000000000000e+03
1.012000000000000000e+03
2.437000000000000000e+03
1.845000000000000000e+03
2.623000000000000000e+03
3.991000000000000000e+03
9.067000000000000000e+03
3.634000000000000000e+03
3.613000000000000000e+03
1.808000000000000000e+03
1.050000000000000000e+03
1.270000000000000000e+03
1.514000000000000000e+03
1.471000000000000000e+03
7.775000000000000000e+03
8.960000000000000000e+02
5.539000000000000000e+03
7.927000000000000000e+03
3.757000000000000000e+03
9.730000000000000000e+02
4.929000000000000000e+03
1.099000000000000000e+03
3.279000000000000000e+03
2.830000000000000000e+03
8.930000000000000000e+02
1.764000000000000000e+03
2.536000000000000000e+03
4.741000000000000000e+03
1.434000000000000000e+03
3.368000000000000000e+03
2.485000000000000000e+03
5.031000000000000000e+03
5.157000000000000000e+03
8.459000000000000000e+03
3.745000000000000000e+03
1.683000000000000000e+03
1.197000000000000000e+03
3.375000000000000000e+03
9.020000000000000000e+02
4.320000000000000000e+03
5.826000000000000000e+03
1.628000000000000000e+03
2.836000000000000000e+03
2.084000000000000000e+03
1.243000000000000000e+03
1.746000000000000000e+03
8.424000000000000000e+03
3.358000000000000000e+03
2.660000000000000000e+03
6.763000000000000000e+03
2.251000000000000000e+03
4.248000000000000000e+03
1.455000000000000000e+03
2.327000000000000000e+03
2.120000000000000000e+03
1.050000000000000000e+03
1.360600000000000000e+04
2.223000000000000000e+03
1.181900000000000000e+04
5.004000000000000000e+03
3.158000000000000000e+03
2.209000000000000000e+03
6.205000000000000000e+03
3.403000000000000000e+03
6.885000000000000000e+03
2.464000000000000000e+03
2.020000000000000000e+03
5.202000000000000000e+03
1.632000000000000000e+03
2.790000000000000000e+03
4.051000000000000000e+03
5.237000000000000000e+03
1.200000000000000000e+03
1.942000000000000000e+03
3.119000000000000000e+03
2.287000000000000000e+03
1.576000000000000000e+03
5.578000000000000000e+03
2.817000000000000000e+03
4.848000000000000000e+03
2.144000000000000000e+03
1.483000000000000000e+03
8.480000000000000000e+02
2.002000000000000000e+03
4.817000000000000000e+03
1.762000000000000000e+03
3.749000000000000000e+03
1.730000000000000000e+03
2.906000000000000000e+03
2.267000000000000000e+03
3.213000000000000000e+03
2.655000000000000000e+03
1.381000000000000000e+03
2.290000000000000000e+03
2.193000000000000000e+03
4.829000000000000000e+03
6.412000000000000000e+03
7.840000000000000000e+02
1.660000000000000000e+03
1.951000000000000000e+03
1.565000000000000000e+03
9.810000000000000000e+02
6.478000000000000000e+03
3.592000000000000000e+03
2.679000000000000000e+03
7.070000000000000000e+02
1.687000000000000000e+03
2.711000000000000000e+03
4.759000000000000000e+03
4.887000000000000000e+03
1.309000000000000000e+03
1.492000000000000000e+03
3.241000000000000000e+03
3.375000000000000000e+03
1.080000000000000000e+03
2.681000000000000000e+03
1.818000000000000000e+03
3.074000000000000000e+03
1.534000000000000000e+03
1.255000000000000000e+03
5.721000000000000000e+03
2.538000000000000000e+03
1.266000000000000000e+03
1.261000000000000000e+03
3.145000000000000000e+03
1.744000000000000000e+03
1.660000000000000000e+03
1.309000000000000000e+03
1.820000000000000000e+03
2.300000000000000000e+03
2.025000000000000000e+03
1.162000000000000000e+03
7.860000000000000000e+02
1.214000000000000000e+03
1.819000000000000000e+03
1.581000000000000000e+03
1.807000000000000000e+03
5.565000000000000000e+03
1.343000000000000000e+03
1.174300000000000000e+04
4.162000000000000000e+03
2.632000000000000000e+03
1.503000000000000000e+03
2.591000000000000000e+03
3.211000000000000000e+03
3.801000000000000000e+03
3.638000000000000000e+03
1.271000000000000000e+03
2.155000000000000000e+03
9.440000000000000000e+02
1.267000000000000000e+03
1.115000000000000000e+03
3.972000000000000000e+03
8.990000000000000000e+02
1.798000000000000000e+03
1.652000000000000000e+03
2.085000000000000000e+03
5.404000000000000000e+03
1.382000000000000000e+03
1.095000000000000000e+03
5.110000000000000000e+02
2.534000000000000000e+03
1.768000000000000000e+03
6.311000000000000000e+03
6.280000000000000000e+03
1.644000000000000000e+03
1.658000000000000000e+03
8.290000000000000000e+02
5.985000000000000000e+03
1.710000000000000000e+03
4.204000000000000000e+03
7.281000000000000000e+03
1.045000000000000000e+03
5.250000000000000000e+03
2.139000000000000000e+03
2.536000000000000000e+03
1.525000000000000000e+03
1.794000000000000000e+03
1.012000000000000000e+03
1.536000000000000000e+03
3.202000000000000000e+03
2.368000000000000000e+03
2.542000000000000000e+03
3.329000000000000000e+03
3.868000000000000000e+03
2.316000000000000000e+03
7.765000000000000000e+03
2.157000000000000000e+03
8.510000000000000000e+02
9.050000000000000000e+02
8.510000000000000000e+02
7.300000000000000000e+02
6.888000000000000000e+03
6.145000000000000000e+03
1.585000000000000000e+03
5.483000000000000000e+03
7.047000000000000000e+03
1.982000000000000000e+03
4.344000000000000000e+03
7.512000000000000000e+03
8.410000000000000000e+02
2.536000000000000000e+03
2.388000000000000000e+03
1.716000000000000000e+03
1.126000000000000000e+03
3.596000000000000000e+03
3.804000000000000000e+03
8.270000000000000000e+02
4.452000000000000000e+03
1.122000000000000000e+03
3.668000000000000000e+03
2.656000000000000000e+03
6.621000000000000000e+03
1.740000000000000000e+03
3.293000000000000000e+03
2.809000000000000000e+03
1.806000000000000000e+03
2.179000000000000000e+03
2.464000000000000000e+03
3.425000000000000000e+03
2.236000000000000000e+03
3.795000000000000000e+03
3.438000000000000000e+03
4.607000000000000000e+03
1.493000000000000000e+03
1.542000000000000000e+03
1.829000000000000000e+03
1.828000000000000000e+03
2.502000000000000000e+03
1.561000000000000000e+03
4.123000000000000000e+03
2.937000000000000000e+03
1.826000000000000000e+03
1.164000000000000000e+03
1.500000000000000000e+03
3.645000000000000000e+03
2.698000000000000000e+03
2.989000000000000000e+03
2.056000000000000000e+03
1.195400000000000000e+04
2.276000000000000000e+03
2.486000000000000000e+03
1.512000000000000000e+03
3.630000000000000000e+03
2.677000000000000000e+03
5.588000000000000000e+03
1.139000000000000000e+03
2.946000000000000000e+03
1.587000000000000000e+03
9.130000000000000000e+02
2.902000000000000000e+03
2.377000000000000000e+03
1.592000000000000000e+03
3.249000000000000000e+03
4.046000000000000000e+03
3.000000000000000000e+03
2.154000000000000000e+03
5.120000000000000000e+03
2.117000000000000000e+03
3.069000000000000000e+03
5.620000000000000000e+02
3.145000000000000000e+03
1.629000000000000000e+03
2.200000000000000000e+03
4.608000000000000000e+03
9.990000000000000000e+02
1.074000000000000000e+03
3.031000000000000000e+03
1.779000000000000000e+03
2.378000000000000000e+03
9.320000000000000000e+02
6.250000000000000000e+03
3.549000000000000000e+03
1.881000000000000000e+03
3.783000000000000000e+03
5.620000000000000000e+02
1.040000000000000000e+03
8.325000000000000000e+03
1.832000000000000000e+03
2.421000000000000000e+03
4.369000000000000000e+03
2.977000000000000000e+03
2.331000000000000000e+03
9.206000000000000000e+03
2.603000000000000000e+03
2.975000000000000000e+03
6.380000000000000000e+02
4.897000000000000000e+03
2.821000000000000000e+03
6.620000000000000000e+02
6.119000000000000000e+03
3.890000000000000000e+03
1.651000000000000000e+03
1.756000000000000000e+03
1.575000000000000000e+03
1.044400000000000000e+04
2.919000000000000000e+03
1.395000000000000000e+03
1.399000000000000000e+03
4.257000000000000000e+03
1.813000000000000000e+03
5.071000000000000000e+03
6.582000000000000000e+03
2.550000000000000000e+03
1.348000000000000000e+03
6.975000000000000000e+03
2.930000000000000000e+03
5.059000000000000000e+03
5.071000000000000000e+03
1.375000000000000000e+03
1.731000000000000000e+03
2.106000000000000000e+03
4.062000000000000000e+03
1.065000000000000000e+03
1.338000000000000000e+03
2.438000000000000000e+03
2.547000000000000000e+03
1.133000000000000000e+03
2.448000000000000000e+03
3.263000000000000000e+03
2.239000000000000000e+03
3.167000000000000000e+03
3.415000000000000000e+03
1.632000000000000000e+03
1.713000000000000000e+03
3.155000000000000000e+03
9.590000000000000000e+02
4.974000000000000000e+03
7.034000000000000000e+03
2.427000000000000000e+03
1.242000000000000000e+03
2.677000000000000000e+03
3.006000000000000000e+03
7.930000000000000000e+02
3.253000000000000000e+03
5.035000000000000000e+03
3.280000000000000000e+03
1.217000000000000000e+03
7.150000000000000000e+03
1.688000000000000000e+03
4.422000000000000000e+03
2.103000000000000000e+03
1.731000000000000000e+03
1.726000000000000000e+03
1.943000000000000000e+03
2.399000000000000000e+03
4.051000000000000000e+03
1.959000000000000000e+03
1.693000000000000000e+03
3.312000000000000000e+03
1.255000000000000000e+03
4.709000000000000000e+03
8.310000000000000000e+02
2.467000000000000000e+03
1.587000000000000000e+03
2.735000000000000000e+03
3.047000000000000000e+03
7.919000000000000000e+03
9.698000000000000000e+03
1.159400000000000000e+04
4.089000000000000000e+03
1.832000000000000000e+03
5.173000000000000000e+03
2.279000000000000000e+03
1.611000000000000000e+03
4.721000000000000000e+03
3.052000000000000000e+03
3.963000000000000000e+03
1.734000000000000000e+03
9.190000000000000000e+02
6.345000000000000000e+03
2.135000000000000000e+03
6.511000000000000000e+03
3.313000000000000000e+03
5.506000000000000000e+03
4.529000000000000000e+03
4.027000000000000000e+03
9.030000000000000000e+02
7.710000000000000000e+02
7.591000000000000000e+03
3.741000000000000000e+03
1.837000000000000000e+03
5.523000000000000000e+03
1.853000000000000000e+03
1.582000000000000000e+03
4.706000000000000000e+03
3.916000000000000000e+03
4.078000000000000000e+03
5.263000000000000000e+03
9.880000000000000000e+02
2.926000000000000000e+03
2.869000000000000000e+03
2.018000000000000000e+03
6.474000000000000000e+03
4.767000000000000000e+03
4.115000000000000000e+03
9.730000000000000000e+02
6.447000000000000000e+03
1.878000000000000000e+03
7.643000000000000000e+03
4.198000000000000000e+03
3.788000000000000000e+03
1.413000000000000000e+03
1.926000000000000000e+03
2.058000000000000000e+03
3.827000000000000000e+03
7.950000000000000000e+02
4.691000000000000000e+03
1.265000000000000000e+03
3.522000000000000000e+03
2.098000000000000000e+03
4.808000000000000000e+03
1.181000000000000000e+03
1.984000000000000000e+03
4.140000000000000000e+03
8.100000000000000000e+02
1.901000000000000000e+03
1.397000000000000000e+03
7.951000000000000000e+03
1.744000000000000000e+03
3.240000000000000000e+03
2.310000000000000000e+03
3.191000000000000000e+03
1.431000000000000000e+03
3.271000000000000000e+03
1.064000000000000000e+03
1.242000000000000000e+03
1.324000000000000000e+03
9.180000000000000000e+02
1.985000000000000000e+03
8.618000000000000000e+03
1.420000000000000000e+03
1.223000000000000000e+03
1.863000000000000000e+03
1.320000000000000000e+03
4.646000000000000000e+03
2.496000000000000000e+03
3.849000000000000000e+03
4.174000000000000000e+03
2.052000000000000000e+03
2.071000000000000000e+03
1.268000000000000000e+03
9.540000000000000000e+02
1.551000000000000000e+03
6.921000000000000000e+03
3.294000000000000000e+03
2.620000000000000000e+03
5.072000000000000000e+03
2.261000000000000000e+03
2.467000000000000000e+03
2.507000000000000000e+03
1.471000000000000000e+03
2.271000000000000000e+03
2.523000000000000000e+03
3.860000000000000000e+03
1.794000000000000000e+03
3.464000000000000000e+03
2.841000000000000000e+03
1.692000000000000000e+03
1.712000000000000000e+03
2.961000000000000000e+03
1.712000000000000000e+03
1.370000000000000000e+03
3.966000000000000000e+03
1.591000000000000000e+03
3.370000000000000000e+03
1.822000000000000000e+03
2.085000000000000000e+03
5.517000000000000000e+03
1.359000000000000000e+03
1.733000000000000000e+03
9.630000000000000000e+02
8.781000000000000000e+03
4.389000000000000000e+03
2.595000000000000000e+03
2.388000000000000000e+03
3.985000000000000000e+03
2.563000000000000000e+03
1.147000000000000000e+03
3.828000000000000000e+03
2.276000000000000000e+03
1.589000000000000000e+03
1.217000000000000000e+03
1.406000000000000000e+03
9.771000000000000000e+03
8.520000000000000000e+02
2.963000000000000000e+03
2.801000000000000000e+03
3.012000000000000000e+03
1.457000000000000000e+03
1.726000000000000000e+03
5.870000000000000000e+03
3.030000000000000000e+03
5.351000000000000000e+03
2.792000000000000000e+03
1.846000000000000000e+03
1.517000000000000000e+04
1.844000000000000000e+03
2.910000000000000000e+03
9.430000000000000000e+03
1.953000000000000000e+03
1.712000000000000000e+03
2.994000000000000000e+03
7.163000000000000000e+03
2.590000000000000000e+03
2.811000000000000000e+03
1.059000000000000000e+03
4.086000000000000000e+03
2.329000000000000000e+03
2.123000000000000000e+03
1.470000000000000000e+03
4.394000000000000000e+03
9.505000000000000000e+03
2.627000000000000000e+03
4.581000000000000000e+03
2.412000000000000000e+03
3.680000000000000000e+03
2.004000000000000000e+03
2.455000000000000000e+03
1.094000000000000000e+03
2.879000000000000000e+03
1.592000000000000000e+03
5.253000000000000000e+03
9.600000000000000000e+02
5.576000000000000000e+03
1.217000000000000000e+03
2.311000000000000000e+03
2.998000000000000000e+03
5.512000000000000000e+03
6.604000000000000000e+03
7.239000000000000000e+03
1.517000000000000000e+03
1.596000000000000000e+03
2.364000000000000000e+03
1.813000000000000000e+03
3.408000000000000000e+03
1.413000000000000000e+03
3.070000000000000000e+03
1.355000000000000000e+03
2.258000000000000000e+03
5.326000000000000000e+03
1.380000000000000000e+03
1.210000000000000000e+03
3.107000000000000000e+03
1.374000000000000000e+03
1.903000000000000000e+03
1.022000000000000000e+03
3.847000000000000000e+03
3.682000000000000000e+03
3.062000000000000000e+03
4.772000000000000000e+03
2.735000000000000000e+03
3.392000000000000000e+03
9.620000000000000000e+02
4.012000000000000000e+03
3.451000000000000000e+03
2.254000000000000000e+03
2.524000000000000000e+03
4.875000000000000000e+03
3.241000000000000000e+03
4.470000000000000000e+03
2.214000000000000000e+03
2.573000000000000000e+03
4.208000000000000000e+03
1.075000000000000000e+03
8.258000000000000000e+03
1.016000000000000000e+03
4.001000000000000000e+03
1.047000000000000000e+03
2.057000000000000000e+03
1.761000000000000000e+03
2.213000000000000000e+03
6.390000000000000000e+02
4.207000000000000000e+03
2.276000000000000000e+03
4.574000000000000000e+03
2.576000000000000000e+03
5.152000000000000000e+03
2.441000000000000000e+03
1.637000000000000000e+03
4.290000000000000000e+03
1.856000000000000000e+03
2.918000000000000000e+03
2.168000000000000000e+03
1.578000000000000000e+03
3.775000000000000000e+03
3.709000000000000000e+03
1.814000000000000000e+03
3.042000000000000000e+03
1.720000000000000000e+03
8.540000000000000000e+02
1.810000000000000000e+03
1.927000000000000000e+03
3.967000000000000000e+03
1.144000000000000000e+03
5.678000000000000000e+03
1.416000000000000000e+03
3.861000000000000000e+03
3.642000000000000000e+03
1.043000000000000000e+03
4.409000000000000000e+03
2.325000000000000000e+03
3.812000000000000000e+03
2.679000000000000000e+03
1.718000000000000000e+03
4.629000000000000000e+03
2.090000000000000000e+03
3.003000000000000000e+03
3.562000000000000000e+03
2.315000000000000000e+03
2.780000000000000000e+03
9.150000000000000000e+02
3.392000000000000000e+03
3.698000000000000000e+03
3.108000000000000000e+03
1.976000000000000000e+03
4.272000000000000000e+03
1.566000000000000000e+03
1.121000000000000000e+03
3.231000000000000000e+03
1.346000000000000000e+03
1.385000000000000000e+03
6.074000000000000000e+03
6.870000000000000000e+02
4.656000000000000000e+03
1.597000000000000000e+03
1.748000000000000000e+03
4.008000000000000000e+03
1.452000000000000000e+03
1.232000000000000000e+03
2.225000000000000000e+03
2.067000000000000000e+03
5.968000000000000000e+03
3.616000000000000000e+03
8.590000000000000000e+02
1.558000000000000000e+03
6.820000000000000000e+02
1.573000000000000000e+03
5.434000000000000000e+03
1.259000000000000000e+03
3.640000000000000000e+03
2.375000000000000000e+03
2.941000000000000000e+03
1.790000000000000000e+03
7.792000000000000000e+03
2.597000000000000000e+03
1.235000000000000000e+03
1.428000000000000000e+03
3.795000000000000000e+03
5.315000000000000000e+03
3.101000000000000000e+03
1.434500000000000000e+04
4.946000000000000000e+03
2.453000000000000000e+03
2.525000000000000000e+03
2.165000000000000000e+03
1.915000000000000000e+03
8.050000000000000000e+02
5.674000000000000000e+03
4.117000000000000000e+03
1.775000000000000000e+03
5.066000000000000000e+03
1.285000000000000000e+03
3.524000000000000000e+03
5.147000000000000000e+03
1.900000000000000000e+03
3.341000000000000000e+03
8.120000000000000000e+02
2.655000000000000000e+03
7.420000000000000000e+02
1.130000000000000000e+03
1.260000000000000000e+03
2.907000000000000000e+03
2.839000000000000000e+03
8.630000000000000000e+02
7.357000000000000000e+03
7.170000000000000000e+02
4.540000000000000000e+03
3.035000000000000000e+03
2.231000000000000000e+03
3.010000000000000000e+03
2.575000000000000000e+03
2.552000000000000000e+03
2.004000000000000000e+03
4.080000000000000000e+03
7.610000000000000000e+02
4.217000000000000000e+03
2.588000000000000000e+03
4.129000000000000000e+03
1.236000000000000000e+03
5.408000000000000000e+03
2.282000000000000000e+03
1.905000000000000000e+03
1.245000000000000000e+03
1.431000000000000000e+03
9.240000000000000000e+02
3.530000000000000000e+03
1.315000000000000000e+03
2.416000000000000000e+03
9.800000000000000000e+02
4.701000000000000000e+03
4.621000000000000000e+03
2.811000000000000000e+03
1.808000000000000000e+03
4.607000000000000000e+03
1.659000000000000000e+03
3.118000000000000000e+03
5.277000000000000000e+03
1.462000000000000000e+03
6.830000000000000000e+03
3.628000000000000000e+03
2.329000000000000000e+03
1.573000000000000000e+03
1.233000000000000000e+03
2.218000000000000000e+03
2.921000000000000000e+03
1.928000000000000000e+03
1.435000000000000000e+03
4.217000000000000000e+03
2.105000000000000000e+03
6.958000000000000000e+03
5.586000000000000000e+03
5.265000000000000000e+03
2.063000000000000000e+03
3.001000000000000000e+03
9.590000000000000000e+02
3.235000000000000000e+03
2.647000000000000000e+03
3.146000000000000000e+03
1.863000000000000000e+03
1.973000000000000000e+03
7.912000000000000000e+03
1.118900000000000000e+04
1.397000000000000000e+03
1.004000000000000000e+03
1.108700000000000000e+04
2.585000000000000000e+03
1.497000000000000000e+03
1.636000000000000000e+03
1.125000000000000000e+03
8.750000000000000000e+02
1.977000000000000000e+03
3.304000000000000000e+03
5.694000000000000000e+03
2.169000000000000000e+03
9.450000000000000000e+02
2.216000000000000000e+03
2.740000000000000000e+03
2.616000000000000000e+03
4.804000000000000000e+03
5.100000000000000000e+03
2.363000000000000000e+03
1.904000000000000000e+03
3.125000000000000000e+03
4.492000000000000000e+03
2.794000000000000000e+03
1.212000000000000000e+03
1.987000000000000000e+03
9.310000000000000000e+03
1.973000000000000000e+03
3.012000000000000000e+03
1.305400000000000000e+04
5.780000000000000000e+02
1.997000000000000000e+03
2.793000000000000000e+03
1.141000000000000000e+03
1.598000000000000000e+03
2.137000000000000000e+03
2.825000000000000000e+03
4.596000000000000000e+03
2.511000000000000000e+03
5.244000000000000000e+03
3.724000000000000000e+03
1.836000000000000000e+03
3.032000000000000000e+03
1.097000000000000000e+03
9.490000000000000000e+02
2.580000000000000000e+03
1.798000000000000000e+03
1.816000000000000000e+03
1.821000000000000000e+03
5.298000000000000000e+03
6.780000000000000000e+02
4.388000000000000000e+03
1.364000000000000000e+03
1.392000000000000000e+03
2.460000000000000000e+03
1.796000000000000000e+03
5.197000000000000000e+03
2.352000000000000000e+03
6.480000000000000000e+02
1.136000000000000000e+03
1.447000000000000000e+03
4.098000000000000000e+03
2.916000000000000000e+03
4.878000000000000000e+03
2.422000000000000000e+03
7.200000000000000000e+02
2.092000000000000000e+03
8.890000000000000000e+02
1.360000000000000000e+03
2.386000000000000000e+03
2.107000000000000000e+03
4.358000000000000000e+03
8.630000000000000000e+02
3.454000000000000000e+03
5.940000000000000000e+02
6.395000000000000000e+03
2.537000000000000000e+03
1.941000000000000000e+03
9.226000000000000000e+03
7.669000000000000000e+03
4.624000000000000000e+03
6.238000000000000000e+03
2.673000000000000000e+03
2.891000000000000000e+03
2.388000000000000000e+03
2.533000000000000000e+03
2.732000000000000000e+03
2.375000000000000000e+03
2.807000000000000000e+03
2.594000000000000000e+03
5.595000000000000000e+03
1.979000000000000000e+03
4.627000000000000000e+03
1.786000000000000000e+03
7.083000000000000000e+03
1.074000000000000000e+03
4.253000000000000000e+03
7.011000000000000000e+03
9.460000000000000000e+02
3.746000000000000000e+03
1.161000000000000000e+03
5.083000000000000000e+03
1.768000000000000000e+03
4.262000000000000000e+03
2.325000000000000000e+03
5.970000000000000000e+03
3.509000000000000000e+03
2.952000000000000000e+03
3.416000000000000000e+03
2.499000000000000000e+03
1.154000000000000000e+03
1.434000000000000000e+03
8.680000000000000000e+02
8.140000000000000000e+02
2.272000000000000000e+03
1.227000000000000000e+03
1.002000000000000000e+03
4.603000000000000000e+03
2.459000000000000000e+03
2.226000000000000000e+03
5.582000000000000000e+03
3.533000000000000000e+03
4.429000000000000000e+03
9.939000000000000000e+03
2.066000000000000000e+03
4.299000000000000000e+03
1.525000000000000000e+03
1.858000000000000000e+03
4.427000000000000000e+03
3.388000000000000000e+03
1.004000000000000000e+03
1.204000000000000000e+03
3.740000000000000000e+03
2.411000000000000000e+03
2.777000000000000000e+03
4.002000000000000000e+03
5.503000000000000000e+03
5.041000000000000000e+03
1.847000000000000000e+03
4.243000000000000000e+03
1.356000000000000000e+03
6.330000000000000000e+03
1.407000000000000000e+03
