3.668000000000000000e+03
1.947000000000000000e+03
2.179000000000000000e+03
1.563000000000000000e+03
1.266000000000000000e+03
1.494000000000000000e+03
3.302000000000000000e+03
4.531000000000000000e+03
2.652000000000000000e+03
2.734000000000000000e+03
3.210000000000000000e+03
5.382000000000000000e+03
5.451000000000000000e+03
4.201000000000000000e+03
3.502000000000000000e+03
2.863000000000000000e+03
3.779000000000000000e+03
4.380000000000000000e+03
3.399000000000000000e+03
5.736000000000000000e+03
1.476000000000000000e+03
5.484000000000000000e+03
1.878000000000000000e+03
9.990000000000000000e+02
3.968000000000000000e+03
7.590000000000000000e+02
2.412000000000000000e+03
6.576000000000000000e+03
8.650000000000000000e+02
7.753000000000000000e+03
2.240000000000000000e+03
4.301000000000000000e+03
1.998000000000000000e+03
9.882000000000000000e+03
2.331000000000000000e+03
5.746000000000000000e+03
5.164000000000000000e+03
4.435000000000000000e+03
1.404200000000000000e+04
2.051000000000000000e+03
2.373000000000000000e+03
5.178000000000000000e+03
3.173000000000000000e+03
1.785000000000000000e+03
2.477000000000000000e+03
2.584000000000000000e+03
1.041000000000000000e+03
5.416000000000000000e+03
7.840000000000000000e+03
6.284000000000000000e+03
1.345000000000000000e+03
3.709000000000000000e+03
5.656000000000000000e+03
1.802000000000000000e+03
2.401000000000000000e+03
5.269000000000000000e+03
4.076000000000000000e+03
3.728000000000000000e+03
6.818000000000000000e+03
1.764000000000000000e+03
2.198000000000000000e+03
1.750000000000000000e+03
2.686000000000000000e+03
4.863000000000000000e+03
2.616000000000000000e+03
1.444000000000000000e+03
5.904000000000000000e+03
6.296000000000000000e+03
5.161000000000000000e+03
2.902000000000000000e+03
6.200000000000000000e+03
7.082000000000000000e+03
4.219000000000000000e+03
2.488000000000000000e+03
3.241000000000000000e+03
1.206000000000000000e+03
5.819000000000000000e+03
3.434000000000000000e+03
2.230000000000000000e+03
5.086000000000000000e+03
1.005300000000000000e+04
5.177000000000000000e+03
2.916000000000000000e+03
4.458000000000000000e+03
4.379000000000000000e+03
1.059600000000000000e+04
2.613000000000000000e+03
3.172000000000000000e+03
3.676000000000000000e+03
1.370000000000000000e+03
6.576000000000000000e+03
3.475000000000000000e+03
2.394000000000000000e+03
3.101000000000000000e+03
7.571000000000000000e+03
5.616000000000000000e+03
3.573000000000000000e+03
3.653000000000000000e+03
3.088000000000000000e+03
4.223000000000000000e+03
2.904000000000000000e+03
7.174000000000000000e+03
4.515000000000000000e+03
1.536000000000000000e+03
4.462000000000000000e+03
3.763000000000000000e+03
1.695000000000000000e+03
3.501000000000000000e+03
4.246000000000000000e+03
2.508000000000000000e+03
6.050000000000000000e+03
2.787000000000000000e+03
1.382000000000000000e+03
3.524000000000000000e+03
5.073000000000000000e+03
2.859000000000000000e+03
6.465000000000000000e+03
2.038000000000000000e+03
2.914000000000000000e+03
5.561000000000000000e+03
7.018000000000000000e+03
4.080000000000000000e+03
3.811000000000000000e+03
5.792000000000000000e+03
3.333000000000000000e+03
1.177000000000000000e+03
3.870000000000000000e+03
7.263000000000000000e+03
2.199000000000000000e+03
7.257000000000000000e+03
5.337000000000000000e+03
1.147100000000000000e+04
7.187000000000000000e+03
1.342400000000000000e+04
6.142000000000000000e+03
3.648000000000000000e+03
5.004000000000000000e+03
3.766000000000000000e+03
2.966000000000000000e+03
2.852000000000000000e+03
2.141000000000000000e+03
3.654000000000000000e+03
5.140000000000000000e+03
2.005000000000000000e+03
2.034000000000000000e+03
1.582000000000000000e+03
3.442000000000000000e+03
3.324000000000000000e+03
6.704000000000000000e+03
5.169000000000000000e+03
3.276000000000000000e+03
2.467000000000000000e+03
3.755000000000000000e+03
1.762000000000000000e+03
5.093000000000000000e+03
1.983000000000000000e+03
5.966000000000000000e+03
3.245000000000000000e+03
5.169000000000000000e+03
2.664000000000000000e+03
8.297000000000000000e+03
1.966000000000000000e+03
7.099000000000000000e+03
2.238000000000000000e+03
4.004000000000000000e+03
1.938000000000000000e+03
4.776000000000000000e+03
3.570000000000000000e+03
3.462000000000000000e+03
1.111800000000000000e+04
7.273000000000000000e+03
4.501000000000000000e+03
2.821000000000000000e+03
9.940000000000000000e+02
3.011000000000000000e+03
3.973000000000000000e+03
2.100000000000000000e+03
2.167000000000000000e+03
1.162300000000000000e+04
3.736000000000000000e+03
6.147000000000000000e+03
3.164000000000000000e+03
3.342000000000000000e+03
5.254000000000000000e+03
4.459000000000000000e+03
1.105300000000000000e+04
1.075000000000000000e+03
2.328000000000000000e+03
2.402000000000000000e+03
3.243000000000000000e+03
7.653000000000000000e+03
3.418000000000000000e+03
3.033000000000000000e+03
1.236800000000000000e+04
7.553000000000000000e+03
1.105200000000000000e+04
1.327000000000000000e+03
6.709000000000000000e+03
1.885000000000000000e+03
9.841000000000000000e+03
3.626000000000000000e+03
2.779000000000000000e+03
3.377000000000000000e+03
1.701000000000000000e+03
4.980000000000000000e+03
4.601000000000000000e+03
1.643000000000000000e+03
1.080000000000000000e+03
3.640000000000000000e+03
1.747000000000000000e+03
1.079000000000000000e+03
8.407000000000000000e+03
1.987000000000000000e+03
1.847000000000000000e+03
4.039000000000000000e+03
3.633000000000000000e+03
1.670000000000000000e+03
2.645000000000000000e+03
1.991000000000000000e+03
1.121300000000000000e+04
4.965000000000000000e+03
2.792000000000000000e+03
1.785000000000000000e+03
1.461000000000000000e+03
3.193000000000000000e+03
2.762000000000000000e+03
1.969000000000000000e+03
1.213000000000000000e+03
1.637000000000000000e+03
4.835000000000000000e+03
5.390000000000000000e+03
4.083000000000000000e+03
2.144000000000000000e+03
1.587000000000000000e+03
6.473000000000000000e+03
2.888000000000000000e+03
6.730000000000000000e+03
2.290000000000000000e+03
7.168000000000000000e+03
1.641000000000000000e+03
5.427000000000000000e+03
1.076300000000000000e+04
1.904000000000000000e+03
2.072000000000000000e+03
1.280000000000000000e+03
2.335000000000000000e+03
4.827000000000000000e+03
6.639000000000000000e+03
1.860000000000000000e+03
5.686000000000000000e+03
3.001000000000000000e+03
9.961000000000000000e+03
5.741000000000000000e+03
1.743000000000000000e+03
2.578000000000000000e+03
2.693000000000000000e+03
2.104000000000000000e+03
2.048000000000000000e+03
2.888000000000000000e+03
5.637000000000000000e+03
8.647000000000000000e+03
8.137000000000000000e+03
1.996000000000000000e+03
2.382000000000000000e+03
5.593000000000000000e+03
2.569000000000000000e+03
2.875000000000000000e+03
3.225000000000000000e+03
4.924000000000000000e+03
3.964000000000000000e+03
1.985000000000000000e+03
1.059600000000000000e+04
2.686000000000000000e+03
4.149000000000000000e+03
5.861000000000000000e+03
2.448000000000000000e+03
3.002000000000000000e+03
6.268000000000000000e+03
3.147000000000000000e+03
5.771000000000000000e+03
4.201000000000000000e+03
6.370000000000000000e+03
6.444000000000000000e+03
1.713000000000000000e+03
1.055500000000000000e+04
3.326000000000000000e+03
2.491000000000000000e+03
4.489000000000000000e+03
1.910000000000000000e+03
3.151000000000000000e+03
5.404000000000000000e+03
6.568000000000000000e+03
3.053000000000000000e+03
5.895000000000000000e+03
1.349100000000000000e+04
9.506000000000000000e+03
1.375000000000000000e+03
7.580000000000000000e+03
1.186000000000000000e+03
4.440000000000000000e+03
3.130000000000000000e+03
5.964000000000000000e+03
1.182000000000000000e+03
2.512000000000000000e+03
5.997000000000000000e+03
9.100000000000000000e+02
2.674000000000000000e+03
2.706000000000000000e+03
7.171000000000000000e+03
4.462000000000000000e+03
4.586000000000000000e+03
8.527000000000000000e+03
3.946000000000000000e+03
8.618000000000000000e+03
1.038400000000000000e+04
2.567000000000000000e+03
4.114000000000000000e+03
3.169000000000000000e+03
1.081800000000000000e+04
4.464000000000000000e+03
2.859000000000000000e+03
7.112000000000000000e+03
2.874000000000000000e+03
5.865000000000000000e+03
8.361000000000000000e+03
1.035900000000000000e+04
5.296000000000000000e+03
8.885000000000000000e+03
1.163000000000000000e+03
7.289000000000000000e+03
6.186000000000000000e+03
2.862000000000000000e+03
3.488000000000000000e+03
1.706000000000000000e+03
2.681000000000000000e+03
2.262900000000000000e+04
2.940000000000000000e+03
3.267000000000000000e+03
6.421000000000000000e+03
3.449000000000000000e+03
3.247000000000000000e+03
2.384000000000000000e+03
4.841000000000000000e+03
2.040000000000000000e+03
2.470000000000000000e+03
5.583000000000000000e+03
4.528000000000000000e+03
4.165000000000000000e+03
1.902000000000000000e+03
5.604000000000000000e+03
4.958000000000000000e+03
7.699000000000000000e+03
5.919000000000000000e+03
1.478000000000000000e+03
6.089000000000000000e+03
5.946000000000000000e+03
3.965000000000000000e+03
2.708000000000000000e+03
2.262000000000000000e+03
7.592000000000000000e+03
1.780000000000000000e+03
4.637000000000000000e+03
4.645000000000000000e+03
3.607000000000000000e+03
1.553000000000000000e+03
1.592000000000000000e+03
7.078000000000000000e+03
7.134000000000000000e+03
3.140000000000000000e+03
1.037900000000000000e+04
4.072000000000000000e+03
4.081000000000000000e+03
2.672000000000000000e+03
3.767000000000000000e+03
3.513000000000000000e+03
9.223000000000000000e+03
8.498000000000000000e+03
4.580000000000000000e+03
3.326000000000000000e+03
4.867000000000000000e+03
1.657000000000000000e+03
7.433000000000000000e+03
3.100000000000000000e+03
4.348000000000000000e+03
1.694000000000000000e+03
7.762000000000000000e+03
1.263000000000000000e+03
6.322000000000000000e+03
3.429000000000000000e+03
2.797000000000000000e+03
5.110000000000000000e+03
3.024000000000000000e+03
6.163000000000000000e+03
3.015000000000000000e+03
3.548000000000000000e+03
1.700000000000000000e+03
1.338000000000000000e+03
1.282000000000000000e+03
6.633000000000000000e+03
1.244000000000000000e+03
2.390000000000000000e+03
3.127000000000000000e+03
1.215400000000000000e+04
2.678000000000000000e+03
1.780000000000000000e+03
2.184000000000000000e+03
7.367000000000000000e+03
6.969000000000000000e+03
4.050000000000000000e+03
9.506000000000000000e+03
2.846000000000000000e+03
2.011000000000000000e+03
2.125000000000000000e+03
2.659000000000000000e+03
6.605000000000000000e+03
2.752000000000000000e+03
7.168000000000000000e+03
2.720000000000000000e+03
2.743000000000000000e+03
4.634000000000000000e+03
1.795000000000000000e+03
4.396000000000000000e+03
5.821000000000000000e+03
6.144000000000000000e+03
2.533000000000000000e+03
2.983000000000000000e+03
1.810000000000000000e+03
3.121000000000000000e+03
2.984000000000000000e+03
3.244000000000000000e+03
5.829000000000000000e+03
5.322000000000000000e+03
2.659000000000000000e+03
1.455000000000000000e+03
1.276000000000000000e+03
4.574000000000000000e+03
5.850000000000000000e+03
3.099000000000000000e+03
6.741000000000000000e+03
1.335000000000000000e+03
4.238000000000000000e+03
1.260000000000000000e+03
1.731000000000000000e+03
4.276000000000000000e+03
1.748000000000000000e+03
4.868000000000000000e+03
2.533000000000000000e+03
1.443000000000000000e+03
4.038000000000000000e+03
2.093000000000000000e+03
1.005800000000000000e+04
2.971000000000000000e+03
3.306000000000000000e+03
7.105000000000000000e+03
1.688000000000000000e+03
2.600000000000000000e+03
3.989000000000000000e+03
6.245000000000000000e+03
6.649000000000000000e+03
6.081000000000000000e+03
2.766000000000000000e+03
7.847000000000000000e+03
2.067000000000000000e+03
2.734000000000000000e+03
5.704000000000000000e+03
1.002000000000000000e+04
2.615000000000000000e+03
1.923000000000000000e+03
1.055000000000000000e+03
3.484000000000000000e+03
1.296000000000000000e+03
2.765000000000000000e+03
6.228000000000000000e+03
4.050000000000000000e+03
2.834000000000000000e+03
1.128000000000000000e+03
6.834000000000000000e+03
5.751000000000000000e+03
1.526000000000000000e+03
6.985000000000000000e+03
4.655000000000000000e+03
6.321000000000000000e+03
3.748000000000000000e+03
2.317000000000000000e+03
2.558000000000000000e+03
1.671000000000000000e+03
7.201000000000000000e+03
1.361000000000000000e+03
5.410000000000000000e+03
1.596000000000000000e+03
1.659000000000000000e+03
1.763000000000000000e+03
3.122000000000000000e+03
1.550000000000000000e+03
5.330000000000000000e+03
2.532000000000000000e+03
4.012000000000000000e+03
4.283000000000000000e+03
3.266000000000000000e+03
5.749000000000000000e+03
3.766000000000000000e+03
5.185000000000000000e+03
2.260000000000000000e+03
9.561000000000000000e+03
1.208000000000000000e+03
2.120000000000000000e+03
5.321000000000000000e+03
6.518000000000000000e+03
3.925000000000000000e+03
3.413000000000000000e+03
1.126400000000000000e+04
1.573000000000000000e+03
1.257000000000000000e+03
2.918000000000000000e+03
2.935000000000000000e+03
3.979000000000000000e+03
5.326000000000000000e+03
1.508000000000000000e+03
2.414000000000000000e+03
1.389000000000000000e+03
2.374000000000000000e+03
5.957000000000000000e+03
7.449000000000000000e+03
1.023500000000000000e+04
5.748000000000000000e+03
4.260000000000000000e+03
3.330000000000000000e+03
4.041000000000000000e+03
1.004700000000000000e+04
2.875000000000000000e+03
5.447000000000000000e+03
1.237000000000000000e+03
3.792000000000000000e+03
3.570000000000000000e+03
7.615000000000000000e+03
3.503000000000000000e+03
3.429000000000000000e+03
5.969000000000000000e+03
6.550000000000000000e+03
6.269000000000000000e+03
1.688000000000000000e+03
5.083000000000000000e+03
2.126000000000000000e+03
1.296500000000000000e+04
4.096000000000000000e+03
3.031000000000000000e+03
3.310000000000000000e+03
1.902000000000000000e+03
9.680000000000000000e+02
1.071700000000000000e+04
2.292000000000000000e+03
2.577000000000000000e+03
2.581000000000000000e+03
8.313000000000000000e+03
3.600000000000000000e+03
5.719000000000000000e+03
2.190000000000000000e+03
1.529000000000000000e+03
2.252000000000000000e+03
3.811000000000000000e+03
1.389000000000000000e+03
2.426000000000000000e+03
9.288000000000000000e+03
3.829000000000000000e+03
1.862000000000000000e+03
7.732000000000000000e+03
3.081000000000000000e+03
4.438000000000000000e+03
4.228000000000000000e+03
7.717000000000000000e+03
4.617000000000000000e+03
5.258000000000000000e+03
2.573000000000000000e+03
5.885000000000000000e+03
1.122500000000000000e+04
4.374000000000000000e+03
4.541000000000000000e+03
1.034000000000000000e+03
2.462000000000000000e+03
1.526000000000000000e+03
6.591000000000000000e+03
5.481000000000000000e+03
1.675000000000000000e+03
8.175000000000000000e+03
2.786000000000000000e+03
1.771000000000000000e+03
2.333000000000000000e+03
6.369000000000000000e+03
9.492000000000000000e+03
4.455000000000000000e+03
5.061000000000000000e+03
4.756000000000000000e+03
6.374000000000000000e+03
1.321000000000000000e+03
3.036000000000000000e+03
3.433000000000000000e+03
3.545000000000000000e+03
2.781000000000000000e+03
4.290000000000000000e+03
5.486000000000000000e+03
9.109000000000000000e+03
6.364000000000000000e+03
4.447000000000000000e+03
2.893000000000000000e+03
5.854000000000000000e+03
7.246000000000000000e+03
1.500000000000000000e+03
1.244400000000000000e+04
4.473000000000000000e+03
5.455000000000000000e+03
1.667000000000000000e+03
2.765000000000000000e+03
4.085000000000000000e+03
4.319000000000000000e+03
2.092000000000000000e+03
7.560000000000000000e+03
2.694000000000000000e+03
3.390000000000000000e+03
1.941000000000000000e+03
1.606000000000000000e+03
7.987000000000000000e+03
1.610000000000000000e+03
2.727000000000000000e+03
4.040000000000000000e+03
5.480000000000000000e+03
2.856000000000000000e+03
2.031000000000000000e+03
4.619000000000000000e+03
1.204500000000000000e+04
3.370000000000000000e+03
5.088000000000000000e+03
4.908000000000000000e+03
3.684000000000000000e+03
4.018000000000000000e+03
6.938000000000000000e+03
3.061000000000000000e+03
3.373000000000000000e+03
1.080400000000000000e+04
6.823000000000000000e+03
4.632000000000000000e+03
3.816000000000000000e+03
4.039000000000000000e+03
6.906000000000000000e+03
3.258000000000000000e+03
4.009000000000000000e+03
2.369000000000000000e+03
3.181000000000000000e+03
1.989000000000000000e+03
2.395000000000000000e+03
1.524000000000000000e+03
2.145000000000000000e+03
2.427000000000000000e+03
6.767000000000000000e+03
3.022000000000000000e+03
1.079400000000000000e+04
5.801000000000000000e+03
6.059000000000000000e+03
6.213000000000000000e+03
8.014000000000000000e+03
1.314000000000000000e+03
3.686000000000000000e+03
2.197000000000000000e+03
4.661000000000000000e+03
2.580000000000000000e+03
5.144000000000000000e+03
2.351000000000000000e+03
4.843000000000000000e+03
3.151000000000000000e+03
4.343000000000000000e+03
4.925000000000000000e+03
6.159000000000000000e+03
5.081000000000000000e+03
2.819000000000000000e+03
3.843000000000000000e+03
3.993000000000000000e+03
6.238000000000000000e+03
5.711000000000000000e+03
6.177000000000000000e+03
2.430000000000000000e+03
2.383000000000000000e+03
1.036000000000000000e+03
3.669000000000000000e+03
3.568000000000000000e+03
1.514000000000000000e+03
2.532000000000000000e+03
3.781000000000000000e+03
8.501000000000000000e+03
2.034000000000000000e+03
7.140000000000000000e+03
2.565000000000000000e+03
4.252000000000000000e+03
4.769000000000000000e+03
1.846000000000000000e+03
2.952000000000000000e+03
3.341000000000000000e+03
1.099900000000000000e+04
4.195000000000000000e+03
2.691000000000000000e+03
4.548000000000000000e+03
3.437000000000000000e+03
1.261000000000000000e+03
1.015600000000000000e+04
2.677000000000000000e+03
1.677000000000000000e+03
4.218000000000000000e+03
1.074200000000000000e+04
4.158000000000000000e+03
1.648000000000000000e+03
3.939000000000000000e+03
3.879000000000000000e+03
7.348000000000000000e+03
1.695000000000000000e+03
5.109000000000000000e+03
8.208000000000000000e+03
3.181000000000000000e+03
2.222000000000000000e+03
3.952000000000000000e+03
3.928000000000000000e+03
6.818000000000000000e+03
1.601000000000000000e+03
8.401000000000000000e+03
2.830000000000000000e+03
5.474000000000000000e+03
5.602000000000000000e+03
1.886000000000000000e+03
2.601000000000000000e+03
7.404000000000000000e+03
5.922000000000000000e+03
2.940000000000000000e+03
5.402000000000000000e+03
2.458000000000000000e+03
5.230000000000000000e+03
4.564000000000000000e+03
4.977000000000000000e+03
6.414000000000000000e+03
2.965000000000000000e+03
2.801000000000000000e+03
1.196900000000000000e+04
8.019000000000000000e+03
2.064000000000000000e+03
3.108000000000000000e+03
5.476000000000000000e+03
2.828000000000000000e+03
2.006000000000000000e+03
4.972000000000000000e+03
2.670000000000000000e+03
5.928000000000000000e+03
1.152000000000000000e+04
1.161000000000000000e+03
2.531000000000000000e+03
2.642000000000000000e+03
3.590000000000000000e+03
2.569000000000000000e+03
2.424000000000000000e+03
5.508000000000000000e+03
1.667000000000000000e+04
4.749000000000000000e+03
3.751000000000000000e+03
8.684000000000000000e+03
5.054000000000000000e+03
2.894000000000000000e+03
4.317000000000000000e+03
4.701000000000000000e+03
1.969000000000000000e+03
2.999000000000000000e+03
4.242000000000000000e+03
4.117000000000000000e+03
2.237000000000000000e+03
2.265000000000000000e+03
5.815000000000000000e+03
6.552000000000000000e+03
4.137000000000000000e+03
1.462000000000000000e+03
5.822000000000000000e+03
3.640000000000000000e+03
4.314000000000000000e+03
1.150000000000000000e+03
3.778000000000000000e+03
3.079000000000000000e+03
5.412000000000000000e+03
4.894000000000000000e+03
1.911000000000000000e+03
3.375000000000000000e+03
4.001000000000000000e+03
3.940000000000000000e+03
5.270000000000000000e+03
2.342000000000000000e+03
2.869000000000000000e+03
5.532000000000000000e+03
2.250000000000000000e+03
3.588000000000000000e+03
6.310000000000000000e+03
9.379000000000000000e+03
3.660000000000000000e+03
2.046000000000000000e+03
2.732000000000000000e+03
2.217000000000000000e+03
9.275000000000000000e+03
2.882000000000000000e+03
2.004000000000000000e+03
1.312000000000000000e+03
5.150000000000000000e+03
2.159000000000000000e+03
3.301000000000000000e+03
1.586000000000000000e+03
1.627000000000000000e+03
1.072500000000000000e+04
2.968000000000000000e+03
3.820000000000000000e+03
3.327000000000000000e+03
2.296000000000000000e+03
5.387000000000000000e+03
9.528000000000000000e+03
2.613000000000000000e+03
6.307000000000000000e+03
5.354000000000000000e+03
4.232000000000000000e+03
1.356000000000000000e+03
3.411000000000000000e+03
2.010000000000000000e+03
5.443000000000000000e+03
2.604000000000000000e+03
1.084000000000000000e+03
4.452000000000000000e+03
2.839000000000000000e+03
2.750000000000000000e+03
7.671000000000000000e+03
2.663000000000000000e+03
9.446000000000000000e+03
6.346000000000000000e+03
2.936000000000000000e+03
3.633000000000000000e+03
4.087000000000000000e+03
1.662100000000000000e+04
5.396000000000000000e+03
3.525000000000000000e+03
3.472000000000000000e+03
6.422000000000000000e+03
3.679000000000000000e+03
8.101000000000000000e+03
4.028000000000000000e+03
8.344000000000000000e+03
3.044000000000000000e+03
1.153000000000000000e+03
8.198000000000000000e+03
1.815000000000000000e+03
1.052100000000000000e+04
1.337000000000000000e+03
6.402000000000000000e+03
7.976000000000000000e+03
7.043000000000000000e+03
1.270000000000000000e+03
3.369000000000000000e+03
2.368000000000000000e+03
1.367800000000000000e+04
4.443000000000000000e+03
1.489000000000000000e+03
2.401000000000000000e+03
1.312000000000000000e+03
4.499000000000000000e+03
8.381000000000000000e+03
2.773000000000000000e+03
3.445000000000000000e+03
3.036000000000000000e+03
8.262000000000000000e+03
5.895000000000000000e+03
2.196000000000000000e+03
2.414000000000000000e+03
1.715000000000000000e+03
4.098000000000000000e+03
5.025000000000000000e+03
3.586000000000000000e+03
3.591000000000000000e+03
2.836000000000000000e+03
2.183000000000000000e+03
1.589000000000000000e+03
5.863000000000000000e+03
2.134000000000000000e+03
9.991000000000000000e+03
7.723000000000000000e+03
1.269200000000000000e+04
2.077000000000000000e+03
2.275000000000000000e+03
3.272000000000000000e+03
4.315000000000000000e+03
1.042500000000000000e+04
8.389000000000000000e+03
4.161000000000000000e+03
1.694000000000000000e+03
1.393000000000000000e+03
1.092000000000000000e+04
6.579000000000000000e+03
4.118000000000000000e+03
3.415000000000000000e+03
4.558000000000000000e+03
1.736000000000000000e+03
1.873000000000000000e+03
8.197000000000000000e+03
2.435000000000000000e+03
3.758000000000000000e+03
6.163000000000000000e+03
2.856000000000000000e+03
1.026000000000000000e+03
1.588000000000000000e+03
3.731000000000000000e+03
9.548000000000000000e+03
3.260000000000000000e+03
3.159000000000000000e+03
5.362000000000000000e+03
8.485000000000000000e+03
3.439000000000000000e+03
2.293000000000000000e+03
3.251000000000000000e+03
2.624000000000000000e+03
2.909000000000000000e+03
4.544000000000000000e+03
1.372000000000000000e+03
2.113000000000000000e+03
1.871000000000000000e+03
2.227000000000000000e+03
2.533000000000000000e+03
1.683000000000000000e+03
2.943000000000000000e+03
3.216000000000000000e+03
1.775000000000000000e+03
3.202000000000000000e+03
7.291000000000000000e+03
2.290000000000000000e+03
4.129000000000000000e+03
3.997000000000000000e+03
5.566000000000000000e+03
2.425000000000000000e+03
2.302000000000000000e+03
4.600000000000000000e+03
2.904000000000000000e+03
2.318000000000000000e+03
9.822000000000000000e+03
2.235000000000000000e+03
2.773000000000000000e+03
8.440000000000000000e+03
7.900000000000000000e+02
2.068000000000000000e+03
2.836000000000000000e+03
3.570000000000000000e+03
3.978000000000000000e+03
2.032000000000000000e+03
6.631000000000000000e+03
1.723000000000000000e+03
1.737000000000000000e+03
1.585000000000000000e+03
4.141000000000000000e+03
1.133000000000000000e+03
2.597000000000000000e+03
1.973000000000000000e+03
3.444000000000000000e+03
2.093000000000000000e+03
1.829000000000000000e+03
4.164000000000000000e+03
1.864000000000000000e+03
3.961000000000000000e+03
6.700000000000000000e+03
4.162000000000000000e+03
1.792000000000000000e+03
6.624000000000000000e+03
2.323000000000000000e+03
6.613000000000000000e+03
3.855000000000000000e+03
2.878000000000000000e+03
2.182000000000000000e+03
2.622000000000000000e+03
1.140000000000000000e+03
3.024000000000000000e+03
6.537000000000000000e+03
2.303000000000000000e+03
2.324000000000000000e+03
6.521000000000000000e+03
2.511000000000000000e+03
3.201000000000000000e+03
2.613000000000000000e+03
1.664000000000000000e+03
5.034000000000000000e+03
1.787000000000000000e+03
1.812000000000000000e+03
8.425000000000000000e+03
2.986000000000000000e+03
1.077600000000000000e+04
4.852000000000000000e+03
1.191300000000000000e+04
8.984000000000000000e+03
1.231000000000000000e+03
4.816000000000000000e+03
2.104000000000000000e+03
6.254000000000000000e+03
8.070000000000000000e+03
2.626000000000000000e+03
6.746000000000000000e+03
4.735000000000000000e+03
5.187000000000000000e+03
4.605000000000000000e+03
3.544000000000000000e+03
