1.983900000000000000e+04
2.033500000000000000e+04
8.855000000000000000e+03
1.121500000000000000e+04
7.410000000000000000e+03
3.407000000000000000e+03
5.388000000000000000e+03
2.826600000000000000e+04
2.819000000000000000e+03
1.763700000000000000e+04
5.109000000000000000e+03
9.294000000000000000e+03
5.532000000000000000e+03
3.724000000000000000e+03
5.045000000000000000e+03
1.378200000000000000e+04
1.397500000000000000e+04
1.608700000000000000e+04
2.877000000000000000e+03
1.074100000000000000e+04
1.409000000000000000e+04
2.249900000000000000e+04
4.441000000000000000e+03
1.963600000000000000e+04
5.609000000000000000e+03
6.189000000000000000e+03
5.426000000000000000e+03
3.936000000000000000e+03
3.538000000000000000e+03
1.305700000000000000e+04
6.670000000000000000e+03
1.300900000000000000e+04
4.578000000000000000e+03
4.494000000000000000e+03
4.021300000000000000e+04
5.291000000000000000e+03
1.068500000000000000e+04
2.232500000000000000e+04
9.366000000000000000e+03
7.419000000000000000e+03
5.446000000000000000e+03
7.838000000000000000e+03
2.508800000000000000e+04
1.623600000000000000e+04
2.236000000000000000e+03
4.376000000000000000e+03
1.438500000000000000e+04
8.983000000000000000e+03
2.138000000000000000e+03
1.881800000000000000e+04
2.168600000000000000e+04
1.504600000000000000e+04
2.250900000000000000e+04
5.688000000000000000e+03
3.139000000000000000e+03
4.171000000000000000e+03
7.126000000000000000e+03
2.450000000000000000e+03
1.222100000000000000e+04
1.860000000000000000e+04
2.000000000000000000e+03
1.486900000000000000e+04
1.141300000000000000e+04
3.309600000000000000e+04
5.185000000000000000e+03
5.725000000000000000e+03
6.875000000000000000e+03
8.552000000000000000e+03
1.969200000000000000e+04
2.873800000000000000e+04
6.833600000000000000e+04
3.864000000000000000e+03
9.463000000000000000e+03
1.609100000000000000e+04
1.238500000000000000e+04
1.872000000000000000e+03
1.049600000000000000e+04
8.187000000000000000e+03
5.626900000000000000e+04
1.067000000000000000e+03
5.468000000000000000e+03
3.748000000000000000e+03
1.988600000000000000e+04
3.719000000000000000e+03
1.997000000000000000e+04
2.843000000000000000e+04
3.036000000000000000e+03
6.756000000000000000e+03
7.618000000000000000e+03
2.078400000000000000e+04
8.151000000000000000e+03
1.413900000000000000e+04
3.165000000000000000e+03
7.285000000000000000e+03
1.611800000000000000e+04
1.227700000000000000e+04
6.147000000000000000e+03
8.938000000000000000e+03
8.407000000000000000e+03
1.311000000000000000e+03
1.473000000000000000e+03
8.760000000000000000e+03
1.373900000000000000e+04
6.583000000000000000e+03
5.898000000000000000e+03
5.108000000000000000e+03
1.697000000000000000e+03
9.523000000000000000e+03
4.991300000000000000e+04
1.279000000000000000e+04
1.060900000000000000e+04
6.641400000000000000e+04
2.040200000000000000e+04
3.496000000000000000e+03
7.462000000000000000e+03
3.660000000000000000e+03
1.714000000000000000e+03
1.777000000000000000e+03
7.817000000000000000e+03
3.434700000000000000e+04
2.483000000000000000e+03
2.475900000000000000e+04
5.016000000000000000e+03
7.435000000000000000e+03
2.343900000000000000e+04
4.070000000000000000e+03
2.667600000000000000e+04
4.060000000000000000e+03
5.384000000000000000e+03
5.905000000000000000e+03
2.198100000000000000e+04
2.676700000000000000e+04
2.009000000000000000e+03
8.630000000000000000e+03
4.426000000000000000e+03
7.005000000000000000e+03
8.319000000000000000e+03
1.541000000000000000e+03
3.089600000000000000e+04
1.857500000000000000e+04
2.257000000000000000e+03
5.107000000000000000e+03
9.117000000000000000e+03
4.284000000000000000e+03
4.055000000000000000e+03
1.676400000000000000e+04
2.216000000000000000e+03
2.773800000000000000e+04
3.953000000000000000e+03
5.579000000000000000e+03
2.483600000000000000e+04
1.102100000000000000e+04
1.841400000000000000e+04
9.235000000000000000e+03
1.460900000000000000e+04
4.166000000000000000e+03
7.565000000000000000e+03
1.320100000000000000e+04
5.482000000000000000e+03
4.990000000000000000e+03
2.842000000000000000e+03
1.049000000000000000e+04
2.928600000000000000e+04
2.100000000000000000e+03
1.527600000000000000e+04
2.820000000000000000e+04
4.586000000000000000e+03
6.961000000000000000e+03
5.834000000000000000e+03
1.675400000000000000e+04
8.726000000000000000e+03
6.978000000000000000e+03
4.782000000000000000e+03
1.366200000000000000e+04
1.705000000000000000e+04
3.229000000000000000e+04
3.699000000000000000e+03
5.737000000000000000e+03
3.542000000000000000e+03
4.584000000000000000e+03
5.263000000000000000e+03
1.202100000000000000e+04
4.418700000000000000e+04
1.466000000000000000e+04
6.686000000000000000e+03
2.529000000000000000e+03
3.614000000000000000e+03
5.212000000000000000e+03
1.513500000000000000e+04
5.850000000000000000e+03
5.988000000000000000e+03
5.809000000000000000e+03
1.043800000000000000e+04
4.286000000000000000e+03
5.427000000000000000e+03
1.544500000000000000e+04
7.882000000000000000e+03
1.058000000000000000e+03
1.960000000000000000e+03
2.505700000000000000e+04
1.047500000000000000e+04
1.669200000000000000e+04
3.293100000000000000e+04
2.287000000000000000e+03
8.918000000000000000e+03
6.350000000000000000e+03
1.643200000000000000e+04
1.018400000000000000e+04
6.584000000000000000e+03
1.113700000000000000e+04
3.577000000000000000e+03
8.771000000000000000e+03
2.334000000000000000e+03
6.072000000000000000e+03
2.149000000000000000e+03
7.588000000000000000e+03
6.595000000000000000e+03
3.361000000000000000e+03
6.799000000000000000e+03
5.735000000000000000e+03
3.663000000000000000e+03
2.151000000000000000e+03
3.367000000000000000e+03
1.067700000000000000e+04
4.664000000000000000e+03
4.501000000000000000e+03
2.617300000000000000e+04
6.979000000000000000e+03
4.269000000000000000e+03
3.460000000000000000e+03
1.718500000000000000e+04
1.615200000000000000e+04
4.797000000000000000e+03
4.918000000000000000e+03
2.116000000000000000e+03
4.021000000000000000e+03
8.402000000000000000e+03
6.360000000000000000e+03
1.526000000000000000e+03
8.970000000000000000e+03
2.250100000000000000e+04
1.793700000000000000e+04
1.138600000000000000e+04
1.408800000000000000e+04
1.432100000000000000e+04
1.188000000000000000e+04
1.761000000000000000e+03
1.339200000000000000e+04
4.620000000000000000e+03
4.032000000000000000e+03
7.823000000000000000e+03
2.906000000000000000e+03
2.702800000000000000e+04
6.445000000000000000e+03
2.048000000000000000e+03
7.631000000000000000e+03
3.874600000000000000e+04
8.929000000000000000e+03
7.735000000000000000e+03
7.545000000000000000e+03
9.537000000000000000e+03
5.811000000000000000e+03
6.380000000000000000e+03
2.590100000000000000e+04
6.093000000000000000e+03
2.509400000000000000e+04
8.675000000000000000e+03
1.053600000000000000e+04
1.269200000000000000e+04
7.593000000000000000e+03
1.192400000000000000e+04
6.272000000000000000e+03
1.043400000000000000e+04
1.778000000000000000e+03
1.608200000000000000e+04
2.051000000000000000e+04
1.626600000000000000e+04
2.838000000000000000e+03
4.643000000000000000e+03
1.679200000000000000e+04
6.624000000000000000e+03
2.604800000000000000e+04
4.184900000000000000e+04
4.205000000000000000e+03
2.705500000000000000e+04
5.221000000000000000e+03
1.208000000000000000e+03
2.052300000000000000e+04
1.558300000000000000e+04
1.617400000000000000e+04
3.417000000000000000e+03
5.891000000000000000e+03
4.433000000000000000e+04
3.044700000000000000e+04
6.558000000000000000e+03
1.593800000000000000e+04
6.754000000000000000e+03
7.867000000000000000e+03
2.477900000000000000e+04
1.395200000000000000e+04
5.516000000000000000e+03
1.469100000000000000e+04
2.722100000000000000e+04
1.692900000000000000e+04
1.791300000000000000e+04
1.141300000000000000e+04
1.612600000000000000e+04
1.685800000000000000e+04
1.001600000000000000e+04
1.998200000000000000e+04
9.735000000000000000e+03
7.094000000000000000e+03
1.448400000000000000e+04
7.769000000000000000e+03
1.981400000000000000e+04
2.929000000000000000e+03
2.664000000000000000e+03
7.866000000000000000e+03
7.497000000000000000e+03
6.982000000000000000e+03
2.813800000000000000e+04
1.330900000000000000e+04
2.555000000000000000e+03
1.437400000000000000e+04
2.321800000000000000e+04
1.727900000000000000e+04
1.693900000000000000e+04
1.631600000000000000e+04
6.644000000000000000e+03
9.942000000000000000e+03
1.286400000000000000e+04
2.242000000000000000e+03
1.706000000000000000e+04
1.161600000000000000e+04
7.321000000000000000e+03
1.056100000000000000e+04
2.455400000000000000e+04
2.904200000000000000e+04
3.314000000000000000e+03
8.586000000000000000e+03
3.865000000000000000e+03
3.355400000000000000e+04
2.976500000000000000e+04
2.841600000000000000e+04
1.323300000000000000e+04
8.419000000000000000e+03
1.103500000000000000e+04
7.545100000000000000e+04
8.587000000000000000e+03
7.210000000000000000e+03
3.616000000000000000e+03
1.565800000000000000e+04
8.551000000000000000e+03
9.811000000000000000e+03
1.305200000000000000e+04
6.184000000000000000e+03
1.640100000000000000e+04
2.506000000000000000e+03
6.331000000000000000e+03
3.586000000000000000e+03
4.869000000000000000e+03
5.958800000000000000e+04
1.040800000000000000e+04
7.101000000000000000e+03
8.347000000000000000e+03
3.215000000000000000e+04
2.631200000000000000e+04
2.318000000000000000e+03
1.731400000000000000e+04
1.328400000000000000e+04
4.306600000000000000e+04
2.865000000000000000e+03
1.152300000000000000e+04
1.371400000000000000e+04
2.686000000000000000e+03
3.625000000000000000e+03
1.274600000000000000e+04
2.502700000000000000e+04
8.422000000000000000e+03
1.088700000000000000e+04
1.508200000000000000e+04
1.906000000000000000e+04
1.915000000000000000e+04
2.038300000000000000e+04
2.274100000000000000e+04
1.465200000000000000e+04
1.184900000000000000e+04
1.409000000000000000e+04
9.844000000000000000e+03
3.614100000000000000e+04
7.051000000000000000e+03
2.855000000000000000e+03
1.584800000000000000e+04
2.284000000000000000e+04
1.120600000000000000e+04
5.075000000000000000e+03
2.201700000000000000e+04
8.742000000000000000e+03
2.127100000000000000e+04
2.114600000000000000e+04
1.550800000000000000e+04
7.110000000000000000e+03
2.640800000000000000e+04
3.773000000000000000e+03
2.178000000000000000e+03
3.471000000000000000e+03
2.354100000000000000e+04
7.322000000000000000e+03
8.746000000000000000e+03
1.687400000000000000e+04
1.402700000000000000e+04
4.807000000000000000e+03
3.545000000000000000e+03
1.880000000000000000e+04
6.363000000000000000e+03
1.165900000000000000e+04
4.498000000000000000e+03
3.302200000000000000e+04
1.287900000000000000e+04
4.275100000000000000e+04
1.081000000000000000e+04
8.644000000000000000e+03
2.097000000000000000e+03
2.932000000000000000e+03
7.040000000000000000e+02
1.375400000000000000e+04
1.542900000000000000e+04
2.673000000000000000e+03
2.966300000000000000e+04
8.199000000000000000e+03
6.272000000000000000e+03
9.875000000000000000e+03
1.478600000000000000e+04
3.359000000000000000e+03
2.519000000000000000e+03
2.162000000000000000e+03
1.306800000000000000e+04
3.538000000000000000e+03
3.267000000000000000e+03
5.779000000000000000e+03
1.581400000000000000e+04
1.265200000000000000e+04
4.504000000000000000e+03
1.923900000000000000e+04
4.664000000000000000e+03
4.497000000000000000e+03
1.579700000000000000e+04
1.642000000000000000e+03
3.597000000000000000e+03
3.440000000000000000e+03
1.509700000000000000e+04
7.037000000000000000e+03
9.912000000000000000e+03
8.925000000000000000e+03
1.869400000000000000e+04
1.206000000000000000e+04
4.218000000000000000e+03
8.543000000000000000e+03
8.401000000000000000e+03
1.419200000000000000e+04
2.282300000000000000e+04
1.761300000000000000e+04
2.975700000000000000e+04
2.177000000000000000e+03
1.522400000000000000e+04
1.522000000000000000e+04
1.562000000000000000e+03
2.535100000000000000e+04
8.039000000000000000e+03
1.350900000000000000e+04
1.622400000000000000e+04
2.489300000000000000e+04
2.788400000000000000e+04
1.058400000000000000e+04
2.459000000000000000e+03
1.006200000000000000e+04
2.754600000000000000e+04
1.200700000000000000e+04
9.866000000000000000e+03
4.371000000000000000e+03
1.105200000000000000e+04
2.276200000000000000e+04
9.580000000000000000e+03
7.837000000000000000e+03
1.992700000000000000e+04
2.289000000000000000e+04
4.574000000000000000e+03
3.876000000000000000e+03
3.080700000000000000e+04
1.208700000000000000e+04
9.040000000000000000e+02
1.832800000000000000e+04
1.038800000000000000e+04
2.602000000000000000e+03
5.582000000000000000e+03
1.265300000000000000e+04
1.489000000000000000e+03
9.660000000000000000e+03
1.591000000000000000e+04
1.598300000000000000e+04
1.497500000000000000e+04
2.042000000000000000e+04
1.895300000000000000e+04
4.151000000000000000e+03
1.346300000000000000e+04
1.707000000000000000e+03
1.169100000000000000e+04
4.093000000000000000e+03
2.991800000000000000e+04
7.482000000000000000e+03
9.275000000000000000e+03
3.346000000000000000e+03
8.615000000000000000e+03
7.478000000000000000e+03
9.610000000000000000e+03
3.040100000000000000e+04
4.900500000000000000e+04
2.277000000000000000e+03
1.513200000000000000e+04
8.262000000000000000e+03
1.127000000000000000e+03
5.382000000000000000e+03
6.334000000000000000e+03
3.837600000000000000e+04
2.290500000000000000e+04
7.773000000000000000e+03
6.453000000000000000e+03
9.156000000000000000e+03
6.511000000000000000e+03
7.936000000000000000e+03
1.885900000000000000e+04
1.554300000000000000e+04
1.589800000000000000e+04
2.130100000000000000e+04
5.333000000000000000e+03
4.444000000000000000e+03
2.442000000000000000e+03
1.146600000000000000e+04
2.644800000000000000e+04
2.077000000000000000e+04
1.354100000000000000e+04
8.700000000000000000e+03
3.950000000000000000e+03
4.067200000000000000e+04
5.573000000000000000e+03
5.651000000000000000e+03
2.482000000000000000e+03
9.655000000000000000e+03
5.278000000000000000e+03
2.381000000000000000e+03
1.960300000000000000e+04
3.116600000000000000e+04
5.230000000000000000e+03
1.134400000000000000e+04
1.658000000000000000e+03
5.299000000000000000e+03
1.960100000000000000e+04
2.049900000000000000e+04
4.326000000000000000e+03
3.911900000000000000e+04
5.253200000000000000e+04
8.850000000000000000e+02
8.784000000000000000e+03
1.212200000000000000e+04
3.833000000000000000e+04
1.860000000000000000e+03
2.873800000000000000e+04
8.193000000000000000e+03
5.238000000000000000e+03
8.485000000000000000e+03
2.365000000000000000e+03
1.330000000000000000e+04
9.670000000000000000e+03
3.223900000000000000e+04
9.561000000000000000e+03
4.060000000000000000e+03
6.022000000000000000e+03
5.388000000000000000e+03
2.869000000000000000e+03
2.044100000000000000e+04
7.405000000000000000e+03
9.038000000000000000e+03
8.158000000000000000e+03
4.575000000000000000e+03
1.175000000000000000e+03
1.667100000000000000e+04
2.887000000000000000e+03
1.095600000000000000e+04
2.353500000000000000e+04
3.828000000000000000e+03
9.809000000000000000e+03
3.330200000000000000e+04
1.862000000000000000e+03
2.051100000000000000e+04
8.527000000000000000e+03
3.235600000000000000e+04
1.815600000000000000e+04
2.189200000000000000e+04
1.436500000000000000e+04
3.785000000000000000e+03
4.694000000000000000e+03
4.672000000000000000e+03
8.223000000000000000e+03
1.073700000000000000e+04
5.264000000000000000e+03
1.550400000000000000e+04
3.558000000000000000e+03
5.034000000000000000e+03
1.690800000000000000e+04
1.987400000000000000e+04
4.554000000000000000e+03
1.816700000000000000e+04
2.714300000000000000e+04
8.603000000000000000e+03
5.120000000000000000e+03
9.415000000000000000e+03
2.874400000000000000e+04
3.764000000000000000e+03
2.174800000000000000e+04
1.420200000000000000e+04
1.894700000000000000e+04
4.808000000000000000e+03
2.051000000000000000e+04
1.023000000000000000e+03
4.557000000000000000e+03
8.979000000000000000e+03
2.261500000000000000e+04
7.101000000000000000e+03
2.334700000000000000e+04
4.559000000000000000e+03
9.077000000000000000e+03
2.786000000000000000e+03
5.943000000000000000e+03
1.119700000000000000e+04
3.692000000000000000e+03
4.250000000000000000e+03
9.777000000000000000e+03
6.096000000000000000e+03
5.996000000000000000e+03
2.897300000000000000e+04
1.784200000000000000e+04
7.427000000000000000e+03
1.189200000000000000e+04
1.208300000000000000e+04
5.476000000000000000e+03
7.570000000000000000e+03
2.201200000000000000e+04
1.943000000000000000e+03
1.716100000000000000e+04
2.718000000000000000e+03
6.723000000000000000e+03
2.910000000000000000e+03
4.336000000000000000e+03
2.550700000000000000e+04
7.053000000000000000e+03
7.447000000000000000e+03
5.609000000000000000e+03
2.971000000000000000e+03
1.207300000000000000e+04
8.770000000000000000e+03
9.536000000000000000e+03
1.146200000000000000e+04
2.777200000000000000e+04
3.255000000000000000e+03
1.085900000000000000e+04
3.026000000000000000e+03
4.550000000000000000e+03
9.938000000000000000e+03
2.488900000000000000e+04
1.304100000000000000e+04
1.226300000000000000e+04
1.855200000000000000e+04
3.282000000000000000e+03
1.016200000000000000e+04
7.035000000000000000e+03
3.960900000000000000e+04
2.050000000000000000e+03
5.128000000000000000e+03
3.866000000000000000e+03
1.468700000000000000e+04
1.524000000000000000e+03
1.259200000000000000e+04
9.181000000000000000e+03
1.728700000000000000e+04
4.011000000000000000e+03
6.976000000000000000e+03
2.081400000000000000e+04
1.178200000000000000e+04
1.031400000000000000e+04
1.387800000000000000e+04
1.252900000000000000e+04
1.331200000000000000e+04
4.187000000000000000e+03
1.649100000000000000e+04
1.901000000000000000e+04
5.768000000000000000e+03
5.244000000000000000e+03
3.696800000000000000e+04
4.033000000000000000e+03
1.152500000000000000e+04
2.598900000000000000e+04
2.946000000000000000e+03
8.529000000000000000e+03
2.176400000000000000e+04
6.746000000000000000e+03
1.856500000000000000e+04
7.434000000000000000e+03
2.014000000000000000e+03
4.683000000000000000e+03
1.074300000000000000e+04
4.698000000000000000e+03
9.504000000000000000e+03
5.574000000000000000e+03
1.528600000000000000e+04
3.168000000000000000e+03
1.283400000000000000e+04
7.306000000000000000e+03
3.799000000000000000e+03
5.068000000000000000e+03
1.735500000000000000e+04
1.423700000000000000e+04
1.860700000000000000e+04
1.179100000000000000e+04
1.740300000000000000e+04
1.335900000000000000e+04
1.483300000000000000e+04
2.406000000000000000e+03
8.244000000000000000e+03
1.991000000000000000e+03
6.500000000000000000e+03
5.133000000000000000e+03
2.806000000000000000e+03
7.154000000000000000e+03
7.061000000000000000e+03
2.280100000000000000e+04
1.181300000000000000e+04
4.946000000000000000e+03
2.858600000000000000e+04
4.483000000000000000e+03
4.278000000000000000e+03
1.155300000000000000e+04
2.873000000000000000e+04
2.618000000000000000e+03
1.937000000000000000e+03
1.256400000000000000e+04
7.239000000000000000e+03
3.484000000000000000e+04
7.637000000000000000e+03
8.464000000000000000e+03
1.652000000000000000e+04
8.191000000000000000e+03
4.730000000000000000e+03
8.958000000000000000e+03
2.051100000000000000e+04
4.993000000000000000e+03
8.450000000000000000e+03
1.506000000000000000e+04
6.019000000000000000e+03
3.053000000000000000e+03
2.112500000000000000e+04
1.183900000000000000e+04
8.338000000000000000e+03
9.335000000000000000e+03
2.012000000000000000e+03
3.214500000000000000e+04
6.370000000000000000e+03
1.517800000000000000e+04
1.123500000000000000e+04
1.391300000000000000e+04
8.417000000000000000e+03
1.216600000000000000e+04
5.570000000000000000e+03
7.017000000000000000e+03
5.248000000000000000e+03
2.829100000000000000e+04
7.993000000000000000e+03
1.462600000000000000e+04
3.347800000000000000e+04
1.375400000000000000e+04
1.617200000000000000e+04
1.171900000000000000e+04
6.870000000000000000e+03
1.216000000000000000e+04
6.525000000000000000e+03
1.642900000000000000e+04
4.031000000000000000e+03
3.806000000000000000e+03
3.564500000000000000e+04
8.270000000000000000e+03
1.315000000000000000e+03
5.241000000000000000e+03
3.256000000000000000e+03
1.034300000000000000e+04
2.855900000000000000e+04
3.028000000000000000e+03
8.228000000000000000e+03
8.627000000000000000e+03
1.621100000000000000e+04
1.003100000000000000e+04
1.758400000000000000e+04
3.939000000000000000e+03
3.449900000000000000e+04
9.144000000000000000e+03
5.799000000000000000e+03
1.900800000000000000e+04
8.112000000000000000e+03
1.411100000000000000e+04
1.127000000000000000e+04
7.639000000000000000e+03
6.962000000000000000e+03
3.625000000000000000e+03
6.415000000000000000e+03
6.815000000000000000e+03
1.676000000000000000e+03
4.600000000000000000e+03
1.528500000000000000e+04
1.075100000000000000e+04
2.339000000000000000e+04
7.734000000000000000e+03
5.356000000000000000e+03
3.765000000000000000e+03
3.580500000000000000e+04
9.555000000000000000e+03
2.738000000000000000e+03
2.777200000000000000e+04
2.421500000000000000e+04
1.342900000000000000e+04
1.453700000000000000e+04
1.219100000000000000e+04
4.150000000000000000e+03
2.338100000000000000e+04
6.840000000000000000e+03
4.055000000000000000e+03
4.641000000000000000e+03
1.376400000000000000e+04
1.938000000000000000e+04
1.744500000000000000e+04
8.883000000000000000e+03
1.019400000000000000e+04
1.469600000000000000e+04
4.723000000000000000e+03
3.585000000000000000e+03
2.210000000000000000e+03
8.893000000000000000e+03
9.622000000000000000e+03
5.367000000000000000e+03
4.369000000000000000e+03
5.993000000000000000e+03
4.469800000000000000e+04
8.101000000000000000e+03
4.066000000000000000e+03
2.370300000000000000e+04
1.150200000000000000e+04
2.655900000000000000e+04
9.597000000000000000e+03
2.148600000000000000e+04
6.867000000000000000e+03
4.019300000000000000e+04
6.728000000000000000e+03
5.145000000000000000e+03
2.664500000000000000e+04
1.463000000000000000e+04
6.034000000000000000e+03
4.337000000000000000e+03
4.258800000000000000e+04
1.643300000000000000e+04
1.090800000000000000e+04
1.664500000000000000e+04
7.411000000000000000e+03
1.508800000000000000e+04
1.068300000000000000e+04
1.215400000000000000e+04
5.618000000000000000e+03
6.538000000000000000e+03
1.668000000000000000e+03
9.554000000000000000e+03
8.431000000000000000e+03
1.814300000000000000e+04
5.689000000000000000e+03
1.445300000000000000e+04
3.695000000000000000e+03
1.806000000000000000e+03
1.364000000000000000e+04
1.783400000000000000e+04
1.046900000000000000e+04
1.244200000000000000e+04
1.366600000000000000e+04
1.043000000000000000e+03
7.642000000000000000e+03
1.513100000000000000e+04
5.485000000000000000e+03
7.271000000000000000e+03
2.483700000000000000e+04
2.970900000000000000e+04
1.027000000000000000e+04
5.612000000000000000e+03
3.543400000000000000e+04
1.600000000000000000e+04
1.215200000000000000e+04
4.178000000000000000e+03
8.385000000000000000e+03
4.803400000000000000e+04
1.437300000000000000e+04
1.310700000000000000e+04
5.134000000000000000e+03
2.316000000000000000e+03
6.722000000000000000e+03
3.490000000000000000e+03
5.211000000000000000e+03
1.232600000000000000e+04
3.046300000000000000e+04
2.939000000000000000e+03
1.357000000000000000e+03
2.577000000000000000e+03
1.227000000000000000e+03
8.640000000000000000e+03
1.762100000000000000e+04
3.331200000000000000e+04
8.970000000000000000e+03
4.065900000000000000e+04
2.338000000000000000e+03
5.178000000000000000e+03
2.538000000000000000e+03
1.790700000000000000e+04
2.456000000000000000e+03
1.173800000000000000e+04
1.389000000000000000e+04
2.099800000000000000e+04
2.797000000000000000e+03
1.087200000000000000e+04
8.647000000000000000e+03
4.710000000000000000e+03
9.255000000000000000e+03
9.677000000000000000e+03
8.791000000000000000e+03
3.537000000000000000e+03
2.449000000000000000e+03
1.034600000000000000e+04
3.836900000000000000e+04
3.886000000000000000e+03
2.476000000000000000e+03
1.922800000000000000e+04
2.710000000000000000e+03
1.797000000000000000e+03
5.314000000000000000e+03
1.716900000000000000e+04
2.638700000000000000e+04
3.212000000000000000e+03
1.631000000000000000e+03
4.389400000000000000e+04
1.050400000000000000e+04
9.343000000000000000e+03
2.978600000000000000e+04
3.117900000000000000e+04
6.918000000000000000e+03
2.871000000000000000e+04
7.829000000000000000e+03
8.848000000000000000e+03
2.011900000000000000e+04
1.771400000000000000e+04
5.954000000000000000e+03
7.921000000000000000e+03
1.679000000000000000e+04
3.013900000000000000e+04
5.432000000000000000e+03
1.401000000000000000e+03
2.928500000000000000e+04
4.536000000000000000e+03
1.932200000000000000e+04
2.054000000000000000e+03
9.592000000000000000e+03
9.009000000000000000e+03
3.109000000000000000e+03
3.365000000000000000e+03
1.663700000000000000e+04
1.601500000000000000e+04
1.501800000000000000e+04
1.971600000000000000e+04
1.300000000000000000e+04
8.635000000000000000e+03
2.984000000000000000e+03
8.762000000000000000e+03
4.514000000000000000e+03
1.879800000000000000e+04
3.818400000000000000e+04
4.637000000000000000e+03
7.661000000000000000e+03
1.128000000000000000e+04
1.501300000000000000e+04
2.586000000000000000e+03
1.128600000000000000e+04
7.317000000000000000e+03
2.573000000000000000e+03
3.507000000000000000e+03
9.833000000000000000e+03
8.865000000000000000e+03
3.234000000000000000e+03
2.681400000000000000e+04
2.221200000000000000e+04
1.450300000000000000e+04
