1.837000000000000000e+03
3.230000000000000000e+02
1.719000000000000000e+03
3.920000000000000000e+02
4.840000000000000000e+02
1.173000000000000000e+03
2.524000000000000000e+03
1.055000000000000000e+03
2.186000000000000000e+03
1.161000000000000000e+03
3.239000000000000000e+03
2.996000000000000000e+03
1.338000000000000000e+03
2.248000000000000000e+03
1.732000000000000000e+03
9.270000000000000000e+02
1.361000000000000000e+03
2.218000000000000000e+03
1.808000000000000000e+03
9.380000000000000000e+02
6.210000000000000000e+02
1.778000000000000000e+03
1.227000000000000000e+03
7.680000000000000000e+02
3.711000000000000000e+03
3.770000000000000000e+02
4.868000000000000000e+03
2.530000000000000000e+03
4.016000000000000000e+03
1.065000000000000000e+03
6.540000000000000000e+03
3.800000000000000000e+03
1.220000000000000000e+03
1.482000000000000000e+03
2.734000000000000000e+03
4.272000000000000000e+03
4.970000000000000000e+02
8.500000000000000000e+02
1.807000000000000000e+03
7.860000000000000000e+02
1.835000000000000000e+03
6.700000000000000000e+02
2.164000000000000000e+03
6.640000000000000000e+02
1.072000000000000000e+03
7.320000000000000000e+02
1.278000000000000000e+03
6.360000000000000000e+02
3.970000000000000000e+02
7.200000000000000000e+02
2.730000000000000000e+03
7.500000000000000000e+02
1.037000000000000000e+03
8.910000000000000000e+02
1.017000000000000000e+03
2.247000000000000000e+03
2.150000000000000000e+02
8.090000000000000000e+02
1.986000000000000000e+03
2.029000000000000000e+03
4.792000000000000000e+03
2.930000000000000000e+02
1.311000000000000000e+03
1.965000000000000000e+03
7.180000000000000000e+02
6.160000000000000000e+02
4.354000000000000000e+03
1.078000000000000000e+03
6.140000000000000000e+02
1.728000000000000000e+03
5.075000000000000000e+03
6.960000000000000000e+02
1.826000000000000000e+03
9.810000000000000000e+02
1.034000000000000000e+03
1.429000000000000000e+03
7.890000000000000000e+02
3.528000000000000000e+03
2.560000000000000000e+03
4.160000000000000000e+02
1.077000000000000000e+03
6.150000000000000000e+02
7.410000000000000000e+02
1.450000000000000000e+03
1.316000000000000000e+03
4.600000000000000000e+02
1.728000000000000000e+03
3.162000000000000000e+03
1.326000000000000000e+03
1.855000000000000000e+03
7.730000000000000000e+02
3.958000000000000000e+03
5.512000000000000000e+03
1.558000000000000000e+03
3.850000000000000000e+02
1.432000000000000000e+03
1.876000000000000000e+03
1.213000000000000000e+03
5.580000000000000000e+02
4.014000000000000000e+03
8.310000000000000000e+02
5.440000000000000000e+02
1.072000000000000000e+03
6.430000000000000000e+02
1.911000000000000000e+03
3.980000000000000000e+02
2.652000000000000000e+03
3.306000000000000000e+03
8.020000000000000000e+02
1.241000000000000000e+03
3.241000000000000000e+03
2.721000000000000000e+03
1.332000000000000000e+03
5.540000000000000000e+02
3.206000000000000000e+03
1.082000000000000000e+03
5.454000000000000000e+03
9.450000000000000000e+02
1.893000000000000000e+03
3.102000000000000000e+03
1.747000000000000000e+03
2.985000000000000000e+03
3.099000000000000000e+03
2.749000000000000000e+03
1.271000000000000000e+03
1.183000000000000000e+03
7.430000000000000000e+02
7.470000000000000000e+02
7.820000000000000000e+02
1.268000000000000000e+03
1.573000000000000000e+03
1.410000000000000000e+03
2.120000000000000000e+03
8.560000000000000000e+02
4.172000000000000000e+03
9.000000000000000000e+02
4.030000000000000000e+02
1.943000000000000000e+03
2.614000000000000000e+03
1.587000000000000000e+03
1.834000000000000000e+03
1.313000000000000000e+03
4.890000000000000000e+02
1.455000000000000000e+03
2.955000000000000000e+03
3.540000000000000000e+02
1.089000000000000000e+03
2.780000000000000000e+02
8.720000000000000000e+02
5.610000000000000000e+02
7.810000000000000000e+02
3.662000000000000000e+03
4.880000000000000000e+02
7.890000000000000000e+02
8.750000000000000000e+02
8.330000000000000000e+02
7.280000000000000000e+02
7.170000000000000000e+02
1.535000000000000000e+03
1.047000000000000000e+03
4.670000000000000000e+02
2.489000000000000000e+03
7.380000000000000000e+02
2.365000000000000000e+03
1.675000000000000000e+03
5.027000000000000000e+03
1.909000000000000000e+03
1.284000000000000000e+03
1.100000000000000000e+03
1.624000000000000000e+03
1.071000000000000000e+03
1.735000000000000000e+03
4.290000000000000000e+02
5.008000000000000000e+03
2.282000000000000000e+03
1.055000000000000000e+03
3.037000000000000000e+03
8.220000000000000000e+02
2.069000000000000000e+03
4.163000000000000000e+03
2.342000000000000000e+03
5.400000000000000000e+02
2.750000000000000000e+02
7.810000000000000000e+02
1.231000000000000000e+03
1.062000000000000000e+03
5.000000000000000000e+02
2.651000000000000000e+03
6.420000000000000000e+02
1.693000000000000000e+03
1.043000000000000000e+03
5.210000000000000000e+02
8.070000000000000000e+02
1.087000000000000000e+03
1.075000000000000000e+03
1.041000000000000000e+03
8.700000000000000000e+02
9.670000000000000000e+02
2.310000000000000000e+03
3.856000000000000000e+03
5.630000000000000000e+02
2.581000000000000000e+03
3.359000000000000000e+03
6.590000000000000000e+02
1.812000000000000000e+03
5.210000000000000000e+02
2.052000000000000000e+03
9.430000000000000000e+02
1.219000000000000000e+03
1.177000000000000000e+03
1.801000000000000000e+03
2.625000000000000000e+03
6.120000000000000000e+02
5.680000000000000000e+02
1.176000000000000000e+03
1.114000000000000000e+03
1.170000000000000000e+03
2.404000000000000000e+03
2.940000000000000000e+02
5.530000000000000000e+02
1.784000000000000000e+03
5.570000000000000000e+02
1.188000000000000000e+03
1.381000000000000000e+03
4.480000000000000000e+02
7.700000000000000000e+02
5.210000000000000000e+02
4.757000000000000000e+03
3.667000000000000000e+03
5.140000000000000000e+02
1.007000000000000000e+03
3.678000000000000000e+03
2.410000000000000000e+03
7.050000000000000000e+02
2.196000000000000000e+03
1.460000000000000000e+03
1.061000000000000000e+03
1.986000000000000000e+03
6.540000000000000000e+02
7.420000000000000000e+02
1.494000000000000000e+03
5.060000000000000000e+02
8.080000000000000000e+02
8.720000000000000000e+02
1.011000000000000000e+03
8.470000000000000000e+02
1.332000000000000000e+03
1.308000000000000000e+03
7.750000000000000000e+02
1.205000000000000000e+03
2.396000000000000000e+03
4.028000000000000000e+03
2.185000000000000000e+03
4.950000000000000000e+02
7.120000000000000000e+02
4.816000000000000000e+03
2.433000000000000000e+03
1.531000000000000000e+03
5.870000000000000000e+02
4.570000000000000000e+02
1.947000000000000000e+03
1.481000000000000000e+03
1.573000000000000000e+03
4.470000000000000000e+03
8.400000000000000000e+02
1.419000000000000000e+03
3.250000000000000000e+02
1.684000000000000000e+03
6.100000000000000000e+02
5.289000000000000000e+03
8.730000000000000000e+02
1.317000000000000000e+03
1.092000000000000000e+03
5.950000000000000000e+02
1.059000000000000000e+03
2.205000000000000000e+03
1.322000000000000000e+03
1.145000000000000000e+03
2.232000000000000000e+03
2.189000000000000000e+03
3.663000000000000000e+03
1.264000000000000000e+03
2.501000000000000000e+03
2.153000000000000000e+03
2.257000000000000000e+03
7.540000000000000000e+02
1.719000000000000000e+03
1.212000000000000000e+03
1.219000000000000000e+03
8.500000000000000000e+02
2.760000000000000000e+02
2.291000000000000000e+03
6.670000000000000000e+02
1.337000000000000000e+03
2.346000000000000000e+03
6.520000000000000000e+02
2.509000000000000000e+03
4.820000000000000000e+02
4.046000000000000000e+03
7.430000000000000000e+02
1.263000000000000000e+03
6.900000000000000000e+03
2.272000000000000000e+03
4.250000000000000000e+02
1.578000000000000000e+03
5.980000000000000000e+02
7.580000000000000000e+02
2.235000000000000000e+03
4.370000000000000000e+02
1.895000000000000000e+03
8.770000000000000000e+02
1.091000000000000000e+03
1.697000000000000000e+03
2.492000000000000000e+03
3.490000000000000000e+02
1.382000000000000000e+03
6.950000000000000000e+02
4.304000000000000000e+03
5.260000000000000000e+02
9.400000000000000000e+02
1.953000000000000000e+03
2.800000000000000000e+02
1.447000000000000000e+03
1.420000000000000000e+03
3.881000000000000000e+03
1.073000000000000000e+03
1.098000000000000000e+03
1.551000000000000000e+03
7.530000000000000000e+02
2.536000000000000000e+03
1.077000000000000000e+03
1.001000000000000000e+03
4.350000000000000000e+02
1.031000000000000000e+03
2.581000000000000000e+03
4.740000000000000000e+02
5.310000000000000000e+02
4.601000000000000000e+03
1.928000000000000000e+03
2.152000000000000000e+03
2.335000000000000000e+03
3.208000000000000000e+03
1.674000000000000000e+03
1.019000000000000000e+03
5.780000000000000000e+02
1.947000000000000000e+03
2.445000000000000000e+03
2.479000000000000000e+03
5.130000000000000000e+02
3.196000000000000000e+03
1.458000000000000000e+03
6.750000000000000000e+02
3.889000000000000000e+03
1.624000000000000000e+03
2.710000000000000000e+03
8.110000000000000000e+02
5.260000000000000000e+02
7.912000000000000000e+03
1.474000000000000000e+03
1.361000000000000000e+03
2.963000000000000000e+03
1.939000000000000000e+03
2.238000000000000000e+03
2.572000000000000000e+03
6.560000000000000000e+02
5.610000000000000000e+02
7.949000000000000000e+03
1.545000000000000000e+03
2.352000000000000000e+03
1.240000000000000000e+02
1.026000000000000000e+03
8.460000000000000000e+02
2.140000000000000000e+02
4.602000000000000000e+03
3.960000000000000000e+02
7.790000000000000000e+02
3.780000000000000000e+03
1.259000000000000000e+03
1.146000000000000000e+03
5.690000000000000000e+02
1.016000000000000000e+03
1.068000000000000000e+03
1.411000000000000000e+03
2.412000000000000000e+03
4.950000000000000000e+02
1.694000000000000000e+03
1.203000000000000000e+03
2.620000000000000000e+02
2.942000000000000000e+03
5.250000000000000000e+02
5.200000000000000000e+02
8.150000000000000000e+02
7.290000000000000000e+02
3.451000000000000000e+03
3.667000000000000000e+03
1.073000000000000000e+03
2.381000000000000000e+03
2.211000000000000000e+03
3.520000000000000000e+02
3.822000000000000000e+03
3.205000000000000000e+03
1.618000000000000000e+03
1.029000000000000000e+03
8.950000000000000000e+02
2.051000000000000000e+03
8.270000000000000000e+02
1.612000000000000000e+03
7.170000000000000000e+02
2.248000000000000000e+03
7.260000000000000000e+02
6.760000000000000000e+02
2.059000000000000000e+03
1.184000000000000000e+03
4.600000000000000000e+02
1.319000000000000000e+03
2.883000000000000000e+03
1.971000000000000000e+03
6.210000000000000000e+02
5.080000000000000000e+02
9.720000000000000000e+02
1.288000000000000000e+03
9.210000000000000000e+02
1.467000000000000000e+03
3.417000000000000000e+03
2.271000000000000000e+03
5.040000000000000000e+02
4.250000000000000000e+02
1.393000000000000000e+03
1.699000000000000000e+03
1.457000000000000000e+03
5.700000000000000000e+02
7.190000000000000000e+02
4.850000000000000000e+02
1.754000000000000000e+03
1.278000000000000000e+03
2.389000000000000000e+03
7.820000000000000000e+02
2.442000000000000000e+03
3.560000000000000000e+02
1.785000000000000000e+03
1.595000000000000000e+03
2.804000000000000000e+03
1.151000000000000000e+03
2.915000000000000000e+03
1.031000000000000000e+03
2.833000000000000000e+03
9.070000000000000000e+02
2.366000000000000000e+03
2.054000000000000000e+03
1.030000000000000000e+03
1.640000000000000000e+02
1.846000000000000000e+03
1.079000000000000000e+03
2.656000000000000000e+03
2.001000000000000000e+03
5.640000000000000000e+02
2.710000000000000000e+03
3.320000000000000000e+02
8.010000000000000000e+02
1.306000000000000000e+03
2.586000000000000000e+03
2.144000000000000000e+03
4.371000000000000000e+03
1.686000000000000000e+03
1.232000000000000000e+03
1.089000000000000000e+03
4.040000000000000000e+02
5.680000000000000000e+02
7.790000000000000000e+02
2.631000000000000000e+03
2.028000000000000000e+03
1.831000000000000000e+03
8.540000000000000000e+02
1.558000000000000000e+03
1.824000000000000000e+03
1.264000000000000000e+03
3.230000000000000000e+02
4.890000000000000000e+02
1.271000000000000000e+03
5.290000000000000000e+03
2.245000000000000000e+03
1.010000000000000000e+03
1.355000000000000000e+03
4.390000000000000000e+02
3.528000000000000000e+03
9.470000000000000000e+02
5.294000000000000000e+03
1.729000000000000000e+03
3.890000000000000000e+02
4.120000000000000000e+02
8.510000000000000000e+02
1.445000000000000000e+03
1.339000000000000000e+03
1.563000000000000000e+03
1.313000000000000000e+03
2.249000000000000000e+03
2.589000000000000000e+03
1.809000000000000000e+03
4.430000000000000000e+02
3.918000000000000000e+03
1.362000000000000000e+03
2.284000000000000000e+03
1.231000000000000000e+03
1.525000000000000000e+03
2.603000000000000000e+03
1.127000000000000000e+03
2.133000000000000000e+03
2.337000000000000000e+03
3.900000000000000000e+02
3.628000000000000000e+03
1.122000000000000000e+03
3.117000000000000000e+03
8.740000000000000000e+02
9.100000000000000000e+02
4.240000000000000000e+02
3.012000000000000000e+03
2.349000000000000000e+03
1.025000000000000000e+03
9.380000000000000000e+02
2.082000000000000000e+03
1.571000000000000000e+03
2.357000000000000000e+03
1.405000000000000000e+03
3.251000000000000000e+03
2.660000000000000000e+03
7.449000000000000000e+03
5.550000000000000000e+02
1.447000000000000000e+03
3.582000000000000000e+03
2.019000000000000000e+03
8.220000000000000000e+02
2.574000000000000000e+03
1.170000000000000000e+03
2.985000000000000000e+03
4.285000000000000000e+03
1.949000000000000000e+03
2.390000000000000000e+02
8.750000000000000000e+02
1.175000000000000000e+03
6.570000000000000000e+03
2.629000000000000000e+03
2.147000000000000000e+03
1.157000000000000000e+03
2.329000000000000000e+03
8.520000000000000000e+02
4.200000000000000000e+02
1.042000000000000000e+03
2.568000000000000000e+03
1.894000000000000000e+03
8.270000000000000000e+02
3.570000000000000000e+02
2.377000000000000000e+03
9.460000000000000000e+02
2.288000000000000000e+03
2.090000000000000000e+02
1.135000000000000000e+03
7.750000000000000000e+02
8.630000000000000000e+02
1.485000000000000000e+03
7.480000000000000000e+02
2.551000000000000000e+03
2.683000000000000000e+03
3.538000000000000000e+03
2.394000000000000000e+03
2.180000000000000000e+03
9.074000000000000000e+03
1.198000000000000000e+03
2.301000000000000000e+03
2.589000000000000000e+03
1.213000000000000000e+03
1.469000000000000000e+03
4.930000000000000000e+02
3.118000000000000000e+03
7.620000000000000000e+02
1.361000000000000000e+03
2.203000000000000000e+03
5.138000000000000000e+03
1.210000000000000000e+03
1.106000000000000000e+03
7.180000000000000000e+02
3.420000000000000000e+02
1.221000000000000000e+03
3.176000000000000000e+03
7.342000000000000000e+03
8.420000000000000000e+02
5.750000000000000000e+02
3.960000000000000000e+02
3.447000000000000000e+03
2.504000000000000000e+03
1.240000000000000000e+03
1.642000000000000000e+03
8.610000000000000000e+02
1.756000000000000000e+03
7.160000000000000000e+02
1.007000000000000000e+03
3.304000000000000000e+03
1.462000000000000000e+03
1.468000000000000000e+03
1.346000000000000000e+03
1.780000000000000000e+03
1.057000000000000000e+03
5.669000000000000000e+03
1.367000000000000000e+03
2.874000000000000000e+03
1.151000000000000000e+03
2.725000000000000000e+03
1.976000000000000000e+03
2.134000000000000000e+03
2.529000000000000000e+03
7.930000000000000000e+02
1.908000000000000000e+03
5.590000000000000000e+02
1.401000000000000000e+03
2.074000000000000000e+03
4.570000000000000000e+02
1.466000000000000000e+03
3.143000000000000000e+03
5.940000000000000000e+02
8.930000000000000000e+02
3.177000000000000000e+03
3.232000000000000000e+03
1.169000000000000000e+03
1.914000000000000000e+03
2.318000000000000000e+03
1.721000000000000000e+03
4.780000000000000000e+03
1.600000000000000000e+03
5.370000000000000000e+02
1.000000000000000000e+03
4.430000000000000000e+02
1.663000000000000000e+03
1.032000000000000000e+03
2.320000000000000000e+03
3.862000000000000000e+03
4.310000000000000000e+02
8.690000000000000000e+02
6.030000000000000000e+02
1.157000000000000000e+03
1.311000000000000000e+03
9.224000000000000000e+03
1.385000000000000000e+03
1.289000000000000000e+03
1.008000000000000000e+03
1.805000000000000000e+03
1.737000000000000000e+03
2.148000000000000000e+03
2.542000000000000000e+03
7.930000000000000000e+02
1.095000000000000000e+03
9.710000000000000000e+02
1.512000000000000000e+03
3.021000000000000000e+03
3.365000000000000000e+03
3.518000000000000000e+03
3.563000000000000000e+03
4.590000000000000000e+02
8.980000000000000000e+02
9.250000000000000000e+02
9.130000000000000000e+02
3.097000000000000000e+03
3.447000000000000000e+03
9.610000000000000000e+02
1.241000000000000000e+03
1.026000000000000000e+03
3.890000000000000000e+02
1.463000000000000000e+03
1.196000000000000000e+03
2.190000000000000000e+02
2.769000000000000000e+03
1.615000000000000000e+03
6.860000000000000000e+02
1.114000000000000000e+03
1.795000000000000000e+03
2.485000000000000000e+03
7.980000000000000000e+02
1.780000000000000000e+03
4.856000000000000000e+03
1.135000000000000000e+03
1.030000000000000000e+03
2.022000000000000000e+03
1.966000000000000000e+03
8.731000000000000000e+03
3.640000000000000000e+02
2.970000000000000000e+02
7.510000000000000000e+02
5.890000000000000000e+02
2.084000000000000000e+03
7.200000000000000000e+02
3.870000000000000000e+02
1.691000000000000000e+03
9.240000000000000000e+02
9.260000000000000000e+02
2.359000000000000000e+03
4.570000000000000000e+02
5.110000000000000000e+02
2.151000000000000000e+03
2.041000000000000000e+03
3.783000000000000000e+03
4.280000000000000000e+02
6.550000000000000000e+02
9.740000000000000000e+02
2.940000000000000000e+02
2.580000000000000000e+02
1.799000000000000000e+03
1.340000000000000000e+03
5.610000000000000000e+02
3.308000000000000000e+03
2.900000000000000000e+02
9.130000000000000000e+02
7.200000000000000000e+02
2.798000000000000000e+03
5.752000000000000000e+03
2.555000000000000000e+03
2.620000000000000000e+02
1.242000000000000000e+03
1.236000000000000000e+03
8.440000000000000000e+02
1.146000000000000000e+03
9.730000000000000000e+02
1.904000000000000000e+03
1.611000000000000000e+03
2.657000000000000000e+03
2.319000000000000000e+03
1.070000000000000000e+03
6.780000000000000000e+02
4.770000000000000000e+02
7.110000000000000000e+02
5.202000000000000000e+03
2.524000000000000000e+03
1.238000000000000000e+03
9.750000000000000000e+02
7.460000000000000000e+02
7.730000000000000000e+02
1.316000000000000000e+03
3.970000000000000000e+02
2.747000000000000000e+03
6.230000000000000000e+02
5.568000000000000000e+03
7.830000000000000000e+02
1.080000000000000000e+03
1.135000000000000000e+03
8.590000000000000000e+02
3.193000000000000000e+03
1.784000000000000000e+03
4.546000000000000000e+03
9.500000000000000000e+02
6.830000000000000000e+02
1.786000000000000000e+03
1.906000000000000000e+03
2.658000000000000000e+03
1.245000000000000000e+03
6.650000000000000000e+02
6.140000000000000000e+02
4.221000000000000000e+03
2.740000000000000000e+02
1.537000000000000000e+03
1.404000000000000000e+03
7.280000000000000000e+02
2.613000000000000000e+03
5.300000000000000000e+02
2.061000000000000000e+03
3.413000000000000000e+03
1.853000000000000000e+03
1.709000000000000000e+03
1.461000000000000000e+03
1.313000000000000000e+03
1.551000000000000000e+03
2.231000000000000000e+03
1.304000000000000000e+03
5.660000000000000000e+02
5.680000000000000000e+02
8.390000000000000000e+02
1.052000000000000000e+03
1.900000000000000000e+03
1.293000000000000000e+03
5.250000000000000000e+02
3.061000000000000000e+03
8.330000000000000000e+02
2.113000000000000000e+03
2.251000000000000000e+03
9.510000000000000000e+02
4.970000000000000000e+02
2.228000000000000000e+03
1.498000000000000000e+03
3.487000000000000000e+03
8.110000000000000000e+02
3.297000000000000000e+03
3.472000000000000000e+03
6.510000000000000000e+02
1.908000000000000000e+03
2.943000000000000000e+03
2.052000000000000000e+03
1.104000000000000000e+03
1.027000000000000000e+03
1.391000000000000000e+03
2.347000000000000000e+03
2.608000000000000000e+03
6.620000000000000000e+02
2.734000000000000000e+03
4.230000000000000000e+02
2.620000000000000000e+02
1.822000000000000000e+03
4.210000000000000000e+02
5.900000000000000000e+02
1.369000000000000000e+03
3.823000000000000000e+03
2.630000000000000000e+02
5.590000000000000000e+02
1.672000000000000000e+03
3.898000000000000000e+03
5.540000000000000000e+02
2.080000000000000000e+03
1.896000000000000000e+03
1.178000000000000000e+03
1.738000000000000000e+03
6.470000000000000000e+02
3.081000000000000000e+03
8.150000000000000000e+02
2.533000000000000000e+03
1.076000000000000000e+03
1.168000000000000000e+03
3.610000000000000000e+02
1.418000000000000000e+03
1.000000000000000000e+03
2.571000000000000000e+03
6.870000000000000000e+02
2.381000000000000000e+03
2.227000000000000000e+03
1.224000000000000000e+03
1.410000000000000000e+03
9.870000000000000000e+02
1.049000000000000000e+03
2.258000000000000000e+03
1.548000000000000000e+03
9.770000000000000000e+02
6.850000000000000000e+02
2.196000000000000000e+03
1.798000000000000000e+03
1.313000000000000000e+03
2.036000000000000000e+03
7.840000000000000000e+02
2.265000000000000000e+03
2.130000000000000000e+03
1.007000000000000000e+03
3.320000000000000000e+03
2.470000000000000000e+03
7.100000000000000000e+02
2.405000000000000000e+03
1.450000000000000000e+03
1.857000000000000000e+03
5.480000000000000000e+02
7.950000000000000000e+02
1.935000000000000000e+03
4.310000000000000000e+02
3.688000000000000000e+03
6.700000000000000000e+02
1.520000000000000000e+03
3.333000000000000000e+03
1.247000000000000000e+03
1.371000000000000000e+03
9.050000000000000000e+02
7.730000000000000000e+02
9.500000000000000000e+02
2.220000000000000000e+02
2.116000000000000000e+03
1.234000000000000000e+03
6.250000000000000000e+02
2.246000000000000000e+03
3.570000000000000000e+02
6.090000000000000000e+02
2.064000000000000000e+03
3.439000000000000000e+03
6.100000000000000000e+02
5.330000000000000000e+02
8.010000000000000000e+02
3.472000000000000000e+03
6.460000000000000000e+02
1.035000000000000000e+03
6.410000000000000000e+02
8.260000000000000000e+02
1.471000000000000000e+03
6.923000000000000000e+03
1.982000000000000000e+03
1.809000000000000000e+03
1.597000000000000000e+03
1.926000000000000000e+03
6.320000000000000000e+03
4.710000000000000000e+02
4.240000000000000000e+03
6.920000000000000000e+02
3.700000000000000000e+02
6.500000000000000000e+02
2.480000000000000000e+02
1.316000000000000000e+03
4.890000000000000000e+02
7.360000000000000000e+02
4.320000000000000000e+02
2.440000000000000000e+03
5.800000000000000000e+02
1.645000000000000000e+03
6.690000000000000000e+02
1.848000000000000000e+03
7.900000000000000000e+02
1.330000000000000000e+03
4.843000000000000000e+03
9.020000000000000000e+02
2.345000000000000000e+03
7.700000000000000000e+02
1.722000000000000000e+03
2.510000000000000000e+02
1.494000000000000000e+03
4.980000000000000000e+02
1.192000000000000000e+03
8.240000000000000000e+02
3.497000000000000000e+03
5.210000000000000000e+02
1.821000000000000000e+03
2.601000000000000000e+03
8.330000000000000000e+02
2.004000000000000000e+03
4.800000000000000000e+02
2.350000000000000000e+03
1.796000000000000000e+03
2.366000000000000000e+03
2.830000000000000000e+02
1.911000000000000000e+03
1.741000000000000000e+03
8.500000000000000000e+02
1.791000000000000000e+03
2.286000000000000000e+03
1.293000000000000000e+03
2.008000000000000000e+03
1.049000000000000000e+03
1.050000000000000000e+03
5.410000000000000000e+02
1.675000000000000000e+03
1.637000000000000000e+03
3.797000000000000000e+03
6.820000000000000000e+02
1.388000000000000000e+03
7.140000000000000000e+02
5.920000000000000000e+02
2.922000000000000000e+03
1.591000000000000000e+03
4.270000000000000000e+02
1.148000000000000000e+03
1.221000000000000000e+03
1.376000000000000000e+03
1.491000000000000000e+03
1.141000000000000000e+03
3.690000000000000000e+02
2.365000000000000000e+03
6.650000000000000000e+02
6.190000000000000000e+02
1.464000000000000000e+03
6.020000000000000000e+02
1.492000000000000000e+03
7.870000000000000000e+02
9.250000000000000000e+02
1.137000000000000000e+03
2.639000000000000000e+03
8.220000000000000000e+02
2.680000000000000000e+03
1.944000000000000000e+03
3.250000000000000000e+02
6.515000000000000000e+03
2.893000000000000000e+03
9.190000000000000000e+02
4.340000000000000000e+02
9.410000000000000000e+02
7.620000000000000000e+02
4.054000000000000000e+03
1.073000000000000000e+03
3.630000000000000000e+02
5.860000000000000000e+02
5.470000000000000000e+02
6.420000000000000000e+02
9.830000000000000000e+02
4.110000000000000000e+02
7.510000000000000000e+02
1.582000000000000000e+03
3.770000000000000000e+02
5.190000000000000000e+02
4.690000000000000000e+02
5.912000000000000000e+03
1.490000000000000000e+03
1.000000000000000000e+03
3.765000000000000000e+03
1.292000000000000000e+03
4.223000000000000000e+03
1.429000000000000000e+03
2.526000000000000000e+03
6.590000000000000000e+02
3.580000000000000000e+02
2.043000000000000000e+03
5.870000000000000000e+02
1.312000000000000000e+03
1.524000000000000000e+03
8.580000000000000000e+02
1.024000000000000000e+03
