1.430000000000000000e+03
2.244000000000000000e+03
3.990000000000000000e+02
2.235000000000000000e+03
4.290000000000000000e+02
5.650000000000000000e+02
4.990000000000000000e+02
2.513000000000000000e+03
6.076000000000000000e+03
3.263000000000000000e+03
1.746000000000000000e+03
7.330000000000000000e+02
3.402000000000000000e+03
7.680000000000000000e+02
1.449000000000000000e+03
8.560000000000000000e+02
1.058000000000000000e+03
1.871000000000000000e+03
6.470000000000000000e+02
9.140000000000000000e+02
8.010000000000000000e+02
2.620000000000000000e+02
6.030000000000000000e+02
6.890000000000000000e+02
1.793000000000000000e+03
1.388000000000000000e+03
5.040000000000000000e+02
2.835000000000000000e+03
2.170000000000000000e+03
1.574000000000000000e+03
8.110000000000000000e+02
1.051000000000000000e+03
8.340000000000000000e+02
7.260000000000000000e+02
1.594000000000000000e+03
1.906000000000000000e+03
1.662000000000000000e+03
4.340000000000000000e+02
3.730000000000000000e+02
8.990000000000000000e+02
2.648000000000000000e+03
7.210000000000000000e+02
1.401000000000000000e+03
2.880000000000000000e+02
2.581000000000000000e+03
7.810000000000000000e+02
7.380000000000000000e+02
1.875000000000000000e+03
1.130000000000000000e+03
1.739000000000000000e+03
1.638000000000000000e+03
7.280000000000000000e+02
5.400000000000000000e+02
1.661000000000000000e+03
3.040000000000000000e+02
9.130000000000000000e+02
6.080000000000000000e+02
2.923000000000000000e+03
1.169000000000000000e+03
1.297000000000000000e+03
2.910000000000000000e+02
9.600000000000000000e+02
1.100000000000000000e+03
3.660000000000000000e+02
5.310000000000000000e+02
1.545000000000000000e+03
3.620000000000000000e+02
3.000000000000000000e+02
1.584000000000000000e+03
1.363000000000000000e+03
9.140000000000000000e+02
1.401000000000000000e+03
1.443000000000000000e+03
7.700000000000000000e+02
9.050000000000000000e+02
7.570000000000000000e+02
1.422000000000000000e+03
7.490000000000000000e+02
8.380000000000000000e+02
1.943000000000000000e+03
1.470000000000000000e+03
2.980000000000000000e+02
7.630000000000000000e+02
8.940000000000000000e+02
2.583000000000000000e+03
8.780000000000000000e+02
3.610000000000000000e+02
6.630000000000000000e+02
6.520000000000000000e+02
3.144000000000000000e+03
7.970000000000000000e+02
2.356000000000000000e+03
1.151000000000000000e+03
8.630000000000000000e+02
1.984000000000000000e+03
7.810000000000000000e+02
1.515000000000000000e+03
2.186000000000000000e+03
1.107000000000000000e+03
6.290000000000000000e+02
1.115000000000000000e+03
7.310000000000000000e+02
2.108000000000000000e+03
1.116000000000000000e+03
1.193000000000000000e+03
1.552000000000000000e+03
3.630000000000000000e+02
1.440000000000000000e+03
3.118000000000000000e+03
2.958000000000000000e+03
1.019000000000000000e+03
1.337000000000000000e+03
5.200000000000000000e+02
4.900000000000000000e+02
8.970000000000000000e+02
4.150000000000000000e+02
8.450000000000000000e+02
1.725000000000000000e+03
1.389000000000000000e+03
1.449000000000000000e+03
6.740000000000000000e+02
7.270000000000000000e+02
7.240000000000000000e+02
1.149000000000000000e+03
2.059000000000000000e+03
7.030000000000000000e+02
1.196000000000000000e+03
1.222000000000000000e+03
1.514000000000000000e+03
1.241000000000000000e+03
3.390000000000000000e+03
2.343000000000000000e+03
8.540000000000000000e+02
2.780000000000000000e+02
5.190000000000000000e+02
7.240000000000000000e+02
1.231000000000000000e+03
8.570000000000000000e+02
1.637000000000000000e+03
8.400000000000000000e+02
1.090000000000000000e+03
2.935000000000000000e+03
9.890000000000000000e+02
1.628000000000000000e+03
5.340000000000000000e+02
1.187000000000000000e+03
3.149000000000000000e+03
2.070000000000000000e+03
1.712000000000000000e+03
8.840000000000000000e+02
4.688000000000000000e+03
7.250000000000000000e+02
1.567000000000000000e+03
2.790000000000000000e+03
2.530000000000000000e+03
1.737000000000000000e+03
3.687000000000000000e+03
9.120000000000000000e+02
2.431000000000000000e+03
5.310000000000000000e+02
7.400000000000000000e+02
3.960000000000000000e+02
4.310000000000000000e+02
5.560000000000000000e+02
1.684000000000000000e+03
6.210000000000000000e+02
2.230000000000000000e+02
8.090000000000000000e+02
1.420000000000000000e+03
3.030000000000000000e+02
8.350000000000000000e+02
6.270000000000000000e+02
5.660000000000000000e+02
4.600000000000000000e+02
1.558000000000000000e+03
2.242000000000000000e+03
2.848000000000000000e+03
9.860000000000000000e+02
1.566000000000000000e+03
1.471000000000000000e+03
6.370000000000000000e+02
2.023000000000000000e+03
1.296000000000000000e+03
3.450000000000000000e+02
1.478000000000000000e+03
3.890000000000000000e+02
7.460000000000000000e+02
1.896000000000000000e+03
4.460000000000000000e+02
2.172000000000000000e+03
1.518000000000000000e+03
1.779000000000000000e+03
2.000000000000000000e+03
7.850000000000000000e+02
1.707000000000000000e+03
8.050000000000000000e+02
1.703000000000000000e+03
5.250000000000000000e+02
1.291000000000000000e+03
4.840000000000000000e+02
3.618000000000000000e+03
3.203000000000000000e+03
1.594000000000000000e+03
1.315000000000000000e+03
2.049000000000000000e+03
4.810000000000000000e+02
9.350000000000000000e+02
1.725000000000000000e+03
1.783000000000000000e+03
3.138000000000000000e+03
1.078000000000000000e+03
5.167000000000000000e+03
7.660000000000000000e+02
1.022000000000000000e+03
6.870000000000000000e+02
1.287000000000000000e+03
3.980000000000000000e+02
1.445000000000000000e+03
1.929000000000000000e+03
3.840000000000000000e+02
8.420000000000000000e+02
1.180000000000000000e+03
5.350000000000000000e+02
1.440000000000000000e+03
1.061000000000000000e+03
7.580000000000000000e+02
1.063000000000000000e+03
4.410000000000000000e+02
6.060000000000000000e+02
3.880000000000000000e+02
9.100000000000000000e+02
1.285000000000000000e+03
8.220000000000000000e+02
1.700000000000000000e+03
2.174000000000000000e+03
5.190000000000000000e+02
4.100000000000000000e+02
3.326000000000000000e+03
3.590000000000000000e+02
1.895000000000000000e+03
9.750000000000000000e+02
1.700000000000000000e+03
2.057000000000000000e+03
8.020000000000000000e+02
1.630000000000000000e+03
1.308000000000000000e+03
4.940000000000000000e+02
3.610000000000000000e+02
3.910000000000000000e+02
6.890000000000000000e+02
1.576000000000000000e+03
1.339000000000000000e+03
1.096000000000000000e+03
6.580000000000000000e+02
1.098000000000000000e+03
6.430000000000000000e+02
8.390000000000000000e+02
1.219000000000000000e+03
2.181000000000000000e+03
4.570000000000000000e+02
2.845000000000000000e+03
9.770000000000000000e+02
2.689000000000000000e+03
2.331000000000000000e+03
6.060000000000000000e+02
1.413000000000000000e+03
5.380000000000000000e+02
7.460000000000000000e+02
1.336000000000000000e+03
3.286000000000000000e+03
1.198000000000000000e+03
9.320000000000000000e+02
5.470000000000000000e+02
1.140000000000000000e+03
6.380000000000000000e+02
1.122000000000000000e+03
1.165000000000000000e+03
1.296000000000000000e+03
6.750000000000000000e+02
8.560000000000000000e+02
4.270000000000000000e+02
7.890000000000000000e+02
1.652000000000000000e+03
8.030000000000000000e+02
9.890000000000000000e+02
1.106000000000000000e+03
5.510000000000000000e+02
2.548000000000000000e+03
1.772000000000000000e+03
2.722000000000000000e+03
1.069000000000000000e+03
1.727000000000000000e+03
2.455000000000000000e+03
6.780000000000000000e+02
3.788000000000000000e+03
2.741000000000000000e+03
1.163000000000000000e+03
9.550000000000000000e+02
1.509000000000000000e+03
3.811000000000000000e+03
9.380000000000000000e+02
1.046000000000000000e+03
8.400000000000000000e+02
7.990000000000000000e+02
1.089000000000000000e+03
1.454000000000000000e+03
5.270000000000000000e+02
2.534000000000000000e+03
2.238000000000000000e+03
9.110000000000000000e+02
9.830000000000000000e+02
1.661000000000000000e+03
1.137000000000000000e+03
8.380000000000000000e+02
1.345000000000000000e+03
1.057000000000000000e+03
7.670000000000000000e+02
1.427000000000000000e+03
1.388000000000000000e+03
2.610000000000000000e+02
4.870000000000000000e+02
2.296000000000000000e+03
4.160000000000000000e+02
3.450000000000000000e+02
2.237000000000000000e+03
7.810000000000000000e+02
9.640000000000000000e+02
1.195000000000000000e+03
3.111000000000000000e+03
1.808000000000000000e+03
1.059000000000000000e+03
9.100000000000000000e+02
9.810000000000000000e+02
7.700000000000000000e+02
1.501000000000000000e+03
9.640000000000000000e+02
1.330000000000000000e+03
4.470000000000000000e+02
1.244000000000000000e+03
2.440000000000000000e+02
1.571000000000000000e+03
1.363000000000000000e+03
2.229000000000000000e+03
1.867000000000000000e+03
1.215000000000000000e+03
6.250000000000000000e+02
8.610000000000000000e+02
7.030000000000000000e+02
7.960000000000000000e+02
2.181000000000000000e+03
8.570000000000000000e+02
4.217000000000000000e+03
5.240000000000000000e+02
9.630000000000000000e+02
2.547000000000000000e+03
1.270000000000000000e+03
5.770000000000000000e+02
5.830000000000000000e+02
8.130000000000000000e+02
1.284000000000000000e+03
1.596000000000000000e+03
1.631000000000000000e+03
1.270000000000000000e+03
8.130000000000000000e+02
4.370000000000000000e+02
7.790000000000000000e+02
3.970000000000000000e+02
1.117000000000000000e+03
6.190000000000000000e+02
4.910000000000000000e+02
6.040000000000000000e+02
1.305000000000000000e+03
5.727000000000000000e+03
1.071000000000000000e+03
3.740000000000000000e+02
1.685000000000000000e+03
3.694000000000000000e+03
1.095000000000000000e+03
6.460000000000000000e+02
1.339000000000000000e+03
1.425000000000000000e+03
6.030000000000000000e+02
9.220000000000000000e+02
1.167000000000000000e+03
2.458000000000000000e+03
4.020000000000000000e+02
4.430000000000000000e+02
1.499000000000000000e+03
1.729000000000000000e+03
2.778000000000000000e+03
3.717000000000000000e+03
3.910000000000000000e+03
1.511000000000000000e+03
5.260000000000000000e+02
3.566000000000000000e+03
1.424000000000000000e+03
1.343000000000000000e+03
9.220000000000000000e+02
4.590000000000000000e+02
2.666000000000000000e+03
1.924000000000000000e+03
5.656000000000000000e+03
1.099000000000000000e+03
8.570000000000000000e+02
1.611000000000000000e+03
5.150000000000000000e+02
2.032000000000000000e+03
4.790000000000000000e+02
7.980000000000000000e+02
8.400000000000000000e+02
1.701000000000000000e+03
1.388000000000000000e+03
1.070000000000000000e+03
3.760000000000000000e+02
6.100000000000000000e+02
7.930000000000000000e+02
8.990000000000000000e+02
2.823000000000000000e+03
1.807000000000000000e+03
1.725000000000000000e+03
2.990000000000000000e+02
2.003000000000000000e+03
1.016000000000000000e+03
2.240000000000000000e+03
9.400000000000000000e+02
1.334000000000000000e+03
4.270000000000000000e+02
2.553000000000000000e+03
5.250000000000000000e+02
1.033000000000000000e+03
9.630000000000000000e+02
6.630000000000000000e+02
3.644000000000000000e+03
1.561000000000000000e+03
4.290000000000000000e+02
1.946000000000000000e+03
1.139000000000000000e+03
3.730000000000000000e+02
5.240000000000000000e+02
2.594000000000000000e+03
9.320000000000000000e+02
9.360000000000000000e+02
1.789000000000000000e+03
5.330000000000000000e+02
1.909000000000000000e+03
7.390000000000000000e+02
9.440000000000000000e+02
6.250000000000000000e+02
1.133000000000000000e+03
5.510000000000000000e+02
1.237000000000000000e+03
4.820000000000000000e+02
8.140000000000000000e+02
2.780000000000000000e+02
1.703000000000000000e+03
5.380000000000000000e+02
3.076000000000000000e+03
2.026000000000000000e+03
2.777000000000000000e+03
7.200000000000000000e+02
7.560000000000000000e+02
3.426000000000000000e+03
8.620000000000000000e+02
1.777000000000000000e+03
2.393000000000000000e+03
1.118000000000000000e+03
7.690000000000000000e+02
4.810000000000000000e+02
5.585000000000000000e+03
4.030000000000000000e+02
2.208000000000000000e+03
1.693000000000000000e+03
9.530000000000000000e+02
6.730000000000000000e+02
5.610000000000000000e+02
2.058000000000000000e+03
4.113000000000000000e+03
1.079000000000000000e+03
7.710000000000000000e+02
8.420000000000000000e+02
6.490000000000000000e+02
1.110000000000000000e+03
3.059000000000000000e+03
1.431000000000000000e+03
1.038000000000000000e+03
3.089000000000000000e+03
9.460000000000000000e+02
3.630000000000000000e+02
1.374000000000000000e+03
6.280000000000000000e+02
8.220000000000000000e+02
2.007000000000000000e+03
3.391000000000000000e+03
1.060000000000000000e+03
6.710000000000000000e+02
4.030000000000000000e+02
1.863000000000000000e+03
1.313000000000000000e+03
4.720000000000000000e+02
8.120000000000000000e+02
1.092000000000000000e+03
7.190000000000000000e+02
3.680000000000000000e+02
1.014000000000000000e+03
3.090000000000000000e+02
6.860000000000000000e+02
8.940000000000000000e+02
2.224000000000000000e+03
9.760000000000000000e+02
1.912000000000000000e+03
2.165000000000000000e+03
1.869000000000000000e+03
1.800000000000000000e+03
1.548000000000000000e+03
6.180000000000000000e+02
1.866000000000000000e+03
1.094000000000000000e+03
4.960000000000000000e+02
1.353000000000000000e+03
9.100000000000000000e+02
7.600000000000000000e+02
9.500000000000000000e+02
3.370000000000000000e+02
1.887000000000000000e+03
5.124000000000000000e+03
1.477000000000000000e+03
8.850000000000000000e+02
1.543000000000000000e+03
1.790000000000000000e+03
1.206000000000000000e+03
2.064000000000000000e+03
1.779000000000000000e+03
1.131000000000000000e+03
2.130000000000000000e+03
1.114000000000000000e+03
3.159000000000000000e+03
2.009000000000000000e+03
4.141000000000000000e+03
6.110000000000000000e+02
1.091000000000000000e+03
8.650000000000000000e+02
4.198000000000000000e+03
2.530000000000000000e+02
9.740000000000000000e+02
4.650000000000000000e+02
8.560000000000000000e+02
5.770000000000000000e+02
5.840000000000000000e+02
8.970000000000000000e+02
1.757000000000000000e+03
5.080000000000000000e+02
1.252000000000000000e+03
2.886000000000000000e+03
9.440000000000000000e+02
4.020000000000000000e+02
1.430000000000000000e+03
4.583000000000000000e+03
2.347000000000000000e+03
1.345000000000000000e+03
8.730000000000000000e+02
3.035000000000000000e+03
2.877000000000000000e+03
4.760000000000000000e+02
9.980000000000000000e+02
2.085000000000000000e+03
1.399000000000000000e+03
1.572000000000000000e+03
1.525000000000000000e+03
7.320000000000000000e+02
1.877000000000000000e+03
1.723000000000000000e+03
1.432000000000000000e+03
6.040000000000000000e+02
2.941000000000000000e+03
1.535000000000000000e+03
2.260000000000000000e+03
3.071000000000000000e+03
5.490000000000000000e+02
8.830000000000000000e+02
7.610000000000000000e+02
7.130000000000000000e+02
2.430000000000000000e+03
3.046000000000000000e+03
2.630000000000000000e+03
1.087000000000000000e+03
3.977000000000000000e+03
3.321000000000000000e+03
8.740000000000000000e+02
1.374000000000000000e+03
1.235000000000000000e+03
9.600000000000000000e+02
6.710000000000000000e+02
1.580000000000000000e+02
1.529000000000000000e+03
1.436000000000000000e+03
5.284000000000000000e+03
8.010000000000000000e+02
5.540000000000000000e+02
7.030000000000000000e+02
2.007000000000000000e+03
4.220000000000000000e+02
2.506000000000000000e+03
1.470000000000000000e+03
2.095000000000000000e+03
2.018000000000000000e+03
1.344000000000000000e+03
1.765000000000000000e+03
1.208000000000000000e+03
1.416000000000000000e+03
2.080000000000000000e+03
6.020000000000000000e+02
1.087000000000000000e+03
4.364000000000000000e+03
1.559000000000000000e+03
4.396000000000000000e+03
6.960000000000000000e+02
9.890000000000000000e+02
1.288000000000000000e+03
7.660000000000000000e+02
7.890000000000000000e+02
2.420000000000000000e+02
1.108000000000000000e+03
2.538000000000000000e+03
2.158000000000000000e+03
3.032000000000000000e+03
1.268000000000000000e+03
5.670000000000000000e+02
1.310000000000000000e+03
7.750000000000000000e+02
9.930000000000000000e+02
2.042000000000000000e+03
1.108000000000000000e+03
3.438000000000000000e+03
2.265000000000000000e+03
1.031000000000000000e+03
6.270000000000000000e+02
3.560000000000000000e+02
8.660000000000000000e+02
1.689000000000000000e+03
3.283000000000000000e+03
6.720000000000000000e+02
2.951000000000000000e+03
1.413000000000000000e+03
9.780000000000000000e+02
1.503000000000000000e+03
1.737000000000000000e+03
1.163000000000000000e+03
2.468000000000000000e+03
1.608000000000000000e+03
1.573000000000000000e+03
6.560000000000000000e+02
2.700000000000000000e+02
6.420000000000000000e+02
1.352000000000000000e+03
2.484000000000000000e+03
1.652000000000000000e+03
2.471000000000000000e+03
1.226000000000000000e+03
1.378000000000000000e+03
3.450000000000000000e+02
1.730000000000000000e+03
1.083000000000000000e+03
1.032000000000000000e+03
1.292000000000000000e+03
7.910000000000000000e+02
1.479000000000000000e+03
7.020000000000000000e+02
9.310000000000000000e+02
3.790000000000000000e+02
1.089000000000000000e+03
2.101000000000000000e+03
8.000000000000000000e+02
6.100000000000000000e+02
9.950000000000000000e+02
1.548000000000000000e+03
1.435000000000000000e+03
6.930000000000000000e+02
9.100000000000000000e+02
2.630000000000000000e+02
1.023000000000000000e+03
8.450000000000000000e+02
1.184000000000000000e+03
6.370000000000000000e+02
7.720000000000000000e+02
3.180000000000000000e+02
8.660000000000000000e+02
5.111000000000000000e+03
1.156000000000000000e+03
2.458000000000000000e+03
1.116000000000000000e+03
1.777000000000000000e+03
2.694000000000000000e+03
1.815000000000000000e+03
1.563000000000000000e+03
1.236000000000000000e+03
1.342000000000000000e+03
1.153000000000000000e+03
1.240000000000000000e+03
3.742000000000000000e+03
3.114000000000000000e+03
1.840000000000000000e+03
3.554000000000000000e+03
6.730000000000000000e+02
7.800000000000000000e+02
2.590000000000000000e+02
1.802000000000000000e+03
1.304000000000000000e+03
1.189000000000000000e+03
1.079000000000000000e+03
9.560000000000000000e+02
4.980000000000000000e+02
8.510000000000000000e+02
9.450000000000000000e+02
5.280000000000000000e+02
1.553000000000000000e+03
4.214000000000000000e+03
3.080000000000000000e+03
3.658000000000000000e+03
1.474000000000000000e+03
7.000000000000000000e+02
1.178000000000000000e+03
6.490000000000000000e+02
2.283000000000000000e+03
5.660000000000000000e+02
6.320000000000000000e+02
6.330000000000000000e+02
1.045000000000000000e+03
1.033000000000000000e+03
9.110000000000000000e+02
1.427000000000000000e+03
1.178000000000000000e+03
3.124000000000000000e+03
1.253000000000000000e+03
4.150000000000000000e+02
2.026000000000000000e+03
1.211000000000000000e+03
1.362000000000000000e+03
1.089000000000000000e+03
1.959000000000000000e+03
1.835000000000000000e+03
1.005000000000000000e+03
3.509000000000000000e+03
1.939000000000000000e+03
1.172000000000000000e+03
1.659000000000000000e+03
3.974000000000000000e+03
3.356000000000000000e+03
2.016000000000000000e+03
9.640000000000000000e+02
2.336000000000000000e+03
1.939000000000000000e+03
1.606000000000000000e+03
2.212000000000000000e+03
5.980000000000000000e+02
1.025000000000000000e+03
8.470000000000000000e+02
1.905000000000000000e+03
7.280000000000000000e+02
2.388000000000000000e+03
9.030000000000000000e+02
5.310000000000000000e+02
7.150000000000000000e+02
1.406000000000000000e+03
5.520000000000000000e+02
1.354000000000000000e+03
2.300000000000000000e+03
1.715000000000000000e+03
5.670000000000000000e+02
1.297000000000000000e+03
2.228000000000000000e+03
3.250000000000000000e+02
7.540000000000000000e+02
2.631000000000000000e+03
7.660000000000000000e+02
3.750000000000000000e+02
1.149000000000000000e+03
7.670000000000000000e+02
5.460000000000000000e+02
9.540000000000000000e+02
5.158000000000000000e+03
2.717000000000000000e+03
3.670000000000000000e+02
3.580000000000000000e+02
1.162000000000000000e+03
6.060000000000000000e+02
1.257000000000000000e+03
5.350000000000000000e+02
1.016000000000000000e+03
1.120000000000000000e+03
3.500000000000000000e+02
2.782000000000000000e+03
5.050000000000000000e+02
2.133000000000000000e+03
1.994000000000000000e+03
8.870000000000000000e+02
7.600000000000000000e+02
8.100000000000000000e+02
1.158000000000000000e+03
2.006000000000000000e+03
1.648000000000000000e+03
8.050000000000000000e+02
4.124000000000000000e+03
1.716000000000000000e+03
8.030000000000000000e+02
1.113000000000000000e+03
3.440000000000000000e+02
7.400000000000000000e+02
4.961000000000000000e+03
1.186000000000000000e+03
9.340000000000000000e+02
3.820000000000000000e+02
3.153000000000000000e+03
1.812000000000000000e+03
1.371000000000000000e+03
7.410000000000000000e+02
5.490000000000000000e+02
1.356000000000000000e+03
1.004000000000000000e+03
2.177000000000000000e+03
3.210000000000000000e+03
1.675000000000000000e+03
4.480000000000000000e+03
6.100000000000000000e+02
1.154000000000000000e+03
1.970000000000000000e+03
9.700000000000000000e+02
1.048000000000000000e+03
7.460000000000000000e+02
1.232000000000000000e+03
9.040000000000000000e+02
7.640000000000000000e+02
5.700000000000000000e+02
5.760000000000000000e+02
3.880000000000000000e+02
2.950000000000000000e+02
1.548000000000000000e+03
1.241000000000000000e+03
6.820000000000000000e+02
5.480000000000000000e+02
7.160000000000000000e+02
8.850000000000000000e+02
1.311000000000000000e+03
5.048000000000000000e+03
8.810000000000000000e+02
6.310000000000000000e+02
2.180000000000000000e+02
1.373000000000000000e+03
1.895000000000000000e+03
6.940000000000000000e+02
7.930000000000000000e+02
1.999000000000000000e+03
1.317000000000000000e+03
1.283000000000000000e+03
8.860000000000000000e+02
1.387000000000000000e+03
5.700000000000000000e+02
1.293000000000000000e+03
1.035000000000000000e+03
5.167000000000000000e+03
3.210000000000000000e+02
6.730000000000000000e+02
1.443000000000000000e+03
8.340000000000000000e+02
4.150000000000000000e+02
3.230000000000000000e+02
1.067000000000000000e+03
2.430000000000000000e+03
1.746000000000000000e+03
1.339000000000000000e+03
6.580000000000000000e+02
8.240000000000000000e+02
2.368000000000000000e+03
8.710000000000000000e+02
1.299000000000000000e+03
4.140000000000000000e+02
2.219000000000000000e+03
2.366000000000000000e+03
1.235000000000000000e+03
7.730000000000000000e+02
8.770000000000000000e+02
3.343000000000000000e+03
9.490000000000000000e+02
1.816000000000000000e+03
1.597000000000000000e+03
1.753000000000000000e+03
1.078000000000000000e+03
3.961000000000000000e+03
3.966000000000000000e+03
8.380000000000000000e+02
3.280000000000000000e+02
1.024000000000000000e+03
9.880000000000000000e+02
6.320000000000000000e+02
3.890000000000000000e+02
1.305000000000000000e+03
1.646000000000000000e+03
3.802000000000000000e+03
2.990000000000000000e+02
1.356000000000000000e+03
9.000000000000000000e+02
2.712000000000000000e+03
2.021000000000000000e+03
7.210000000000000000e+02
1.162000000000000000e+03
7.150000000000000000e+02
1.132000000000000000e+03
6.200000000000000000e+02
1.440000000000000000e+03
2.928000000000000000e+03
1.632000000000000000e+03
1.112000000000000000e+03
9.170000000000000000e+02
1.633000000000000000e+03
1.410000000000000000e+03
7.950000000000000000e+02
4.320000000000000000e+02
6.110000000000000000e+02
2.068000000000000000e+03
6.060000000000000000e+02
1.440000000000000000e+03
4.360000000000000000e+02
1.444000000000000000e+03
1.015000000000000000e+03
5.160000000000000000e+02
2.740000000000000000e+02
2.666000000000000000e+03
7.360000000000000000e+02
1.006000000000000000e+03
1.440000000000000000e+03
2.127000000000000000e+03
2.904000000000000000e+03
1.380000000000000000e+03
1.092000000000000000e+03
5.670000000000000000e+02
7.960000000000000000e+02
6.310000000000000000e+02
1.308000000000000000e+03
1.734000000000000000e+03
1.390000000000000000e+03
1.006000000000000000e+03
4.070000000000000000e+02
5.260000000000000000e+02
7.840000000000000000e+02
8.290000000000000000e+02
1.279000000000000000e+03
5.070000000000000000e+02
2.338000000000000000e+03
1.716000000000000000e+03
5.420000000000000000e+02
4.220000000000000000e+02
3.500000000000000000e+02
2.362000000000000000e+03
2.459000000000000000e+03
1.642000000000000000e+03
2.504000000000000000e+03
2.288000000000000000e+03
1.070000000000000000e+03
1.416000000000000000e+03
1.783000000000000000e+03
8.680000000000000000e+02
2.880000000000000000e+02
2.327000000000000000e+03
1.888000000000000000e+03
4.930000000000000000e+02
1.942000000000000000e+03
7.510000000000000000e+02
1.915000000000000000e+03
1.513000000000000000e+03
7.280000000000000000e+02
9.140000000000000000e+02
4.290000000000000000e+02
1.415000000000000000e+03
2.313000000000000000e+03
5.220000000000000000e+02
4.610000000000000000e+02
2.060000000000000000e+02
8.040000000000000000e+02
1.542000000000000000e+03
3.217000000000000000e+03
1.148000000000000000e+03
1.148000000000000000e+03
9.140000000000000000e+02
9.990000000000000000e+02
1.139000000000000000e+03
1.571000000000000000e+03
1.571000000000000000e+03
1.981000000000000000e+03
3.420000000000000000e+02
1.207000000000000000e+03
1.723000000000000000e+03
1.667000000000000000e+03
1.100000000000000000e+03
1.076000000000000000e+03
1.779000000000000000e+03
7.350000000000000000e+02
7.990000000000000000e+02
2.521000000000000000e+03
4.910000000000000000e+02
3.970000000000000000e+02
1.127000000000000000e+03
