1.262300000000000000e+04
2.537500000000000000e+04
1.038500000000000000e+04
1.514500000000000000e+04
7.129400000000000000e+04
1.251600000000000000e+04
4.694400000000000000e+04
2.343300000000000000e+04
2.672890000000000000e+05
1.662670000000000000e+05
1.660930000000000000e+05
1.188700000000000000e+04
1.155040000000000000e+05
1.579800000000000000e+04
5.581800000000000000e+04
1.572750000000000000e+05
9.231800000000000000e+04
2.295200000000000000e+04
2.069900000000000000e+04
1.282850000000000000e+05
4.347600000000000000e+04
7.277200000000000000e+04
5.642100000000000000e+04
3.167500000000000000e+04
1.140770000000000000e+05
5.015100000000000000e+04
8.978700000000000000e+04
3.046600000000000000e+04
6.619500000000000000e+04
1.065300000000000000e+04
2.326000000000000000e+04
6.848800000000000000e+04
7.247500000000000000e+04
2.555400000000000000e+04
1.664120000000000000e+05
3.386000000000000000e+03
1.562300000000000000e+04
2.699980000000000000e+05
1.879900000000000000e+04
5.884000000000000000e+03
3.992800000000000000e+04
3.516600000000000000e+04
2.783700000000000000e+04
7.884000000000000000e+03
1.759000000000000000e+04
5.763600000000000000e+04
5.545000000000000000e+04
2.232200000000000000e+04
1.993900000000000000e+04
6.456000000000000000e+03
2.945000000000000000e+04
1.042100000000000000e+04
1.647800000000000000e+04
2.483900000000000000e+04
1.051300000000000000e+04
2.535400000000000000e+04
1.403940000000000000e+05
2.903500000000000000e+04
5.867100000000000000e+04
3.070590000000000000e+05
2.686600000000000000e+04
1.325900000000000000e+04
9.033200000000000000e+04
1.510700000000000000e+05
6.661800000000000000e+04
1.675700000000000000e+04
3.961100000000000000e+04
1.268480000000000000e+05
1.447470000000000000e+05
2.235500000000000000e+04
4.846700000000000000e+04
1.026260000000000000e+05
3.409900000000000000e+04
9.862300000000000000e+04
4.422500000000000000e+04
2.033400000000000000e+04
4.054000000000000000e+03
9.511400000000000000e+04
2.710200000000000000e+04
6.955000000000000000e+03
2.961900000000000000e+04
6.873200000000000000e+04
2.276000000000000000e+04
8.165400000000000000e+04
3.774000000000000000e+03
4.854100000000000000e+04
2.877000000000000000e+03
4.772900000000000000e+04
1.063900000000000000e+04
1.153900000000000000e+04
5.406800000000000000e+04
5.585100000000000000e+04
1.758200000000000000e+04
9.481700000000000000e+04
1.017300000000000000e+04
6.148600000000000000e+04
1.528940000000000000e+05
1.017010000000000000e+05
3.585300000000000000e+04
1.097920000000000000e+05
6.094000000000000000e+03
5.662100000000000000e+04
7.341300000000000000e+04
5.439100000000000000e+04
6.605000000000000000e+04
4.126000000000000000e+04
1.204660000000000000e+05
2.062500000000000000e+04
1.917700000000000000e+05
6.420900000000000000e+04
1.031000000000000000e+04
6.624100000000000000e+04
5.061200000000000000e+04
1.504700000000000000e+04
1.811200000000000000e+05
3.156800000000000000e+04
6.899200000000000000e+04
5.562400000000000000e+04
4.205900000000000000e+04
3.791200000000000000e+04
7.384700000000000000e+04
3.090600000000000000e+04
1.920700000000000000e+04
1.622900000000000000e+04
6.296700000000000000e+04
9.249000000000000000e+04
3.184500000000000000e+04
8.951500000000000000e+04
7.481000000000000000e+03
1.834000000000000000e+04
4.417400000000000000e+04
5.799100000000000000e+04
6.121200000000000000e+04
1.577000000000000000e+05
1.856580000000000000e+05
1.973500000000000000e+04
1.366400000000000000e+04
1.760200000000000000e+04
3.512800000000000000e+04
4.733200000000000000e+04
8.225000000000000000e+03
9.283000000000000000e+03
1.338100000000000000e+04
2.203950000000000000e+05
1.118900000000000000e+04
5.721800000000000000e+04
9.199000000000000000e+04
3.059300000000000000e+04
1.893300000000000000e+04
5.974000000000000000e+03
6.689000000000000000e+03
6.684400000000000000e+04
3.289400000000000000e+04
1.206830000000000000e+05
7.769700000000000000e+04
1.394500000000000000e+04
1.528670000000000000e+05
3.634300000000000000e+04
7.244300000000000000e+04
3.639700000000000000e+04
3.766400000000000000e+04
3.934900000000000000e+04
1.698800000000000000e+04
1.155970000000000000e+05
6.772000000000000000e+03
1.387400000000000000e+04
3.030000000000000000e+04
3.478900000000000000e+04
4.348600000000000000e+04
3.534000000000000000e+04
8.201000000000000000e+03
4.088800000000000000e+04
2.817200000000000000e+04
6.525900000000000000e+04
5.765900000000000000e+04
4.039800000000000000e+04
1.368900000000000000e+04
5.501400000000000000e+04
7.148800000000000000e+04
1.256860000000000000e+05
1.203000000000000000e+04
1.188730000000000000e+05
1.885500000000000000e+04
6.542300000000000000e+04
9.433800000000000000e+04
1.139000000000000000e+04
1.725600000000000000e+04
1.414720000000000000e+05
8.850600000000000000e+04
2.290400000000000000e+05
1.105720000000000000e+05
7.297600000000000000e+04
6.368400000000000000e+04
1.864730000000000000e+05
6.180700000000000000e+04
5.628200000000000000e+04
2.171700000000000000e+04
6.394000000000000000e+03
9.662300000000000000e+04
3.041200000000000000e+04
9.559400000000000000e+04
3.082600000000000000e+04
2.413960000000000000e+05
2.112000000000000000e+03
2.307900000000000000e+04
9.420500000000000000e+04
4.150100000000000000e+04
2.233900000000000000e+04
8.355000000000000000e+03
7.802900000000000000e+04
6.528400000000000000e+04
1.338400000000000000e+04
7.250200000000000000e+04
1.249760000000000000e+05
1.199800000000000000e+04
2.251860000000000000e+05
5.653600000000000000e+04
2.915650000000000000e+05
8.083000000000000000e+03
8.393000000000000000e+03
1.075780000000000000e+05
2.027200000000000000e+04
3.459800000000000000e+04
6.218700000000000000e+04
2.359450000000000000e+05
3.724700000000000000e+04
6.787000000000000000e+04
1.488500000000000000e+04
3.699900000000000000e+04
1.548590000000000000e+05
1.017200000000000000e+04
1.291600000000000000e+04
9.727500000000000000e+04
7.015700000000000000e+04
2.685900000000000000e+04
4.022200000000000000e+04
2.559200000000000000e+04
3.887400000000000000e+04
4.625700000000000000e+04
6.928500000000000000e+04
2.308000000000000000e+04
2.405400000000000000e+04
1.623150000000000000e+05
2.919200000000000000e+04
1.062100000000000000e+04
3.649200000000000000e+04
2.303600000000000000e+04
2.373900000000000000e+05
3.109000000000000000e+03
1.184620000000000000e+05
5.841700000000000000e+04
6.638800000000000000e+04
3.466600000000000000e+04
2.565300000000000000e+04
8.196600000000000000e+04
1.115410000000000000e+05
1.861500000000000000e+04
1.722360000000000000e+05
3.362100000000000000e+04
1.134780000000000000e+05
8.436700000000000000e+04
6.717800000000000000e+04
6.292000000000000000e+03
2.265200000000000000e+04
7.468100000000000000e+04
5.844600000000000000e+04
7.410000000000000000e+03
2.436730000000000000e+05
3.450600000000000000e+04
2.209900000000000000e+04
7.135100000000000000e+04
3.410100000000000000e+04
1.014190000000000000e+05
2.255300000000000000e+04
3.044600000000000000e+04
8.094000000000000000e+03
1.378800000000000000e+04
9.708000000000000000e+03
1.003220000000000000e+05
1.765180000000000000e+05
1.058370000000000000e+05
7.214600000000000000e+04
5.185000000000000000e+04
1.243450000000000000e+05
7.532100000000000000e+04
7.828600000000000000e+04
2.539780000000000000e+05
4.228800000000000000e+04
1.697400000000000000e+04
9.535800000000000000e+04
4.704400000000000000e+04
8.536300000000000000e+04
1.113500000000000000e+04
1.072710000000000000e+05
2.578200000000000000e+04
1.810800000000000000e+05
1.066500000000000000e+05
8.351700000000000000e+04
5.354500000000000000e+04
4.019100000000000000e+05
2.872800000000000000e+04
7.454100000000000000e+04
3.777200000000000000e+04
3.089500000000000000e+04
2.336400000000000000e+04
6.496300000000000000e+04
5.929100000000000000e+04
5.711500000000000000e+04
2.484700000000000000e+04
5.807600000000000000e+04
3.630400000000000000e+04
1.516610000000000000e+05
4.815300000000000000e+04
3.674000000000000000e+03
1.473900000000000000e+04
1.036970000000000000e+05
7.348000000000000000e+04
2.140200000000000000e+04
2.654400000000000000e+04
2.566000000000000000e+04
1.618490000000000000e+05
7.985000000000000000e+04
2.896900000000000000e+04
5.336500000000000000e+04
9.030000000000000000e+03
2.515500000000000000e+04
4.452400000000000000e+04
2.560000000000000000e+03
7.158000000000000000e+04
1.643400000000000000e+04
1.833080000000000000e+05
9.484100000000000000e+04
9.311200000000000000e+04
4.161200000000000000e+04
4.803700000000000000e+04
4.627000000000000000e+04
5.767000000000000000e+03
1.493500000000000000e+05
2.386870000000000000e+05
1.492390000000000000e+05
1.140320000000000000e+05
1.952850000000000000e+05
2.924600000000000000e+04
1.808000000000000000e+04
4.530200000000000000e+04
1.018990000000000000e+05
2.830200000000000000e+04
3.880200000000000000e+04
9.558500000000000000e+04
1.288410000000000000e+05
2.273400000000000000e+04
1.505900000000000000e+04
9.113100000000000000e+04
1.271110000000000000e+05
3.424570000000000000e+05
6.994000000000000000e+03
1.402060000000000000e+05
4.553700000000000000e+04
1.499700000000000000e+05
1.951820000000000000e+05
4.391600000000000000e+04
2.952000000000000000e+04
1.282800000000000000e+05
1.955010000000000000e+05
8.000100000000000000e+04
9.825000000000000000e+03
9.375100000000000000e+04
6.037000000000000000e+04
3.062660000000000000e+05
5.444600000000000000e+04
4.898300000000000000e+04
5.940000000000000000e+03
1.126660000000000000e+05
4.542800000000000000e+04
2.571100000000000000e+04
1.400240000000000000e+05
2.484600000000000000e+04
4.677000000000000000e+04
3.642600000000000000e+04
5.988900000000000000e+04
4.965000000000000000e+04
5.789000000000000000e+03
1.505330000000000000e+05
1.711470000000000000e+05
6.022800000000000000e+04
4.247900000000000000e+04
1.286900000000000000e+04
1.091570000000000000e+05
2.334100000000000000e+04
4.358400000000000000e+04
1.370360000000000000e+05
5.736000000000000000e+04
4.674300000000000000e+04
7.532900000000000000e+04
1.212180000000000000e+05
5.568500000000000000e+04
1.072080000000000000e+05
9.395000000000000000e+03
1.464260000000000000e+05
7.005000000000000000e+03
1.275480000000000000e+05
3.188000000000000000e+03
3.498800000000000000e+04
7.092600000000000000e+04
9.342800000000000000e+04
1.618610000000000000e+05
3.854000000000000000e+03
4.110800000000000000e+04
5.517100000000000000e+04
6.673200000000000000e+04
2.663300000000000000e+04
1.537700000000000000e+04
3.908700000000000000e+04
1.244000000000000000e+05
4.233200000000000000e+04
1.056370000000000000e+05
2.216900000000000000e+04
6.072900000000000000e+04
1.455620000000000000e+05
2.326300000000000000e+04
6.869700000000000000e+04
9.626000000000000000e+03
1.328990000000000000e+05
7.929800000000000000e+04
6.924000000000000000e+03
1.234310000000000000e+05
1.367100000000000000e+05
9.609000000000000000e+03
4.267500000000000000e+04
4.704700000000000000e+04
1.523200000000000000e+04
8.558000000000000000e+03
4.227200000000000000e+04
3.099500000000000000e+04
9.125000000000000000e+03
6.910500000000000000e+04
1.209620000000000000e+05
6.696900000000000000e+04
3.314300000000000000e+04
8.254900000000000000e+04
1.694670000000000000e+05
1.297030000000000000e+05
2.402200000000000000e+04
1.092700000000000000e+04
5.861700000000000000e+04
4.775900000000000000e+04
3.059900000000000000e+04
1.865640000000000000e+05
6.322900000000000000e+04
7.875900000000000000e+04
1.521400000000000000e+04
1.107520000000000000e+05
2.119000000000000000e+04
3.449200000000000000e+04
4.155700000000000000e+04
7.885500000000000000e+04
1.332200000000000000e+04
1.599370000000000000e+05
2.804400000000000000e+04
1.983700000000000000e+04
5.198200000000000000e+04
5.786000000000000000e+03
1.527290000000000000e+05
7.094000000000000000e+04
1.181470000000000000e+05
2.763400000000000000e+04
3.197800000000000000e+04
2.197700000000000000e+04
5.261000000000000000e+03
4.047400000000000000e+04
2.335500000000000000e+04
1.013590000000000000e+05
1.109010000000000000e+05
8.099100000000000000e+04
6.301000000000000000e+04
1.493130000000000000e+05
1.136430000000000000e+05
2.360400000000000000e+04
1.894800000000000000e+04
3.737000000000000000e+04
1.767940000000000000e+05
5.770000000000000000e+03
2.348100000000000000e+04
7.689900000000000000e+04
5.173300000000000000e+04
1.269890000000000000e+05
3.817000000000000000e+03
1.891200000000000000e+05
1.791600000000000000e+04
5.339700000000000000e+04
2.152100000000000000e+04
2.671200000000000000e+04
2.629700000000000000e+04
5.124500000000000000e+04
1.719000000000000000e+04
1.584500000000000000e+04
3.664500000000000000e+04
6.603000000000000000e+04
1.050800000000000000e+05
4.285500000000000000e+04
4.584000000000000000e+04
2.775400000000000000e+04
4.114600000000000000e+04
4.266100000000000000e+04
2.419900000000000000e+04
5.498000000000000000e+03
2.732950000000000000e+05
1.431800000000000000e+04
1.003600000000000000e+04
7.403600000000000000e+04
1.826300000000000000e+04
1.992000000000000000e+04
3.600900000000000000e+04
4.177900000000000000e+04
9.748200000000000000e+04
1.470100000000000000e+04
3.203000000000000000e+04
9.879000000000000000e+03
2.054400000000000000e+04
1.169900000000000000e+04
1.290500000000000000e+04
5.442700000000000000e+04
1.773800000000000000e+04
2.317160000000000000e+05
9.477900000000000000e+04
1.811810000000000000e+05
1.034940000000000000e+05
1.216800000000000000e+04
8.267400000000000000e+04
6.153600000000000000e+04
4.426700000000000000e+04
5.573000000000000000e+03
2.002430000000000000e+05
1.640130000000000000e+05
9.412700000000000000e+04
9.897800000000000000e+04
3.201300000000000000e+04
3.784400000000000000e+04
5.089500000000000000e+04
1.363180000000000000e+05
2.936200000000000000e+04
5.490000000000000000e+03
5.561400000000000000e+04
3.509500000000000000e+04
4.976100000000000000e+04
5.712800000000000000e+04
3.039900000000000000e+04
5.823900000000000000e+04
1.241730000000000000e+05
8.728500000000000000e+04
3.473000000000000000e+03
1.008770000000000000e+05
1.117580000000000000e+05
7.494100000000000000e+04
1.173430000000000000e+05
5.062300000000000000e+04
1.919980000000000000e+05
1.693410000000000000e+05
6.097300000000000000e+04
2.427900000000000000e+04
1.224020000000000000e+05
1.385380000000000000e+05
8.528900000000000000e+04
1.090020000000000000e+05
8.883300000000000000e+04
7.467900000000000000e+04
9.475600000000000000e+04
7.329000000000000000e+03
3.349900000000000000e+04
6.242100000000000000e+04
2.008220000000000000e+05
5.495300000000000000e+04
2.360400000000000000e+04
2.211300000000000000e+04
1.921010000000000000e+05
2.211480000000000000e+05
5.321300000000000000e+04
2.047400000000000000e+04
2.310500000000000000e+04
1.571200000000000000e+04
8.047500000000000000e+04
1.199950000000000000e+05
3.124400000000000000e+04
3.047000000000000000e+04
1.600560000000000000e+05
4.475300000000000000e+04
1.545760000000000000e+05
2.925900000000000000e+04
9.927100000000000000e+04
3.465300000000000000e+04
5.251400000000000000e+04
1.018300000000000000e+04
8.465000000000000000e+03
8.776200000000000000e+04
4.508000000000000000e+04
4.885000000000000000e+03
8.667100000000000000e+04
2.027710000000000000e+05
9.410900000000000000e+04
2.117200000000000000e+04
1.031540000000000000e+05
4.350400000000000000e+04
6.413600000000000000e+04
1.170900000000000000e+04
1.200960000000000000e+05
6.403600000000000000e+04
8.170000000000000000e+03
1.238800000000000000e+04
1.141400000000000000e+04
1.181300000000000000e+04
1.564010000000000000e+05
1.909140000000000000e+05
1.148550000000000000e+05
1.425200000000000000e+04
5.689600000000000000e+04
1.429030000000000000e+05
2.556300000000000000e+04
7.324700000000000000e+04
7.493000000000000000e+03
1.012300000000000000e+04
5.451500000000000000e+04
1.012400000000000000e+04
3.626900000000000000e+04
8.839000000000000000e+03
1.020760000000000000e+05
1.127960000000000000e+05
3.412700000000000000e+04
3.587500000000000000e+04
1.030570000000000000e+05
8.568300000000000000e+04
6.137400000000000000e+04
1.258500000000000000e+04
6.514800000000000000e+04
9.692500000000000000e+04
3.400100000000000000e+04
3.080030000000000000e+05
6.186300000000000000e+04
7.841800000000000000e+04
2.809700000000000000e+04
6.543100000000000000e+04
3.658200000000000000e+04
5.998900000000000000e+04
3.088500000000000000e+04
8.696400000000000000e+04
1.312800000000000000e+04
1.406450000000000000e+05
3.948100000000000000e+04
8.156400000000000000e+04
8.036700000000000000e+04
3.507100000000000000e+04
1.858100000000000000e+04
1.914800000000000000e+04
3.406200000000000000e+04
1.715440000000000000e+05
4.104000000000000000e+04
3.520800000000000000e+04
5.514600000000000000e+04
2.197000000000000000e+04
3.902900000000000000e+04
7.017400000000000000e+04
3.949300000000000000e+04
1.652900000000000000e+04
1.004480000000000000e+05
5.394200000000000000e+04
9.100600000000000000e+04
1.011900000000000000e+04
3.033600000000000000e+04
1.119900000000000000e+04
1.535430000000000000e+05
1.151240000000000000e+05
8.714500000000000000e+04
2.312100000000000000e+04
3.990400000000000000e+04
3.305900000000000000e+04
3.773300000000000000e+04
3.784000000000000000e+04
1.328760000000000000e+05
7.172600000000000000e+04
1.969670000000000000e+05
3.748300000000000000e+04
2.887400000000000000e+04
6.067000000000000000e+03
5.875000000000000000e+04
4.050500000000000000e+04
2.658700000000000000e+04
1.455920000000000000e+05
7.339000000000000000e+03
1.683900000000000000e+04
1.467700000000000000e+04
3.938300000000000000e+04
9.447000000000000000e+04
7.305800000000000000e+04
9.777800000000000000e+04
1.044400000000000000e+04
1.005130000000000000e+05
6.108000000000000000e+03
5.651900000000000000e+04
6.950000000000000000e+03
9.282800000000000000e+04
5.584100000000000000e+04
6.630300000000000000e+04
7.811000000000000000e+03
7.671800000000000000e+04
1.151670000000000000e+05
1.018020000000000000e+05
9.228800000000000000e+04
1.687600000000000000e+04
1.143350000000000000e+05
5.950600000000000000e+04
1.213900000000000000e+04
1.835090000000000000e+05
2.930400000000000000e+04
4.855600000000000000e+04
7.731000000000000000e+04
4.289700000000000000e+04
1.185900000000000000e+04
1.029190000000000000e+05
1.752290000000000000e+05
7.524500000000000000e+04
3.934300000000000000e+04
2.003800000000000000e+04
7.940400000000000000e+04
5.493800000000000000e+04
5.367100000000000000e+04
5.318900000000000000e+04
6.887600000000000000e+04
8.337000000000000000e+03
6.409500000000000000e+04
6.169000000000000000e+03
1.345900000000000000e+04
8.765000000000000000e+04
2.736950000000000000e+05
7.357100000000000000e+04
2.841400000000000000e+04
7.369900000000000000e+04
9.588000000000000000e+03
7.198000000000000000e+03
3.417600000000000000e+04
1.367180000000000000e+05
3.166800000000000000e+04
1.976740000000000000e+05
1.309500000000000000e+04
4.756300000000000000e+04
9.683800000000000000e+04
3.733000000000000000e+03
2.095200000000000000e+04
7.574100000000000000e+04
6.413500000000000000e+04
3.585500000000000000e+04
4.949800000000000000e+04
2.456500000000000000e+04
3.202500000000000000e+04
1.051170000000000000e+05
5.278900000000000000e+04
4.965700000000000000e+04
1.936200000000000000e+04
2.849000000000000000e+04
3.464900000000000000e+04
2.984200000000000000e+04
1.121270000000000000e+05
4.624100000000000000e+04
1.088200000000000000e+04
2.561700000000000000e+04
2.987000000000000000e+04
2.698700000000000000e+04
1.127400000000000000e+04
1.408520000000000000e+05
3.610150000000000000e+05
1.634520000000000000e+05
3.506700000000000000e+04
1.568980000000000000e+05
4.713900000000000000e+04
6.974200000000000000e+04
5.946900000000000000e+04
3.470500000000000000e+04
4.227800000000000000e+04
6.137100000000000000e+04
3.285000000000000000e+04
8.998000000000000000e+03
8.573800000000000000e+04
5.892100000000000000e+04
1.201400000000000000e+04
8.843000000000000000e+03
1.000300000000000000e+05
1.910800000000000000e+04
1.488150000000000000e+05
1.207440000000000000e+05
4.636500000000000000e+04
7.375800000000000000e+04
1.404730000000000000e+05
9.308500000000000000e+04
8.193400000000000000e+04
1.328500000000000000e+05
5.943500000000000000e+04
2.826700000000000000e+04
8.542000000000000000e+03
8.646800000000000000e+04
9.607000000000000000e+03
4.013500000000000000e+04
4.926600000000000000e+04
2.555700000000000000e+04
1.749740000000000000e+05
3.783000000000000000e+03
1.664960000000000000e+05
6.297600000000000000e+04
1.139680000000000000e+05
2.667840000000000000e+05
5.609500000000000000e+04
4.164300000000000000e+04
4.070000000000000000e+03
9.117000000000000000e+03
6.466500000000000000e+04
6.107500000000000000e+04
1.084060000000000000e+05
3.438100000000000000e+04
1.759230000000000000e+05
4.265700000000000000e+04
7.398600000000000000e+04
2.645800000000000000e+04
5.759600000000000000e+04
1.629590000000000000e+05
1.071170000000000000e+05
2.964000000000000000e+03
7.625000000000000000e+04
8.380200000000000000e+04
7.056700000000000000e+04
3.659000000000000000e+04
1.988120000000000000e+05
1.742120000000000000e+05
1.339300000000000000e+04
7.339000000000000000e+03
1.181890000000000000e+05
1.244700000000000000e+04
1.050470000000000000e+05
8.311000000000000000e+03
3.605700000000000000e+04
2.402800000000000000e+04
1.193740000000000000e+05
9.619000000000000000e+04
1.447870000000000000e+05
1.374300000000000000e+04
7.801000000000000000e+03
8.590000000000000000e+03
2.329600000000000000e+04
9.218000000000000000e+04
7.975600000000000000e+04
1.438000000000000000e+04
1.367810000000000000e+05
3.318600000000000000e+04
1.439890000000000000e+05
1.691880000000000000e+05
1.544000000000000000e+05
4.778000000000000000e+04
8.786400000000000000e+04
8.190000000000000000e+03
3.208130000000000000e+05
1.062800000000000000e+04
1.570440000000000000e+05
3.279600000000000000e+04
1.227070000000000000e+05
2.507600000000000000e+04
8.490600000000000000e+04
4.139900000000000000e+04
6.866200000000000000e+04
8.140500000000000000e+04
7.270800000000000000e+04
4.034400000000000000e+04
5.508100000000000000e+04
7.745200000000000000e+04
7.098600000000000000e+04
6.925000000000000000e+03
1.688700000000000000e+04
4.867900000000000000e+04
1.953300000000000000e+04
8.722600000000000000e+04
6.597700000000000000e+04
7.974300000000000000e+04
1.153510000000000000e+05
1.323200000000000000e+05
1.296790000000000000e+05
2.656200000000000000e+04
8.032400000000000000e+04
3.628600000000000000e+04
9.271300000000000000e+04
2.036900000000000000e+05
6.620000000000000000e+03
8.524000000000000000e+03
1.541960000000000000e+05
6.265000000000000000e+03
1.093170000000000000e+05
2.827900000000000000e+04
2.394400000000000000e+04
2.684300000000000000e+04
2.021900000000000000e+04
7.616700000000000000e+04
4.963400000000000000e+04
2.052000000000000000e+04
2.188160000000000000e+05
1.551880000000000000e+05
3.515300000000000000e+04
5.932600000000000000e+04
1.243590000000000000e+05
7.240000000000000000e+03
4.796800000000000000e+04
5.676300000000000000e+04
8.330000000000000000e+03
2.938400000000000000e+04
2.262560000000000000e+05
1.947300000000000000e+04
5.954200000000000000e+04
1.305890000000000000e+05
4.308700000000000000e+04
1.201150000000000000e+05
3.984500000000000000e+04
1.311690000000000000e+05
8.693400000000000000e+04
6.843300000000000000e+04
2.356700000000000000e+04
2.178050000000000000e+05
2.191900000000000000e+04
2.056000000000000000e+04
3.478900000000000000e+04
4.820900000000000000e+04
2.327510000000000000e+05
1.814800000000000000e+04
1.040550000000000000e+05
1.208800000000000000e+05
6.915200000000000000e+04
1.887200000000000000e+04
7.582800000000000000e+04
3.263940000000000000e+05
3.004900000000000000e+04
2.347400000000000000e+04
5.641000000000000000e+03
1.384240000000000000e+05
1.136990000000000000e+05
4.188800000000000000e+04
8.296400000000000000e+04
1.496700000000000000e+04
6.149300000000000000e+04
1.218200000000000000e+05
5.380600000000000000e+04
5.812200000000000000e+04
2.902600000000000000e+04
1.348600000000000000e+04
4.173600000000000000e+04
4.676000000000000000e+03
9.782000000000000000e+03
3.869600000000000000e+04
2.096700000000000000e+04
3.708600000000000000e+04
1.775000000000000000e+04
2.810300000000000000e+04
4.004500000000000000e+04
8.687200000000000000e+04
3.566400000000000000e+04
8.214000000000000000e+03
6.273500000000000000e+04
2.235700000000000000e+04
1.506960000000000000e+05
1.279090000000000000e+05
2.235070000000000000e+05
1.558840000000000000e+05
5.056300000000000000e+04
1.249300000000000000e+04
6.754300000000000000e+04
9.395200000000000000e+04
1.395230000000000000e+05
2.261300000000000000e+04
6.250000000000000000e+03
2.118700000000000000e+04
1.120300000000000000e+04
1.685690000000000000e+05
5.213900000000000000e+04
2.661300000000000000e+04
1.604900000000000000e+04
8.630500000000000000e+04
1.499780000000000000e+05
1.146500000000000000e+04
3.556500000000000000e+04
3.750000000000000000e+04
7.330700000000000000e+04
1.113100000000000000e+04
3.686310000000000000e+05
5.520000000000000000e+04
5.440200000000000000e+04
3.179000000000000000e+03
1.996100000000000000e+04
5.764700000000000000e+04
1.860990000000000000e+05
4.298000000000000000e+03
1.564380000000000000e+05
4.619100000000000000e+04
9.110000000000000000e+03
1.685700000000000000e+05
1.244800000000000000e+04
7.326000000000000000e+03
1.752600000000000000e+04
4.191300000000000000e+04
1.118700000000000000e+04
