3.155000000000000000e+03
3.709000000000000000e+03
1.983000000000000000e+03
5.115000000000000000e+03
6.052000000000000000e+03
4.334000000000000000e+03
2.067000000000000000e+03
8.562000000000000000e+03
3.001000000000000000e+03
6.715000000000000000e+03
4.046000000000000000e+03
3.844000000000000000e+03
1.600000000000000000e+03
2.329000000000000000e+03
3.723000000000000000e+03
2.351000000000000000e+03
3.754000000000000000e+03
2.087000000000000000e+03
2.352000000000000000e+03
2.578000000000000000e+03
1.596000000000000000e+03
5.284000000000000000e+03
9.140000000000000000e+02
2.104000000000000000e+03
5.787000000000000000e+03
5.680000000000000000e+03
4.187000000000000000e+03
5.975000000000000000e+03
2.794000000000000000e+03
7.492000000000000000e+03
2.134000000000000000e+03
6.431000000000000000e+03
6.935000000000000000e+03
4.260000000000000000e+03
3.384000000000000000e+03
5.962000000000000000e+03
1.383000000000000000e+03
4.459000000000000000e+03
3.790000000000000000e+03
4.151000000000000000e+03
2.396000000000000000e+03
4.210000000000000000e+03
4.286000000000000000e+03
4.076000000000000000e+03
3.491000000000000000e+03
1.786000000000000000e+03
3.895000000000000000e+03
6.175000000000000000e+03
5.081000000000000000e+03
6.238000000000000000e+03
2.761000000000000000e+03
7.044000000000000000e+03
1.398000000000000000e+03
6.254000000000000000e+03
5.208000000000000000e+03
5.032000000000000000e+03
3.604000000000000000e+03
1.539000000000000000e+03
2.801000000000000000e+03
2.199000000000000000e+03
2.635000000000000000e+03
1.496400000000000000e+04
5.026000000000000000e+03
7.880000000000000000e+03
1.532000000000000000e+03
4.729000000000000000e+03
5.642000000000000000e+03
2.653000000000000000e+03
3.624000000000000000e+03
1.938000000000000000e+03
5.055000000000000000e+03
8.239000000000000000e+03
1.433800000000000000e+04
4.462000000000000000e+03
1.425800000000000000e+04
3.875000000000000000e+03
1.649000000000000000e+03
6.568000000000000000e+03
1.647000000000000000e+03
4.079000000000000000e+03
1.164700000000000000e+04
2.188000000000000000e+03
2.461000000000000000e+03
1.368300000000000000e+04
2.939000000000000000e+03
1.795000000000000000e+03
2.473000000000000000e+03
6.576000000000000000e+03
1.545000000000000000e+03
3.414000000000000000e+03
4.014000000000000000e+03
3.090000000000000000e+03
2.108000000000000000e+03
1.758000000000000000e+03
2.309000000000000000e+03
1.284500000000000000e+04
2.259000000000000000e+03
2.699000000000000000e+03
4.562000000000000000e+03
4.490000000000000000e+03
4.314000000000000000e+03
1.994700000000000000e+04
3.088000000000000000e+03
3.935000000000000000e+03
2.147000000000000000e+03
3.082000000000000000e+03
5.813000000000000000e+03
4.773000000000000000e+03
4.092000000000000000e+03
2.959000000000000000e+03
8.037000000000000000e+03
2.192000000000000000e+03
6.236000000000000000e+03
5.633000000000000000e+03
2.667000000000000000e+03
6.039000000000000000e+03
2.058000000000000000e+03
8.127000000000000000e+03
1.680000000000000000e+03
1.278000000000000000e+03
6.090000000000000000e+02
4.195000000000000000e+03
4.374000000000000000e+03
8.315000000000000000e+03
7.966000000000000000e+03
4.413000000000000000e+03
1.208800000000000000e+04
2.770000000000000000e+03
1.816000000000000000e+03
3.583000000000000000e+03
1.338400000000000000e+04
4.959000000000000000e+03
1.466000000000000000e+03
7.603000000000000000e+03
4.045000000000000000e+03
5.230000000000000000e+03
1.752000000000000000e+03
2.882000000000000000e+03
2.963000000000000000e+03
3.980000000000000000e+03
3.815000000000000000e+03
7.790000000000000000e+03
3.864000000000000000e+03
6.348000000000000000e+03
2.705000000000000000e+03
6.260000000000000000e+03
2.394000000000000000e+03
7.088000000000000000e+03
6.059000000000000000e+03
3.393000000000000000e+03
5.759000000000000000e+03
3.055000000000000000e+03
1.082000000000000000e+03
2.294000000000000000e+03
9.659000000000000000e+03
3.508000000000000000e+03
1.755000000000000000e+03
3.339000000000000000e+03
2.347000000000000000e+03
4.990000000000000000e+03
3.149000000000000000e+03
5.725000000000000000e+03
5.524000000000000000e+03
4.011000000000000000e+03
2.762000000000000000e+03
3.130000000000000000e+03
4.904000000000000000e+03
1.699000000000000000e+03
9.189000000000000000e+03
1.090700000000000000e+04
5.859000000000000000e+03
3.482000000000000000e+03
2.911000000000000000e+03
5.345000000000000000e+03
1.624000000000000000e+03
1.542700000000000000e+04
3.708000000000000000e+03
2.947000000000000000e+03
8.314000000000000000e+03
1.413000000000000000e+03
3.220000000000000000e+03
9.119000000000000000e+03
4.606000000000000000e+03
1.063000000000000000e+04
5.746000000000000000e+03
3.234000000000000000e+03
4.394000000000000000e+03
4.719000000000000000e+03
2.204000000000000000e+03
2.758000000000000000e+03
2.415000000000000000e+03
4.523000000000000000e+03
2.348000000000000000e+03
1.843000000000000000e+03
4.918000000000000000e+03
6.299000000000000000e+03
3.430000000000000000e+03
8.271000000000000000e+03
5.808000000000000000e+03
9.377000000000000000e+03
1.091700000000000000e+04
3.888000000000000000e+03
9.120000000000000000e+02
2.743000000000000000e+03
1.344800000000000000e+04
1.771000000000000000e+03
2.444000000000000000e+03
8.644000000000000000e+03
2.400000000000000000e+03
1.442000000000000000e+03
8.985000000000000000e+03
1.863000000000000000e+03
5.443000000000000000e+03
3.853000000000000000e+03
3.265000000000000000e+03
2.612000000000000000e+03
1.157200000000000000e+04
2.700000000000000000e+03
5.942000000000000000e+03
3.769000000000000000e+03
9.254000000000000000e+03
3.108000000000000000e+03
6.759000000000000000e+03
6.863000000000000000e+03
1.881000000000000000e+03
3.414000000000000000e+03
1.953000000000000000e+03
2.403000000000000000e+03
2.782000000000000000e+03
9.557000000000000000e+03
7.084000000000000000e+03
2.404000000000000000e+03
3.027000000000000000e+03
4.027000000000000000e+03
3.950000000000000000e+03
5.336000000000000000e+03
7.505000000000000000e+03
1.140300000000000000e+04
1.957000000000000000e+03
3.787000000000000000e+03
2.435000000000000000e+03
1.902000000000000000e+03
6.833000000000000000e+03
2.433000000000000000e+03
8.917000000000000000e+03
1.475000000000000000e+03
6.408000000000000000e+03
3.759000000000000000e+03
3.048000000000000000e+03
1.561000000000000000e+03
5.782000000000000000e+03
4.284000000000000000e+03
1.559000000000000000e+03
5.320000000000000000e+03
3.589000000000000000e+03
1.345000000000000000e+04
9.181000000000000000e+03
3.310000000000000000e+03
6.350000000000000000e+03
1.147100000000000000e+04
4.034000000000000000e+03
2.066000000000000000e+03
7.716000000000000000e+03
3.004000000000000000e+03
7.089000000000000000e+03
3.476000000000000000e+03
2.201000000000000000e+03
2.255000000000000000e+03
1.896000000000000000e+03
2.144000000000000000e+03
6.281000000000000000e+03
3.761000000000000000e+03
4.158000000000000000e+03
3.867000000000000000e+03
7.077000000000000000e+03
3.533000000000000000e+03
2.095000000000000000e+03
5.842000000000000000e+03
6.068000000000000000e+03
4.013000000000000000e+03
7.135000000000000000e+03
2.877000000000000000e+03
2.721000000000000000e+03
2.880000000000000000e+03
4.053000000000000000e+03
2.701000000000000000e+03
1.974000000000000000e+04
5.765000000000000000e+03
1.607000000000000000e+03
1.916000000000000000e+03
4.369000000000000000e+03
6.015000000000000000e+03
2.356000000000000000e+03
3.534000000000000000e+03
3.029000000000000000e+03
2.744000000000000000e+03
1.728000000000000000e+03
2.304000000000000000e+03
9.296000000000000000e+03
3.713000000000000000e+03
3.500000000000000000e+03
3.817000000000000000e+03
5.991000000000000000e+03
3.481000000000000000e+03
2.503000000000000000e+03
2.963000000000000000e+03
7.177000000000000000e+03
3.981000000000000000e+03
7.067000000000000000e+03
2.308000000000000000e+03
7.481000000000000000e+03
1.358000000000000000e+03
3.437000000000000000e+03
2.598000000000000000e+03
3.121000000000000000e+03
3.121000000000000000e+03
1.077000000000000000e+03
9.521000000000000000e+03
6.946000000000000000e+03
2.193000000000000000e+03
5.820000000000000000e+03
3.768000000000000000e+03
4.109000000000000000e+03
6.011000000000000000e+03
1.339500000000000000e+04
3.924000000000000000e+03
1.202000000000000000e+03
1.430000000000000000e+03
3.329000000000000000e+03
3.451000000000000000e+03
2.685000000000000000e+03
3.712000000000000000e+03
5.047000000000000000e+03
4.804000000000000000e+03
3.642000000000000000e+03
2.382000000000000000e+03
5.663000000000000000e+03
4.172000000000000000e+03
2.021000000000000000e+03
6.566000000000000000e+03
1.925000000000000000e+03
4.073000000000000000e+03
5.023000000000000000e+03
1.713000000000000000e+03
1.176500000000000000e+04
1.403000000000000000e+03
7.648000000000000000e+03
3.911000000000000000e+03
2.038000000000000000e+03
2.532000000000000000e+03
2.217000000000000000e+03
4.059000000000000000e+03
1.072400000000000000e+04
7.043000000000000000e+03
3.933000000000000000e+03
4.861000000000000000e+03
4.729000000000000000e+03
3.182000000000000000e+03
3.429000000000000000e+03
7.069000000000000000e+03
2.767000000000000000e+03
5.385000000000000000e+03
4.337000000000000000e+03
2.354000000000000000e+03
8.968000000000000000e+03
9.860000000000000000e+03
4.482000000000000000e+03
1.008500000000000000e+04
1.236100000000000000e+04
4.102000000000000000e+03
2.417000000000000000e+03
7.072000000000000000e+03
1.883000000000000000e+03
1.567000000000000000e+03
3.538000000000000000e+03
1.803000000000000000e+03
7.174000000000000000e+03
2.116000000000000000e+03
6.922000000000000000e+03
7.325000000000000000e+03
3.441000000000000000e+03
1.801000000000000000e+03
4.956000000000000000e+03
6.163000000000000000e+03
4.982000000000000000e+03
7.848000000000000000e+03
6.032000000000000000e+03
4.216000000000000000e+03
1.112600000000000000e+04
2.330000000000000000e+03
5.605000000000000000e+03
6.498000000000000000e+03
4.949000000000000000e+03
8.763000000000000000e+03
4.245000000000000000e+03
3.280000000000000000e+03
3.611000000000000000e+03
1.288000000000000000e+03
4.205000000000000000e+03
1.853000000000000000e+03
3.123000000000000000e+03
4.690000000000000000e+03
8.418000000000000000e+03
1.742000000000000000e+03
2.987000000000000000e+03
3.057000000000000000e+03
5.467000000000000000e+03
4.334000000000000000e+03
6.937000000000000000e+03
4.543000000000000000e+03
3.914000000000000000e+03
5.299000000000000000e+03
1.554000000000000000e+03
1.288000000000000000e+03
1.960000000000000000e+03
2.765000000000000000e+03
5.619000000000000000e+03
3.348000000000000000e+03
1.609000000000000000e+03
4.720000000000000000e+03
3.264000000000000000e+03
5.957000000000000000e+03
1.561000000000000000e+03
1.349000000000000000e+03
3.331000000000000000e+03
4.215000000000000000e+03
2.392000000000000000e+03
5.001000000000000000e+03
5.271000000000000000e+03
3.307000000000000000e+03
3.379000000000000000e+03
1.780000000000000000e+03
2.635000000000000000e+03
5.353000000000000000e+03
6.770000000000000000e+03
4.029000000000000000e+03
1.530000000000000000e+03
2.738000000000000000e+03
8.627000000000000000e+03
2.572000000000000000e+03
2.135000000000000000e+03
5.325000000000000000e+03
5.971000000000000000e+03
2.521000000000000000e+03
9.425000000000000000e+03
4.959000000000000000e+03
2.407000000000000000e+03
5.669000000000000000e+03
3.866000000000000000e+03
4.708000000000000000e+03
3.908000000000000000e+03
5.264000000000000000e+03
5.178000000000000000e+03
3.542000000000000000e+03
5.193000000000000000e+03
9.649000000000000000e+03
2.680000000000000000e+03
4.135000000000000000e+03
5.178000000000000000e+03
2.847000000000000000e+03
5.252000000000000000e+03
2.283000000000000000e+03
3.497000000000000000e+03
4.100000000000000000e+03
4.190000000000000000e+03
6.116000000000000000e+03
5.515000000000000000e+03
1.793000000000000000e+03
3.478000000000000000e+03
4.487000000000000000e+03
9.200000000000000000e+03
3.243000000000000000e+03
3.039000000000000000e+03
3.662000000000000000e+03
2.911000000000000000e+03
8.858000000000000000e+03
3.811000000000000000e+03
6.819000000000000000e+03
6.239000000000000000e+03
2.132000000000000000e+03
4.995000000000000000e+03
4.983000000000000000e+03
6.653000000000000000e+03
9.682000000000000000e+03
3.014000000000000000e+03
2.567000000000000000e+03
5.096000000000000000e+03
1.422000000000000000e+03
3.280000000000000000e+03
2.252000000000000000e+03
2.954000000000000000e+03
5.552000000000000000e+03
4.529000000000000000e+03
1.037800000000000000e+04
4.356000000000000000e+03
1.278000000000000000e+03
2.794000000000000000e+03
9.200000000000000000e+03
3.707000000000000000e+03
2.252000000000000000e+03
1.368000000000000000e+03
2.571000000000000000e+03
4.122000000000000000e+03
1.647000000000000000e+03
2.559000000000000000e+03
4.256000000000000000e+03
2.091000000000000000e+03
2.788000000000000000e+03
3.293000000000000000e+03
2.158000000000000000e+03
9.138000000000000000e+03
3.104000000000000000e+03
1.942000000000000000e+03
5.366000000000000000e+03
3.052000000000000000e+03
6.497000000000000000e+03
3.718000000000000000e+03
2.299000000000000000e+03
4.168000000000000000e+03
4.972000000000000000e+03
4.976000000000000000e+03
4.573000000000000000e+03
3.010000000000000000e+03
2.520000000000000000e+03
7.085000000000000000e+03
6.437000000000000000e+03
7.014000000000000000e+03
5.237000000000000000e+03
2.665000000000000000e+03
5.727000000000000000e+03
6.736000000000000000e+03
2.909000000000000000e+03
2.452000000000000000e+03
4.347000000000000000e+03
3.513000000000000000e+03
2.645000000000000000e+03
3.253000000000000000e+03
4.724000000000000000e+03
1.123300000000000000e+04
4.408000000000000000e+03
1.854000000000000000e+03
1.396000000000000000e+04
1.423000000000000000e+03
1.729000000000000000e+03
6.839000000000000000e+03
6.744000000000000000e+03
3.864000000000000000e+03
2.153000000000000000e+03
9.752000000000000000e+03
2.375000000000000000e+03
5.701000000000000000e+03
5.276000000000000000e+03
7.016000000000000000e+03
2.364000000000000000e+03
4.547000000000000000e+03
5.248000000000000000e+03
5.815000000000000000e+03
3.129000000000000000e+03
6.704000000000000000e+03
9.117000000000000000e+03
7.030000000000000000e+02
7.301000000000000000e+03
1.232700000000000000e+04
2.649000000000000000e+03
3.126000000000000000e+03
2.885000000000000000e+03
4.298000000000000000e+03
1.660200000000000000e+04
2.475000000000000000e+03
2.584000000000000000e+03
1.978000000000000000e+03
5.465000000000000000e+03
5.837000000000000000e+03
1.802000000000000000e+03
2.759000000000000000e+03
8.208000000000000000e+03
6.070000000000000000e+03
1.574400000000000000e+04
1.064300000000000000e+04
1.194200000000000000e+04
6.351000000000000000e+03
3.163000000000000000e+03
7.662000000000000000e+03
1.338000000000000000e+03
2.133000000000000000e+03
3.549000000000000000e+03
3.706000000000000000e+03
5.165000000000000000e+03
9.712000000000000000e+03
4.948000000000000000e+03
6.670000000000000000e+03
8.022000000000000000e+03
2.218000000000000000e+03
7.478000000000000000e+03
2.845000000000000000e+03
3.881000000000000000e+03
2.136000000000000000e+03
1.471000000000000000e+03
2.546000000000000000e+03
3.696000000000000000e+03
8.511000000000000000e+03
2.235000000000000000e+03
5.362000000000000000e+03
6.294000000000000000e+03
4.375000000000000000e+03
6.165000000000000000e+03
2.041000000000000000e+03
4.054000000000000000e+03
1.854000000000000000e+03
1.789900000000000000e+04
2.764000000000000000e+03
2.797000000000000000e+03
3.807000000000000000e+03
1.032900000000000000e+04
1.932000000000000000e+03
3.559000000000000000e+03
9.048000000000000000e+03
6.171000000000000000e+03
4.929000000000000000e+03
8.672000000000000000e+03
6.488000000000000000e+03
2.965000000000000000e+03
1.590400000000000000e+04
1.323000000000000000e+03
4.752000000000000000e+03
4.359000000000000000e+03
1.063000000000000000e+03
1.772000000000000000e+03
6.815000000000000000e+03
3.692000000000000000e+03
4.594000000000000000e+03
4.795000000000000000e+03
2.483000000000000000e+03
1.559000000000000000e+03
3.307000000000000000e+03
2.228000000000000000e+03
4.512000000000000000e+03
2.227000000000000000e+03
8.684000000000000000e+03
1.332000000000000000e+03
2.999000000000000000e+03
4.527000000000000000e+03
2.211000000000000000e+03
1.806000000000000000e+03
2.775000000000000000e+03
4.516000000000000000e+03
5.929000000000000000e+03
4.324000000000000000e+03
4.488000000000000000e+03
4.140000000000000000e+03
1.225200000000000000e+04
1.557000000000000000e+03
1.258000000000000000e+03
3.067000000000000000e+03
2.642000000000000000e+03
3.414000000000000000e+03
5.043000000000000000e+03
4.526000000000000000e+03
9.718000000000000000e+03
5.009000000000000000e+03
6.764000000000000000e+03
2.002000000000000000e+03
2.726000000000000000e+03
8.664000000000000000e+03
1.141700000000000000e+04
3.404000000000000000e+03
2.891000000000000000e+03
2.594000000000000000e+03
1.979000000000000000e+03
4.320000000000000000e+03
3.765000000000000000e+03
6.492000000000000000e+03
7.678000000000000000e+03
5.473000000000000000e+03
1.448000000000000000e+03
2.643000000000000000e+03
1.550000000000000000e+03
5.491000000000000000e+03
1.243200000000000000e+04
1.792000000000000000e+03
2.254000000000000000e+03
8.289000000000000000e+03
2.358000000000000000e+03
5.965000000000000000e+03
4.012000000000000000e+03
2.975000000000000000e+03
2.934000000000000000e+03
8.611000000000000000e+03
5.248000000000000000e+03
3.244000000000000000e+03
7.939000000000000000e+03
3.315000000000000000e+03
4.373000000000000000e+03
5.806000000000000000e+03
1.111000000000000000e+04
8.014000000000000000e+03
6.905000000000000000e+03
7.204000000000000000e+03
4.453000000000000000e+03
5.921000000000000000e+03
4.441000000000000000e+03
8.167000000000000000e+03
1.855000000000000000e+03
6.205000000000000000e+03
9.505000000000000000e+03
5.121000000000000000e+03
4.738000000000000000e+03
7.157000000000000000e+03
1.321600000000000000e+04
1.748000000000000000e+03
3.718000000000000000e+03
1.393300000000000000e+04
7.602000000000000000e+03
4.300000000000000000e+03
2.164000000000000000e+03
6.156000000000000000e+03
7.342000000000000000e+03
3.140000000000000000e+03
3.147000000000000000e+03
5.183000000000000000e+03
2.390000000000000000e+03
3.293000000000000000e+03
3.956000000000000000e+03
3.997000000000000000e+03
4.734000000000000000e+03
1.269000000000000000e+03
4.432000000000000000e+03
6.062000000000000000e+03
3.969000000000000000e+03
3.918000000000000000e+03
5.080000000000000000e+03
2.531000000000000000e+03
3.533000000000000000e+03
4.038000000000000000e+03
2.174000000000000000e+03
1.001700000000000000e+04
6.766000000000000000e+03
9.211000000000000000e+03
3.328000000000000000e+03
4.348000000000000000e+03
6.634000000000000000e+03
3.073000000000000000e+03
7.319000000000000000e+03
1.605000000000000000e+03
3.187000000000000000e+03
2.643000000000000000e+03
1.993000000000000000e+03
3.186000000000000000e+03
4.923000000000000000e+03
2.263000000000000000e+03
5.736000000000000000e+03
4.822000000000000000e+03
4.057000000000000000e+03
2.004000000000000000e+03
2.689000000000000000e+03
1.637000000000000000e+03
3.915000000000000000e+03
1.442000000000000000e+03
3.271000000000000000e+03
2.745000000000000000e+03
6.602000000000000000e+03
8.819000000000000000e+03
3.720000000000000000e+03
6.142000000000000000e+03
3.858000000000000000e+03
2.784000000000000000e+03
4.399000000000000000e+03
2.163000000000000000e+03
5.695000000000000000e+03
2.529000000000000000e+03
3.299000000000000000e+03
1.485000000000000000e+03
2.622000000000000000e+03
2.561000000000000000e+03
3.072000000000000000e+03
9.658000000000000000e+03
1.978000000000000000e+03
4.333000000000000000e+03
3.059000000000000000e+03
8.808000000000000000e+03
5.186000000000000000e+03
2.175000000000000000e+03
1.074100000000000000e+04
4.777000000000000000e+03
4.068000000000000000e+03
2.810000000000000000e+03
6.168000000000000000e+03
1.663000000000000000e+03
2.035000000000000000e+03
4.416000000000000000e+03
3.525000000000000000e+03
1.695300000000000000e+04
5.295000000000000000e+03
4.407000000000000000e+03
1.745000000000000000e+03
8.469000000000000000e+03
4.567000000000000000e+03
3.159000000000000000e+03
7.814000000000000000e+03
4.567000000000000000e+03
3.882000000000000000e+03
1.440200000000000000e+04
5.075000000000000000e+03
2.646000000000000000e+03
6.756000000000000000e+03
3.870000000000000000e+03
4.825000000000000000e+03
2.601000000000000000e+03
4.480000000000000000e+03
2.321000000000000000e+03
5.667000000000000000e+03
4.729000000000000000e+03
2.143000000000000000e+03
2.417000000000000000e+03
2.199000000000000000e+03
3.991000000000000000e+03
1.487000000000000000e+03
2.212000000000000000e+03
3.527000000000000000e+03
1.155000000000000000e+03
1.344000000000000000e+03
1.353000000000000000e+03
9.090000000000000000e+02
9.065000000000000000e+03
3.151000000000000000e+03
5.370000000000000000e+03
6.103000000000000000e+03
8.570000000000000000e+03
3.809000000000000000e+03
6.902000000000000000e+03
4.989000000000000000e+03
1.662000000000000000e+03
2.481000000000000000e+03
2.707000000000000000e+03
4.159000000000000000e+03
2.394000000000000000e+03
7.861000000000000000e+03
2.046000000000000000e+03
3.748000000000000000e+03
2.982000000000000000e+03
3.375000000000000000e+03
4.816000000000000000e+03
2.648000000000000000e+03
4.290000000000000000e+03
2.905000000000000000e+03
5.258000000000000000e+03
6.321000000000000000e+03
4.070000000000000000e+03
5.086000000000000000e+03
3.306000000000000000e+03
7.149000000000000000e+03
2.999000000000000000e+03
3.528000000000000000e+03
8.303000000000000000e+03
3.383000000000000000e+03
3.411000000000000000e+03
9.003000000000000000e+03
4.177000000000000000e+03
1.073700000000000000e+04
7.912000000000000000e+03
4.636000000000000000e+03
8.940000000000000000e+03
4.944000000000000000e+03
8.004000000000000000e+03
2.077000000000000000e+03
2.925000000000000000e+03
2.805000000000000000e+03
9.769000000000000000e+03
3.494000000000000000e+03
2.712000000000000000e+03
9.530000000000000000e+02
1.879000000000000000e+03
3.609000000000000000e+03
4.095000000000000000e+03
3.353000000000000000e+03
7.270000000000000000e+03
5.822000000000000000e+03
2.261000000000000000e+03
2.970000000000000000e+03
1.141200000000000000e+04
5.566000000000000000e+03
2.325000000000000000e+03
3.984000000000000000e+03
4.145000000000000000e+03
7.541000000000000000e+03
3.536000000000000000e+03
4.132000000000000000e+03
6.173000000000000000e+03
3.348000000000000000e+03
2.855000000000000000e+03
4.127000000000000000e+03
7.730000000000000000e+02
4.020000000000000000e+03
3.039000000000000000e+03
5.342000000000000000e+03
2.596000000000000000e+03
2.313000000000000000e+03
3.936000000000000000e+03
4.199000000000000000e+03
1.704000000000000000e+03
4.662000000000000000e+03
2.020000000000000000e+03
1.495300000000000000e+04
6.264000000000000000e+03
7.520000000000000000e+03
1.030500000000000000e+04
1.014000000000000000e+03
4.583000000000000000e+03
7.499000000000000000e+03
1.639000000000000000e+03
5.524000000000000000e+03
2.136000000000000000e+03
3.358000000000000000e+03
3.802000000000000000e+03
2.330000000000000000e+03
4.166000000000000000e+03
2.476000000000000000e+03
3.094000000000000000e+03
3.117000000000000000e+03
4.157000000000000000e+03
1.661000000000000000e+03
1.247700000000000000e+04
3.053000000000000000e+03
2.879000000000000000e+03
9.349000000000000000e+03
4.395000000000000000e+03
3.477000000000000000e+03
7.507000000000000000e+03
5.765000000000000000e+03
8.294000000000000000e+03
2.422000000000000000e+03
1.820000000000000000e+03
4.911000000000000000e+03
2.827000000000000000e+03
5.008000000000000000e+03
3.291000000000000000e+03
2.686000000000000000e+03
2.407000000000000000e+03
4.007000000000000000e+03
4.269000000000000000e+03
1.872000000000000000e+03
6.786000000000000000e+03
1.206300000000000000e+04
2.207000000000000000e+03
6.485000000000000000e+03
3.607000000000000000e+03
3.040000000000000000e+03
2.619000000000000000e+03
1.193000000000000000e+03
3.274000000000000000e+03
3.110000000000000000e+03
1.152000000000000000e+03
6.739000000000000000e+03
7.026000000000000000e+03
4.131000000000000000e+03
3.825000000000000000e+03
6.451000000000000000e+03
4.177000000000000000e+03
1.610000000000000000e+03
4.651000000000000000e+03
2.483000000000000000e+03
2.705000000000000000e+03
3.517000000000000000e+03
2.100000000000000000e+03
3.863000000000000000e+03
3.373000000000000000e+03
2.224000000000000000e+04
4.342000000000000000e+03
6.550000000000000000e+02
2.020000000000000000e+03
4.633000000000000000e+03
3.777000000000000000e+03
2.114000000000000000e+03
2.419000000000000000e+03
3.298000000000000000e+03
2.635000000000000000e+03
2.483000000000000000e+03
3.344000000000000000e+03
3.212000000000000000e+03
2.644000000000000000e+03
6.243000000000000000e+03
3.730000000000000000e+03
5.327000000000000000e+03
4.353000000000000000e+03
3.244000000000000000e+03
1.795000000000000000e+03
4.196000000000000000e+03
3.082000000000000000e+03
9.384000000000000000e+03
3.738000000000000000e+03
1.259000000000000000e+03
2.571000000000000000e+03
2.607000000000000000e+03
3.303000000000000000e+03
9.771000000000000000e+03
6.263000000000000000e+03
7.615000000000000000e+03
2.286000000000000000e+03
3.763000000000000000e+03
6.973000000000000000e+03
