1.618000000000000000e+03
1.703000000000000000e+03
1.653000000000000000e+03
6.780000000000000000e+02
4.740000000000000000e+02
8.360000000000000000e+02
6.650000000000000000e+02
2.670000000000000000e+02
1.030000000000000000e+03
8.320000000000000000e+02
5.090000000000000000e+02
2.924000000000000000e+03
1.114000000000000000e+03
3.570000000000000000e+02
6.150000000000000000e+02
4.880000000000000000e+02
4.747000000000000000e+03
3.133000000000000000e+03
1.391000000000000000e+03
1.360000000000000000e+03
5.170000000000000000e+02
1.754000000000000000e+03
3.040000000000000000e+02
6.500000000000000000e+02
2.955000000000000000e+03
9.250000000000000000e+02
6.310000000000000000e+02
2.738000000000000000e+03
4.200000000000000000e+02
5.490000000000000000e+02
4.149000000000000000e+03
9.380000000000000000e+02
2.367000000000000000e+03
5.460000000000000000e+02
3.272000000000000000e+03
2.565000000000000000e+03
2.101000000000000000e+03
1.387000000000000000e+03
1.371000000000000000e+03
1.098000000000000000e+03
2.450000000000000000e+02
2.596000000000000000e+03
6.070000000000000000e+02
1.717000000000000000e+03
1.026000000000000000e+03
2.760000000000000000e+02
1.320000000000000000e+03
1.111000000000000000e+03
8.760000000000000000e+02
1.634000000000000000e+03
1.368000000000000000e+03
2.688000000000000000e+03
2.741000000000000000e+03
4.310000000000000000e+02
1.388000000000000000e+03
1.107000000000000000e+03
1.904000000000000000e+03
2.565000000000000000e+03
1.016000000000000000e+03
1.256000000000000000e+03
1.626000000000000000e+03
3.600000000000000000e+02
1.262000000000000000e+03
9.720000000000000000e+02
2.883000000000000000e+03
7.170000000000000000e+02
1.082000000000000000e+03
3.905000000000000000e+03
1.345000000000000000e+03
4.940000000000000000e+02
1.194000000000000000e+03
3.709000000000000000e+03
1.426000000000000000e+03
2.140000000000000000e+02
9.620000000000000000e+02
2.221000000000000000e+03
4.210000000000000000e+02
2.771000000000000000e+03
2.132000000000000000e+03
2.095000000000000000e+03
1.426000000000000000e+03
5.630000000000000000e+02
2.686000000000000000e+03
7.870000000000000000e+02
2.656000000000000000e+03
1.481000000000000000e+03
1.645000000000000000e+03
3.338000000000000000e+03
3.012000000000000000e+03
4.490000000000000000e+02
2.460000000000000000e+02
8.610000000000000000e+02
1.278000000000000000e+03
1.047000000000000000e+03
1.525000000000000000e+03
2.411000000000000000e+03
4.297000000000000000e+03
1.924000000000000000e+03
8.750000000000000000e+02
3.490000000000000000e+02
1.233000000000000000e+03
1.849000000000000000e+03
8.330000000000000000e+02
1.733000000000000000e+03
6.720000000000000000e+02
1.083000000000000000e+03
6.770000000000000000e+02
3.397000000000000000e+03
1.750000000000000000e+03
1.670000000000000000e+03
2.809000000000000000e+03
1.063000000000000000e+03
1.176000000000000000e+03
3.213000000000000000e+03
1.234000000000000000e+03
2.413000000000000000e+03
9.590000000000000000e+02
6.360000000000000000e+02
3.065000000000000000e+03
1.331000000000000000e+03
2.132000000000000000e+03
6.800000000000000000e+02
1.193000000000000000e+03
1.393000000000000000e+03
1.351000000000000000e+03
1.799000000000000000e+03
5.010000000000000000e+02
9.950000000000000000e+02
7.447000000000000000e+03
3.680000000000000000e+02
4.478000000000000000e+03
2.040000000000000000e+03
9.110000000000000000e+02
5.290000000000000000e+02
2.567000000000000000e+03
5.944000000000000000e+03
1.242000000000000000e+03
4.233000000000000000e+03
1.257000000000000000e+03
3.335000000000000000e+03
1.697000000000000000e+03
1.023000000000000000e+03
3.560000000000000000e+02
9.220000000000000000e+02
1.750000000000000000e+03
3.180000000000000000e+02
1.173000000000000000e+03
1.070000000000000000e+03
5.422000000000000000e+03
1.009000000000000000e+03
5.550000000000000000e+02
8.370000000000000000e+02
8.160000000000000000e+02
2.828000000000000000e+03
8.870000000000000000e+02
8.840000000000000000e+02
3.529000000000000000e+03
8.890000000000000000e+02
1.114000000000000000e+03
1.344000000000000000e+03
5.170000000000000000e+02
2.155000000000000000e+03
9.010000000000000000e+02
1.243000000000000000e+03
7.140000000000000000e+02
7.270000000000000000e+02
1.243000000000000000e+03
9.230000000000000000e+02
7.530000000000000000e+02
6.640000000000000000e+02
7.350000000000000000e+02
1.696000000000000000e+03
9.390000000000000000e+02
1.402000000000000000e+03
2.051000000000000000e+03
8.060000000000000000e+02
7.350000000000000000e+02
7.340000000000000000e+02
1.004000000000000000e+03
1.061000000000000000e+03
6.980000000000000000e+02
1.824000000000000000e+03
1.968000000000000000e+03
7.290000000000000000e+02
1.043000000000000000e+03
8.720000000000000000e+02
1.073000000000000000e+03
3.981000000000000000e+03
2.361000000000000000e+03
1.397000000000000000e+03
1.196000000000000000e+03
5.650000000000000000e+02
3.045000000000000000e+03
4.349000000000000000e+03
1.331000000000000000e+03
7.510000000000000000e+02
7.020000000000000000e+02
2.801000000000000000e+03
2.217000000000000000e+03
1.276000000000000000e+03
3.920000000000000000e+03
4.460000000000000000e+02
8.220000000000000000e+02
1.963000000000000000e+03
5.100000000000000000e+02
5.200000000000000000e+02
5.260000000000000000e+02
6.050000000000000000e+02
6.210000000000000000e+02
1.673000000000000000e+03
5.700000000000000000e+02
8.250000000000000000e+02
6.460000000000000000e+02
1.531000000000000000e+03
1.938000000000000000e+03
1.999000000000000000e+03
7.240000000000000000e+02
1.166000000000000000e+03
4.250000000000000000e+02
1.057000000000000000e+03
7.490000000000000000e+02
1.219000000000000000e+03
2.066000000000000000e+03
1.842000000000000000e+03
8.510000000000000000e+02
5.310000000000000000e+02
8.390000000000000000e+02
1.055000000000000000e+03
5.550000000000000000e+02
1.467000000000000000e+03
2.080000000000000000e+03
1.217000000000000000e+03
2.462000000000000000e+03
1.334000000000000000e+03
9.170000000000000000e+02
2.261000000000000000e+03
9.560000000000000000e+02
1.288000000000000000e+03
1.099000000000000000e+03
1.033000000000000000e+03
1.745000000000000000e+03
6.398000000000000000e+03
1.320000000000000000e+03
9.010000000000000000e+02
4.800000000000000000e+02
2.047000000000000000e+03
5.460000000000000000e+02
1.667000000000000000e+03
3.170000000000000000e+02
5.377000000000000000e+03
3.654000000000000000e+03
5.443000000000000000e+03
2.670000000000000000e+02
1.048000000000000000e+03
2.122000000000000000e+03
1.197000000000000000e+03
1.760000000000000000e+03
3.430000000000000000e+02
4.890000000000000000e+02
1.510000000000000000e+03
1.118000000000000000e+03
1.040000000000000000e+03
2.322000000000000000e+03
1.301000000000000000e+03
1.810000000000000000e+03
2.954000000000000000e+03
3.617000000000000000e+03
2.105000000000000000e+03
7.160000000000000000e+02
5.340000000000000000e+02
9.330000000000000000e+02
3.050000000000000000e+02
7.410000000000000000e+02
4.160000000000000000e+02
9.100000000000000000e+02
4.280000000000000000e+02
7.290000000000000000e+02
1.041000000000000000e+03
1.961000000000000000e+03
5.080000000000000000e+02
1.873000000000000000e+03
2.170000000000000000e+03
1.667000000000000000e+03
1.026000000000000000e+03
3.649000000000000000e+03
1.625000000000000000e+03
5.400000000000000000e+02
5.380000000000000000e+02
2.312000000000000000e+03
9.000000000000000000e+02
1.407000000000000000e+03
4.120000000000000000e+02
3.820000000000000000e+03
1.706000000000000000e+03
2.981000000000000000e+03
2.624000000000000000e+03
5.920000000000000000e+02
2.231000000000000000e+03
6.590000000000000000e+02
1.685000000000000000e+03
7.800000000000000000e+02
2.210000000000000000e+03
1.112000000000000000e+03
6.690000000000000000e+02
2.276000000000000000e+03
1.709000000000000000e+03
9.770000000000000000e+02
4.530000000000000000e+02
4.271000000000000000e+03
2.509000000000000000e+03
4.440000000000000000e+02
3.746000000000000000e+03
1.419000000000000000e+03
5.110000000000000000e+02
1.679000000000000000e+03
6.490000000000000000e+02
3.980000000000000000e+02
1.286000000000000000e+03
8.570000000000000000e+02
5.240000000000000000e+02
3.470000000000000000e+02
1.977000000000000000e+03
4.840000000000000000e+02
7.680000000000000000e+02
1.921000000000000000e+03
1.376000000000000000e+03
6.800000000000000000e+02
4.560000000000000000e+02
2.609000000000000000e+03
1.413000000000000000e+03
2.710000000000000000e+02
9.720000000000000000e+02
5.340000000000000000e+02
2.466000000000000000e+03
9.780000000000000000e+02
1.301000000000000000e+03
2.053000000000000000e+03
3.340000000000000000e+02
2.962000000000000000e+03
8.140000000000000000e+02
1.096000000000000000e+03
1.575000000000000000e+03
5.470000000000000000e+02
2.062000000000000000e+03
1.105000000000000000e+03
1.972000000000000000e+03
9.330000000000000000e+02
1.052000000000000000e+03
3.250000000000000000e+02
1.188000000000000000e+03
1.186000000000000000e+03
6.670000000000000000e+02
1.615000000000000000e+03
9.820000000000000000e+02
9.580000000000000000e+02
3.370000000000000000e+02
7.050000000000000000e+02
8.350000000000000000e+02
4.510000000000000000e+02
3.430000000000000000e+02
5.290000000000000000e+02
5.210000000000000000e+02
1.542000000000000000e+03
1.051000000000000000e+03
1.440000000000000000e+03
1.039000000000000000e+03
1.269000000000000000e+03
1.607000000000000000e+03
5.197000000000000000e+03
9.630000000000000000e+02
2.977000000000000000e+03
3.340000000000000000e+02
7.480000000000000000e+02
1.732000000000000000e+03
5.570000000000000000e+02
1.126000000000000000e+03
2.630000000000000000e+02
6.400000000000000000e+02
8.720000000000000000e+02
3.686000000000000000e+03
3.131000000000000000e+03
1.134000000000000000e+03
3.460000000000000000e+02
1.657000000000000000e+03
1.053000000000000000e+03
1.750000000000000000e+03
5.934000000000000000e+03
3.816000000000000000e+03
2.438000000000000000e+03
1.203000000000000000e+03
1.406000000000000000e+03
1.452000000000000000e+03
1.051000000000000000e+03
2.084000000000000000e+03
1.055000000000000000e+03
5.820000000000000000e+02
1.756000000000000000e+03
9.110000000000000000e+02
2.434000000000000000e+03
2.571000000000000000e+03
2.099000000000000000e+03
8.690000000000000000e+02
1.980000000000000000e+03
4.910000000000000000e+02
6.790000000000000000e+02
3.259000000000000000e+03
7.570000000000000000e+02
2.288000000000000000e+03
2.702000000000000000e+03
2.440000000000000000e+03
1.512000000000000000e+03
8.740000000000000000e+02
9.370000000000000000e+02
7.560000000000000000e+02
1.496000000000000000e+03
4.822000000000000000e+03
4.180000000000000000e+02
1.306000000000000000e+03
1.593000000000000000e+03
1.214000000000000000e+03
2.790000000000000000e+03
9.880000000000000000e+02
1.075000000000000000e+03
1.277000000000000000e+03
4.217000000000000000e+03
1.054000000000000000e+03
4.651000000000000000e+03
1.860000000000000000e+03
1.629000000000000000e+03
7.770000000000000000e+02
3.157000000000000000e+03
3.380000000000000000e+02
3.110000000000000000e+02
9.070000000000000000e+02
2.279000000000000000e+03
2.460000000000000000e+02
9.560000000000000000e+02
1.665000000000000000e+03
1.682000000000000000e+03
9.950000000000000000e+02
2.048000000000000000e+03
4.590000000000000000e+02
1.629000000000000000e+03
3.480000000000000000e+02
5.060000000000000000e+02
1.130000000000000000e+03
3.060000000000000000e+02
1.443000000000000000e+03
2.460000000000000000e+02
1.136000000000000000e+03
4.367000000000000000e+03
2.993000000000000000e+03
1.197000000000000000e+03
7.210000000000000000e+02
1.359000000000000000e+03
6.520000000000000000e+02
5.700000000000000000e+02
6.960000000000000000e+02
2.690000000000000000e+02
2.007000000000000000e+03
1.087000000000000000e+03
4.426000000000000000e+03
2.331000000000000000e+03
2.799000000000000000e+03
7.160000000000000000e+02
1.463000000000000000e+03
2.330000000000000000e+02
5.960000000000000000e+02
3.402000000000000000e+03
1.420000000000000000e+03
1.038000000000000000e+03
1.468000000000000000e+03
3.756000000000000000e+03
1.136000000000000000e+03
2.061000000000000000e+03
6.164000000000000000e+03
1.900000000000000000e+02
3.030000000000000000e+02
1.720000000000000000e+03
6.790000000000000000e+02
5.450000000000000000e+02
7.590000000000000000e+02
3.634000000000000000e+03
9.360000000000000000e+02
4.580000000000000000e+02
3.510000000000000000e+02
9.660000000000000000e+02
2.882000000000000000e+03
3.530000000000000000e+02
1.157000000000000000e+03
1.025000000000000000e+03
1.160000000000000000e+03
8.980000000000000000e+02
1.976000000000000000e+03
9.080000000000000000e+02
1.323000000000000000e+03
3.561000000000000000e+03
2.299000000000000000e+03
1.117000000000000000e+03
1.641000000000000000e+03
1.729000000000000000e+03
5.730000000000000000e+02
4.126000000000000000e+03
6.920000000000000000e+02
6.860000000000000000e+02
7.510000000000000000e+02
2.066000000000000000e+03
3.690000000000000000e+02
3.383000000000000000e+03
2.302000000000000000e+03
2.118000000000000000e+03
1.370000000000000000e+03
4.560000000000000000e+02
1.567000000000000000e+03
3.830000000000000000e+02
3.850000000000000000e+02
4.830000000000000000e+02
2.070000000000000000e+02
4.260000000000000000e+02
2.805000000000000000e+03
5.990000000000000000e+02
5.620000000000000000e+02
1.177000000000000000e+03
5.660000000000000000e+02
1.463000000000000000e+03
2.595000000000000000e+03
2.818000000000000000e+03
2.110000000000000000e+02
2.770000000000000000e+02
1.209000000000000000e+03
6.750000000000000000e+02
4.910000000000000000e+02
1.011000000000000000e+03
1.319000000000000000e+03
6.110000000000000000e+02
2.742000000000000000e+03
5.640000000000000000e+02
5.440000000000000000e+02
2.118000000000000000e+03
9.200000000000000000e+02
2.107000000000000000e+03
1.913000000000000000e+03
3.990000000000000000e+02
5.173000000000000000e+03
1.880000000000000000e+02
2.458000000000000000e+03
7.340000000000000000e+02
5.710000000000000000e+02
8.510000000000000000e+02
8.980000000000000000e+02
2.151000000000000000e+03
5.600000000000000000e+02
4.440000000000000000e+02
2.252000000000000000e+03
3.047000000000000000e+03
2.622000000000000000e+03
2.631000000000000000e+03
9.090000000000000000e+02
4.520000000000000000e+02
1.314000000000000000e+03
1.346000000000000000e+03
6.630000000000000000e+02
2.120000000000000000e+03
1.327000000000000000e+03
2.463000000000000000e+03
2.442000000000000000e+03
3.831000000000000000e+03
2.151000000000000000e+03
8.120000000000000000e+02
5.160000000000000000e+02
1.635000000000000000e+03
2.146000000000000000e+03
4.574000000000000000e+03
1.653000000000000000e+03
8.980000000000000000e+02
6.498000000000000000e+03
4.980000000000000000e+02
1.817000000000000000e+03
1.036000000000000000e+03
1.439000000000000000e+03
3.016000000000000000e+03
2.218000000000000000e+03
1.709000000000000000e+03
4.235000000000000000e+03
1.123000000000000000e+03
6.000000000000000000e+02
7.770000000000000000e+02
4.260000000000000000e+02
3.337000000000000000e+03
4.110000000000000000e+02
7.980000000000000000e+02
3.755000000000000000e+03
8.330000000000000000e+02
4.341000000000000000e+03
4.860000000000000000e+02
2.330000000000000000e+03
1.733000000000000000e+03
2.247000000000000000e+03
2.924000000000000000e+03
7.670000000000000000e+02
9.330000000000000000e+02
1.898000000000000000e+03
5.160000000000000000e+02
1.620000000000000000e+02
1.169000000000000000e+03
6.530000000000000000e+02
2.487000000000000000e+03
1.498000000000000000e+03
1.569000000000000000e+03
9.200000000000000000e+02
4.933000000000000000e+03
6.140000000000000000e+02
1.070000000000000000e+03
1.018000000000000000e+03
2.364000000000000000e+03
1.293000000000000000e+03
9.100000000000000000e+02
2.750000000000000000e+02
1.335000000000000000e+03
3.094000000000000000e+03
3.997000000000000000e+03
8.240000000000000000e+02
2.964000000000000000e+03
1.362000000000000000e+03
1.152000000000000000e+03
3.176000000000000000e+03
3.600000000000000000e+02
5.779000000000000000e+03
9.310000000000000000e+02
8.990000000000000000e+02
1.877000000000000000e+03
8.130000000000000000e+02
4.380000000000000000e+02
5.043000000000000000e+03
2.726000000000000000e+03
1.171000000000000000e+03
3.760000000000000000e+02
9.560000000000000000e+02
3.330000000000000000e+02
2.080000000000000000e+03
3.047000000000000000e+03
9.430000000000000000e+02
1.429000000000000000e+03
3.200000000000000000e+02
3.151000000000000000e+03
5.450000000000000000e+02
1.335000000000000000e+03
2.010000000000000000e+02
3.080000000000000000e+02
3.552000000000000000e+03
1.873000000000000000e+03
2.417000000000000000e+03
1.307000000000000000e+03
1.357000000000000000e+03
2.420000000000000000e+02
4.960000000000000000e+02
1.978000000000000000e+03
4.380000000000000000e+02
2.440000000000000000e+02
2.330000000000000000e+02
3.529000000000000000e+03
1.798000000000000000e+03
4.420000000000000000e+02
2.816000000000000000e+03
5.280000000000000000e+02
2.069000000000000000e+03
1.717000000000000000e+03
7.120000000000000000e+02
8.040000000000000000e+02
2.447000000000000000e+03
1.378000000000000000e+03
2.799000000000000000e+03
2.110000000000000000e+02
1.242000000000000000e+03
1.551000000000000000e+03
7.380000000000000000e+02
9.000000000000000000e+02
1.991000000000000000e+03
1.030000000000000000e+03
1.103000000000000000e+03
1.493000000000000000e+03
3.065000000000000000e+03
1.290000000000000000e+03
4.592000000000000000e+03
1.465000000000000000e+03
4.627000000000000000e+03
2.710000000000000000e+03
3.440000000000000000e+02
1.284000000000000000e+03
5.170000000000000000e+02
5.380000000000000000e+02
8.380000000000000000e+02
1.163000000000000000e+03
1.701000000000000000e+03
1.989000000000000000e+03
1.491000000000000000e+03
1.329000000000000000e+03
6.770000000000000000e+02
1.499000000000000000e+03
1.301000000000000000e+03
2.229000000000000000e+03
1.048000000000000000e+03
3.965000000000000000e+03
1.338000000000000000e+03
1.244000000000000000e+03
1.890000000000000000e+03
7.030000000000000000e+02
9.450000000000000000e+02
2.420000000000000000e+03
4.327000000000000000e+03
6.470000000000000000e+02
1.558000000000000000e+03
2.852000000000000000e+03
5.980000000000000000e+02
5.640000000000000000e+02
3.616000000000000000e+03
7.740000000000000000e+02
7.190000000000000000e+02
7.180000000000000000e+02
1.645000000000000000e+03
1.044000000000000000e+03
1.263000000000000000e+03
6.969000000000000000e+03
5.850000000000000000e+02
7.650000000000000000e+02
8.200000000000000000e+02
1.040000000000000000e+03
2.988000000000000000e+03
3.660000000000000000e+02
1.196000000000000000e+03
1.596000000000000000e+03
2.316000000000000000e+03
1.272000000000000000e+03
5.970000000000000000e+02
9.820000000000000000e+02
2.150000000000000000e+03
2.071000000000000000e+03
6.330000000000000000e+02
5.870000000000000000e+02
1.072000000000000000e+03
1.630000000000000000e+03
2.700000000000000000e+02
2.780000000000000000e+03
1.932000000000000000e+03
5.660000000000000000e+02
1.304000000000000000e+03
3.196000000000000000e+03
1.891000000000000000e+03
3.374000000000000000e+03
2.003000000000000000e+03
9.290000000000000000e+02
7.530000000000000000e+02
2.535000000000000000e+03
1.333000000000000000e+03
1.851000000000000000e+03
1.399000000000000000e+03
6.820000000000000000e+02
2.228000000000000000e+03
5.410000000000000000e+02
2.980000000000000000e+02
3.960000000000000000e+02
4.130000000000000000e+02
1.836000000000000000e+03
3.390000000000000000e+02
1.199000000000000000e+03
1.527000000000000000e+03
3.910000000000000000e+02
6.830000000000000000e+02
3.830000000000000000e+02
2.640000000000000000e+02
3.898000000000000000e+03
7.890000000000000000e+02
4.500000000000000000e+02
4.362000000000000000e+03
7.950000000000000000e+02
6.010000000000000000e+02
1.282000000000000000e+03
2.915000000000000000e+03
8.010000000000000000e+02
1.661000000000000000e+03
3.480000000000000000e+03
7.905000000000000000e+03
2.544000000000000000e+03
8.740000000000000000e+02
3.200000000000000000e+02
1.790000000000000000e+03
2.704000000000000000e+03
5.230000000000000000e+02
8.150000000000000000e+02
1.105000000000000000e+03
1.604000000000000000e+03
5.151000000000000000e+03
3.797000000000000000e+03
3.571000000000000000e+03
5.330000000000000000e+02
1.678000000000000000e+03
1.988000000000000000e+03
8.140000000000000000e+02
8.570000000000000000e+02
1.872000000000000000e+03
1.116000000000000000e+03
1.517000000000000000e+03
1.215000000000000000e+03
1.000000000000000000e+03
1.860000000000000000e+03
3.040000000000000000e+03
1.411000000000000000e+03
1.717000000000000000e+03
3.859000000000000000e+03
5.530000000000000000e+02
3.060000000000000000e+03
1.272000000000000000e+03
2.498000000000000000e+03
1.770000000000000000e+03
6.710000000000000000e+02
2.587000000000000000e+03
3.005000000000000000e+03
3.130000000000000000e+02
5.410000000000000000e+02
1.185000000000000000e+03
5.870000000000000000e+02
2.325000000000000000e+03
1.181000000000000000e+03
1.649000000000000000e+03
2.790000000000000000e+02
2.162000000000000000e+03
3.013000000000000000e+03
2.118000000000000000e+03
1.721000000000000000e+03
3.120000000000000000e+02
5.660000000000000000e+02
4.770000000000000000e+02
1.646000000000000000e+03
1.553000000000000000e+03
1.218000000000000000e+03
2.141000000000000000e+03
2.112000000000000000e+03
1.124000000000000000e+03
6.800000000000000000e+02
1.001000000000000000e+03
1.465000000000000000e+03
1.859000000000000000e+03
5.970000000000000000e+02
1.709000000000000000e+03
2.241000000000000000e+03
5.800000000000000000e+02
1.574000000000000000e+03
1.164000000000000000e+03
1.463000000000000000e+03
5.138000000000000000e+03
3.066000000000000000e+03
1.246000000000000000e+03
8.630000000000000000e+02
3.710000000000000000e+02
1.665000000000000000e+03
8.660000000000000000e+02
5.090000000000000000e+02
2.363000000000000000e+03
1.640000000000000000e+03
7.320000000000000000e+02
8.480000000000000000e+02
1.866000000000000000e+03
6.280000000000000000e+02
3.340000000000000000e+02
1.441000000000000000e+03
7.230000000000000000e+02
5.640000000000000000e+02
3.590000000000000000e+02
7.020000000000000000e+02
1.085000000000000000e+03
1.521000000000000000e+03
1.348000000000000000e+03
2.831000000000000000e+03
1.806000000000000000e+03
3.430000000000000000e+02
2.590000000000000000e+02
8.063000000000000000e+03
1.715000000000000000e+03
2.208000000000000000e+03
6.170000000000000000e+02
2.956000000000000000e+03
1.115000000000000000e+03
7.060000000000000000e+02
3.187000000000000000e+03
6.760000000000000000e+02
4.620000000000000000e+02
1.626000000000000000e+03
2.834000000000000000e+03
9.880000000000000000e+02
1.705000000000000000e+03
3.868000000000000000e+03
4.060000000000000000e+02
7.730000000000000000e+03
1.161000000000000000e+03
1.460000000000000000e+03
2.353000000000000000e+03
5.440000000000000000e+02
1.709000000000000000e+03
2.297000000000000000e+03
1.781000000000000000e+03
1.670000000000000000e+03
6.250000000000000000e+02
6.220000000000000000e+02
7.000000000000000000e+02
1.387000000000000000e+03
7.240000000000000000e+02
6.870000000000000000e+02
2.030000000000000000e+02
3.313000000000000000e+03
4.469000000000000000e+03
1.957000000000000000e+03
4.857000000000000000e+03
1.226000000000000000e+03
1.157000000000000000e+03
1.002000000000000000e+03
4.930000000000000000e+02
1.454000000000000000e+03
3.567000000000000000e+03
1.692000000000000000e+03
1.696000000000000000e+03
1.938000000000000000e+03
3.310000000000000000e+02
9.780000000000000000e+02
2.800000000000000000e+03
2.181000000000000000e+03
6.620000000000000000e+02
3.352000000000000000e+03
3.768000000000000000e+03
5.680000000000000000e+02
3.330000000000000000e+03
2.363000000000000000e+03
6.370000000000000000e+02
7.760000000000000000e+02
7.590000000000000000e+02
1.176000000000000000e+03
4.281000000000000000e+03
1.331000000000000000e+03
2.173000000000000000e+03
8.290000000000000000e+02
4.030000000000000000e+02
3.822000000000000000e+03
4.700000000000000000e+02
1.800000000000000000e+03
8.380000000000000000e+02
1.156000000000000000e+03
2.660000000000000000e+02
5.150000000000000000e+02
5.260000000000000000e+02
1.024000000000000000e+03
2.400000000000000000e+03
2.167000000000000000e+03
2.095000000000000000e+03
1.268000000000000000e+03
3.796000000000000000e+03
8.380000000000000000e+02
9.320000000000000000e+02
1.415000000000000000e+03
1.735000000000000000e+03
5.880000000000000000e+02
1.819000000000000000e+03
4.930000000000000000e+02
1.098000000000000000e+03
1.804000000000000000e+03
5.060000000000000000e+02
2.230000000000000000e+03
9.220000000000000000e+02
2.614000000000000000e+03
1.761000000000000000e+03
3.069000000000000000e+03
3.946000000000000000e+03
1.953000000000000000e+03
2.909000000000000000e+03
1.167000000000000000e+03
2.287000000000000000e+03
8.790000000000000000e+02
6.281000000000000000e+03
4.461000000000000000e+03
3.050000000000000000e+02
9.090000000000000000e+02
6.630000000000000000e+02
2.960000000000000000e+02
4.951000000000000000e+03
6.940000000000000000e+02
4.650000000000000000e+02
1.684000000000000000e+03
4.760000000000000000e+02
3.780000000000000000e+02
1.126000000000000000e+03
2.172000000000000000e+03
2.859000000000000000e+03
1.857000000000000000e+03
3.980000000000000000e+02
9.140000000000000000e+02
5.980000000000000000e+02
5.070000000000000000e+02
8.860000000000000000e+02
1.300000000000000000e+03
1.669000000000000000e+03
1.098000000000000000e+03
1.439000000000000000e+03
