1.354200000000000000e+04
3.177000000000000000e+03
3.887000000000000000e+03
7.598000000000000000e+03
1.945000000000000000e+03
2.205000000000000000e+03
1.588000000000000000e+03
3.838000000000000000e+03
1.457500000000000000e+04
2.552000000000000000e+03
4.287000000000000000e+03
4.973000000000000000e+03
6.614000000000000000e+03
1.911800000000000000e+04
8.078000000000000000e+03
3.077000000000000000e+03
3.173000000000000000e+03
6.563000000000000000e+03
5.521000000000000000e+03
2.037600000000000000e+04
1.643000000000000000e+03
3.033600000000000000e+04
4.033000000000000000e+03
1.269200000000000000e+04
2.516000000000000000e+03
2.789000000000000000e+03
3.953000000000000000e+03
2.979000000000000000e+03
6.887000000000000000e+03
7.414000000000000000e+03
3.383000000000000000e+03
2.522000000000000000e+03
1.172000000000000000e+04
7.597000000000000000e+03
4.150000000000000000e+03
3.439000000000000000e+03
7.338000000000000000e+03
3.088000000000000000e+03
1.551000000000000000e+03
8.630000000000000000e+03
4.457000000000000000e+03
2.859000000000000000e+03
1.451200000000000000e+04
1.073700000000000000e+04
1.361500000000000000e+04
7.203000000000000000e+03
4.787000000000000000e+03
8.663000000000000000e+03
2.943000000000000000e+03
1.348900000000000000e+04
4.501000000000000000e+03
1.090500000000000000e+04
8.805000000000000000e+03
2.680000000000000000e+03
5.892000000000000000e+03
1.671900000000000000e+04
3.915000000000000000e+03
2.251000000000000000e+03
6.004000000000000000e+03
4.805000000000000000e+03
5.183000000000000000e+03
7.233000000000000000e+03
4.105000000000000000e+03
6.749000000000000000e+03
4.763000000000000000e+03
5.861000000000000000e+03
4.414000000000000000e+03
3.674000000000000000e+03
4.244000000000000000e+03
8.465000000000000000e+03
6.884000000000000000e+03
3.208000000000000000e+03
5.531000000000000000e+03
7.905000000000000000e+03
4.927000000000000000e+03
1.176900000000000000e+04
1.366400000000000000e+04
1.907000000000000000e+03
5.706000000000000000e+03
2.224000000000000000e+03
1.561500000000000000e+04
7.099000000000000000e+03
5.416000000000000000e+03
1.626000000000000000e+03
6.519000000000000000e+03
3.154000000000000000e+03
3.340000000000000000e+03
2.564000000000000000e+03
2.841000000000000000e+03
1.200300000000000000e+04
1.302200000000000000e+04
5.003000000000000000e+03
3.469000000000000000e+03
1.866200000000000000e+04
8.979000000000000000e+03
5.098000000000000000e+03
1.759900000000000000e+04
2.490000000000000000e+03
1.197300000000000000e+04
2.238000000000000000e+04
2.017200000000000000e+04
4.576000000000000000e+03
1.166700000000000000e+04
3.764000000000000000e+03
5.942000000000000000e+03
2.204000000000000000e+03
3.486000000000000000e+03
6.854000000000000000e+03
5.354000000000000000e+03
8.644000000000000000e+03
5.444000000000000000e+03
4.553000000000000000e+03
9.448000000000000000e+03
1.495800000000000000e+04
1.033100000000000000e+04
4.646000000000000000e+03
6.343000000000000000e+03
2.207600000000000000e+04
6.275000000000000000e+03
1.910000000000000000e+03
2.552000000000000000e+03
6.053000000000000000e+03
6.511000000000000000e+03
3.041000000000000000e+03
1.449300000000000000e+04
3.192000000000000000e+03
1.141400000000000000e+04
5.258000000000000000e+03
2.848000000000000000e+03
7.108000000000000000e+03
7.079000000000000000e+03
1.492000000000000000e+03
1.258600000000000000e+04
1.673400000000000000e+04
1.427000000000000000e+03
5.680000000000000000e+03
4.548000000000000000e+03
6.079000000000000000e+03
5.472000000000000000e+03
3.182000000000000000e+03
6.392000000000000000e+03
1.900100000000000000e+04
6.858000000000000000e+03
6.250000000000000000e+03
2.248000000000000000e+03
1.243000000000000000e+04
1.233400000000000000e+04
3.145000000000000000e+03
1.002500000000000000e+04
1.326800000000000000e+04
2.570000000000000000e+03
6.548000000000000000e+03
4.885000000000000000e+03
4.191000000000000000e+03
4.395000000000000000e+03
1.013400000000000000e+04
6.850000000000000000e+03
8.475000000000000000e+03
6.848000000000000000e+03
6.646000000000000000e+03
4.914000000000000000e+03
4.784000000000000000e+03
1.455200000000000000e+04
5.829000000000000000e+03
2.314000000000000000e+03
2.721000000000000000e+03
5.279000000000000000e+03
4.718000000000000000e+03
6.537000000000000000e+03
6.399000000000000000e+03
1.109100000000000000e+04
2.563000000000000000e+03
9.310000000000000000e+03
2.741000000000000000e+03
1.600000000000000000e+03
3.810000000000000000e+03
2.028000000000000000e+03
1.216100000000000000e+04
5.024000000000000000e+03
1.704000000000000000e+03
4.854000000000000000e+03
8.354000000000000000e+03
9.618000000000000000e+03
1.160700000000000000e+04
4.016000000000000000e+03
1.698000000000000000e+03
5.222000000000000000e+03
5.901000000000000000e+03
3.526000000000000000e+03
1.714100000000000000e+04
1.869000000000000000e+03
4.732000000000000000e+03
4.576000000000000000e+03
8.559000000000000000e+03
2.791000000000000000e+03
2.773000000000000000e+03
1.218200000000000000e+04
1.401800000000000000e+04
2.051000000000000000e+03
5.822000000000000000e+03
4.217000000000000000e+03
1.466800000000000000e+04
5.768000000000000000e+03
4.139000000000000000e+03
8.179000000000000000e+03
6.580000000000000000e+03
3.107000000000000000e+03
1.119400000000000000e+04
4.915000000000000000e+03
5.728000000000000000e+03
3.178000000000000000e+03
1.765000000000000000e+03
2.692000000000000000e+03
2.614000000000000000e+03
3.255000000000000000e+03
7.280000000000000000e+03
2.720000000000000000e+03
7.616000000000000000e+03
4.256000000000000000e+03
3.651000000000000000e+03
3.320000000000000000e+03
3.492000000000000000e+03
1.769700000000000000e+04
5.566000000000000000e+03
6.168000000000000000e+03
8.373000000000000000e+03
2.177000000000000000e+03
9.661000000000000000e+03
4.392000000000000000e+03
6.903000000000000000e+03
2.681900000000000000e+04
5.232000000000000000e+03
1.369000000000000000e+04
1.982000000000000000e+03
1.291400000000000000e+04
3.554000000000000000e+03
3.484000000000000000e+03
3.543000000000000000e+03
9.289000000000000000e+03
1.022300000000000000e+04
2.268000000000000000e+03
4.648000000000000000e+03
1.638000000000000000e+03
9.054000000000000000e+03
5.407000000000000000e+03
8.573000000000000000e+03
3.122000000000000000e+03
2.227000000000000000e+03
3.212000000000000000e+03
1.576900000000000000e+04
5.348000000000000000e+03
5.008000000000000000e+03
3.987000000000000000e+03
2.014000000000000000e+03
2.722000000000000000e+03
5.769000000000000000e+03
2.114000000000000000e+03
1.018200000000000000e+04
9.953000000000000000e+03
7.468000000000000000e+03
8.965000000000000000e+03
3.242000000000000000e+03
2.148000000000000000e+03
3.260000000000000000e+03
6.409000000000000000e+03
3.112000000000000000e+03
1.006700000000000000e+04
3.899000000000000000e+03
1.024300000000000000e+04
1.169800000000000000e+04
2.894000000000000000e+03
5.590000000000000000e+03
2.542000000000000000e+03
2.112000000000000000e+03
2.114900000000000000e+04
3.868000000000000000e+03
7.460000000000000000e+03
7.378000000000000000e+03
5.798000000000000000e+03
4.978000000000000000e+03
1.812000000000000000e+03
1.397100000000000000e+04
5.469000000000000000e+03
5.390000000000000000e+03
6.491000000000000000e+03
2.377000000000000000e+03
8.162000000000000000e+03
4.395000000000000000e+03
1.358100000000000000e+04
1.539100000000000000e+04
3.434000000000000000e+03
5.759000000000000000e+03
3.503000000000000000e+03
4.560000000000000000e+03
2.009800000000000000e+04
8.089000000000000000e+03
5.418000000000000000e+03
4.921000000000000000e+03
2.343000000000000000e+03
9.790000000000000000e+03
5.412000000000000000e+03
6.403000000000000000e+03
8.143000000000000000e+03
1.472000000000000000e+03
2.616000000000000000e+03
4.677000000000000000e+03
2.188000000000000000e+03
4.779000000000000000e+03
1.693100000000000000e+04
6.391000000000000000e+03
3.207000000000000000e+03
1.441000000000000000e+04
1.079900000000000000e+04
1.613000000000000000e+03
3.293000000000000000e+03
1.301800000000000000e+04
9.136000000000000000e+03
7.724000000000000000e+03
3.722000000000000000e+03
2.028000000000000000e+03
4.871000000000000000e+03
4.645000000000000000e+03
7.490000000000000000e+03
3.072000000000000000e+03
3.783000000000000000e+03
9.667000000000000000e+03
1.958000000000000000e+03
4.999000000000000000e+03
1.334000000000000000e+03
8.931000000000000000e+03
3.742000000000000000e+03
3.384000000000000000e+03
4.646000000000000000e+03
2.713000000000000000e+03
5.083000000000000000e+03
3.479000000000000000e+03
1.209900000000000000e+04
4.713000000000000000e+03
1.457300000000000000e+04
3.182000000000000000e+03
1.258600000000000000e+04
2.014100000000000000e+04
5.997000000000000000e+03
6.765000000000000000e+03
2.249000000000000000e+03
4.097000000000000000e+03
5.281000000000000000e+03
2.375000000000000000e+03
4.229000000000000000e+03
4.092000000000000000e+03
7.202000000000000000e+03
7.423000000000000000e+03
6.623000000000000000e+03
2.866000000000000000e+03
8.634000000000000000e+03
5.812000000000000000e+03
9.681000000000000000e+03
8.489000000000000000e+03
6.857000000000000000e+03
7.315000000000000000e+03
3.531000000000000000e+03
1.252400000000000000e+04
4.197000000000000000e+03
2.649000000000000000e+03
8.131000000000000000e+03
1.142200000000000000e+04
1.366000000000000000e+03
1.034100000000000000e+04
1.107900000000000000e+04
7.961000000000000000e+03
9.686000000000000000e+03
1.809300000000000000e+04
5.578000000000000000e+03
1.535000000000000000e+03
1.177000000000000000e+04
3.546000000000000000e+03
7.726000000000000000e+03
6.130000000000000000e+03
1.718000000000000000e+03
3.981000000000000000e+03
9.808000000000000000e+03
6.584000000000000000e+03
7.764000000000000000e+03
4.636000000000000000e+03
4.448000000000000000e+03
9.444000000000000000e+03
6.187000000000000000e+03
1.192000000000000000e+04
1.318700000000000000e+04
8.726000000000000000e+03
2.580000000000000000e+03
2.367000000000000000e+03
3.546000000000000000e+03
1.248400000000000000e+04
9.140000000000000000e+03
5.580000000000000000e+03
2.475000000000000000e+03
4.562000000000000000e+03
1.266000000000000000e+04
3.921000000000000000e+03
2.630000000000000000e+04
7.834000000000000000e+03
4.381000000000000000e+03
8.266000000000000000e+03
8.723000000000000000e+03
1.191200000000000000e+04
4.514000000000000000e+03
3.264000000000000000e+03
2.827000000000000000e+03
9.958000000000000000e+03
1.243600000000000000e+04
5.365000000000000000e+03
1.262000000000000000e+04
8.971000000000000000e+03
2.732600000000000000e+04
1.452900000000000000e+04
4.918000000000000000e+03
8.502000000000000000e+03
2.226000000000000000e+03
6.127000000000000000e+03
4.510000000000000000e+03
7.031000000000000000e+03
6.485000000000000000e+03
5.792000000000000000e+03
1.356000000000000000e+04
4.892000000000000000e+03
6.612000000000000000e+03
1.873600000000000000e+04
1.010800000000000000e+04
2.229000000000000000e+03
1.042700000000000000e+04
1.028400000000000000e+04
9.460000000000000000e+03
4.619000000000000000e+03
2.880600000000000000e+04
1.455400000000000000e+04
3.862000000000000000e+03
3.358000000000000000e+03
3.146000000000000000e+03
1.174000000000000000e+04
2.697700000000000000e+04
1.266900000000000000e+04
3.269000000000000000e+03
1.253000000000000000e+03
6.911000000000000000e+03
9.587000000000000000e+03
2.857000000000000000e+03
8.775000000000000000e+03
2.960000000000000000e+03
3.672000000000000000e+03
8.659000000000000000e+03
9.027000000000000000e+03
5.992000000000000000e+03
2.036000000000000000e+03
4.988000000000000000e+03
4.613000000000000000e+03
2.747000000000000000e+03
3.002000000000000000e+03
5.445000000000000000e+03
7.438000000000000000e+03
2.426000000000000000e+03
6.870000000000000000e+03
1.361500000000000000e+04
5.585000000000000000e+03
3.889000000000000000e+03
4.313000000000000000e+03
4.954000000000000000e+03
8.843000000000000000e+03
3.808000000000000000e+03
4.575000000000000000e+03
3.221000000000000000e+03
1.026200000000000000e+04
1.071500000000000000e+04
5.891000000000000000e+03
2.145000000000000000e+03
5.035000000000000000e+03
2.859000000000000000e+03
1.041100000000000000e+04
3.811000000000000000e+03
5.062000000000000000e+03
3.075000000000000000e+03
5.956000000000000000e+03
5.972000000000000000e+03
6.450000000000000000e+03
2.541000000000000000e+03
3.189000000000000000e+03
1.574100000000000000e+04
1.132000000000000000e+04
1.250300000000000000e+04
2.158000000000000000e+03
2.412200000000000000e+04
3.406000000000000000e+03
6.710000000000000000e+03
1.786100000000000000e+04
2.359000000000000000e+03
3.767000000000000000e+03
2.894000000000000000e+03
3.612000000000000000e+03
1.631000000000000000e+04
2.793000000000000000e+03
2.110000000000000000e+03
7.141000000000000000e+03
4.079000000000000000e+03
5.244000000000000000e+03
4.528000000000000000e+03
2.235000000000000000e+03
2.891000000000000000e+03
1.302000000000000000e+03
5.064000000000000000e+03
6.284000000000000000e+03
1.612600000000000000e+04
1.111000000000000000e+04
5.075000000000000000e+03
8.405000000000000000e+03
4.778000000000000000e+03
2.128000000000000000e+03
3.767000000000000000e+03
1.319900000000000000e+04
4.568000000000000000e+03
6.990000000000000000e+03
6.317000000000000000e+03
3.212000000000000000e+03
1.201500000000000000e+04
7.420000000000000000e+03
4.587000000000000000e+03
1.912000000000000000e+03
8.924000000000000000e+03
5.911000000000000000e+03
3.843000000000000000e+03
1.576900000000000000e+04
3.789000000000000000e+03
9.825000000000000000e+03
4.117000000000000000e+03
7.912000000000000000e+03
3.746000000000000000e+03
3.197000000000000000e+03
3.193000000000000000e+03
4.423000000000000000e+03
7.896000000000000000e+03
6.017000000000000000e+03
1.359100000000000000e+04
5.379000000000000000e+03
3.747000000000000000e+03
8.814000000000000000e+03
4.879000000000000000e+03
5.377000000000000000e+03
3.545000000000000000e+03
1.373400000000000000e+04
3.022000000000000000e+03
1.430000000000000000e+04
4.334000000000000000e+03
2.688000000000000000e+03
4.416000000000000000e+03
1.378600000000000000e+04
5.615000000000000000e+03
6.822000000000000000e+03
1.979000000000000000e+03
8.018000000000000000e+03
2.865000000000000000e+03
3.363000000000000000e+03
2.393300000000000000e+04
3.368000000000000000e+03
6.371000000000000000e+03
1.767900000000000000e+04
1.432100000000000000e+04
3.700000000000000000e+03
6.196000000000000000e+03
7.842000000000000000e+03
6.156000000000000000e+03
8.998000000000000000e+03
7.763000000000000000e+03
1.011200000000000000e+04
1.095700000000000000e+04
9.784000000000000000e+03
1.515000000000000000e+03
3.232000000000000000e+03
3.504000000000000000e+03
7.079000000000000000e+03
1.034200000000000000e+04
8.077000000000000000e+03
1.006000000000000000e+04
3.592000000000000000e+03
7.318000000000000000e+03
2.699000000000000000e+03
2.279000000000000000e+03
7.574000000000000000e+03
9.067000000000000000e+03
1.859100000000000000e+04
2.577000000000000000e+03
4.644000000000000000e+03
9.223000000000000000e+03
9.042000000000000000e+03
2.230200000000000000e+04
1.541900000000000000e+04
4.545000000000000000e+03
3.899000000000000000e+03
2.564000000000000000e+03
5.078000000000000000e+03
7.584000000000000000e+03
6.962000000000000000e+03
8.638000000000000000e+03
7.335000000000000000e+03
9.254000000000000000e+03
8.842000000000000000e+03
1.152100000000000000e+04
3.860000000000000000e+03
3.782000000000000000e+03
1.450100000000000000e+04
2.610000000000000000e+03
5.185000000000000000e+03
3.916000000000000000e+03
1.251500000000000000e+04
3.290000000000000000e+03
1.497000000000000000e+03
2.916000000000000000e+03
4.697000000000000000e+03
2.128000000000000000e+03
3.313000000000000000e+03
2.654000000000000000e+03
9.110000000000000000e+03
9.076000000000000000e+03
5.511000000000000000e+03
1.018400000000000000e+04
7.362000000000000000e+03
1.292700000000000000e+04
3.358000000000000000e+03
4.381000000000000000e+03
1.455900000000000000e+04
1.497000000000000000e+03
5.516000000000000000e+03
8.938000000000000000e+03
5.176000000000000000e+03
6.866000000000000000e+03
1.447100000000000000e+04
9.005000000000000000e+03
4.266000000000000000e+03
5.638000000000000000e+03
7.965000000000000000e+03
1.016500000000000000e+04
7.275000000000000000e+03
2.436000000000000000e+03
8.304000000000000000e+03
2.639000000000000000e+03
3.239000000000000000e+03
7.099000000000000000e+03
7.867000000000000000e+03
7.815000000000000000e+03
3.154000000000000000e+03
1.112200000000000000e+04
5.872000000000000000e+03
2.108100000000000000e+04
6.584000000000000000e+03
8.655000000000000000e+03
1.665500000000000000e+04
4.570000000000000000e+03
1.394500000000000000e+04
5.305000000000000000e+03
3.276000000000000000e+03
1.506300000000000000e+04
6.989000000000000000e+03
6.945000000000000000e+03
7.488000000000000000e+03
2.424000000000000000e+03
3.439000000000000000e+03
3.936000000000000000e+03
7.689000000000000000e+03
1.620700000000000000e+04
9.166000000000000000e+03
1.180400000000000000e+04
1.117000000000000000e+04
1.774000000000000000e+03
2.723600000000000000e+04
1.338100000000000000e+04
4.591000000000000000e+03
6.930000000000000000e+03
6.165000000000000000e+03
1.284200000000000000e+04
5.718000000000000000e+03
1.099200000000000000e+04
8.193000000000000000e+03
4.565000000000000000e+03
2.663000000000000000e+03
2.208000000000000000e+03
7.116000000000000000e+03
9.757000000000000000e+03
6.200000000000000000e+03
3.717000000000000000e+03
4.238000000000000000e+03
4.649000000000000000e+03
6.559000000000000000e+03
1.063600000000000000e+04
4.581000000000000000e+03
5.124000000000000000e+03
6.359000000000000000e+03
1.082500000000000000e+04
5.566000000000000000e+03
6.661000000000000000e+03
3.942000000000000000e+03
7.737000000000000000e+03
2.663000000000000000e+03
1.107700000000000000e+04
3.425000000000000000e+03
2.959000000000000000e+03
5.498000000000000000e+03
7.190000000000000000e+03
1.637000000000000000e+03
6.043000000000000000e+03
4.729000000000000000e+03
2.216000000000000000e+03
1.499800000000000000e+04
1.258000000000000000e+03
4.365000000000000000e+03
1.103100000000000000e+04
4.772000000000000000e+03
2.622000000000000000e+03
8.842000000000000000e+03
3.970000000000000000e+03
1.347000000000000000e+04
2.516000000000000000e+03
9.391000000000000000e+03
9.385000000000000000e+03
8.029000000000000000e+03
3.982000000000000000e+03
5.124000000000000000e+03
9.616000000000000000e+03
4.123000000000000000e+03
6.732000000000000000e+03
3.665000000000000000e+03
3.218000000000000000e+03
3.020000000000000000e+03
2.451700000000000000e+04
7.735000000000000000e+03
5.563000000000000000e+03
8.864000000000000000e+03
6.268000000000000000e+03
3.981000000000000000e+03
1.023200000000000000e+04
2.252000000000000000e+03
3.620000000000000000e+03
5.390000000000000000e+03
6.609000000000000000e+03
1.546300000000000000e+04
1.057100000000000000e+04
6.379000000000000000e+03
1.182400000000000000e+04
4.181000000000000000e+03
1.575000000000000000e+03
3.591000000000000000e+03
7.486000000000000000e+03
3.762000000000000000e+03
2.797000000000000000e+03
1.160600000000000000e+04
6.939000000000000000e+03
5.446000000000000000e+03
1.369400000000000000e+04
5.943000000000000000e+03
4.690000000000000000e+03
3.291000000000000000e+03
6.487000000000000000e+03
7.081000000000000000e+03
1.247900000000000000e+04
8.667000000000000000e+03
9.726000000000000000e+03
5.209000000000000000e+03
9.979000000000000000e+03
1.796000000000000000e+03
8.647000000000000000e+03
7.750000000000000000e+03
4.114000000000000000e+03
1.786200000000000000e+04
5.085000000000000000e+03
9.686000000000000000e+03
8.137000000000000000e+03
4.129000000000000000e+03
3.362000000000000000e+03
9.133000000000000000e+03
3.832000000000000000e+03
1.580500000000000000e+04
7.288000000000000000e+03
4.608000000000000000e+03
9.999000000000000000e+03
6.612000000000000000e+03
1.054100000000000000e+04
1.533000000000000000e+03
1.350700000000000000e+04
9.562000000000000000e+03
5.677000000000000000e+03
3.045000000000000000e+03
6.510000000000000000e+03
4.237000000000000000e+03
2.578500000000000000e+04
4.895000000000000000e+03
4.004000000000000000e+03
4.445000000000000000e+03
1.281800000000000000e+04
5.281000000000000000e+03
5.692000000000000000e+03
9.363000000000000000e+03
7.801000000000000000e+03
3.146000000000000000e+03
3.144000000000000000e+03
6.198000000000000000e+03
1.496000000000000000e+03
1.255000000000000000e+04
7.341000000000000000e+03
8.003000000000000000e+03
9.933000000000000000e+03
9.755000000000000000e+03
1.719800000000000000e+04
2.165000000000000000e+03
6.861000000000000000e+03
7.829000000000000000e+03
3.570000000000000000e+03
4.455000000000000000e+03
5.486000000000000000e+03
8.018000000000000000e+03
3.235000000000000000e+03
1.828000000000000000e+03
2.227000000000000000e+03
4.909000000000000000e+03
2.849000000000000000e+03
2.928000000000000000e+03
1.721100000000000000e+04
4.816000000000000000e+03
2.940000000000000000e+03
8.077000000000000000e+03
1.435800000000000000e+04
1.264800000000000000e+04
4.286000000000000000e+03
4.600000000000000000e+03
6.570000000000000000e+03
4.220000000000000000e+03
1.105800000000000000e+04
4.184000000000000000e+03
5.472000000000000000e+03
7.499000000000000000e+03
2.487000000000000000e+03
2.571000000000000000e+03
1.319700000000000000e+04
3.104000000000000000e+03
1.095700000000000000e+04
8.833000000000000000e+03
6.796000000000000000e+03
9.883000000000000000e+03
1.258300000000000000e+04
3.175000000000000000e+03
1.465600000000000000e+04
9.505000000000000000e+03
3.568000000000000000e+03
4.456000000000000000e+03
2.245000000000000000e+03
5.280000000000000000e+03
1.081800000000000000e+04
3.742000000000000000e+03
2.281000000000000000e+03
6.451000000000000000e+03
5.569000000000000000e+03
2.786000000000000000e+03
3.753000000000000000e+03
1.072000000000000000e+03
2.870000000000000000e+03
5.121000000000000000e+03
1.941900000000000000e+04
4.633000000000000000e+03
7.863000000000000000e+03
9.049000000000000000e+03
1.690000000000000000e+03
6.952000000000000000e+03
1.484400000000000000e+04
8.812000000000000000e+03
9.238000000000000000e+03
1.219000000000000000e+03
4.346000000000000000e+03
1.117800000000000000e+04
5.719000000000000000e+03
6.435000000000000000e+03
8.354000000000000000e+03
4.403000000000000000e+03
7.138000000000000000e+03
6.254000000000000000e+03
3.815000000000000000e+03
1.043500000000000000e+04
1.315300000000000000e+04
7.938000000000000000e+03
7.136000000000000000e+03
9.654000000000000000e+03
4.111000000000000000e+03
5.810000000000000000e+03
9.909000000000000000e+03
4.816000000000000000e+03
1.401900000000000000e+04
3.556000000000000000e+03
9.732000000000000000e+03
1.781300000000000000e+04
5.004000000000000000e+03
1.420800000000000000e+04
5.606000000000000000e+03
9.669000000000000000e+03
3.100000000000000000e+03
6.665000000000000000e+03
4.159000000000000000e+03
2.304000000000000000e+03
3.449000000000000000e+03
2.476000000000000000e+03
1.649000000000000000e+03
1.798000000000000000e+04
2.235000000000000000e+03
5.268000000000000000e+03
9.488000000000000000e+03
1.104900000000000000e+04
3.378000000000000000e+03
2.239400000000000000e+04
6.570000000000000000e+03
3.840000000000000000e+03
5.369000000000000000e+03
7.681000000000000000e+03
3.148000000000000000e+03
4.595000000000000000e+03
2.355000000000000000e+03
5.843000000000000000e+03
3.116000000000000000e+03
1.551600000000000000e+04
4.395000000000000000e+03
4.813000000000000000e+03
4.898000000000000000e+03
1.183200000000000000e+04
4.662000000000000000e+03
7.530000000000000000e+03
8.037000000000000000e+03
1.180000000000000000e+04
1.427200000000000000e+04
1.794300000000000000e+04
1.007600000000000000e+04
1.360900000000000000e+04
4.750000000000000000e+03
3.804000000000000000e+03
7.302000000000000000e+03
2.842000000000000000e+03
1.638900000000000000e+04
1.576100000000000000e+04
5.807000000000000000e+03
8.741000000000000000e+03
5.648000000000000000e+03
1.044700000000000000e+04
7.065000000000000000e+03
5.971000000000000000e+03
7.034000000000000000e+03
2.227000000000000000e+03
7.395000000000000000e+03
1.238900000000000000e+04
1.141700000000000000e+04
7.159000000000000000e+03
1.860000000000000000e+03
9.912000000000000000e+03
5.704000000000000000e+03
6.177000000000000000e+03
7.023000000000000000e+03
5.482000000000000000e+03
1.675200000000000000e+04
7.709000000000000000e+03
4.123000000000000000e+03
5.880000000000000000e+03
7.896000000000000000e+03
6.642000000000000000e+03
1.506300000000000000e+04
2.799000000000000000e+03
8.360000000000000000e+03
5.948000000000000000e+03
2.752000000000000000e+03
4.060000000000000000e+03
5.686000000000000000e+03
3.113000000000000000e+03
7.806000000000000000e+03
8.038000000000000000e+03
1.757100000000000000e+04
5.228000000000000000e+03
1.799000000000000000e+03
3.774000000000000000e+03
3.698000000000000000e+03
1.371500000000000000e+04
1.745400000000000000e+04
8.513000000000000000e+03
4.868000000000000000e+03
4.818000000000000000e+03
5.455000000000000000e+03
8.325000000000000000e+03
1.097700000000000000e+04
3.730000000000000000e+03
1.134500000000000000e+04
6.978000000000000000e+03
3.185000000000000000e+03
1.182500000000000000e+04
4.092000000000000000e+03
1.154600000000000000e+04
1.998000000000000000e+03
6.802000000000000000e+03
1.756000000000000000e+03
6.912000000000000000e+03
4.710000000000000000e+03
3.243000000000000000e+03
