1.011300000000000000e+04
4.763000000000000000e+03
1.816000000000000000e+03
6.069000000000000000e+03
4.460000000000000000e+03
1.295900000000000000e+04
1.250400000000000000e+04
7.764000000000000000e+03
1.635600000000000000e+04
1.079000000000000000e+04
4.311000000000000000e+03
5.802000000000000000e+03
1.854000000000000000e+03
1.206400000000000000e+04
3.851000000000000000e+03
3.860000000000000000e+03
1.005700000000000000e+04
7.059000000000000000e+03
3.404000000000000000e+03
5.034000000000000000e+03
4.727000000000000000e+03
5.171000000000000000e+03
1.607000000000000000e+04
1.389400000000000000e+04
5.249000000000000000e+03
1.605800000000000000e+04
6.916000000000000000e+03
3.976000000000000000e+03
3.721000000000000000e+03
5.682000000000000000e+03
4.611000000000000000e+03
1.183400000000000000e+04
4.194000000000000000e+03
3.144000000000000000e+03
3.607000000000000000e+03
1.205400000000000000e+04
7.596000000000000000e+03
3.455000000000000000e+03
1.198700000000000000e+04
1.078100000000000000e+04
4.094000000000000000e+03
4.637000000000000000e+03
3.876000000000000000e+03
5.021000000000000000e+03
1.115100000000000000e+04
3.246000000000000000e+03
1.037100000000000000e+04
7.368000000000000000e+03
4.525000000000000000e+03
1.080000000000000000e+04
4.937000000000000000e+03
8.987000000000000000e+03
2.607000000000000000e+03
5.840000000000000000e+03
2.838800000000000000e+04
4.883000000000000000e+03
1.772000000000000000e+03
8.412000000000000000e+03
4.757000000000000000e+03
6.005000000000000000e+03
1.249300000000000000e+04
9.280000000000000000e+03
6.565000000000000000e+03
2.225000000000000000e+03
4.491000000000000000e+03
3.432000000000000000e+03
1.032700000000000000e+04
1.375000000000000000e+04
6.851000000000000000e+03
5.468000000000000000e+03
6.353000000000000000e+03
9.726000000000000000e+03
1.042600000000000000e+04
9.813000000000000000e+03
3.038000000000000000e+03
1.218400000000000000e+04
1.338400000000000000e+04
6.909000000000000000e+03
4.497000000000000000e+03
1.516300000000000000e+04
1.242900000000000000e+04
5.223000000000000000e+03
3.133200000000000000e+04
1.575000000000000000e+03
1.350600000000000000e+04
1.175100000000000000e+04
1.108100000000000000e+04
5.261000000000000000e+03
8.329000000000000000e+03
5.996000000000000000e+03
4.791000000000000000e+03
1.013500000000000000e+04
3.073000000000000000e+03
6.569000000000000000e+03
4.742000000000000000e+03
1.275300000000000000e+04
7.171000000000000000e+03
1.073700000000000000e+04
4.445000000000000000e+03
6.452000000000000000e+03
5.522000000000000000e+03
3.669000000000000000e+03
9.140000000000000000e+03
3.240000000000000000e+03
8.146000000000000000e+03
3.118000000000000000e+03
4.557000000000000000e+03
5.430000000000000000e+03
6.911000000000000000e+03
9.295000000000000000e+03
1.727800000000000000e+04
6.061000000000000000e+03
1.478000000000000000e+04
1.671000000000000000e+03
3.439000000000000000e+03
9.831000000000000000e+03
9.105000000000000000e+03
8.726000000000000000e+03
7.500000000000000000e+03
4.996000000000000000e+03
5.320000000000000000e+03
1.079800000000000000e+04
1.097500000000000000e+04
2.065000000000000000e+03
3.688000000000000000e+03
3.744000000000000000e+03
3.861000000000000000e+03
1.967600000000000000e+04
6.934000000000000000e+03
5.810000000000000000e+03
6.234000000000000000e+03
3.841000000000000000e+03
8.755000000000000000e+03
3.776000000000000000e+03
4.236000000000000000e+03
4.403000000000000000e+03
1.502700000000000000e+04
2.811500000000000000e+04
3.334000000000000000e+03
9.400000000000000000e+03
4.988000000000000000e+03
6.491000000000000000e+03
2.125200000000000000e+04
1.255600000000000000e+04
1.097600000000000000e+04
3.128000000000000000e+03
5.118000000000000000e+03
6.441000000000000000e+03
1.145500000000000000e+04
9.660000000000000000e+03
3.543000000000000000e+03
5.798000000000000000e+03
2.490800000000000000e+04
9.423000000000000000e+03
2.668000000000000000e+03
4.827000000000000000e+03
9.194000000000000000e+03
7.097000000000000000e+03
1.450600000000000000e+04
2.357000000000000000e+03
1.370900000000000000e+04
9.785000000000000000e+03
9.619000000000000000e+03
9.658000000000000000e+03
7.734000000000000000e+03
1.434200000000000000e+04
1.151600000000000000e+04
9.150000000000000000e+03
1.579100000000000000e+04
1.668600000000000000e+04
3.886000000000000000e+03
1.246900000000000000e+04
4.884000000000000000e+03
4.982000000000000000e+03
3.460000000000000000e+03
1.003700000000000000e+04
6.138000000000000000e+03
5.306000000000000000e+03
1.129500000000000000e+04
6.816000000000000000e+03
5.570000000000000000e+03
5.110000000000000000e+03
7.280000000000000000e+03
6.705000000000000000e+03
2.466700000000000000e+04
2.148000000000000000e+03
6.949000000000000000e+03
1.455100000000000000e+04
2.474000000000000000e+03
1.992600000000000000e+04
3.221200000000000000e+04
4.799000000000000000e+03
5.706000000000000000e+03
6.229000000000000000e+03
3.368000000000000000e+03
1.147500000000000000e+04
3.766000000000000000e+03
7.652000000000000000e+03
7.139000000000000000e+03
2.185000000000000000e+03
4.787000000000000000e+03
1.151900000000000000e+04
6.351000000000000000e+03
1.654000000000000000e+03
1.223500000000000000e+04
3.823000000000000000e+03
1.892000000000000000e+03
5.412000000000000000e+03
6.154000000000000000e+03
3.459000000000000000e+03
7.262000000000000000e+03
4.520000000000000000e+03
1.387300000000000000e+04
1.255100000000000000e+04
1.605400000000000000e+04
5.633000000000000000e+03
1.242800000000000000e+04
1.039800000000000000e+04
7.411000000000000000e+03
1.004500000000000000e+04
1.322400000000000000e+04
6.167000000000000000e+03
3.434000000000000000e+03
6.994000000000000000e+03
1.194100000000000000e+04
7.246000000000000000e+03
1.160800000000000000e+04
7.950000000000000000e+03
7.150000000000000000e+03
1.540500000000000000e+04
3.292000000000000000e+03
5.747000000000000000e+03
9.417000000000000000e+03
3.217000000000000000e+03
1.880000000000000000e+03
1.097000000000000000e+04
4.330000000000000000e+03
8.962000000000000000e+03
1.479000000000000000e+03
9.662000000000000000e+03
3.526000000000000000e+03
3.735800000000000000e+04
3.233000000000000000e+03
6.633000000000000000e+03
1.720000000000000000e+04
2.389000000000000000e+04
1.082000000000000000e+04
4.976000000000000000e+03
6.931000000000000000e+03
6.846000000000000000e+03
4.131000000000000000e+03
3.930000000000000000e+03
9.036000000000000000e+03
7.736000000000000000e+03
9.582000000000000000e+03
1.251300000000000000e+04
8.573000000000000000e+03
1.080900000000000000e+04
1.072400000000000000e+04
3.395000000000000000e+03
8.398000000000000000e+03
8.221000000000000000e+03
2.183000000000000000e+03
1.297700000000000000e+04
9.542000000000000000e+03
2.043000000000000000e+03
5.656000000000000000e+03
2.618300000000000000e+04
3.770000000000000000e+03
5.323000000000000000e+03
1.497600000000000000e+04
8.836000000000000000e+03
7.845000000000000000e+03
1.228700000000000000e+04
6.898000000000000000e+03
7.483000000000000000e+03
3.708000000000000000e+03
1.356700000000000000e+04
6.020000000000000000e+03
6.335000000000000000e+03
8.226000000000000000e+03
3.807000000000000000e+03
2.738000000000000000e+03
4.622000000000000000e+03
9.643000000000000000e+03
3.950000000000000000e+03
5.198000000000000000e+03
5.516000000000000000e+03
1.420400000000000000e+04
1.456700000000000000e+04
1.196800000000000000e+04
7.445000000000000000e+03
2.426000000000000000e+03
7.827000000000000000e+03
1.707700000000000000e+04
1.941000000000000000e+03
8.319000000000000000e+03
1.258300000000000000e+04
7.456000000000000000e+03
8.656000000000000000e+03
5.586000000000000000e+03
6.792000000000000000e+03
6.716000000000000000e+03
8.369000000000000000e+03
5.242000000000000000e+03
2.475000000000000000e+03
3.349000000000000000e+03
1.806000000000000000e+04
1.011000000000000000e+04
1.261300000000000000e+04
4.767000000000000000e+03
5.948000000000000000e+03
1.033200000000000000e+04
2.099900000000000000e+04
3.735000000000000000e+03
5.293000000000000000e+03
4.638000000000000000e+03
3.872000000000000000e+03
1.046400000000000000e+04
2.881000000000000000e+03
9.900000000000000000e+03
2.128400000000000000e+04
1.233900000000000000e+04
4.210000000000000000e+03
6.680000000000000000e+03
4.356000000000000000e+03
9.470000000000000000e+03
1.563800000000000000e+04
3.182000000000000000e+03
1.583700000000000000e+04
1.198900000000000000e+04
5.762000000000000000e+03
1.120800000000000000e+04
1.685000000000000000e+04
1.531600000000000000e+04
1.080500000000000000e+04
1.802000000000000000e+03
1.524800000000000000e+04
7.679000000000000000e+03
7.180000000000000000e+03
4.735000000000000000e+03
8.251000000000000000e+03
5.578000000000000000e+03
2.004400000000000000e+04
6.956000000000000000e+03
1.370500000000000000e+04
5.073000000000000000e+03
7.952000000000000000e+03
4.434000000000000000e+03
3.114000000000000000e+03
7.857000000000000000e+03
4.659000000000000000e+03
1.157800000000000000e+04
1.932600000000000000e+04
3.199000000000000000e+03
2.979000000000000000e+03
4.483000000000000000e+03
8.064000000000000000e+03
2.488000000000000000e+03
2.310500000000000000e+04
1.193400000000000000e+04
4.771000000000000000e+03
1.141600000000000000e+04
6.906000000000000000e+03
7.126000000000000000e+03
2.107300000000000000e+04
2.022200000000000000e+04
3.527000000000000000e+03
1.716600000000000000e+04
1.701400000000000000e+04
1.205100000000000000e+04
7.773000000000000000e+03
1.090100000000000000e+04
5.039000000000000000e+03
5.248000000000000000e+03
1.163800000000000000e+04
8.977000000000000000e+03
2.230600000000000000e+04
3.651000000000000000e+03
6.671000000000000000e+03
8.738000000000000000e+03
1.548000000000000000e+04
7.976000000000000000e+03
7.324000000000000000e+03
5.854000000000000000e+03
5.572000000000000000e+03
7.958000000000000000e+03
6.005000000000000000e+03
1.106900000000000000e+04
8.643000000000000000e+03
5.199000000000000000e+03
1.028600000000000000e+04
2.583000000000000000e+03
2.829900000000000000e+04
7.309000000000000000e+03
9.222000000000000000e+03
1.158300000000000000e+04
3.650000000000000000e+03
8.302000000000000000e+03
2.304700000000000000e+04
2.175000000000000000e+03
4.092000000000000000e+03
4.746000000000000000e+03
6.097000000000000000e+03
2.154200000000000000e+04
9.086000000000000000e+03
6.573000000000000000e+03
5.644000000000000000e+03
2.322000000000000000e+03
5.010000000000000000e+03
9.478000000000000000e+03
7.175000000000000000e+03
6.184000000000000000e+03
1.150100000000000000e+04
4.666000000000000000e+03
3.897000000000000000e+03
4.109000000000000000e+03
1.499600000000000000e+04
7.350000000000000000e+03
5.149000000000000000e+03
6.049000000000000000e+03
7.295000000000000000e+03
3.957000000000000000e+03
8.784000000000000000e+03
1.735000000000000000e+03
1.304700000000000000e+04
1.374000000000000000e+04
8.936000000000000000e+03
2.472000000000000000e+03
5.532000000000000000e+03
5.579000000000000000e+03
1.323800000000000000e+04
7.671000000000000000e+03
1.052900000000000000e+04
6.021000000000000000e+03
5.078000000000000000e+03
5.870000000000000000e+03
9.164000000000000000e+03
2.892000000000000000e+03
1.564600000000000000e+04
8.042000000000000000e+03
2.704000000000000000e+03
3.671000000000000000e+03
1.009900000000000000e+04
6.650000000000000000e+03
6.902000000000000000e+03
2.194000000000000000e+03
7.586000000000000000e+03
5.966000000000000000e+03
1.312600000000000000e+04
1.349800000000000000e+04
2.907000000000000000e+03
3.807000000000000000e+03
1.427900000000000000e+04
8.788000000000000000e+03
1.887500000000000000e+04
1.064700000000000000e+04
6.777000000000000000e+03
2.337000000000000000e+04
6.013000000000000000e+03
5.893000000000000000e+03
5.165000000000000000e+03
5.301000000000000000e+03
1.301500000000000000e+04
6.064000000000000000e+03
4.551000000000000000e+03
1.209900000000000000e+04
1.876000000000000000e+03
1.177500000000000000e+04
7.205000000000000000e+03
1.053600000000000000e+04
1.789000000000000000e+03
7.162000000000000000e+03
1.294400000000000000e+04
1.658100000000000000e+04
6.553000000000000000e+03
5.637000000000000000e+03
1.284400000000000000e+04
6.332000000000000000e+03
4.865000000000000000e+03
1.290500000000000000e+04
1.730200000000000000e+04
3.279000000000000000e+03
9.201000000000000000e+03
4.197000000000000000e+03
7.359000000000000000e+03
7.358000000000000000e+03
1.323500000000000000e+04
1.481500000000000000e+04
4.269000000000000000e+03
5.915000000000000000e+03
4.758000000000000000e+03
6.334000000000000000e+03
5.103000000000000000e+03
1.393500000000000000e+04
7.181000000000000000e+03
5.008000000000000000e+03
4.317000000000000000e+03
4.557000000000000000e+03
6.415000000000000000e+03
5.114000000000000000e+03
1.235200000000000000e+04
7.030000000000000000e+03
6.065000000000000000e+03
6.886000000000000000e+03
4.987000000000000000e+03
2.176400000000000000e+04
8.317000000000000000e+03
6.910000000000000000e+03
1.112800000000000000e+04
4.644000000000000000e+03
2.981000000000000000e+03
5.448000000000000000e+03
4.863000000000000000e+03
7.188000000000000000e+03
7.810000000000000000e+03
6.666000000000000000e+03
4.105000000000000000e+03
6.839000000000000000e+03
3.248000000000000000e+03
5.625000000000000000e+03
8.951000000000000000e+03
3.732000000000000000e+03
1.717800000000000000e+04
2.387600000000000000e+04
7.235000000000000000e+03
1.623500000000000000e+04
1.807500000000000000e+04
8.713000000000000000e+03
1.836900000000000000e+04
6.155000000000000000e+03
6.011000000000000000e+03
3.392000000000000000e+03
1.651000000000000000e+04
3.201000000000000000e+03
1.273200000000000000e+04
5.755000000000000000e+03
5.197000000000000000e+03
1.797000000000000000e+03
1.999300000000000000e+04
6.520000000000000000e+03
4.038100000000000000e+04
4.058000000000000000e+03
5.466000000000000000e+03
1.556800000000000000e+04
6.745000000000000000e+03
3.172000000000000000e+03
5.040000000000000000e+03
3.057000000000000000e+03
1.423000000000000000e+04
8.217000000000000000e+03
4.085000000000000000e+03
2.203700000000000000e+04
1.021500000000000000e+04
1.290600000000000000e+04
5.843000000000000000e+03
6.404000000000000000e+03
3.423000000000000000e+03
8.467000000000000000e+03
1.126700000000000000e+04
3.343000000000000000e+03
1.359000000000000000e+04
3.456000000000000000e+03
1.488800000000000000e+04
6.271000000000000000e+03
4.717000000000000000e+03
6.467000000000000000e+03
3.886000000000000000e+03
3.423000000000000000e+03
4.468000000000000000e+03
1.368900000000000000e+04
4.161000000000000000e+03
1.090100000000000000e+04
6.650000000000000000e+03
3.718000000000000000e+03
7.058000000000000000e+03
1.006700000000000000e+04
5.646000000000000000e+03
4.616000000000000000e+03
7.469000000000000000e+03
4.286000000000000000e+03
6.206000000000000000e+03
3.166000000000000000e+03
2.450300000000000000e+04
8.390000000000000000e+03
7.063000000000000000e+03
8.628000000000000000e+03
2.774000000000000000e+03
5.193000000000000000e+03
1.086500000000000000e+04
2.207000000000000000e+03
8.257000000000000000e+03
3.039000000000000000e+03
1.099200000000000000e+04
7.382000000000000000e+03
1.066400000000000000e+04
2.657000000000000000e+03
6.695000000000000000e+03
3.608000000000000000e+03
3.472000000000000000e+03
9.730000000000000000e+02
2.936000000000000000e+03
6.938000000000000000e+03
2.652000000000000000e+03
5.809000000000000000e+03
3.351000000000000000e+03
7.987000000000000000e+03
5.131000000000000000e+03
1.140100000000000000e+04
3.903000000000000000e+03
5.422000000000000000e+03
7.838000000000000000e+03
2.601000000000000000e+03
2.429000000000000000e+03
4.993000000000000000e+03
1.067800000000000000e+04
2.106400000000000000e+04
4.897000000000000000e+03
2.808000000000000000e+03
6.723000000000000000e+03
1.286200000000000000e+04
1.066500000000000000e+04
7.571000000000000000e+03
6.509000000000000000e+03
6.947000000000000000e+04
1.621400000000000000e+04
6.383000000000000000e+03
5.928000000000000000e+03
1.522200000000000000e+04
1.064100000000000000e+04
9.820000000000000000e+03
3.982000000000000000e+03
2.745000000000000000e+03
5.129000000000000000e+03
6.780000000000000000e+03
6.868000000000000000e+03
1.375700000000000000e+04
6.195000000000000000e+03
5.229000000000000000e+03
3.712000000000000000e+03
3.715000000000000000e+03
4.784000000000000000e+03
8.898000000000000000e+03
1.105900000000000000e+04
7.197000000000000000e+03
3.558000000000000000e+03
2.922000000000000000e+03
5.933000000000000000e+03
6.511000000000000000e+03
7.736000000000000000e+03
4.361000000000000000e+03
8.879000000000000000e+03
1.929500000000000000e+04
4.018000000000000000e+03
3.990000000000000000e+03
3.408000000000000000e+03
7.242000000000000000e+03
5.133000000000000000e+03
5.946000000000000000e+03
4.149000000000000000e+03
5.851000000000000000e+03
2.545000000000000000e+03
4.309000000000000000e+03
5.012000000000000000e+03
1.081300000000000000e+04
2.171300000000000000e+04
3.032000000000000000e+03
3.778000000000000000e+03
8.820000000000000000e+03
1.199200000000000000e+04
7.018000000000000000e+03
8.356000000000000000e+03
1.068500000000000000e+04
3.378000000000000000e+03
1.148500000000000000e+04
1.597000000000000000e+03
6.984000000000000000e+03
2.479000000000000000e+03
1.796100000000000000e+04
4.058000000000000000e+03
1.138200000000000000e+04
9.726000000000000000e+03
1.847000000000000000e+03
5.558000000000000000e+03
1.004400000000000000e+04
4.322000000000000000e+03
9.024000000000000000e+03
7.873000000000000000e+03
8.434000000000000000e+03
4.830000000000000000e+03
3.973000000000000000e+03
7.739000000000000000e+03
1.134100000000000000e+04
4.464000000000000000e+03
5.879000000000000000e+03
3.109000000000000000e+03
4.829000000000000000e+03
1.277300000000000000e+04
7.411000000000000000e+03
9.690000000000000000e+03
1.637000000000000000e+03
5.526000000000000000e+03
1.771000000000000000e+03
6.501000000000000000e+03
1.914300000000000000e+04
2.788000000000000000e+03
9.562000000000000000e+03
5.744000000000000000e+03
8.655000000000000000e+03
3.187000000000000000e+03
5.480000000000000000e+03
6.306000000000000000e+03
2.627800000000000000e+04
6.116000000000000000e+03
5.481000000000000000e+03
4.996000000000000000e+03
1.052900000000000000e+04
5.323000000000000000e+03
5.548000000000000000e+03
6.969000000000000000e+03
4.521000000000000000e+03
5.188000000000000000e+03
3.537000000000000000e+03
4.808000000000000000e+03
7.367000000000000000e+03
7.364000000000000000e+03
6.315000000000000000e+03
1.515700000000000000e+04
5.514000000000000000e+03
6.210000000000000000e+03
4.562000000000000000e+03
4.300000000000000000e+03
6.093000000000000000e+03
7.258000000000000000e+03
1.014700000000000000e+04
1.238300000000000000e+04
6.045000000000000000e+03
1.173200000000000000e+04
3.364000000000000000e+03
2.040200000000000000e+04
7.044000000000000000e+03
2.253000000000000000e+03
6.499000000000000000e+03
7.332000000000000000e+03
8.825000000000000000e+03
7.340000000000000000e+03
9.971000000000000000e+03
5.681000000000000000e+03
2.508000000000000000e+03
6.905000000000000000e+03
1.089900000000000000e+04
1.076000000000000000e+04
4.435000000000000000e+03
2.091000000000000000e+03
4.741000000000000000e+03
5.568000000000000000e+03
1.814200000000000000e+04
7.030000000000000000e+03
1.272600000000000000e+04
3.474000000000000000e+03
7.292000000000000000e+03
6.410000000000000000e+03
6.500000000000000000e+03
2.781000000000000000e+03
1.129200000000000000e+04
8.429000000000000000e+03
3.738000000000000000e+03
3.343000000000000000e+03
5.057000000000000000e+03
1.056900000000000000e+04
1.360000000000000000e+04
5.350000000000000000e+03
2.333000000000000000e+04
5.132000000000000000e+03
8.589000000000000000e+03
7.907000000000000000e+03
2.603000000000000000e+03
3.888000000000000000e+03
1.866100000000000000e+04
1.296600000000000000e+04
5.221000000000000000e+03
2.771500000000000000e+04
7.573000000000000000e+03
6.982000000000000000e+03
5.992000000000000000e+03
5.248000000000000000e+03
6.429000000000000000e+03
3.948000000000000000e+03
7.078000000000000000e+03
6.230000000000000000e+03
9.230000000000000000e+03
6.230000000000000000e+03
5.372000000000000000e+03
6.642000000000000000e+03
5.308000000000000000e+03
1.433600000000000000e+04
3.186000000000000000e+03
2.264600000000000000e+04
4.797000000000000000e+03
8.115000000000000000e+03
7.070000000000000000e+03
1.307300000000000000e+04
1.079800000000000000e+04
7.674000000000000000e+03
1.537900000000000000e+04
7.377000000000000000e+03
3.558000000000000000e+03
3.193000000000000000e+03
5.926000000000000000e+03
1.293400000000000000e+04
5.335000000000000000e+03
6.927000000000000000e+03
1.353300000000000000e+04
3.947000000000000000e+03
2.229000000000000000e+03
1.192900000000000000e+04
4.947000000000000000e+03
3.115000000000000000e+03
7.739000000000000000e+03
1.415500000000000000e+04
1.291300000000000000e+04
1.267200000000000000e+04
1.276100000000000000e+04
7.148000000000000000e+03
6.137000000000000000e+03
1.164300000000000000e+04
2.286500000000000000e+04
1.551000000000000000e+04
1.734200000000000000e+04
5.915000000000000000e+03
4.546000000000000000e+03
1.061500000000000000e+04
1.102700000000000000e+04
6.575000000000000000e+03
1.161700000000000000e+04
6.180000000000000000e+03
4.564000000000000000e+03
1.474900000000000000e+04
5.712000000000000000e+03
4.490000000000000000e+03
6.617000000000000000e+03
1.502500000000000000e+04
7.023000000000000000e+03
9.230000000000000000e+03
8.136000000000000000e+03
2.290000000000000000e+03
9.196000000000000000e+03
3.932000000000000000e+03
1.196900000000000000e+04
3.980200000000000000e+04
1.108300000000000000e+04
8.397000000000000000e+03
5.166000000000000000e+03
6.015000000000000000e+03
7.840000000000000000e+03
8.055000000000000000e+03
1.266300000000000000e+04
1.552600000000000000e+04
1.173700000000000000e+04
6.775000000000000000e+03
5.237000000000000000e+03
6.699000000000000000e+03
9.293000000000000000e+03
8.052000000000000000e+03
7.766000000000000000e+03
4.588000000000000000e+03
5.205000000000000000e+03
3.661000000000000000e+03
3.563000000000000000e+03
1.259700000000000000e+04
8.170000000000000000e+03
2.947000000000000000e+03
1.110600000000000000e+04
6.303000000000000000e+03
1.924700000000000000e+04
1.574000000000000000e+03
2.040000000000000000e+03
1.549000000000000000e+04
1.555200000000000000e+04
9.255000000000000000e+03
1.142000000000000000e+04
4.115000000000000000e+03
5.952000000000000000e+03
6.783000000000000000e+03
3.538000000000000000e+03
1.668000000000000000e+04
9.578000000000000000e+03
6.727000000000000000e+03
5.306000000000000000e+03
1.590300000000000000e+04
1.183800000000000000e+04
2.163000000000000000e+03
8.259000000000000000e+03
4.461000000000000000e+03
3.120000000000000000e+03
3.009000000000000000e+03
2.138000000000000000e+03
5.548000000000000000e+03
1.330700000000000000e+04
4.780000000000000000e+03
7.193000000000000000e+03
5.000000000000000000e+03
8.137000000000000000e+03
4.155000000000000000e+03
5.760000000000000000e+03
1.054700000000000000e+04
9.144000000000000000e+03
1.848200000000000000e+04
6.267000000000000000e+03
3.927000000000000000e+03
8.296000000000000000e+03
7.090000000000000000e+03
6.874000000000000000e+03
8.313000000000000000e+03
1.458000000000000000e+04
2.129000000000000000e+04
1.024100000000000000e+04
1.614300000000000000e+04
4.799000000000000000e+03
7.912000000000000000e+03
6.046000000000000000e+03
3.610000000000000000e+03
1.457100000000000000e+04
5.699000000000000000e+03
3.964000000000000000e+03
5.849000000000000000e+03
4.441000000000000000e+03
3.643000000000000000e+03
5.313000000000000000e+03
5.800000000000000000e+03
5.234000000000000000e+03
1.123400000000000000e+04
6.255000000000000000e+03
8.625000000000000000e+03
6.401000000000000000e+03
1.735200000000000000e+04
1.676800000000000000e+04
3.246000000000000000e+03
3.276000000000000000e+03
3.710000000000000000e+03
3.436000000000000000e+03
3.877000000000000000e+03
2.815000000000000000e+03
7.187000000000000000e+03
3.972000000000000000e+03
1.420000000000000000e+03
1.595600000000000000e+04
1.147800000000000000e+04
9.338000000000000000e+03
8.560000000000000000e+03
2.640000000000000000e+03
4.955000000000000000e+03
7.420000000000000000e+03
2.172000000000000000e+03
9.896000000000000000e+03
3.953000000000000000e+03
2.544100000000000000e+04
8.534000000000000000e+03
2.486000000000000000e+03
1.137900000000000000e+04
2.948000000000000000e+03
1.194700000000000000e+04
5.229000000000000000e+03
1.114500000000000000e+04
8.710000000000000000e+03
2.031000000000000000e+03
1.087600000000000000e+04
3.661000000000000000e+03
2.067900000000000000e+04
5.304000000000000000e+03
1.317200000000000000e+04
7.549000000000000000e+03
5.356000000000000000e+03
3.033000000000000000e+03
5.443000000000000000e+03
5.516000000000000000e+03
7.001000000000000000e+03
3.241000000000000000e+03
1.414200000000000000e+04
1.617400000000000000e+04
3.061000000000000000e+03
2.402700000000000000e+04
9.799000000000000000e+03
4.241000000000000000e+03
5.374000000000000000e+03
5.901000000000000000e+03
1.742800000000000000e+04
1.652800000000000000e+04
7.047000000000000000e+03
1.281700000000000000e+04
6.131000000000000000e+03
2.993000000000000000e+03
6.360000000000000000e+03
5.211000000000000000e+03
2.997000000000000000e+03
3.613000000000000000e+03
1.929000000000000000e+03
1.534000000000000000e+03
2.136000000000000000e+03
2.971000000000000000e+03
