1.755000000000000000e+04
1.357400000000000000e+04
5.766000000000000000e+03
1.325500000000000000e+04
7.520000000000000000e+03
1.080400000000000000e+04
1.141200000000000000e+04
8.344000000000000000e+03
2.206400000000000000e+04
3.817000000000000000e+03
5.841000000000000000e+03
1.992000000000000000e+04
7.528000000000000000e+03
5.260000000000000000e+03
3.232000000000000000e+03
3.761000000000000000e+03
4.522000000000000000e+03
2.635200000000000000e+04
3.909000000000000000e+03
2.283000000000000000e+03
1.252000000000000000e+03
7.887000000000000000e+03
1.585400000000000000e+04
1.103800000000000000e+04
5.640000000000000000e+03
5.697000000000000000e+03
2.540600000000000000e+04
5.992000000000000000e+03
2.093900000000000000e+04
1.556000000000000000e+04
1.830400000000000000e+04
3.676000000000000000e+03
6.512000000000000000e+03
2.060200000000000000e+04
4.336000000000000000e+03
3.582000000000000000e+03
6.464000000000000000e+03
3.163300000000000000e+04
3.460000000000000000e+03
8.833000000000000000e+03
1.238000000000000000e+04
2.348200000000000000e+04
6.006000000000000000e+03
1.190200000000000000e+04
1.234000000000000000e+04
5.042000000000000000e+03
4.071000000000000000e+03
1.999900000000000000e+04
4.224000000000000000e+03
3.802000000000000000e+03
5.392000000000000000e+03
8.903000000000000000e+03
2.156000000000000000e+03
1.266300000000000000e+04
4.772000000000000000e+03
3.749000000000000000e+03
9.177000000000000000e+03
1.633000000000000000e+04
2.741000000000000000e+04
4.946000000000000000e+03
1.655000000000000000e+03
2.167000000000000000e+03
5.414000000000000000e+03
1.209800000000000000e+04
2.588000000000000000e+03
3.689000000000000000e+03
1.626000000000000000e+03
3.421000000000000000e+03
2.254000000000000000e+04
9.658000000000000000e+03
4.432500000000000000e+04
4.169000000000000000e+03
7.675000000000000000e+03
1.302600000000000000e+04
7.986000000000000000e+03
2.121200000000000000e+04
3.670000000000000000e+03
5.319000000000000000e+03
1.288000000000000000e+03
6.713000000000000000e+03
1.968500000000000000e+04
2.378200000000000000e+04
3.952000000000000000e+03
4.488000000000000000e+03
1.801300000000000000e+04
9.291000000000000000e+03
5.031000000000000000e+03
1.029400000000000000e+04
1.800000000000000000e+03
6.848000000000000000e+03
1.608000000000000000e+03
3.543000000000000000e+03
9.070000000000000000e+03
4.736000000000000000e+03
1.528700000000000000e+04
6.748000000000000000e+03
6.239000000000000000e+03
9.470000000000000000e+03
3.923000000000000000e+03
2.306700000000000000e+04
4.589000000000000000e+03
6.629000000000000000e+03
1.979800000000000000e+04
4.499000000000000000e+03
6.525000000000000000e+03
6.809000000000000000e+03
2.988600000000000000e+04
4.150000000000000000e+03
2.137000000000000000e+03
3.360000000000000000e+03
5.496000000000000000e+03
3.579200000000000000e+04
3.013400000000000000e+04
1.029900000000000000e+04
1.539500000000000000e+04
8.549000000000000000e+03
5.728000000000000000e+03
1.185200000000000000e+04
3.225800000000000000e+04
3.701800000000000000e+04
6.579000000000000000e+03
1.307000000000000000e+04
5.399000000000000000e+03
1.555300000000000000e+04
2.157900000000000000e+04
3.532000000000000000e+03
8.799000000000000000e+03
4.148000000000000000e+03
9.468000000000000000e+03
2.134300000000000000e+04
9.850000000000000000e+02
2.734000000000000000e+03
1.597800000000000000e+04
1.798100000000000000e+04
7.485000000000000000e+03
1.268400000000000000e+04
8.539700000000000000e+04
5.022000000000000000e+03
4.613000000000000000e+03
1.711100000000000000e+04
1.229800000000000000e+04
4.065000000000000000e+03
2.161700000000000000e+04
2.254600000000000000e+04
1.262300000000000000e+04
6.818000000000000000e+03
3.579000000000000000e+03
2.061000000000000000e+04
2.678000000000000000e+03
1.204000000000000000e+03
5.560000000000000000e+03
4.788000000000000000e+03
5.455000000000000000e+03
1.568500000000000000e+04
3.894100000000000000e+04
2.712000000000000000e+03
2.442000000000000000e+03
6.369000000000000000e+03
4.534700000000000000e+04
2.486000000000000000e+03
1.860300000000000000e+04
4.153000000000000000e+03
9.167000000000000000e+03
8.855000000000000000e+03
1.181300000000000000e+04
6.052000000000000000e+03
2.426400000000000000e+04
1.345700000000000000e+04
3.869900000000000000e+04
1.574800000000000000e+04
3.347700000000000000e+04
7.892000000000000000e+03
1.595400000000000000e+04
1.141400000000000000e+04
3.043000000000000000e+03
5.466000000000000000e+03
7.498000000000000000e+03
4.867000000000000000e+03
8.614000000000000000e+03
9.095000000000000000e+03
2.904400000000000000e+04
3.034000000000000000e+03
6.984000000000000000e+03
7.990000000000000000e+03
5.252000000000000000e+03
6.054000000000000000e+03
5.420000000000000000e+03
2.282000000000000000e+03
1.356000000000000000e+04
1.326000000000000000e+03
1.338300000000000000e+04
1.601800000000000000e+04
8.745000000000000000e+03
3.741000000000000000e+03
1.744100000000000000e+04
4.880000000000000000e+03
1.176000000000000000e+04
2.282600000000000000e+04
3.970200000000000000e+04
6.595000000000000000e+03
1.911900000000000000e+04
7.179000000000000000e+03
1.359200000000000000e+04
2.958000000000000000e+03
1.013400000000000000e+04
1.587900000000000000e+04
1.077000000000000000e+04
2.329000000000000000e+03
1.342300000000000000e+04
5.577000000000000000e+03
5.142000000000000000e+03
7.839000000000000000e+03
8.309000000000000000e+03
5.117000000000000000e+03
5.374800000000000000e+04
2.451900000000000000e+04
2.088000000000000000e+03
1.268000000000000000e+03
8.255000000000000000e+03
4.348200000000000000e+04
3.171000000000000000e+03
1.265700000000000000e+04
1.481600000000000000e+04
7.965000000000000000e+03
2.749000000000000000e+03
2.010500000000000000e+04
4.608000000000000000e+03
1.092600000000000000e+04
5.960000000000000000e+03
1.474000000000000000e+03
6.399000000000000000e+03
3.453000000000000000e+03
4.068000000000000000e+03
1.466700000000000000e+04
3.555400000000000000e+04
4.536000000000000000e+03
5.690000000000000000e+03
1.014400000000000000e+04
1.103600000000000000e+04
5.269400000000000000e+04
1.894100000000000000e+04
7.830000000000000000e+03
1.218500000000000000e+04
1.578700000000000000e+04
2.703000000000000000e+03
1.999700000000000000e+04
2.804400000000000000e+04
1.617000000000000000e+04
1.343000000000000000e+03
7.718000000000000000e+03
2.311300000000000000e+04
7.011000000000000000e+03
4.664000000000000000e+03
1.022900000000000000e+04
2.315200000000000000e+04
7.007000000000000000e+03
6.513000000000000000e+03
2.015100000000000000e+04
1.971800000000000000e+04
3.224000000000000000e+03
2.587000000000000000e+03
2.113000000000000000e+03
1.362800000000000000e+04
4.496000000000000000e+03
4.162000000000000000e+03
1.511000000000000000e+03
3.418000000000000000e+03
4.019000000000000000e+03
2.148300000000000000e+04
2.552000000000000000e+03
1.954200000000000000e+04
1.797800000000000000e+04
1.712400000000000000e+04
9.514000000000000000e+03
5.592000000000000000e+03
9.135000000000000000e+03
1.255900000000000000e+04
1.031700000000000000e+04
1.310500000000000000e+04
3.151000000000000000e+03
4.148000000000000000e+03
1.664700000000000000e+04
8.649000000000000000e+03
4.523000000000000000e+03
5.711000000000000000e+03
1.155200000000000000e+04
5.331000000000000000e+03
2.305500000000000000e+04
2.090000000000000000e+03
3.810000000000000000e+03
5.294000000000000000e+03
8.926000000000000000e+03
1.170900000000000000e+04
1.105800000000000000e+04
2.774000000000000000e+03
1.443000000000000000e+03
8.365000000000000000e+03
6.457000000000000000e+03
4.058000000000000000e+03
1.739000000000000000e+03
4.249000000000000000e+03
1.238800000000000000e+04
5.448000000000000000e+03
1.998000000000000000e+03
6.598000000000000000e+03
2.136900000000000000e+04
1.567300000000000000e+04
2.127000000000000000e+03
8.148000000000000000e+03
2.646900000000000000e+04
4.280000000000000000e+03
1.293400000000000000e+04
3.082100000000000000e+04
1.240700000000000000e+04
2.031700000000000000e+04
2.571000000000000000e+03
1.188500000000000000e+04
3.278000000000000000e+03
2.585500000000000000e+04
4.080500000000000000e+04
1.786200000000000000e+04
5.046000000000000000e+03
3.148200000000000000e+04
2.189600000000000000e+04
7.080000000000000000e+03
1.735300000000000000e+04
4.563000000000000000e+03
1.804600000000000000e+04
6.534000000000000000e+03
6.574000000000000000e+03
1.226200000000000000e+04
7.389000000000000000e+03
1.821200000000000000e+04
4.160000000000000000e+03
3.025900000000000000e+04
1.719900000000000000e+04
7.370000000000000000e+03
8.137000000000000000e+03
3.012000000000000000e+04
3.053000000000000000e+03
8.585000000000000000e+03
5.999000000000000000e+03
1.411000000000000000e+03
9.504000000000000000e+03
6.915000000000000000e+03
1.924000000000000000e+03
3.515600000000000000e+04
3.726000000000000000e+03
1.364300000000000000e+04
1.154800000000000000e+04
6.297000000000000000e+03
4.395900000000000000e+04
2.397600000000000000e+04
4.589000000000000000e+03
2.029000000000000000e+03
8.160000000000000000e+03
2.508200000000000000e+04
2.259300000000000000e+04
8.296000000000000000e+03
1.299300000000000000e+04
1.303800000000000000e+04
3.783000000000000000e+03
1.314500000000000000e+04
1.844000000000000000e+03
1.860900000000000000e+04
4.253000000000000000e+03
4.476000000000000000e+03
2.034100000000000000e+04
3.129700000000000000e+04
5.085000000000000000e+03
2.192600000000000000e+04
1.366000000000000000e+04
2.142100000000000000e+04
4.773000000000000000e+03
2.136000000000000000e+03
1.186100000000000000e+04
5.877000000000000000e+03
1.226900000000000000e+04
9.538000000000000000e+03
4.592900000000000000e+04
1.168600000000000000e+04
5.887000000000000000e+03
2.945600000000000000e+04
5.027000000000000000e+03
1.644100000000000000e+04
6.137000000000000000e+03
1.581200000000000000e+04
4.064000000000000000e+03
3.165000000000000000e+03
6.873000000000000000e+03
7.194000000000000000e+03
4.974000000000000000e+03
1.660600000000000000e+04
1.804800000000000000e+04
4.158000000000000000e+03
1.023700000000000000e+04
1.196400000000000000e+04
2.455900000000000000e+04
7.843000000000000000e+03
9.573000000000000000e+03
6.017000000000000000e+03
8.959000000000000000e+03
1.160200000000000000e+04
1.147100000000000000e+04
4.230000000000000000e+03
3.581000000000000000e+03
5.561000000000000000e+03
5.212900000000000000e+04
2.234800000000000000e+04
1.874200000000000000e+04
2.673000000000000000e+03
1.173200000000000000e+04
2.055000000000000000e+03
2.909200000000000000e+04
3.712200000000000000e+04
1.018900000000000000e+04
2.456900000000000000e+04
6.480000000000000000e+03
1.716000000000000000e+03
3.783000000000000000e+03
4.572000000000000000e+03
1.406800000000000000e+04
1.139600000000000000e+04
1.701600000000000000e+04
1.778000000000000000e+03
3.108200000000000000e+04
9.133000000000000000e+03
3.139000000000000000e+04
7.557000000000000000e+03
2.508000000000000000e+04
8.260000000000000000e+03
6.402000000000000000e+03
1.073200000000000000e+04
3.066000000000000000e+03
2.538700000000000000e+04
7.259000000000000000e+03
3.268000000000000000e+03
4.203000000000000000e+03
7.135000000000000000e+03
1.610300000000000000e+04
2.367300000000000000e+04
3.453000000000000000e+03
4.627000000000000000e+03
9.281000000000000000e+03
2.752000000000000000e+04
9.028000000000000000e+03
1.328500000000000000e+04
4.441000000000000000e+03
9.598000000000000000e+03
6.933000000000000000e+03
1.208000000000000000e+04
3.516000000000000000e+03
1.370000000000000000e+04
1.104500000000000000e+04
1.023700000000000000e+04
6.697000000000000000e+03
5.840000000000000000e+03
3.571000000000000000e+03
1.491000000000000000e+03
5.080000000000000000e+03
4.850000000000000000e+03
2.748000000000000000e+04
1.778700000000000000e+04
1.620100000000000000e+04
4.829000000000000000e+03
1.679600000000000000e+04
1.898000000000000000e+04
3.144000000000000000e+03
3.032700000000000000e+04
1.046500000000000000e+04
4.595000000000000000e+03
3.866200000000000000e+04
1.729900000000000000e+04
4.508900000000000000e+04
1.792500000000000000e+04
3.706000000000000000e+03
3.346000000000000000e+03
4.352000000000000000e+03
2.218400000000000000e+04
9.758000000000000000e+03
3.612000000000000000e+03
3.634000000000000000e+03
5.080000000000000000e+03
8.170000000000000000e+03
5.104000000000000000e+03
4.018000000000000000e+03
2.105400000000000000e+04
1.472700000000000000e+04
6.489000000000000000e+03
2.508100000000000000e+04
9.192000000000000000e+03
3.802300000000000000e+04
2.467000000000000000e+03
1.810900000000000000e+04
5.988000000000000000e+03
2.228800000000000000e+04
1.928700000000000000e+04
1.987600000000000000e+04
2.782000000000000000e+03
5.153000000000000000e+03
9.056000000000000000e+03
1.335600000000000000e+04
1.047300000000000000e+04
7.803000000000000000e+03
2.376000000000000000e+04
2.899000000000000000e+03
3.881400000000000000e+04
5.240000000000000000e+03
1.921900000000000000e+04
4.171000000000000000e+03
3.930000000000000000e+03
2.858000000000000000e+03
1.272700000000000000e+04
1.014400000000000000e+04
1.602300000000000000e+04
7.098000000000000000e+03
2.594200000000000000e+04
5.632000000000000000e+03
6.387000000000000000e+03
1.080500000000000000e+04
2.204000000000000000e+04
2.660000000000000000e+03
4.884000000000000000e+03
2.654000000000000000e+03
4.439000000000000000e+03
2.635900000000000000e+04
1.888400000000000000e+04
1.606900000000000000e+04
6.568000000000000000e+03
8.068000000000000000e+03
6.362000000000000000e+03
6.211000000000000000e+03
1.211000000000000000e+03
2.749000000000000000e+03
9.784000000000000000e+03
1.095300000000000000e+04
1.668000000000000000e+03
4.973000000000000000e+03
1.047200000000000000e+04
4.983000000000000000e+03
4.674000000000000000e+03
1.047800000000000000e+04
1.380200000000000000e+04
2.579000000000000000e+03
4.647000000000000000e+03
1.657500000000000000e+04
8.791000000000000000e+03
2.430000000000000000e+03
1.193000000000000000e+04
2.028000000000000000e+03
5.513000000000000000e+03
4.909000000000000000e+03
1.035200000000000000e+04
3.383000000000000000e+03
1.059500000000000000e+04
6.998000000000000000e+03
2.086000000000000000e+04
8.446000000000000000e+03
7.384000000000000000e+03
1.369400000000000000e+04
4.092000000000000000e+03
2.207600000000000000e+04
6.317000000000000000e+03
1.881800000000000000e+04
4.846700000000000000e+04
6.143000000000000000e+03
1.006000000000000000e+04
5.916000000000000000e+03
2.010800000000000000e+04
1.171700000000000000e+04
4.320000000000000000e+03
4.208000000000000000e+03
6.862000000000000000e+03
3.785000000000000000e+03
1.335200000000000000e+04
9.550000000000000000e+03
1.315100000000000000e+04
3.375000000000000000e+03
5.196000000000000000e+03
2.285300000000000000e+04
7.199000000000000000e+03
1.837100000000000000e+04
7.080000000000000000e+03
3.134000000000000000e+03
1.304200000000000000e+04
9.566000000000000000e+03
7.799000000000000000e+03
6.619000000000000000e+03
7.732000000000000000e+03
1.260400000000000000e+04
5.033000000000000000e+03
2.263100000000000000e+04
1.864000000000000000e+03
1.268500000000000000e+04
1.162900000000000000e+04
1.025600000000000000e+04
2.101400000000000000e+04
5.201000000000000000e+03
2.029000000000000000e+03
3.220000000000000000e+03
4.816300000000000000e+04
6.713000000000000000e+03
1.745100000000000000e+04
1.001900000000000000e+04
2.648200000000000000e+04
1.349600000000000000e+04
2.540000000000000000e+03
1.361300000000000000e+04
1.281900000000000000e+04
4.178000000000000000e+03
2.222000000000000000e+03
2.329900000000000000e+04
6.958000000000000000e+03
3.677000000000000000e+03
9.684000000000000000e+03
1.367300000000000000e+04
7.547000000000000000e+03
9.285000000000000000e+03
1.120400000000000000e+04
3.435200000000000000e+04
3.639000000000000000e+03
4.280500000000000000e+04
1.980700000000000000e+04
1.500000000000000000e+03
1.874800000000000000e+04
1.897700000000000000e+04
9.093000000000000000e+03
1.912500000000000000e+04
1.547600000000000000e+04
8.692000000000000000e+03
1.184900000000000000e+04
9.243000000000000000e+03
3.101500000000000000e+04
6.682000000000000000e+03
3.010900000000000000e+04
4.386400000000000000e+04
6.277000000000000000e+03
6.763000000000000000e+03
1.308900000000000000e+04
8.015000000000000000e+03
9.631000000000000000e+03
2.980000000000000000e+03
5.238000000000000000e+03
3.093000000000000000e+03
7.754000000000000000e+03
2.535000000000000000e+03
1.869000000000000000e+03
2.117000000000000000e+03
3.176100000000000000e+04
5.301000000000000000e+03
3.175000000000000000e+03
1.885400000000000000e+04
3.508000000000000000e+03
3.639000000000000000e+04
1.127800000000000000e+04
2.179100000000000000e+04
1.399900000000000000e+04
1.654400000000000000e+04
6.250000000000000000e+03
5.073000000000000000e+03
3.299000000000000000e+03
1.069800000000000000e+04
2.004000000000000000e+03
3.878000000000000000e+03
9.763000000000000000e+03
1.615600000000000000e+04
2.181100000000000000e+04
2.057000000000000000e+03
7.872000000000000000e+03
2.571000000000000000e+04
4.045000000000000000e+03
4.182000000000000000e+03
8.490000000000000000e+03
6.471000000000000000e+03
4.411000000000000000e+03
1.143600000000000000e+04
2.400500000000000000e+04
4.404000000000000000e+03
1.699300000000000000e+04
2.501000000000000000e+03
1.247600000000000000e+04
1.490300000000000000e+04
3.645900000000000000e+04
4.449000000000000000e+03
2.091000000000000000e+03
5.758000000000000000e+03
7.321000000000000000e+03
3.891000000000000000e+03
8.832000000000000000e+03
1.332700000000000000e+04
2.755000000000000000e+03
1.068600000000000000e+04
7.740000000000000000e+03
8.129000000000000000e+03
1.658000000000000000e+03
1.414800000000000000e+04
7.824000000000000000e+03
2.932000000000000000e+03
2.451100000000000000e+04
9.897000000000000000e+03
2.553400000000000000e+04
1.054700000000000000e+04
1.346200000000000000e+04
1.785000000000000000e+03
2.319000000000000000e+03
9.159000000000000000e+03
1.082700000000000000e+04
1.888500000000000000e+04
1.541800000000000000e+04
2.606000000000000000e+03
6.335000000000000000e+03
4.368000000000000000e+03
4.203000000000000000e+03
2.318400000000000000e+04
1.051100000000000000e+04
2.575000000000000000e+03
8.349000000000000000e+03
1.637500000000000000e+04
1.098100000000000000e+04
6.218500000000000000e+04
2.059700000000000000e+04
1.752700000000000000e+04
7.978000000000000000e+03
1.125400000000000000e+04
2.627000000000000000e+03
1.387000000000000000e+04
8.195000000000000000e+03
3.035000000000000000e+03
1.042700000000000000e+04
1.664000000000000000e+03
1.540700000000000000e+04
5.276000000000000000e+03
6.210400000000000000e+04
3.293000000000000000e+03
2.005000000000000000e+03
3.026000000000000000e+04
1.342100000000000000e+04
1.772000000000000000e+03
2.934000000000000000e+04
1.593100000000000000e+04
7.397000000000000000e+03
5.111000000000000000e+03
4.653000000000000000e+03
3.507000000000000000e+03
7.475000000000000000e+03
2.944300000000000000e+04
3.120600000000000000e+04
4.535200000000000000e+04
1.978500000000000000e+04
7.592000000000000000e+03
1.491500000000000000e+04
3.749000000000000000e+04
3.049000000000000000e+03
2.601400000000000000e+04
5.062000000000000000e+03
2.984000000000000000e+03
4.325000000000000000e+03
4.212000000000000000e+03
1.540300000000000000e+04
8.744000000000000000e+03
3.873000000000000000e+03
5.735000000000000000e+03
1.030900000000000000e+04
3.465000000000000000e+03
1.982800000000000000e+04
3.750000000000000000e+03
3.413900000000000000e+04
1.512800000000000000e+04
1.686000000000000000e+03
7.505000000000000000e+03
3.423000000000000000e+03
1.859100000000000000e+04
2.046000000000000000e+03
7.311000000000000000e+03
7.655000000000000000e+03
2.150000000000000000e+03
4.479000000000000000e+03
5.071000000000000000e+03
1.560100000000000000e+04
7.087000000000000000e+03
1.143200000000000000e+04
1.468000000000000000e+03
5.497000000000000000e+03
6.123000000000000000e+03
1.786800000000000000e+04
4.688000000000000000e+03
8.108000000000000000e+03
3.685000000000000000e+04
6.058000000000000000e+03
1.466800000000000000e+04
1.471700000000000000e+04
4.475000000000000000e+03
1.597200000000000000e+04
6.847000000000000000e+03
1.986500000000000000e+04
3.054800000000000000e+04
2.567300000000000000e+04
1.091000000000000000e+04
4.067000000000000000e+03
7.479000000000000000e+03
1.384700000000000000e+04
8.505000000000000000e+03
8.816000000000000000e+03
6.791000000000000000e+03
2.203400000000000000e+04
1.019600000000000000e+04
8.883000000000000000e+03
5.710000000000000000e+03
1.157600000000000000e+04
6.838000000000000000e+03
6.113000000000000000e+03
4.340700000000000000e+04
3.174200000000000000e+04
8.529000000000000000e+03
1.892100000000000000e+04
1.272100000000000000e+04
9.903000000000000000e+03
2.304000000000000000e+04
1.053600000000000000e+04
6.045000000000000000e+03
9.828000000000000000e+03
2.891200000000000000e+04
3.928100000000000000e+04
2.205600000000000000e+04
1.558000000000000000e+04
2.969900000000000000e+04
2.449600000000000000e+04
1.752000000000000000e+03
1.626800000000000000e+04
3.255700000000000000e+04
9.847000000000000000e+03
1.257500000000000000e+04
2.694000000000000000e+03
7.656000000000000000e+03
5.317000000000000000e+03
5.765000000000000000e+03
3.445000000000000000e+03
5.625000000000000000e+03
3.146000000000000000e+03
4.672000000000000000e+03
6.426000000000000000e+03
5.408000000000000000e+03
3.018600000000000000e+04
7.086000000000000000e+03
6.327000000000000000e+03
1.151200000000000000e+04
6.142000000000000000e+03
1.371100000000000000e+04
9.783000000000000000e+03
7.809000000000000000e+03
6.076000000000000000e+03
1.308700000000000000e+04
4.454000000000000000e+03
2.094000000000000000e+03
3.136100000000000000e+04
4.518000000000000000e+03
1.974900000000000000e+04
7.151000000000000000e+03
2.337100000000000000e+04
3.269000000000000000e+03
1.299000000000000000e+03
5.175000000000000000e+03
5.232000000000000000e+03
3.548000000000000000e+03
3.680900000000000000e+04
1.421200000000000000e+04
2.174500000000000000e+04
9.430000000000000000e+03
1.358000000000000000e+04
3.447000000000000000e+03
9.032000000000000000e+03
2.250700000000000000e+04
2.298500000000000000e+04
3.377000000000000000e+03
2.002900000000000000e+04
7.706000000000000000e+03
3.284000000000000000e+03
7.765000000000000000e+03
6.262000000000000000e+03
1.192600000000000000e+04
3.844000000000000000e+03
5.138000000000000000e+03
8.223000000000000000e+03
8.902000000000000000e+03
4.515000000000000000e+03
3.981000000000000000e+03
4.142000000000000000e+03
9.794000000000000000e+03
9.432000000000000000e+03
3.751000000000000000e+03
7.139000000000000000e+03
1.384400000000000000e+04
4.854000000000000000e+03
1.321400000000000000e+04
1.599000000000000000e+03
3.409500000000000000e+04
2.056400000000000000e+04
9.308000000000000000e+03
1.234000000000000000e+03
6.400000000000000000e+03
4.830000000000000000e+03
1.061700000000000000e+04
1.584000000000000000e+04
6.494000000000000000e+03
3.923000000000000000e+03
1.034000000000000000e+04
1.666600000000000000e+04
1.485400000000000000e+04
3.670000000000000000e+03
2.652400000000000000e+04
9.594000000000000000e+03
2.738800000000000000e+04
2.316000000000000000e+04
3.216000000000000000e+03
4.339000000000000000e+03
2.061000000000000000e+03
8.307000000000000000e+03
3.793000000000000000e+03
2.389000000000000000e+04
2.905500000000000000e+04
6.545000000000000000e+03
2.609700000000000000e+04
1.149900000000000000e+04
2.141000000000000000e+03
1.252000000000000000e+03
1.039900000000000000e+04
2.470000000000000000e+04
2.033800000000000000e+04
2.263000000000000000e+03
2.655000000000000000e+03
4.088000000000000000e+04
6.816000000000000000e+03
7.094000000000000000e+03
3.603000000000000000e+03
1.260200000000000000e+04
2.094500000000000000e+04
1.611700000000000000e+04
1.496200000000000000e+04
2.427000000000000000e+03
1.671400000000000000e+04
1.723000000000000000e+03
4.666000000000000000e+03
6.546000000000000000e+03
1.678000000000000000e+03
6.707000000000000000e+03
3.732000000000000000e+04
9.743000000000000000e+03
3.623000000000000000e+03
2.621000000000000000e+03
9.319000000000000000e+03
3.831000000000000000e+03
1.363000000000000000e+04
9.302000000000000000e+03
1.345000000000000000e+03
7.527000000000000000e+03
5.171000000000000000e+03
1.447700000000000000e+04
3.490200000000000000e+04
2.076600000000000000e+04
2.193000000000000000e+03
6.407000000000000000e+03
1.267200000000000000e+04
2.375000000000000000e+03
1.092000000000000000e+03
7.679000000000000000e+03
1.093300000000000000e+04
2.248000000000000000e+04
4.514000000000000000e+03
4.137000000000000000e+03
2.738200000000000000e+04
2.002900000000000000e+04
7.954000000000000000e+03
1.061800000000000000e+04
7.463000000000000000e+03
1.466400000000000000e+04
1.864100000000000000e+04
3.161800000000000000e+04
6.693000000000000000e+03
3.360000000000000000e+04
8.643000000000000000e+03
2.085400000000000000e+04
5.936000000000000000e+03
1.251200000000000000e+04
2.833200000000000000e+04
1.465500000000000000e+04
3.316700000000000000e+04
1.570000000000000000e+03
4.578000000000000000e+03
1.426400000000000000e+04
2.357000000000000000e+03
2.108000000000000000e+03
7.661000000000000000e+03
5.253700000000000000e+04
1.596500000000000000e+04
1.310100000000000000e+04
4.807000000000000000e+03
4.035000000000000000e+03
7.937000000000000000e+03
2.924000000000000000e+03
1.075800000000000000e+04
