2.363000000000000000e+03
1.933100000000000000e+04
3.144100000000000000e+04
2.116800000000000000e+04
1.915700000000000000e+04
8.639000000000000000e+03
8.888000000000000000e+03
5.221000000000000000e+03
1.408500000000000000e+04
6.212000000000000000e+03
5.875000000000000000e+03
7.204000000000000000e+03
3.666000000000000000e+03
1.052600000000000000e+04
1.856000000000000000e+04
1.968000000000000000e+04
8.179000000000000000e+03
1.294000000000000000e+04
5.131000000000000000e+03
1.914300000000000000e+04
1.836800000000000000e+04
3.830000000000000000e+04
6.014000000000000000e+03
1.844300000000000000e+04
1.008400000000000000e+04
9.289000000000000000e+03
4.975900000000000000e+04
3.821000000000000000e+03
9.634000000000000000e+03
1.275100000000000000e+04
1.062200000000000000e+04
1.597900000000000000e+04
1.644900000000000000e+04
6.830000000000000000e+03
4.648800000000000000e+04
8.313000000000000000e+03
2.840800000000000000e+04
8.828000000000000000e+03
2.465100000000000000e+04
9.210000000000000000e+03
1.167100000000000000e+04
1.663500000000000000e+04
1.483600000000000000e+04
6.181000000000000000e+03
8.856000000000000000e+03
7.688000000000000000e+03
1.339700000000000000e+04
5.913000000000000000e+03
9.006000000000000000e+03
3.183000000000000000e+03
1.127100000000000000e+04
8.222000000000000000e+03
1.564800000000000000e+04
8.114000000000000000e+03
2.886200000000000000e+04
1.481800000000000000e+04
5.536000000000000000e+03
5.261000000000000000e+03
3.488600000000000000e+04
7.237000000000000000e+03
8.597000000000000000e+03
1.766700000000000000e+04
1.308400000000000000e+04
1.523000000000000000e+04
2.928100000000000000e+04
3.284500000000000000e+04
1.973800000000000000e+04
1.156300000000000000e+04
2.116600000000000000e+04
2.837000000000000000e+04
7.292000000000000000e+03
9.979000000000000000e+03
2.431800000000000000e+04
7.598000000000000000e+03
6.421000000000000000e+03
4.899000000000000000e+03
9.426000000000000000e+03
9.895000000000000000e+03
1.477000000000000000e+04
3.301700000000000000e+04
3.641000000000000000e+03
3.080800000000000000e+04
4.456000000000000000e+03
3.893000000000000000e+03
1.381100000000000000e+04
9.656000000000000000e+03
1.226000000000000000e+04
1.049600000000000000e+04
1.928400000000000000e+04
6.000000000000000000e+03
8.717000000000000000e+03
4.901000000000000000e+03
5.087000000000000000e+03
3.478000000000000000e+03
1.540400000000000000e+04
8.569000000000000000e+03
5.431000000000000000e+03
2.146000000000000000e+04
1.010400000000000000e+04
1.412600000000000000e+04
1.238800000000000000e+04
3.415500000000000000e+04
5.046700000000000000e+04
3.474200000000000000e+04
5.238000000000000000e+03
9.118000000000000000e+03
4.709000000000000000e+03
2.573000000000000000e+03
9.615000000000000000e+03
2.775500000000000000e+04
1.515700000000000000e+04
5.477000000000000000e+03
5.697000000000000000e+03
2.282900000000000000e+04
1.123700000000000000e+04
7.006000000000000000e+03
4.346000000000000000e+03
4.581000000000000000e+03
2.361000000000000000e+04
1.353400000000000000e+04
3.709400000000000000e+04
1.158980000000000000e+05
3.302700000000000000e+04
7.475000000000000000e+03
5.203000000000000000e+03
6.217000000000000000e+03
4.958800000000000000e+04
1.216500000000000000e+04
6.607000000000000000e+03
1.582900000000000000e+04
2.790400000000000000e+04
1.223700000000000000e+04
1.648400000000000000e+04
1.611200000000000000e+04
6.912000000000000000e+03
2.479000000000000000e+03
9.024000000000000000e+03
1.522300000000000000e+04
2.366700000000000000e+04
5.281000000000000000e+03
5.477000000000000000e+03
9.446000000000000000e+03
5.567000000000000000e+03
9.594000000000000000e+03
1.950700000000000000e+04
3.403000000000000000e+03
9.169000000000000000e+03
4.039900000000000000e+04
2.268300000000000000e+04
1.499900000000000000e+04
3.426000000000000000e+03
6.523000000000000000e+03
2.595800000000000000e+04
2.977000000000000000e+03
1.454300000000000000e+04
8.699000000000000000e+03
7.747000000000000000e+03
1.846600000000000000e+04
1.119200000000000000e+04
7.198000000000000000e+03
4.012000000000000000e+03
5.637000000000000000e+03
2.013900000000000000e+04
1.189100000000000000e+04
1.133400000000000000e+04
2.860400000000000000e+04
9.562000000000000000e+03
1.243900000000000000e+04
6.553000000000000000e+03
8.442000000000000000e+03
1.412500000000000000e+04
7.599000000000000000e+03
1.253200000000000000e+04
1.857300000000000000e+04
2.174500000000000000e+04
1.113100000000000000e+04
6.183900000000000000e+04
1.417400000000000000e+04
4.678000000000000000e+03
1.389000000000000000e+04
9.225000000000000000e+03
7.586000000000000000e+03
7.192000000000000000e+03
6.872100000000000000e+04
3.680200000000000000e+04
2.674000000000000000e+03
5.664000000000000000e+03
1.269300000000000000e+04
1.286100000000000000e+04
1.518000000000000000e+04
1.599600000000000000e+04
1.699300000000000000e+04
3.652000000000000000e+03
1.510200000000000000e+04
1.787000000000000000e+04
2.635600000000000000e+04
3.923000000000000000e+03
8.967000000000000000e+03
1.054200000000000000e+04
1.264000000000000000e+04
1.666500000000000000e+04
6.604000000000000000e+03
8.440000000000000000e+03
1.597200000000000000e+04
6.717000000000000000e+03
1.947700000000000000e+04
1.496900000000000000e+04
1.281400000000000000e+04
5.985000000000000000e+03
1.361800000000000000e+04
2.594000000000000000e+03
5.190000000000000000e+03
4.731200000000000000e+04
2.916800000000000000e+04
8.988000000000000000e+03
2.013500000000000000e+04
9.397000000000000000e+03
7.228000000000000000e+03
3.496600000000000000e+04
1.457900000000000000e+04
4.136000000000000000e+03
1.214500000000000000e+04
7.316000000000000000e+03
1.298300000000000000e+04
1.028400000000000000e+04
1.028700000000000000e+04
1.532100000000000000e+04
4.909000000000000000e+03
2.091900000000000000e+04
2.941000000000000000e+03
6.688000000000000000e+03
1.984200000000000000e+04
1.278200000000000000e+04
1.107300000000000000e+04
2.951300000000000000e+04
7.169000000000000000e+03
2.425200000000000000e+04
9.021000000000000000e+03
7.545000000000000000e+03
1.983900000000000000e+04
1.009300000000000000e+04
4.262300000000000000e+04
1.506700000000000000e+04
2.930000000000000000e+03
1.930400000000000000e+04
3.155400000000000000e+04
9.897000000000000000e+03
3.121700000000000000e+04
2.013600000000000000e+04
2.608700000000000000e+04
2.460000000000000000e+03
2.895800000000000000e+04
9.967000000000000000e+03
3.843000000000000000e+03
1.432200000000000000e+04
7.869000000000000000e+03
3.372700000000000000e+04
2.618000000000000000e+03
4.251000000000000000e+03
3.251500000000000000e+04
1.317100000000000000e+04
1.628400000000000000e+04
1.345600000000000000e+04
1.473700000000000000e+04
2.395200000000000000e+04
8.114000000000000000e+03
1.023600000000000000e+04
1.552400000000000000e+04
5.779000000000000000e+03
7.412000000000000000e+03
2.427100000000000000e+04
2.349900000000000000e+04
9.408000000000000000e+03
8.676000000000000000e+03
3.307600000000000000e+04
2.594100000000000000e+04
3.503000000000000000e+03
1.450100000000000000e+04
1.822400000000000000e+04
1.423200000000000000e+04
2.266400000000000000e+04
3.209600000000000000e+04
6.259000000000000000e+03
9.300000000000000000e+03
7.044000000000000000e+03
4.307000000000000000e+03
2.317000000000000000e+03
3.327000000000000000e+03
1.045100000000000000e+04
1.051100000000000000e+04
6.638300000000000000e+04
5.756000000000000000e+03
7.622000000000000000e+03
1.263300000000000000e+04
1.241800000000000000e+04
1.750400000000000000e+04
6.510000000000000000e+03
2.338100000000000000e+04
1.350300000000000000e+04
9.486000000000000000e+03
1.405000000000000000e+04
5.085000000000000000e+03
1.211300000000000000e+04
9.468000000000000000e+03
3.901400000000000000e+04
1.331600000000000000e+04
1.380400000000000000e+04
4.490000000000000000e+03
1.745100000000000000e+04
5.744100000000000000e+04
1.249400000000000000e+04
1.344600000000000000e+04
1.172800000000000000e+04
9.754000000000000000e+03
1.270700000000000000e+04
4.799200000000000000e+04
8.124000000000000000e+03
1.611300000000000000e+04
3.176900000000000000e+04
2.425000000000000000e+03
5.944000000000000000e+03
1.316600000000000000e+04
1.956600000000000000e+04
2.791300000000000000e+04
2.928000000000000000e+03
7.749000000000000000e+03
1.432300000000000000e+04
1.067700000000000000e+04
4.659000000000000000e+03
6.423000000000000000e+03
1.057800000000000000e+04
1.243200000000000000e+04
5.534100000000000000e+04
6.091000000000000000e+03
1.766300000000000000e+04
5.511000000000000000e+03
7.161000000000000000e+03
1.899200000000000000e+04
2.770100000000000000e+04
2.892000000000000000e+03
4.704000000000000000e+03
4.641000000000000000e+03
7.814000000000000000e+03
4.226000000000000000e+03
1.345800000000000000e+04
1.057300000000000000e+04
1.473100000000000000e+04
1.023900000000000000e+04
9.971000000000000000e+03
3.048900000000000000e+04
2.255200000000000000e+04
7.958000000000000000e+03
1.542500000000000000e+04
2.024200000000000000e+04
4.302000000000000000e+03
1.348400000000000000e+04
2.888100000000000000e+04
1.169700000000000000e+04
1.385300000000000000e+04
3.760000000000000000e+03
9.919000000000000000e+03
8.416000000000000000e+03
1.103800000000000000e+04
8.918000000000000000e+03
1.273600000000000000e+04
2.665400000000000000e+04
1.512500000000000000e+04
2.542200000000000000e+04
8.381000000000000000e+03
1.774000000000000000e+04
1.773400000000000000e+04
5.949000000000000000e+03
1.347900000000000000e+04
3.649000000000000000e+03
2.358000000000000000e+04
7.043000000000000000e+03
2.875300000000000000e+04
2.881800000000000000e+04
1.795000000000000000e+04
8.058000000000000000e+03
8.666000000000000000e+03
3.514000000000000000e+03
3.319000000000000000e+03
4.491000000000000000e+03
9.456000000000000000e+03
2.747000000000000000e+03
8.136000000000000000e+03
1.985300000000000000e+04
1.209800000000000000e+04
4.780000000000000000e+03
1.272900000000000000e+04
1.662500000000000000e+04
1.334400000000000000e+04
6.184000000000000000e+03
9.486000000000000000e+03
1.767700000000000000e+04
2.193100000000000000e+04
1.119600000000000000e+04
6.341000000000000000e+03
7.964000000000000000e+03
1.141900000000000000e+04
5.685000000000000000e+03
2.100700000000000000e+04
2.154700000000000000e+04
2.917000000000000000e+03
2.755700000000000000e+04
1.589600000000000000e+04
9.518000000000000000e+03
6.852000000000000000e+03
3.383800000000000000e+04
6.316000000000000000e+03
7.815000000000000000e+03
3.459100000000000000e+04
5.962000000000000000e+03
9.749000000000000000e+03
1.830500000000000000e+04
7.385000000000000000e+03
5.490000000000000000e+03
3.199300000000000000e+04
6.287000000000000000e+03
1.137700000000000000e+04
8.414000000000000000e+03
1.909300000000000000e+04
1.659700000000000000e+04
2.012100000000000000e+04
1.037000000000000000e+04
1.805700000000000000e+04
1.778600000000000000e+04
5.432000000000000000e+03
2.659700000000000000e+04
1.132400000000000000e+04
6.230000000000000000e+03
7.455000000000000000e+03
1.535400000000000000e+04
2.752900000000000000e+04
3.655000000000000000e+03
4.704000000000000000e+03
6.650000000000000000e+03
1.355300000000000000e+04
2.689700000000000000e+04
7.245000000000000000e+03
7.002000000000000000e+03
1.532600000000000000e+04
4.454900000000000000e+04
1.576500000000000000e+04
2.964800000000000000e+04
7.285000000000000000e+03
4.814000000000000000e+03
9.961000000000000000e+03
5.717000000000000000e+03
1.869200000000000000e+04
2.896600000000000000e+04
5.754000000000000000e+03
6.071000000000000000e+03
1.698000000000000000e+04
2.365100000000000000e+04
5.713000000000000000e+03
8.939000000000000000e+03
9.614000000000000000e+03
5.829000000000000000e+03
9.237000000000000000e+03
3.101000000000000000e+03
5.330800000000000000e+04
5.027000000000000000e+03
1.308700000000000000e+04
4.740000000000000000e+03
5.945000000000000000e+03
8.539000000000000000e+03
1.180600000000000000e+04
6.409000000000000000e+03
2.466400000000000000e+04
2.477300000000000000e+04
3.657800000000000000e+04
6.207000000000000000e+03
1.568500000000000000e+04
1.960600000000000000e+04
6.490000000000000000e+03
3.966000000000000000e+03
4.683000000000000000e+03
4.772000000000000000e+03
4.106100000000000000e+04
1.245000000000000000e+04
7.296000000000000000e+03
2.748900000000000000e+04
2.020000000000000000e+04
3.355700000000000000e+04
3.340000000000000000e+03
8.000000000000000000e+03
6.626000000000000000e+03
5.749000000000000000e+03
1.328300000000000000e+04
1.303900000000000000e+04
9.250000000000000000e+03
1.352600000000000000e+04
2.670300000000000000e+04
6.625000000000000000e+03
8.095000000000000000e+03
9.285000000000000000e+03
7.184000000000000000e+03
1.601300000000000000e+04
1.118500000000000000e+04
2.155500000000000000e+04
7.016000000000000000e+03
2.454300000000000000e+04
1.058100000000000000e+04
4.124000000000000000e+03
2.893700000000000000e+04
1.113800000000000000e+04
5.062000000000000000e+03
1.412700000000000000e+04
1.443300000000000000e+04
8.272000000000000000e+03
4.293000000000000000e+03
7.491000000000000000e+03
1.383900000000000000e+04
1.146300000000000000e+04
2.352300000000000000e+04
7.646000000000000000e+03
1.612900000000000000e+04
1.576300000000000000e+04
1.170800000000000000e+04
1.232800000000000000e+04
1.589800000000000000e+04
4.655800000000000000e+04
7.019000000000000000e+03
1.261700000000000000e+04
3.020300000000000000e+04
9.299000000000000000e+03
3.104000000000000000e+03
7.688000000000000000e+03
4.329000000000000000e+03
1.144200000000000000e+04
4.737000000000000000e+03
3.586000000000000000e+04
1.955000000000000000e+04
1.629700000000000000e+04
6.025000000000000000e+03
1.827400000000000000e+04
1.086100000000000000e+04
1.350400000000000000e+04
1.963000000000000000e+04
5.726600000000000000e+04
3.192000000000000000e+04
3.957600000000000000e+04
4.713000000000000000e+03
2.054600000000000000e+04
2.213400000000000000e+04
8.215000000000000000e+03
1.050700000000000000e+04
1.155200000000000000e+04
2.661900000000000000e+04
8.134000000000000000e+03
3.482700000000000000e+04
3.585900000000000000e+04
1.787000000000000000e+04
3.709000000000000000e+03
3.335900000000000000e+04
2.253300000000000000e+04
1.350200000000000000e+04
5.965000000000000000e+03
1.997100000000000000e+04
1.143400000000000000e+04
8.842000000000000000e+03
6.082000000000000000e+03
9.323000000000000000e+03
5.861400000000000000e+04
1.014700000000000000e+04
9.672000000000000000e+03
9.516000000000000000e+03
4.185400000000000000e+04
1.214100000000000000e+04
1.633900000000000000e+04
1.173700000000000000e+04
1.811000000000000000e+04
2.356600000000000000e+04
1.555500000000000000e+04
9.048000000000000000e+03
4.297000000000000000e+03
5.924000000000000000e+03
3.547500000000000000e+04
5.631000000000000000e+03
3.366000000000000000e+03
3.115000000000000000e+03
9.327000000000000000e+03
1.298000000000000000e+04
3.101900000000000000e+04
1.660000000000000000e+04
2.877000000000000000e+03
5.558700000000000000e+04
9.907000000000000000e+03
1.646800000000000000e+04
3.289000000000000000e+03
4.900000000000000000e+03
6.688000000000000000e+03
7.298000000000000000e+03
1.633500000000000000e+04
1.174600000000000000e+04
7.647000000000000000e+03
2.963700000000000000e+04
1.812800000000000000e+04
2.067000000000000000e+03
1.159400000000000000e+04
8.842000000000000000e+03
1.012500000000000000e+04
1.182000000000000000e+04
5.298000000000000000e+03
1.765600000000000000e+04
2.703000000000000000e+03
6.813000000000000000e+03
7.901000000000000000e+03
6.123000000000000000e+03
1.456900000000000000e+04
3.233400000000000000e+04
7.021000000000000000e+03
2.148000000000000000e+04
1.532800000000000000e+04
7.787000000000000000e+03
1.908700000000000000e+04
1.320900000000000000e+04
1.095500000000000000e+04
2.197800000000000000e+04
2.493100000000000000e+04
1.628200000000000000e+04
1.828500000000000000e+04
9.076000000000000000e+03
3.433100000000000000e+04
1.073300000000000000e+04
1.640100000000000000e+04
1.834200000000000000e+04
1.321600000000000000e+04
3.659000000000000000e+03
2.061400000000000000e+04
3.138000000000000000e+03
6.447000000000000000e+03
4.224000000000000000e+03
1.079000000000000000e+04
2.972300000000000000e+04
3.158600000000000000e+04
2.243200000000000000e+04
3.731900000000000000e+04
1.055800000000000000e+04
3.852000000000000000e+03
1.912000000000000000e+04
7.770000000000000000e+03
7.655000000000000000e+03
1.640900000000000000e+04
1.688900000000000000e+04
1.219600000000000000e+04
6.384000000000000000e+03
1.650500000000000000e+04
1.684700000000000000e+04
1.713200000000000000e+04
4.531400000000000000e+04
5.692000000000000000e+03
3.725600000000000000e+04
3.589300000000000000e+04
2.784600000000000000e+04
8.749000000000000000e+03
8.151000000000000000e+03
5.514000000000000000e+03
9.536000000000000000e+03
1.694200000000000000e+04
1.124900000000000000e+04
1.399100000000000000e+04
1.032400000000000000e+04
1.401400000000000000e+04
7.524000000000000000e+03
4.828000000000000000e+03
1.498600000000000000e+04
3.240900000000000000e+04
1.455200000000000000e+04
4.342200000000000000e+04
2.023700000000000000e+04
3.356900000000000000e+04
7.628000000000000000e+03
8.506000000000000000e+03
1.456700000000000000e+04
7.810000000000000000e+03
1.983600000000000000e+04
2.175200000000000000e+04
1.029200000000000000e+04
9.421000000000000000e+03
7.955000000000000000e+03
6.479000000000000000e+03
3.345100000000000000e+04
1.556300000000000000e+04
1.238900000000000000e+04
2.191800000000000000e+04
1.535600000000000000e+04
5.195000000000000000e+03
3.314400000000000000e+04
2.681900000000000000e+04
1.328300000000000000e+04
5.196000000000000000e+03
2.861200000000000000e+04
9.188000000000000000e+03
6.793000000000000000e+03
4.581000000000000000e+03
7.662000000000000000e+03
3.978000000000000000e+03
9.339000000000000000e+03
1.657000000000000000e+04
1.104200000000000000e+04
1.916200000000000000e+04
1.082900000000000000e+04
7.482000000000000000e+03
9.704000000000000000e+03
1.209900000000000000e+04
4.937000000000000000e+03
4.429000000000000000e+03
8.418000000000000000e+03
1.796400000000000000e+04
1.965300000000000000e+04
2.771500000000000000e+04
9.534000000000000000e+03
4.352000000000000000e+04
1.408700000000000000e+04
1.924900000000000000e+04
1.165400000000000000e+04
3.953000000000000000e+03
9.306000000000000000e+03
1.022000000000000000e+04
1.319300000000000000e+04
2.588700000000000000e+04
2.469400000000000000e+04
7.389000000000000000e+03
9.237000000000000000e+03
6.644000000000000000e+03
1.010100000000000000e+04
2.508800000000000000e+04
9.126000000000000000e+03
6.849000000000000000e+03
6.882000000000000000e+03
6.669000000000000000e+03
7.897000000000000000e+03
1.526900000000000000e+04
4.802000000000000000e+03
3.736600000000000000e+04
4.167000000000000000e+03
1.374100000000000000e+04
1.389200000000000000e+04
1.256600000000000000e+04
2.921100000000000000e+04
5.267000000000000000e+03
2.850800000000000000e+04
4.224000000000000000e+03
3.264800000000000000e+04
2.688700000000000000e+04
3.365000000000000000e+03
1.873800000000000000e+04
4.249000000000000000e+03
8.257000000000000000e+03
2.091000000000000000e+03
2.457200000000000000e+04
5.067000000000000000e+03
1.539100000000000000e+04
1.368300000000000000e+04
8.640000000000000000e+03
5.008900000000000000e+04
7.712000000000000000e+03
1.839300000000000000e+04
5.540000000000000000e+03
9.956000000000000000e+03
1.734200000000000000e+04
7.406000000000000000e+03
1.925500000000000000e+04
3.599800000000000000e+04
7.660000000000000000e+03
1.759900000000000000e+04
1.301000000000000000e+04
7.045000000000000000e+03
9.989000000000000000e+03
9.427000000000000000e+03
5.349000000000000000e+03
4.790500000000000000e+04
5.498000000000000000e+03
4.439000000000000000e+03
7.258000000000000000e+03
5.856000000000000000e+03
1.003800000000000000e+04
1.122500000000000000e+04
1.054400000000000000e+04
1.885900000000000000e+04
1.223900000000000000e+04
5.685400000000000000e+04
2.450900000000000000e+04
9.907000000000000000e+03
6.381000000000000000e+03
1.033900000000000000e+04
3.234800000000000000e+04
9.978000000000000000e+03
5.952000000000000000e+03
4.749600000000000000e+04
2.521900000000000000e+04
9.534000000000000000e+03
6.362000000000000000e+03
7.399000000000000000e+03
2.346400000000000000e+04
4.400000000000000000e+03
1.884300000000000000e+04
5.639000000000000000e+03
6.428000000000000000e+03
3.437200000000000000e+04
1.407500000000000000e+04
1.428300000000000000e+04
3.875800000000000000e+04
2.446100000000000000e+04
7.488000000000000000e+03
1.647000000000000000e+04
2.402300000000000000e+04
1.887700000000000000e+04
2.011600000000000000e+04
1.386200000000000000e+04
1.300500000000000000e+04
1.298800000000000000e+04
1.940400000000000000e+04
1.946000000000000000e+03
3.327000000000000000e+03
1.826600000000000000e+04
1.455300000000000000e+04
2.357600000000000000e+04
4.983000000000000000e+03
1.753300000000000000e+04
1.511600000000000000e+04
7.923400000000000000e+04
1.807600000000000000e+04
1.703700000000000000e+04
2.614000000000000000e+04
2.346300000000000000e+04
6.974000000000000000e+03
1.341400000000000000e+04
4.139000000000000000e+03
1.382900000000000000e+04
1.637500000000000000e+04
9.754000000000000000e+03
5.248000000000000000e+03
1.322400000000000000e+04
4.648000000000000000e+03
5.999000000000000000e+03
5.620000000000000000e+03
5.846000000000000000e+03
1.668900000000000000e+04
2.702100000000000000e+04
2.481100000000000000e+04
6.360000000000000000e+03
3.760200000000000000e+04
1.341700000000000000e+04
9.524000000000000000e+03
3.819000000000000000e+03
8.094000000000000000e+03
2.202400000000000000e+04
5.037000000000000000e+03
7.462000000000000000e+03
6.027000000000000000e+03
8.297000000000000000e+03
1.521900000000000000e+04
9.405000000000000000e+03
3.670000000000000000e+03
1.115700000000000000e+04
6.182000000000000000e+03
4.648000000000000000e+03
9.856000000000000000e+03
2.403500000000000000e+04
1.745400000000000000e+04
1.552900000000000000e+04
3.487400000000000000e+04
6.971000000000000000e+03
1.219200000000000000e+04
4.805000000000000000e+03
1.881600000000000000e+04
3.205400000000000000e+04
9.974000000000000000e+03
1.031600000000000000e+04
4.114000000000000000e+03
3.279400000000000000e+04
8.523000000000000000e+03
4.296600000000000000e+04
1.320600000000000000e+04
4.932100000000000000e+04
2.433600000000000000e+04
9.146000000000000000e+03
1.599300000000000000e+04
4.881600000000000000e+04
1.521400000000000000e+04
1.041300000000000000e+04
1.355200000000000000e+04
1.438800000000000000e+04
9.068000000000000000e+03
2.084200000000000000e+04
3.320500000000000000e+04
4.292000000000000000e+03
1.278300000000000000e+04
2.267800000000000000e+04
1.071700000000000000e+04
7.141000000000000000e+03
5.834000000000000000e+03
5.742500000000000000e+04
1.169600000000000000e+04
2.826300000000000000e+04
3.852800000000000000e+04
1.448700000000000000e+04
1.076400000000000000e+04
4.361000000000000000e+03
4.669000000000000000e+03
8.026000000000000000e+03
1.854800000000000000e+04
3.996900000000000000e+04
6.206000000000000000e+03
2.018300000000000000e+04
2.533400000000000000e+04
3.011000000000000000e+03
1.251700000000000000e+04
3.746000000000000000e+03
9.614000000000000000e+03
2.142000000000000000e+04
1.567000000000000000e+04
1.059500000000000000e+04
5.194000000000000000e+03
1.058700000000000000e+04
1.861500000000000000e+04
2.934000000000000000e+04
6.318000000000000000e+03
9.370000000000000000e+03
1.932700000000000000e+04
1.889800000000000000e+04
3.716000000000000000e+03
4.661000000000000000e+03
5.318700000000000000e+04
6.502000000000000000e+03
3.192000000000000000e+03
2.690400000000000000e+04
5.063000000000000000e+03
1.247700000000000000e+04
3.621000000000000000e+03
1.022600000000000000e+04
2.196400000000000000e+04
1.229300000000000000e+04
2.706700000000000000e+04
5.326000000000000000e+03
4.372000000000000000e+03
2.582600000000000000e+04
1.231800000000000000e+04
1.031000000000000000e+04
1.906500000000000000e+04
2.074200000000000000e+04
7.771000000000000000e+03
5.282000000000000000e+03
1.120000000000000000e+03
2.720000000000000000e+04
1.616400000000000000e+04
3.787000000000000000e+03
5.138000000000000000e+03
1.166800000000000000e+04
6.489000000000000000e+03
2.256100000000000000e+04
1.053700000000000000e+04
9.187000000000000000e+03
9.019000000000000000e+03
5.134000000000000000e+03
1.420000000000000000e+04
2.207000000000000000e+04
4.372000000000000000e+04
9.888000000000000000e+03
1.600800000000000000e+04
5.016000000000000000e+03
1.997700000000000000e+04
1.658000000000000000e+04
6.529000000000000000e+03
1.560900000000000000e+04
3.860000000000000000e+03
8.399000000000000000e+03
1.105900000000000000e+04
1.878800000000000000e+04
2.438500000000000000e+04
5.934000000000000000e+03
2.253800000000000000e+04
8.135000000000000000e+03
2.019700000000000000e+04
7.503100000000000000e+04
1.870700000000000000e+04
1.000300000000000000e+04
5.459000000000000000e+03
7.843000000000000000e+03
4.491000000000000000e+03
2.379200000000000000e+04
8.579000000000000000e+03
7.905000000000000000e+03
1.148800000000000000e+04
1.108300000000000000e+04
1.253200000000000000e+04
4.724000000000000000e+03
2.082900000000000000e+04
2.968200000000000000e+04
1.691400000000000000e+04
6.899000000000000000e+03
1.717100000000000000e+04
3.810000000000000000e+03
3.059000000000000000e+03
3.760500000000000000e+04
1.933800000000000000e+04
