3.590000000000000000e+02
3.927000000000000000e+03
3.602000000000000000e+03
8.710000000000000000e+02
6.516000000000000000e+03
1.550000000000000000e+02
9.215000000000000000e+03
5.795000000000000000e+03
1.357700000000000000e+04
2.475400000000000000e+04
3.776000000000000000e+03
1.455600000000000000e+04
4.877500000000000000e+04
2.181300000000000000e+04
4.839000000000000000e+03
1.205400000000000000e+04
1.487200000000000000e+04
1.039300000000000000e+04
1.490000000000000000e+03
1.166900000000000000e+04
2.027000000000000000e+03
1.480200000000000000e+04
3.329600000000000000e+04
2.430000000000000000e+04
7.670000000000000000e+02
6.005000000000000000e+03
4.978000000000000000e+04
9.028000000000000000e+03
9.629000000000000000e+03
5.967000000000000000e+03
8.560000000000000000e+03
4.119000000000000000e+03
1.309000000000000000e+04
2.534900000000000000e+04
2.107700000000000000e+04
3.268000000000000000e+03
1.779800000000000000e+04
1.330200000000000000e+04
7.300000000000000000e+03
3.131000000000000000e+03
5.548000000000000000e+03
5.807000000000000000e+03
4.629000000000000000e+03
8.560000000000000000e+03
3.261500000000000000e+04
2.437000000000000000e+03
5.208000000000000000e+03
2.569100000000000000e+04
1.130400000000000000e+04
1.919300000000000000e+04
3.342000000000000000e+03
1.191400000000000000e+04
2.870000000000000000e+03
7.327000000000000000e+03
8.741000000000000000e+03
3.702600000000000000e+04
3.298000000000000000e+03
2.533000000000000000e+03
1.898000000000000000e+03
2.524000000000000000e+03
2.103700000000000000e+04
5.475000000000000000e+03
1.042000000000000000e+03
8.092000000000000000e+03
7.986000000000000000e+03
7.360000000000000000e+02
2.870000000000000000e+03
1.296800000000000000e+04
1.014800000000000000e+04
3.107000000000000000e+03
9.175000000000000000e+03
1.989200000000000000e+04
2.177000000000000000e+03
1.443000000000000000e+03
2.015800000000000000e+04
1.147000000000000000e+03
5.108000000000000000e+03
1.986000000000000000e+03
1.665000000000000000e+04
3.501000000000000000e+03
3.592400000000000000e+04
6.220000000000000000e+02
1.282300000000000000e+04
5.781000000000000000e+03
1.748700000000000000e+04
3.063600000000000000e+04
1.240600000000000000e+04
2.689200000000000000e+04
3.926000000000000000e+03
6.940000000000000000e+02
1.127500000000000000e+04
9.031000000000000000e+03
2.678400000000000000e+04
2.417000000000000000e+03
5.350000000000000000e+02
1.389000000000000000e+04
2.437300000000000000e+04
1.342400000000000000e+04
4.784000000000000000e+03
3.306400000000000000e+04
7.861000000000000000e+03
7.330000000000000000e+02
1.364000000000000000e+04
6.414000000000000000e+03
2.369600000000000000e+04
1.428300000000000000e+04
4.012100000000000000e+04
3.308000000000000000e+04
6.715000000000000000e+03
2.267000000000000000e+04
1.171000000000000000e+03
2.521000000000000000e+03
1.588000000000000000e+03
1.346400000000000000e+04
4.918500000000000000e+04
1.021500000000000000e+04
5.132000000000000000e+04
1.288000000000000000e+03
1.432500000000000000e+04
1.085600000000000000e+04
1.706500000000000000e+04
1.678400000000000000e+04
7.621000000000000000e+03
7.482000000000000000e+03
3.073000000000000000e+03
7.860000000000000000e+03
4.896000000000000000e+03
1.745000000000000000e+03
5.139500000000000000e+04
1.678400000000000000e+04
3.559000000000000000e+03
2.619900000000000000e+04
1.029900000000000000e+04
1.545200000000000000e+04
2.619000000000000000e+03
5.436000000000000000e+03
8.934000000000000000e+03
7.310000000000000000e+03
5.795000000000000000e+03
2.832000000000000000e+03
3.520000000000000000e+02
4.710000000000000000e+02
8.960000000000000000e+03
9.990000000000000000e+02
5.744000000000000000e+03
3.614000000000000000e+03
2.173900000000000000e+04
6.613000000000000000e+03
2.265100000000000000e+04
5.394000000000000000e+03
8.230000000000000000e+02
1.263200000000000000e+04
3.075000000000000000e+03
2.213200000000000000e+04
1.768000000000000000e+03
6.513000000000000000e+03
1.296000000000000000e+03
3.388600000000000000e+04
1.474900000000000000e+04
4.891000000000000000e+04
9.557000000000000000e+03
1.132500000000000000e+04
3.094100000000000000e+04
6.232000000000000000e+03
1.400600000000000000e+04
8.878000000000000000e+03
6.700000000000000000e+02
3.214000000000000000e+03
9.040000000000000000e+03
5.185000000000000000e+03
2.298000000000000000e+03
1.171600000000000000e+04
3.394700000000000000e+04
6.710900000000000000e+04
2.920000000000000000e+03
1.249400000000000000e+04
2.558400000000000000e+04
2.921000000000000000e+03
4.118000000000000000e+03
1.552200000000000000e+04
6.880000000000000000e+03
1.583000000000000000e+04
1.573800000000000000e+04
5.070000000000000000e+02
2.910700000000000000e+04
7.811000000000000000e+03
1.489100000000000000e+04
1.752800000000000000e+04
7.530000000000000000e+03
2.750000000000000000e+03
1.303400000000000000e+04
1.334000000000000000e+04
7.005000000000000000e+03
1.714000000000000000e+03
7.160000000000000000e+03
2.315000000000000000e+03
3.145700000000000000e+04
1.131400000000000000e+04
1.640500000000000000e+04
9.570000000000000000e+03
3.593000000000000000e+03
1.859000000000000000e+03
3.620000000000000000e+03
1.206400000000000000e+04
6.080000000000000000e+03
1.015100000000000000e+04
3.267000000000000000e+03
1.677800000000000000e+04
2.828000000000000000e+03
8.390000000000000000e+02
2.315100000000000000e+04
2.155500000000000000e+04
9.627000000000000000e+03
3.289500000000000000e+04
2.306200000000000000e+04
3.307500000000000000e+04
6.441000000000000000e+03
5.584000000000000000e+03
8.903000000000000000e+03
9.076000000000000000e+03
1.172400000000000000e+04
1.356000000000000000e+03
1.187000000000000000e+03
3.097700000000000000e+04
7.332000000000000000e+03
3.153000000000000000e+03
4.000000000000000000e+03
9.946000000000000000e+03
2.457800000000000000e+04
2.804000000000000000e+03
2.502200000000000000e+04
3.128800000000000000e+04
1.459900000000000000e+04
2.221200000000000000e+04
4.454000000000000000e+03
6.919000000000000000e+03
6.841000000000000000e+03
2.186000000000000000e+03
6.260000000000000000e+03
5.849400000000000000e+04
1.512900000000000000e+04
3.476300000000000000e+04
4.532000000000000000e+03
2.095700000000000000e+04
1.226800000000000000e+04
2.129000000000000000e+04
2.018800000000000000e+04
7.943000000000000000e+03
1.292000000000000000e+03
1.440200000000000000e+04
2.325900000000000000e+04
1.093900000000000000e+04
6.690700000000000000e+04
1.362500000000000000e+04
1.509800000000000000e+04
4.880000000000000000e+02
3.767200000000000000e+04
1.882700000000000000e+04
1.795700000000000000e+04
1.555100000000000000e+04
2.416100000000000000e+04
1.120100000000000000e+04
2.762000000000000000e+03
3.248000000000000000e+03
2.587000000000000000e+03
1.017400000000000000e+04
1.561000000000000000e+03
2.115000000000000000e+03
2.552000000000000000e+04
2.862600000000000000e+04
4.429000000000000000e+03
8.853000000000000000e+03
8.586000000000000000e+03
1.045000000000000000e+03
4.690000000000000000e+02
1.235100000000000000e+04
1.632800000000000000e+04
4.235800000000000000e+04
8.176000000000000000e+03
1.119300000000000000e+04
9.841000000000000000e+03
7.610000000000000000e+02
1.351400000000000000e+04
3.262000000000000000e+03
7.162000000000000000e+03
1.922100000000000000e+04
1.803400000000000000e+04
1.226000000000000000e+04
1.602000000000000000e+04
1.569500000000000000e+04
1.155800000000000000e+04
1.694000000000000000e+03
7.330000000000000000e+03
1.692300000000000000e+04
5.552000000000000000e+03
1.720400000000000000e+04
1.211600000000000000e+04
7.201000000000000000e+03
3.430000000000000000e+03
8.831000000000000000e+03
1.336100000000000000e+04
4.433000000000000000e+03
9.046000000000000000e+03
3.370000000000000000e+04
7.047000000000000000e+03
1.955200000000000000e+04
2.142300000000000000e+04
1.771000000000000000e+03
5.719000000000000000e+03
2.407900000000000000e+04
3.991000000000000000e+03
1.062400000000000000e+04
8.829000000000000000e+03
7.334000000000000000e+03
3.441700000000000000e+04
1.854000000000000000e+03
9.060000000000000000e+02
3.068300000000000000e+04
2.918000000000000000e+03
2.205000000000000000e+03
1.025200000000000000e+04
7.951000000000000000e+03
8.427000000000000000e+03
1.689000000000000000e+03
8.680000000000000000e+03
2.367000000000000000e+03
6.039000000000000000e+03
6.967000000000000000e+03
1.587400000000000000e+04
4.331000000000000000e+03
5.685000000000000000e+03
4.145900000000000000e+04
5.689000000000000000e+03
1.040000000000000000e+03
2.335100000000000000e+04
3.594000000000000000e+03
1.396400000000000000e+04
2.738000000000000000e+03
5.241000000000000000e+03
3.311000000000000000e+03
1.605000000000000000e+04
5.671000000000000000e+03
2.302900000000000000e+04
2.982000000000000000e+03
3.144100000000000000e+04
1.555900000000000000e+04
2.108300000000000000e+04
3.348000000000000000e+04
7.300000000000000000e+02
3.809000000000000000e+03
6.269000000000000000e+03
1.674900000000000000e+04
2.447300000000000000e+04
5.768000000000000000e+03
9.093000000000000000e+03
7.495000000000000000e+03
1.132000000000000000e+03
3.614600000000000000e+04
2.357600000000000000e+04
1.814700000000000000e+04
3.708000000000000000e+03
4.441000000000000000e+03
1.547000000000000000e+03
2.901500000000000000e+04
1.665300000000000000e+04
3.947600000000000000e+04
3.155000000000000000e+03
1.796900000000000000e+04
7.057000000000000000e+03
3.116000000000000000e+03
4.894000000000000000e+03
1.470000000000000000e+03
7.750000000000000000e+02
1.259600000000000000e+04
1.124900000000000000e+04
4.468600000000000000e+04
7.000000000000000000e+03
5.600000000000000000e+02
2.106400000000000000e+04
1.148000000000000000e+04
2.976000000000000000e+03
4.992000000000000000e+03
2.525600000000000000e+04
3.330000000000000000e+02
1.243100000000000000e+04
1.632000000000000000e+03
1.474000000000000000e+03
6.030000000000000000e+02
1.031000000000000000e+03
1.370500000000000000e+04
1.481900000000000000e+04
2.714500000000000000e+04
2.104100000000000000e+04
2.303000000000000000e+03
2.921000000000000000e+03
6.957000000000000000e+03
2.133100000000000000e+04
6.823000000000000000e+03
1.684800000000000000e+04
4.282000000000000000e+04
1.642100000000000000e+04
1.483400000000000000e+04
4.900000000000000000e+04
1.696000000000000000e+03
2.586500000000000000e+04
2.568000000000000000e+04
3.519000000000000000e+03
9.255000000000000000e+03
3.673000000000000000e+03
5.498000000000000000e+03
2.246900000000000000e+04
7.828000000000000000e+03
1.489000000000000000e+04
1.300000000000000000e+03
1.073500000000000000e+04
8.788000000000000000e+03
3.559000000000000000e+03
1.126100000000000000e+04
1.883700000000000000e+04
3.128100000000000000e+04
1.647500000000000000e+04
2.102900000000000000e+04
2.503000000000000000e+03
1.426000000000000000e+04
1.134100000000000000e+04
7.877000000000000000e+03
3.654000000000000000e+04
3.632000000000000000e+03
3.787500000000000000e+04
1.178600000000000000e+04
2.394500000000000000e+04
3.174000000000000000e+04
9.380000000000000000e+02
1.426900000000000000e+04
9.090000000000000000e+02
2.630500000000000000e+04
6.610000000000000000e+03
8.230000000000000000e+03
8.564000000000000000e+03
2.545000000000000000e+03
5.718000000000000000e+03
6.814000000000000000e+04
1.395000000000000000e+04
8.420000000000000000e+03
1.523400000000000000e+04
4.015900000000000000e+04
1.744600000000000000e+04
7.032000000000000000e+03
3.334000000000000000e+03
2.348700000000000000e+04
1.335700000000000000e+04
4.619000000000000000e+03
5.058600000000000000e+04
3.256000000000000000e+03
1.612800000000000000e+04
5.556000000000000000e+03
1.744000000000000000e+04
6.700000000000000000e+03
2.405300000000000000e+04
6.062000000000000000e+03
7.819000000000000000e+03
2.235000000000000000e+04
7.156000000000000000e+03
4.581000000000000000e+03
1.651500000000000000e+04
1.523600000000000000e+04
1.405000000000000000e+03
4.569000000000000000e+03
8.337000000000000000e+03
1.261000000000000000e+03
1.013100000000000000e+04
1.914400000000000000e+04
3.456000000000000000e+03
3.121000000000000000e+03
2.575600000000000000e+04
2.466600000000000000e+04
1.557800000000000000e+04
3.743000000000000000e+03
1.048400000000000000e+04
1.398500000000000000e+04
7.782000000000000000e+03
3.993000000000000000e+03
4.965000000000000000e+04
1.292000000000000000e+03
2.510000000000000000e+03
7.789000000000000000e+03
5.461000000000000000e+03
3.340000000000000000e+02
6.889000000000000000e+03
1.970800000000000000e+04
6.935000000000000000e+03
3.859000000000000000e+03
1.230000000000000000e+04
6.230000000000000000e+03
5.470000000000000000e+03
4.297000000000000000e+03
3.506000000000000000e+03
3.237000000000000000e+03
1.749600000000000000e+04
2.678000000000000000e+03
7.707000000000000000e+03
8.019000000000000000e+03
5.087000000000000000e+03
3.006000000000000000e+03
1.802200000000000000e+04
1.297500000000000000e+04
1.514500000000000000e+04
1.073000000000000000e+03
2.710400000000000000e+04
1.894700000000000000e+04
1.658100000000000000e+04
1.457800000000000000e+04
2.130700000000000000e+04
7.610000000000000000e+02
1.515400000000000000e+04
1.013500000000000000e+04
5.052000000000000000e+03
1.066500000000000000e+04
1.554900000000000000e+04
6.826000000000000000e+03
1.240000000000000000e+03
2.404000000000000000e+03
1.524100000000000000e+04
3.567700000000000000e+04
1.128400000000000000e+04
4.542900000000000000e+04
8.980000000000000000e+03
3.335000000000000000e+03
3.339000000000000000e+03
1.034000000000000000e+03
3.887000000000000000e+03
8.533000000000000000e+03
7.078000000000000000e+03
1.226800000000000000e+04
5.220000000000000000e+03
2.300000000000000000e+03
9.410000000000000000e+02
6.469000000000000000e+03
8.030300000000000000e+04
2.310000000000000000e+03
1.271400000000000000e+04
8.972000000000000000e+03
1.385500000000000000e+04
1.541000000000000000e+03
7.530000000000000000e+02
1.676000000000000000e+04
2.023000000000000000e+03
8.988000000000000000e+03
1.587300000000000000e+04
2.546400000000000000e+04
3.670000000000000000e+02
1.321800000000000000e+04
5.394000000000000000e+03
9.322000000000000000e+03
4.952000000000000000e+03
7.161000000000000000e+03
5.921000000000000000e+03
1.820100000000000000e+04
1.016600000000000000e+04
3.253000000000000000e+03
6.155000000000000000e+03
2.993000000000000000e+03
8.248000000000000000e+03
4.910000000000000000e+03
3.732000000000000000e+03
2.367000000000000000e+04
2.939200000000000000e+04
7.195000000000000000e+03
5.957000000000000000e+03
1.249100000000000000e+04
8.910000000000000000e+02
4.529000000000000000e+03
1.944000000000000000e+03
2.202900000000000000e+04
1.816500000000000000e+04
1.194600000000000000e+04
4.610000000000000000e+03
1.393200000000000000e+04
2.137000000000000000e+03
3.726000000000000000e+03
1.247100000000000000e+04
3.184000000000000000e+04
4.159000000000000000e+03
6.478000000000000000e+03
5.558000000000000000e+03
1.267400000000000000e+04
2.567000000000000000e+03
5.773000000000000000e+03
1.848100000000000000e+04
2.243300000000000000e+04
5.709100000000000000e+04
4.281000000000000000e+03
6.400700000000000000e+04
1.802000000000000000e+04
8.929000000000000000e+03
6.590000000000000000e+02
9.750000000000000000e+02
1.707100000000000000e+04
1.583000000000000000e+04
2.731000000000000000e+04
1.453000000000000000e+03
2.381000000000000000e+03
3.932500000000000000e+04
8.476000000000000000e+03
1.783700000000000000e+04
8.484000000000000000e+03
3.530000000000000000e+03
1.108000000000000000e+03
6.446000000000000000e+03
2.676000000000000000e+03
1.584700000000000000e+04
8.401000000000000000e+03
2.686500000000000000e+04
1.441200000000000000e+04
2.031100000000000000e+04
2.150400000000000000e+04
6.933000000000000000e+03
1.165100000000000000e+04
6.368000000000000000e+03
1.309900000000000000e+04
1.023100000000000000e+04
4.980000000000000000e+02
9.359000000000000000e+03
4.823000000000000000e+03
2.896000000000000000e+03
8.111000000000000000e+03
1.749600000000000000e+04
8.661000000000000000e+03
5.454000000000000000e+03
2.941100000000000000e+04
9.552000000000000000e+03
3.124000000000000000e+03
1.361500000000000000e+04
5.584000000000000000e+03
1.235000000000000000e+03
2.194000000000000000e+04
1.144900000000000000e+04
8.119000000000000000e+03
1.256000000000000000e+03
1.216900000000000000e+04
1.961600000000000000e+04
9.161000000000000000e+03
1.917400000000000000e+04
4.355000000000000000e+04
2.841800000000000000e+04
1.823600000000000000e+04
1.524600000000000000e+04
3.713000000000000000e+03
6.399000000000000000e+03
1.626000000000000000e+03
1.378400000000000000e+04
1.154500000000000000e+04
3.903100000000000000e+04
5.570000000000000000e+03
3.226800000000000000e+04
4.457000000000000000e+03
7.230000000000000000e+03
6.520000000000000000e+03
1.039000000000000000e+03
1.311300000000000000e+04
1.246100000000000000e+04
9.296000000000000000e+03
3.494600000000000000e+04
6.148000000000000000e+03
5.073000000000000000e+03
1.465900000000000000e+04
2.437500000000000000e+04
3.587000000000000000e+03
1.218000000000000000e+03
4.379000000000000000e+03
5.087000000000000000e+03
7.068000000000000000e+03
1.115900000000000000e+04
4.884000000000000000e+03
6.765000000000000000e+03
6.349000000000000000e+03
1.434600000000000000e+04
2.663700000000000000e+04
2.696600000000000000e+04
2.303000000000000000e+03
6.218000000000000000e+03
5.583000000000000000e+03
3.352200000000000000e+04
1.410000000000000000e+03
4.548000000000000000e+03
7.532000000000000000e+03
1.399700000000000000e+04
9.046000000000000000e+03
3.447700000000000000e+04
1.948000000000000000e+03
2.038000000000000000e+03
1.857600000000000000e+04
7.399000000000000000e+03
3.273000000000000000e+03
1.525000000000000000e+03
1.301400000000000000e+04
1.848500000000000000e+04
4.018000000000000000e+03
2.110400000000000000e+04
8.307000000000000000e+03
8.088000000000000000e+03
9.457000000000000000e+03
5.907000000000000000e+03
5.574000000000000000e+03
1.503600000000000000e+04
2.086000000000000000e+03
2.697500000000000000e+04
2.413400000000000000e+04
7.067000000000000000e+03
1.296100000000000000e+04
8.522000000000000000e+03
1.232300000000000000e+04
1.736600000000000000e+04
4.175000000000000000e+03
2.600500000000000000e+04
2.062600000000000000e+04
2.221500000000000000e+04
3.149000000000000000e+03
2.650900000000000000e+04
8.409000000000000000e+03
6.830000000000000000e+02
4.166000000000000000e+03
1.576500000000000000e+04
4.256000000000000000e+03
5.925000000000000000e+03
2.602000000000000000e+03
2.516000000000000000e+03
3.100000000000000000e+03
2.385000000000000000e+03
1.932700000000000000e+04
1.881000000000000000e+04
9.642000000000000000e+03
5.867300000000000000e+04
2.826100000000000000e+04
2.299400000000000000e+04
2.828000000000000000e+03
7.058000000000000000e+03
2.956000000000000000e+04
2.757000000000000000e+03
2.909800000000000000e+04
1.091200000000000000e+04
8.817000000000000000e+03
2.105500000000000000e+04
1.386000000000000000e+03
1.127400000000000000e+04
2.858600000000000000e+04
1.698900000000000000e+04
1.824300000000000000e+04
1.456000000000000000e+03
6.496000000000000000e+03
2.683000000000000000e+03
1.143200000000000000e+04
1.263800000000000000e+04
1.612300000000000000e+04
1.124500000000000000e+04
8.625000000000000000e+03
4.790200000000000000e+04
2.548000000000000000e+04
3.501000000000000000e+03
2.184200000000000000e+04
2.164500000000000000e+04
4.532300000000000000e+04
5.463000000000000000e+03
1.082000000000000000e+03
3.911000000000000000e+03
1.847800000000000000e+04
2.098000000000000000e+03
2.061800000000000000e+04
2.264500000000000000e+04
1.978600000000000000e+04
3.946000000000000000e+03
1.122100000000000000e+04
5.455000000000000000e+03
1.482900000000000000e+04
5.749000000000000000e+03
1.492200000000000000e+04
2.664200000000000000e+04
9.226000000000000000e+03
1.153900000000000000e+04
1.450600000000000000e+04
1.538000000000000000e+03
1.374400000000000000e+04
7.605000000000000000e+03
8.687000000000000000e+03
2.191500000000000000e+04
1.480700000000000000e+04
4.446700000000000000e+04
1.554100000000000000e+04
1.803300000000000000e+04
6.061000000000000000e+03
6.672000000000000000e+03
1.213600000000000000e+04
6.039000000000000000e+03
9.248000000000000000e+03
1.421900000000000000e+04
8.720000000000000000e+03
2.301000000000000000e+03
1.316900000000000000e+04
3.949000000000000000e+03
1.101000000000000000e+03
5.120000000000000000e+03
7.030000000000000000e+02
2.545500000000000000e+04
1.699500000000000000e+04
1.382000000000000000e+03
1.504400000000000000e+04
8.174000000000000000e+03
4.250000000000000000e+02
7.957000000000000000e+03
1.369400000000000000e+04
6.883000000000000000e+03
6.271000000000000000e+03
1.114400000000000000e+04
9.833000000000000000e+03
1.875300000000000000e+04
7.270000000000000000e+02
3.895000000000000000e+03
3.869000000000000000e+03
2.561500000000000000e+04
1.535900000000000000e+04
6.821000000000000000e+03
4.830000000000000000e+03
1.160600000000000000e+04
5.641000000000000000e+03
6.887000000000000000e+03
6.174000000000000000e+03
7.034000000000000000e+03
7.977000000000000000e+03
2.211300000000000000e+04
1.019000000000000000e+03
3.636000000000000000e+03
1.306800000000000000e+04
2.508000000000000000e+03
3.674000000000000000e+03
2.495400000000000000e+04
5.911000000000000000e+03
1.257100000000000000e+04
2.498600000000000000e+04
1.460400000000000000e+04
2.222100000000000000e+04
1.621800000000000000e+04
1.953600000000000000e+04
1.275000000000000000e+03
8.491000000000000000e+03
1.320000000000000000e+03
1.035800000000000000e+04
6.073000000000000000e+03
1.704600000000000000e+04
4.176000000000000000e+03
1.106100000000000000e+04
2.861000000000000000e+03
1.211000000000000000e+04
1.721600000000000000e+04
1.540700000000000000e+04
2.527000000000000000e+03
2.936300000000000000e+04
5.105100000000000000e+04
5.569000000000000000e+03
9.710000000000000000e+02
2.544400000000000000e+04
2.652000000000000000e+04
5.750000000000000000e+03
7.461000000000000000e+03
1.048700000000000000e+04
2.691300000000000000e+04
3.163000000000000000e+03
1.800000000000000000e+03
1.902900000000000000e+04
4.871100000000000000e+04
6.520000000000000000e+02
8.694000000000000000e+03
2.140700000000000000e+04
1.209100000000000000e+04
5.910000000000000000e+02
9.231000000000000000e+03
2.200000000000000000e+02
2.469700000000000000e+04
2.046200000000000000e+04
1.784000000000000000e+03
6.674000000000000000e+03
1.784000000000000000e+03
9.178000000000000000e+03
3.340000000000000000e+02
7.745000000000000000e+03
3.506400000000000000e+04
1.406100000000000000e+04
9.334000000000000000e+03
2.042900000000000000e+04
1.851000000000000000e+04
5.280000000000000000e+02
9.878000000000000000e+03
8.852000000000000000e+03
7.391000000000000000e+03
7.350000000000000000e+02
2.772500000000000000e+04
9.350000000000000000e+02
6.280000000000000000e+02
2.855900000000000000e+04
5.018000000000000000e+03
3.186000000000000000e+03
1.115100000000000000e+04
6.933000000000000000e+03
3.272600000000000000e+04
5.455000000000000000e+03
7.026000000000000000e+03
1.856000000000000000e+03
9.440000000000000000e+03
3.531000000000000000e+03
7.470000000000000000e+02
4.870000000000000000e+03
7.039000000000000000e+03
4.375100000000000000e+04
7.334000000000000000e+03
7.433000000000000000e+03
1.452500000000000000e+04
5.707000000000000000e+03
1.611000000000000000e+03
1.660000000000000000e+03
2.349700000000000000e+04
4.353200000000000000e+04
7.160000000000000000e+02
2.917000000000000000e+03
1.041400000000000000e+04
2.650300000000000000e+04
1.760000000000000000e+03
2.270700000000000000e+04
2.435000000000000000e+04
1.970000000000000000e+02
2.583000000000000000e+03
1.362900000000000000e+04
1.385500000000000000e+04
5.515000000000000000e+03
3.677200000000000000e+04
6.827000000000000000e+03
1.115000000000000000e+03
2.590000000000000000e+02
1.192300000000000000e+04
1.115300000000000000e+04
6.318000000000000000e+03
6.603000000000000000e+03
6.342000000000000000e+03
7.796000000000000000e+03
5.442000000000000000e+03
5.112000000000000000e+03
1.583300000000000000e+04
5.153000000000000000e+03
3.750000000000000000e+02
2.607500000000000000e+04
6.367000000000000000e+03
8.920000000000000000e+03
1.468400000000000000e+04
4.820000000000000000e+02
3.698000000000000000e+03
2.614100000000000000e+04
1.353000000000000000e+03
3.716300000000000000e+04
2.707600000000000000e+04
5.096000000000000000e+03
2.053300000000000000e+04
1.367300000000000000e+04
1.044700000000000000e+04
6.841000000000000000e+03
5.343000000000000000e+03
2.767100000000000000e+04
1.001000000000000000e+04
2.882700000000000000e+04
1.872000000000000000e+03
6.201000000000000000e+03
1.115000000000000000e+03
3.887000000000000000e+03
1.278000000000000000e+03
3.124000000000000000e+03
4.043000000000000000e+03
1.060800000000000000e+04
1.258100000000000000e+04
3.993000000000000000e+03
1.443000000000000000e+03
2.855000000000000000e+03
1.184300000000000000e+04
4.822500000000000000e+04
9.188000000000000000e+03
1.472300000000000000e+04
8.922000000000000000e+03
2.722000000000000000e+03
1.597000000000000000e+03
9.530000000000000000e+02
9.237000000000000000e+03
4.304700000000000000e+04
1.193300000000000000e+04
6.275000000000000000e+03
8.709000000000000000e+03
2.289000000000000000e+03
1.166800000000000000e+04
6.380000000000000000e+02
2.711400000000000000e+04
7.627000000000000000e+03
4.375000000000000000e+03
5.470000000000000000e+03
1.614400000000000000e+04
5.893000000000000000e+03
