3.211800000000000000e+04
1.116100000000000000e+04
1.834500000000000000e+04
3.144000000000000000e+03
2.063200000000000000e+04
4.810000000000000000e+03
1.812300000000000000e+04
8.004000000000000000e+03
9.735000000000000000e+03
2.836900000000000000e+04
3.600000000000000000e+04
4.124900000000000000e+04
3.203400000000000000e+04
4.061000000000000000e+03
8.989000000000000000e+03
3.749000000000000000e+03
1.206400000000000000e+04
2.184000000000000000e+03
1.064000000000000000e+03
1.426500000000000000e+04
1.724000000000000000e+03
4.418400000000000000e+04
9.804000000000000000e+03
3.706000000000000000e+03
4.353000000000000000e+03
2.551800000000000000e+04
1.135100000000000000e+04
3.493000000000000000e+03
1.479500000000000000e+04
4.622200000000000000e+04
2.135000000000000000e+03
7.113000000000000000e+03
4.225600000000000000e+04
2.359000000000000000e+03
3.317700000000000000e+04
4.729000000000000000e+03
3.873600000000000000e+04
9.972000000000000000e+03
1.197400000000000000e+04
7.055000000000000000e+03
2.609900000000000000e+04
1.204900000000000000e+04
8.077000000000000000e+03
1.552100000000000000e+04
1.047600000000000000e+04
8.152000000000000000e+03
4.486400000000000000e+04
2.530000000000000000e+03
4.421000000000000000e+03
1.151300000000000000e+04
2.369500000000000000e+04
1.837700000000000000e+04
6.618000000000000000e+03
1.175900000000000000e+04
4.684000000000000000e+03
1.770300000000000000e+04
3.070400000000000000e+04
3.184000000000000000e+04
7.012000000000000000e+04
1.418000000000000000e+04
3.610000000000000000e+03
7.105000000000000000e+03
2.121000000000000000e+03
5.929000000000000000e+03
1.609000000000000000e+04
2.098800000000000000e+04
2.981400000000000000e+04
2.100700000000000000e+04
5.651000000000000000e+03
4.610000000000000000e+03
2.296600000000000000e+04
2.691000000000000000e+04
8.647000000000000000e+03
2.165000000000000000e+03
1.746800000000000000e+04
8.311000000000000000e+03
5.000000000000000000e+03
2.663200000000000000e+04
7.497000000000000000e+03
1.299200000000000000e+04
3.035800000000000000e+04
1.923400000000000000e+04
1.794300000000000000e+04
4.146000000000000000e+03
6.125000000000000000e+03
2.631600000000000000e+04
3.994000000000000000e+04
7.784000000000000000e+03
3.024000000000000000e+04
1.555200000000000000e+04
1.456500000000000000e+04
1.090300000000000000e+04
1.705000000000000000e+03
2.864000000000000000e+03
1.598700000000000000e+04
2.874100000000000000e+04
5.143000000000000000e+03
1.956700000000000000e+04
4.043000000000000000e+03
3.019100000000000000e+04
2.731500000000000000e+04
1.805300000000000000e+04
1.551400000000000000e+04
3.706000000000000000e+04
1.423000000000000000e+04
2.000400000000000000e+04
1.191600000000000000e+04
1.412900000000000000e+04
2.492900000000000000e+04
1.150000000000000000e+03
1.264000000000000000e+03
2.463400000000000000e+04
2.375600000000000000e+04
4.303000000000000000e+03
1.152600000000000000e+04
7.269000000000000000e+03
7.783500000000000000e+04
2.196000000000000000e+03
1.707300000000000000e+04
5.542400000000000000e+04
1.054100000000000000e+04
1.712700000000000000e+04
6.621300000000000000e+04
3.273000000000000000e+03
2.212300000000000000e+04
5.377000000000000000e+03
2.030000000000000000e+03
3.394500000000000000e+04
4.615000000000000000e+03
1.439200000000000000e+04
5.929900000000000000e+04
2.751400000000000000e+04
8.596000000000000000e+03
4.269000000000000000e+03
1.878000000000000000e+03
1.078900000000000000e+04
6.329000000000000000e+03
2.682600000000000000e+04
4.470400000000000000e+04
3.161800000000000000e+04
3.528900000000000000e+04
2.739100000000000000e+04
6.301700000000000000e+04
5.433000000000000000e+03
3.279000000000000000e+03
5.579000000000000000e+03
1.167600000000000000e+04
1.555300000000000000e+04
3.364000000000000000e+04
1.810000000000000000e+04
1.162100000000000000e+04
1.167300000000000000e+04
3.431800000000000000e+04
1.460800000000000000e+04
4.458600000000000000e+04
1.259500000000000000e+04
1.261900000000000000e+04
3.527000000000000000e+04
3.412100000000000000e+04
5.750000000000000000e+03
9.983000000000000000e+03
1.272000000000000000e+04
1.909400000000000000e+04
6.916000000000000000e+03
5.192000000000000000e+03
5.879000000000000000e+03
1.297700000000000000e+04
3.078800000000000000e+04
1.796700000000000000e+04
1.871400000000000000e+04
7.999000000000000000e+03
5.836000000000000000e+03
3.377700000000000000e+04
4.762000000000000000e+03
4.968000000000000000e+03
1.274030000000000000e+05
4.918000000000000000e+03
1.691600000000000000e+04
2.790000000000000000e+03
1.027400000000000000e+04
8.401000000000000000e+03
2.028800000000000000e+04
7.345000000000000000e+03
9.280000000000000000e+03
1.327900000000000000e+04
4.669000000000000000e+03
7.494000000000000000e+03
2.336400000000000000e+04
2.336800000000000000e+04
2.217100000000000000e+04
2.524900000000000000e+04
3.188800000000000000e+04
1.882600000000000000e+04
5.849000000000000000e+03
3.507200000000000000e+04
3.688300000000000000e+04
8.305000000000000000e+03
3.304000000000000000e+03
8.389000000000000000e+03
7.269000000000000000e+03
2.024300000000000000e+04
2.220500000000000000e+04
8.505000000000000000e+03
3.626100000000000000e+04
3.779000000000000000e+03
1.256800000000000000e+04
6.796000000000000000e+03
7.630000000000000000e+03
1.401400000000000000e+04
3.103300000000000000e+04
1.291400000000000000e+04
9.128000000000000000e+03
1.084300000000000000e+04
1.132400000000000000e+04
7.892000000000000000e+03
1.203000000000000000e+04
8.287000000000000000e+03
5.040000000000000000e+03
1.587000000000000000e+04
2.984100000000000000e+04
2.006500000000000000e+04
4.075000000000000000e+03
5.952000000000000000e+03
7.246000000000000000e+03
1.456000000000000000e+03
2.702000000000000000e+03
5.539000000000000000e+03
1.758000000000000000e+03
7.398000000000000000e+03
1.560600000000000000e+04
8.549000000000000000e+03
2.549900000000000000e+04
6.196300000000000000e+04
2.962000000000000000e+03
7.647000000000000000e+03
3.617400000000000000e+04
8.145000000000000000e+03
1.152300000000000000e+04
4.993800000000000000e+04
6.581000000000000000e+03
1.003000000000000000e+04
1.081300000000000000e+04
5.752000000000000000e+03
7.261800000000000000e+04
3.098000000000000000e+03
1.788000000000000000e+03
8.448000000000000000e+03
1.868500000000000000e+04
2.292000000000000000e+03
3.226600000000000000e+04
8.825000000000000000e+03
2.257300000000000000e+04
8.630000000000000000e+02
1.045000000000000000e+04
1.079000000000000000e+04
3.272700000000000000e+04
3.134000000000000000e+03
1.535100000000000000e+04
1.747000000000000000e+03
1.764100000000000000e+04
1.158600000000000000e+04
2.138700000000000000e+04
2.216300000000000000e+04
4.285100000000000000e+04
2.591100000000000000e+04
3.159200000000000000e+04
1.646500000000000000e+04
1.711200000000000000e+04
7.280000000000000000e+03
2.299000000000000000e+04
3.158100000000000000e+04
9.214000000000000000e+03
1.880000000000000000e+03
2.120000000000000000e+03
3.767000000000000000e+03
1.815400000000000000e+04
1.040400000000000000e+04
1.347000000000000000e+04
9.605000000000000000e+03
9.393000000000000000e+03
3.332600000000000000e+04
1.759000000000000000e+03
1.455000000000000000e+03
1.896900000000000000e+04
5.213000000000000000e+03
3.313400000000000000e+04
1.248000000000000000e+04
1.764200000000000000e+04
1.470700000000000000e+04
6.196000000000000000e+03
6.316000000000000000e+03
8.139000000000000000e+03
1.930000000000000000e+03
1.435200000000000000e+04
2.012700000000000000e+04
1.297700000000000000e+04
1.168000000000000000e+04
1.542100000000000000e+04
9.289000000000000000e+03
9.435000000000000000e+03
6.149000000000000000e+03
1.057600000000000000e+04
1.952700000000000000e+04
6.079000000000000000e+03
1.225300000000000000e+04
3.851000000000000000e+04
4.835000000000000000e+03
1.482000000000000000e+03
5.783000000000000000e+03
7.599000000000000000e+03
1.358200000000000000e+04
8.858200000000000000e+04
2.195300000000000000e+04
5.284200000000000000e+04
5.845500000000000000e+04
4.125400000000000000e+04
3.507000000000000000e+04
1.095700000000000000e+04
2.390000000000000000e+04
5.679000000000000000e+03
7.971000000000000000e+03
1.609800000000000000e+04
2.886900000000000000e+04
1.843000000000000000e+03
1.342300000000000000e+04
1.010200000000000000e+04
1.193600000000000000e+04
1.721200000000000000e+04
9.122000000000000000e+03
9.380000000000000000e+02
1.587800000000000000e+04
1.223300000000000000e+04
5.644000000000000000e+03
1.986600000000000000e+04
2.728100000000000000e+04
1.494900000000000000e+04
5.267000000000000000e+03
5.744000000000000000e+03
2.077900000000000000e+04
3.707000000000000000e+03
9.934000000000000000e+03
1.624700000000000000e+04
1.946300000000000000e+04
6.292000000000000000e+03
4.002000000000000000e+03
3.451500000000000000e+04
3.274800000000000000e+04
2.170800000000000000e+04
1.142500000000000000e+04
4.310700000000000000e+04
1.031800000000000000e+04
9.182000000000000000e+03
4.215000000000000000e+03
2.883000000000000000e+03
6.674000000000000000e+03
5.992000000000000000e+03
1.024300000000000000e+04
4.622900000000000000e+04
4.357300000000000000e+04
3.163000000000000000e+03
1.447600000000000000e+04
3.946000000000000000e+03
1.196500000000000000e+04
1.184100000000000000e+04
1.249300000000000000e+04
8.634000000000000000e+03
2.835800000000000000e+04
1.227000000000000000e+04
1.607700000000000000e+04
3.270200000000000000e+04
1.339800000000000000e+04
1.751300000000000000e+04
3.181000000000000000e+03
2.175800000000000000e+04
4.835100000000000000e+04
1.825500000000000000e+04
2.889200000000000000e+04
2.128900000000000000e+04
1.685000000000000000e+03
2.820000000000000000e+03
1.674500000000000000e+04
7.896000000000000000e+03
1.254000000000000000e+04
2.615000000000000000e+03
3.075000000000000000e+03
1.269700000000000000e+04
1.684000000000000000e+04
7.635000000000000000e+03
6.307000000000000000e+03
3.087800000000000000e+04
5.744000000000000000e+03
9.124000000000000000e+03
2.088500000000000000e+04
5.906000000000000000e+03
6.363000000000000000e+03
2.117000000000000000e+03
1.991600000000000000e+04
2.892000000000000000e+04
4.760000000000000000e+03
3.256000000000000000e+03
1.311100000000000000e+04
6.951100000000000000e+04
2.526700000000000000e+04
5.119000000000000000e+03
4.542000000000000000e+03
2.272000000000000000e+03
1.894000000000000000e+04
5.237000000000000000e+03
2.052000000000000000e+03
1.770300000000000000e+04
6.666000000000000000e+03
1.215400000000000000e+04
1.924700000000000000e+04
6.610000000000000000e+03
3.192000000000000000e+04
2.810600000000000000e+04
5.495100000000000000e+04
3.623800000000000000e+04
2.004000000000000000e+03
1.599500000000000000e+04
2.601000000000000000e+03
2.892800000000000000e+04
5.503000000000000000e+03
1.553000000000000000e+04
5.707800000000000000e+04
3.888000000000000000e+03
1.705100000000000000e+04
1.653700000000000000e+04
2.709100000000000000e+04
1.373300000000000000e+04
3.918500000000000000e+04
3.343400000000000000e+04
4.539000000000000000e+03
2.467800000000000000e+04
1.146800000000000000e+04
1.012100000000000000e+04
1.010300000000000000e+04
2.281400000000000000e+04
6.099000000000000000e+03
5.148000000000000000e+03
5.928000000000000000e+04
2.742300000000000000e+04
3.356000000000000000e+03
1.535000000000000000e+04
1.110230000000000000e+05
8.363000000000000000e+03
1.442300000000000000e+04
2.878800000000000000e+04
3.365900000000000000e+04
1.980000000000000000e+04
7.616000000000000000e+03
5.346000000000000000e+03
6.885000000000000000e+03
1.053000000000000000e+04
5.321000000000000000e+03
2.521000000000000000e+03
2.449600000000000000e+04
1.671400000000000000e+04
6.921500000000000000e+04
7.883000000000000000e+03
3.817100000000000000e+04
3.127900000000000000e+04
1.008500000000000000e+04
4.396700000000000000e+04
1.595800000000000000e+04
1.664900000000000000e+04
1.181000000000000000e+04
6.760000000000000000e+03
1.497400000000000000e+04
5.291000000000000000e+03
2.022000000000000000e+03
1.764200000000000000e+04
1.185400000000000000e+04
5.447000000000000000e+03
4.775000000000000000e+03
1.098080000000000000e+05
6.155700000000000000e+04
2.063000000000000000e+03
2.996500000000000000e+04
4.817800000000000000e+04
5.458000000000000000e+03
1.644300000000000000e+04
3.476700000000000000e+04
1.092700000000000000e+04
3.282000000000000000e+03
1.684300000000000000e+04
2.071000000000000000e+03
1.117000000000000000e+03
6.530000000000000000e+03
5.075000000000000000e+03
4.471000000000000000e+03
5.642000000000000000e+03
4.021400000000000000e+04
5.493000000000000000e+03
3.990200000000000000e+04
5.070000000000000000e+03
1.078300000000000000e+04
1.093800000000000000e+04
2.973900000000000000e+04
1.914600000000000000e+04
8.308000000000000000e+03
3.809700000000000000e+04
1.387700000000000000e+04
2.421600000000000000e+04
1.777800000000000000e+04
4.633500000000000000e+04
1.686000000000000000e+04
8.675000000000000000e+03
3.177000000000000000e+03
7.107000000000000000e+03
2.076000000000000000e+03
2.080800000000000000e+04
8.135000000000000000e+03
6.115000000000000000e+03
2.473200000000000000e+04
3.340000000000000000e+03
1.211000000000000000e+04
8.480000000000000000e+03
1.778000000000000000e+03
9.220600000000000000e+04
4.330000000000000000e+03
1.097000000000000000e+04
3.026000000000000000e+04
1.407900000000000000e+04
8.557000000000000000e+03
1.416700000000000000e+04
6.914200000000000000e+04
2.376400000000000000e+04
4.450500000000000000e+04
8.651000000000000000e+03
1.339900000000000000e+04
6.936000000000000000e+03
1.353900000000000000e+04
4.113800000000000000e+04
1.133500000000000000e+04
8.549000000000000000e+03
3.752200000000000000e+04
3.432000000000000000e+04
1.607400000000000000e+04
1.811400000000000000e+04
1.439800000000000000e+04
2.578300000000000000e+04
1.854600000000000000e+04
5.969000000000000000e+03
8.391100000000000000e+04
4.472000000000000000e+04
6.648000000000000000e+03
3.411000000000000000e+03
4.981300000000000000e+04
7.552000000000000000e+03
7.862000000000000000e+03
3.585100000000000000e+04
1.968700000000000000e+04
2.351800000000000000e+04
3.037300000000000000e+04
2.098400000000000000e+04
6.895000000000000000e+03
3.579000000000000000e+03
1.958500000000000000e+04
3.870400000000000000e+04
3.816000000000000000e+03
7.072000000000000000e+03
7.815000000000000000e+03
3.413000000000000000e+03
8.629000000000000000e+03
5.304000000000000000e+03
2.766000000000000000e+03
2.764500000000000000e+04
1.365500000000000000e+04
1.281400000000000000e+04
1.951500000000000000e+04
1.415100000000000000e+04
5.421700000000000000e+04
2.315400000000000000e+04
2.491000000000000000e+03
5.913000000000000000e+03
8.521000000000000000e+03
7.016000000000000000e+03
6.565200000000000000e+04
2.319900000000000000e+04
5.494000000000000000e+03
2.438200000000000000e+04
4.505000000000000000e+03
1.047100000000000000e+04
2.247000000000000000e+03
1.463400000000000000e+04
3.030100000000000000e+04
4.812000000000000000e+04
6.168000000000000000e+03
1.279300000000000000e+04
3.124900000000000000e+04
4.935600000000000000e+04
7.873000000000000000e+03
1.712000000000000000e+03
3.777100000000000000e+04
3.567000000000000000e+03
4.869800000000000000e+04
8.243000000000000000e+03
7.791000000000000000e+03
5.190900000000000000e+04
3.234900000000000000e+04
1.422900000000000000e+04
7.086000000000000000e+03
6.630300000000000000e+04
1.753000000000000000e+03
2.277100000000000000e+04
1.344400000000000000e+04
8.779000000000000000e+03
1.486700000000000000e+04
9.899000000000000000e+03
9.266000000000000000e+03
2.339000000000000000e+03
1.266600000000000000e+04
4.699300000000000000e+04
4.474000000000000000e+03
9.167000000000000000e+03
5.590000000000000000e+03
2.625500000000000000e+04
3.682000000000000000e+03
2.607200000000000000e+04
1.716900000000000000e+04
4.620000000000000000e+03
2.572000000000000000e+03
6.530000000000000000e+03
2.878400000000000000e+04
5.685600000000000000e+04
3.950000000000000000e+03
3.833000000000000000e+03
1.140000000000000000e+04
1.400500000000000000e+04
1.136200000000000000e+04
1.989000000000000000e+03
9.902000000000000000e+03
1.419300000000000000e+04
2.206800000000000000e+04
1.029500000000000000e+04
5.777000000000000000e+03
1.652700000000000000e+04
2.744000000000000000e+03
2.289800000000000000e+04
2.006600000000000000e+04
9.262000000000000000e+03
8.337000000000000000e+03
5.227000000000000000e+03
1.149000000000000000e+04
1.918200000000000000e+04
1.020300000000000000e+04
7.922000000000000000e+03
3.806800000000000000e+04
1.597400000000000000e+04
1.175600000000000000e+04
4.597100000000000000e+04
6.796800000000000000e+04
4.101000000000000000e+03
1.790100000000000000e+04
8.656000000000000000e+03
1.157000000000000000e+04
1.140900000000000000e+04
1.955000000000000000e+04
1.830300000000000000e+04
2.549700000000000000e+04
1.739300000000000000e+04
7.875000000000000000e+03
2.845700000000000000e+04
1.319400000000000000e+04
7.541000000000000000e+03
2.218000000000000000e+04
7.472000000000000000e+03
4.572200000000000000e+04
3.062000000000000000e+03
1.573500000000000000e+04
2.156600000000000000e+04
1.047300000000000000e+04
1.518000000000000000e+04
1.717300000000000000e+04
2.471000000000000000e+03
7.729000000000000000e+03
3.032000000000000000e+04
4.405000000000000000e+03
7.650000000000000000e+03
1.949900000000000000e+04
1.540000000000000000e+04
5.413000000000000000e+03
5.418100000000000000e+04
5.404000000000000000e+04
1.349100000000000000e+04
1.998600000000000000e+04
4.376100000000000000e+04
9.013000000000000000e+03
2.257900000000000000e+04
1.019000000000000000e+04
2.623800000000000000e+04
3.179000000000000000e+03
6.144000000000000000e+03
1.179800000000000000e+04
7.641000000000000000e+03
6.351000000000000000e+03
1.156000000000000000e+03
1.202000000000000000e+03
1.892400000000000000e+04
2.443000000000000000e+03
1.676000000000000000e+03
7.596000000000000000e+03
2.229500000000000000e+04
5.178000000000000000e+03
3.794300000000000000e+04
9.440000000000000000e+03
3.072000000000000000e+03
5.447100000000000000e+04
1.247400000000000000e+04
1.913800000000000000e+04
5.151000000000000000e+03
6.250000000000000000e+03
2.641000000000000000e+03
8.911000000000000000e+03
3.309900000000000000e+04
1.746200000000000000e+04
3.410900000000000000e+04
4.473500000000000000e+04
4.067000000000000000e+03
1.714500000000000000e+04
2.745900000000000000e+04
7.169400000000000000e+04
4.906000000000000000e+03
3.712000000000000000e+03
2.156400000000000000e+04
2.438400000000000000e+04
1.754300000000000000e+04
6.895000000000000000e+03
1.768400000000000000e+04
2.100800000000000000e+04
1.154700000000000000e+04
4.377000000000000000e+03
7.019000000000000000e+03
3.216600000000000000e+04
9.072000000000000000e+03
1.222800000000000000e+04
2.037100000000000000e+04
1.742800000000000000e+04
2.396400000000000000e+04
9.841000000000000000e+03
1.165900000000000000e+04
2.025000000000000000e+03
2.706500000000000000e+04
2.188400000000000000e+04
4.382700000000000000e+04
9.965000000000000000e+03
3.762100000000000000e+04
4.533900000000000000e+04
4.804300000000000000e+04
2.509000000000000000e+03
2.552000000000000000e+03
3.338200000000000000e+04
9.507000000000000000e+03
4.470100000000000000e+04
3.658400000000000000e+04
8.381000000000000000e+03
2.131200000000000000e+04
7.873000000000000000e+03
2.269200000000000000e+04
1.528400000000000000e+04
2.944400000000000000e+04
2.819000000000000000e+03
8.081000000000000000e+03
3.954000000000000000e+03
2.785500000000000000e+04
3.898000000000000000e+03
8.257000000000000000e+03
1.352000000000000000e+03
3.469700000000000000e+04
1.490000000000000000e+03
4.232400000000000000e+04
9.852000000000000000e+03
4.608100000000000000e+04
1.750700000000000000e+04
2.004700000000000000e+04
1.494000000000000000e+04
9.768000000000000000e+03
3.254600000000000000e+04
3.934400000000000000e+04
2.782000000000000000e+04
8.982000000000000000e+03
1.701500000000000000e+04
1.019800000000000000e+04
3.502700000000000000e+04
3.115400000000000000e+04
8.760000000000000000e+03
4.761000000000000000e+03
1.491000000000000000e+04
1.368000000000000000e+04
1.893600000000000000e+04
8.524800000000000000e+04
1.975700000000000000e+04
5.797700000000000000e+04
2.268300000000000000e+04
7.699200000000000000e+04
3.263400000000000000e+04
1.334700000000000000e+04
8.896000000000000000e+03
4.604000000000000000e+03
5.181000000000000000e+03
3.606000000000000000e+03
7.811000000000000000e+03
1.030400000000000000e+04
1.966100000000000000e+04
1.949000000000000000e+04
2.929000000000000000e+03
2.368000000000000000e+03
2.138100000000000000e+04
1.480800000000000000e+04
2.115000000000000000e+03
1.355300000000000000e+04
1.461500000000000000e+04
2.902400000000000000e+04
4.970800000000000000e+04
1.118500000000000000e+04
5.270000000000000000e+03
4.690000000000000000e+03
4.916000000000000000e+03
1.136000000000000000e+04
6.238000000000000000e+03
2.588400000000000000e+04
5.210500000000000000e+04
8.748000000000000000e+03
5.885000000000000000e+04
1.291100000000000000e+04
1.658800000000000000e+04
7.279000000000000000e+03
1.248200000000000000e+04
4.238000000000000000e+03
1.715500000000000000e+04
1.090300000000000000e+04
1.104100000000000000e+04
2.619500000000000000e+04
1.197700000000000000e+04
1.818100000000000000e+04
2.895700000000000000e+04
1.878200000000000000e+04
7.310000000000000000e+02
6.438000000000000000e+03
1.034200000000000000e+04
2.559900000000000000e+04
1.243700000000000000e+04
4.306000000000000000e+03
6.774000000000000000e+03
1.439600000000000000e+04
3.952000000000000000e+03
6.088600000000000000e+04
1.194300000000000000e+04
3.786000000000000000e+03
1.682300000000000000e+04
7.222700000000000000e+04
5.787000000000000000e+03
2.132100000000000000e+04
1.105000000000000000e+04
5.554000000000000000e+03
1.558100000000000000e+04
6.908000000000000000e+03
3.379000000000000000e+03
1.642800000000000000e+04
6.533000000000000000e+03
2.758000000000000000e+03
8.933000000000000000e+03
1.484000000000000000e+04
4.716300000000000000e+04
1.288600000000000000e+04
4.521000000000000000e+03
4.256000000000000000e+03
1.742300000000000000e+04
2.881800000000000000e+04
2.036500000000000000e+04
1.190800000000000000e+04
3.315000000000000000e+03
2.711000000000000000e+03
4.614000000000000000e+03
3.333000000000000000e+04
2.427900000000000000e+04
2.930600000000000000e+04
1.752400000000000000e+04
4.710900000000000000e+04
2.270600000000000000e+04
7.459000000000000000e+03
6.143700000000000000e+04
1.765000000000000000e+03
1.652100000000000000e+04
4.550600000000000000e+04
7.019000000000000000e+03
4.902000000000000000e+03
1.418000000000000000e+03
5.984900000000000000e+04
4.375800000000000000e+04
1.541200000000000000e+04
5.427000000000000000e+03
1.768000000000000000e+03
1.815300000000000000e+04
2.691000000000000000e+03
7.266700000000000000e+04
1.288100000000000000e+04
2.074600000000000000e+04
7.044000000000000000e+03
2.025000000000000000e+03
4.351000000000000000e+03
2.277500000000000000e+04
2.485000000000000000e+03
7.334600000000000000e+04
8.428000000000000000e+03
3.558300000000000000e+04
8.105000000000000000e+03
1.037300000000000000e+04
9.700000000000000000e+02
1.184400000000000000e+04
2.225500000000000000e+04
3.687100000000000000e+04
1.404800000000000000e+04
3.027000000000000000e+03
7.575000000000000000e+03
6.596000000000000000e+03
9.349000000000000000e+03
7.432000000000000000e+03
1.544800000000000000e+04
2.113400000000000000e+04
7.591000000000000000e+03
2.619300000000000000e+04
1.743000000000000000e+03
5.586000000000000000e+03
7.211000000000000000e+03
1.546400000000000000e+04
6.352800000000000000e+04
6.267000000000000000e+03
2.694000000000000000e+03
1.208900000000000000e+04
2.219100000000000000e+04
1.105400000000000000e+04
3.065100000000000000e+04
3.147000000000000000e+03
5.861000000000000000e+03
2.392500000000000000e+04
2.586600000000000000e+04
4.348500000000000000e+04
2.003000000000000000e+03
3.303300000000000000e+04
2.124800000000000000e+04
2.993600000000000000e+04
3.881300000000000000e+04
5.151100000000000000e+04
3.173300000000000000e+04
4.095000000000000000e+03
6.894000000000000000e+03
1.510200000000000000e+04
6.362000000000000000e+03
5.062000000000000000e+03
1.605400000000000000e+04
1.586400000000000000e+04
1.903300000000000000e+04
1.608400000000000000e+04
8.362000000000000000e+03
4.464500000000000000e+04
1.093400000000000000e+04
4.498000000000000000e+03
5.372500000000000000e+04
7.469000000000000000e+03
2.077800000000000000e+04
2.735200000000000000e+04
1.798400000000000000e+04
2.638000000000000000e+03
1.469400000000000000e+04
3.800700000000000000e+04
3.908300000000000000e+04
1.731800000000000000e+04
4.972000000000000000e+03
1.931900000000000000e+04
1.795300000000000000e+04
2.835700000000000000e+04
5.159000000000000000e+03
4.924000000000000000e+03
3.365000000000000000e+03
2.000300000000000000e+04
1.489000000000000000e+04
1.011300000000000000e+04
1.456600000000000000e+04
8.522000000000000000e+03
2.170500000000000000e+04
1.039100000000000000e+04
3.233600000000000000e+04
1.889400000000000000e+04
6.674000000000000000e+03
1.905400000000000000e+04
3.480000000000000000e+04
1.378400000000000000e+04
8.723000000000000000e+03
2.291000000000000000e+03
8.951000000000000000e+03
2.410000000000000000e+03
3.590000000000000000e+03
2.287000000000000000e+04
4.597000000000000000e+03
5.514000000000000000e+03
2.375500000000000000e+04
9.326000000000000000e+03
2.302400000000000000e+04
