6.060000000000000000e+02
9.580000000000000000e+02
2.240000000000000000e+02
7.370000000000000000e+02
2.036000000000000000e+03
2.703000000000000000e+03
1.902000000000000000e+03
8.870000000000000000e+02
9.860000000000000000e+02
4.610000000000000000e+02
3.530000000000000000e+02
4.880000000000000000e+02
2.718000000000000000e+03
6.490000000000000000e+02
2.752000000000000000e+03
1.942000000000000000e+03
5.130000000000000000e+02
2.989000000000000000e+03
1.455000000000000000e+03
3.510000000000000000e+02
4.470000000000000000e+02
1.287000000000000000e+03
4.030000000000000000e+02
3.200000000000000000e+02
1.176000000000000000e+03
3.210000000000000000e+02
6.680000000000000000e+02
4.050000000000000000e+02
8.670000000000000000e+02
4.650000000000000000e+02
1.921000000000000000e+03
1.311000000000000000e+03
9.730000000000000000e+02
1.105000000000000000e+03
4.380000000000000000e+02
2.413000000000000000e+03
2.301000000000000000e+03
4.460000000000000000e+02
3.590000000000000000e+02
3.700000000000000000e+02
1.104000000000000000e+03
8.370000000000000000e+02
1.656000000000000000e+03
1.293000000000000000e+03
6.920000000000000000e+02
4.310000000000000000e+02
2.353000000000000000e+03
4.190000000000000000e+02
2.690000000000000000e+02
4.070000000000000000e+02
1.107000000000000000e+03
2.091000000000000000e+03
7.130000000000000000e+02
1.932000000000000000e+03
3.450000000000000000e+02
4.870000000000000000e+02
8.580000000000000000e+02
2.131000000000000000e+03
4.610000000000000000e+02
1.200000000000000000e+03
4.160000000000000000e+02
5.750000000000000000e+02
4.430000000000000000e+02
3.450000000000000000e+02
3.675000000000000000e+03
5.100000000000000000e+02
6.270000000000000000e+02
2.963000000000000000e+03
1.593000000000000000e+03
1.050000000000000000e+03
1.125000000000000000e+03
6.380000000000000000e+02
9.490000000000000000e+02
1.222000000000000000e+03
3.211000000000000000e+03
4.600000000000000000e+02
1.639000000000000000e+03
9.680000000000000000e+02
7.740000000000000000e+02
6.710000000000000000e+02
1.833000000000000000e+03
5.680000000000000000e+02
1.034000000000000000e+03
8.350000000000000000e+02
1.068000000000000000e+03
7.620000000000000000e+02
5.340000000000000000e+02
2.261000000000000000e+03
3.222000000000000000e+03
5.050000000000000000e+02
1.315000000000000000e+03
1.067000000000000000e+03
2.025000000000000000e+03
1.168000000000000000e+03
9.390000000000000000e+02
9.950000000000000000e+02
7.990000000000000000e+02
7.750000000000000000e+02
1.165000000000000000e+03
4.310000000000000000e+02
3.150000000000000000e+02
1.869000000000000000e+03
3.079000000000000000e+03
6.070000000000000000e+02
5.450000000000000000e+02
6.810000000000000000e+02
9.860000000000000000e+02
1.037000000000000000e+03
8.090000000000000000e+02
6.560000000000000000e+02
1.386000000000000000e+03
4.370000000000000000e+02
8.610000000000000000e+02
4.770000000000000000e+02
1.014000000000000000e+03
8.770000000000000000e+02
4.070000000000000000e+02
4.890000000000000000e+02
7.330000000000000000e+02
1.058000000000000000e+03
4.760000000000000000e+02
2.382000000000000000e+03
7.720000000000000000e+02
8.190000000000000000e+02
4.250000000000000000e+02
7.570000000000000000e+02
8.930000000000000000e+02
1.354000000000000000e+03
2.081000000000000000e+03
1.029000000000000000e+03
1.796000000000000000e+03
8.580000000000000000e+02
2.650000000000000000e+02
2.564000000000000000e+03
2.043000000000000000e+03
9.230000000000000000e+02
6.380000000000000000e+02
3.090000000000000000e+02
5.510000000000000000e+02
8.610000000000000000e+02
9.710000000000000000e+02
9.240000000000000000e+02
6.660000000000000000e+02
6.010000000000000000e+02
4.370000000000000000e+02
2.254000000000000000e+03
6.140000000000000000e+02
1.150000000000000000e+03
1.264000000000000000e+03
4.490000000000000000e+02
1.636000000000000000e+03
6.180000000000000000e+02
5.530000000000000000e+02
6.270000000000000000e+02
5.120000000000000000e+02
5.260000000000000000e+02
3.031000000000000000e+03
4.140000000000000000e+02
1.790000000000000000e+03
1.368000000000000000e+03
5.710000000000000000e+02
6.940000000000000000e+02
9.080000000000000000e+02
1.609000000000000000e+03
1.101000000000000000e+03
5.100000000000000000e+02
6.070000000000000000e+02
8.520000000000000000e+02
1.000000000000000000e+03
6.800000000000000000e+02
2.863000000000000000e+03
1.730000000000000000e+02
6.960000000000000000e+02
2.898000000000000000e+03
4.820000000000000000e+02
7.870000000000000000e+02
1.396000000000000000e+03
1.567000000000000000e+03
5.450000000000000000e+02
5.130000000000000000e+02
8.000000000000000000e+02
1.413000000000000000e+03
6.930000000000000000e+02
5.800000000000000000e+02
4.950000000000000000e+02
1.205000000000000000e+03
3.140000000000000000e+02
9.760000000000000000e+02
2.790000000000000000e+02
4.630000000000000000e+02
1.324000000000000000e+03
8.340000000000000000e+02
1.344000000000000000e+03
7.480000000000000000e+02
3.790000000000000000e+02
7.430000000000000000e+02
1.479000000000000000e+03
6.770000000000000000e+02
1.530000000000000000e+03
6.570000000000000000e+02
6.110000000000000000e+02
2.200000000000000000e+02
1.636000000000000000e+03
1.297000000000000000e+03
2.700000000000000000e+02
1.662000000000000000e+03
1.665000000000000000e+03
7.240000000000000000e+02
6.510000000000000000e+02
2.522000000000000000e+03
2.014000000000000000e+03
2.580000000000000000e+02
1.493000000000000000e+03
1.167000000000000000e+03
8.360000000000000000e+02
6.080000000000000000e+02
1.343000000000000000e+03
6.590000000000000000e+02
4.250000000000000000e+02
7.480000000000000000e+02
6.210000000000000000e+02
1.780000000000000000e+03
7.060000000000000000e+02
5.320000000000000000e+02
1.044000000000000000e+03
6.330000000000000000e+02
4.740000000000000000e+02
8.430000000000000000e+02
4.400000000000000000e+02
8.700000000000000000e+02
1.164000000000000000e+03
1.239000000000000000e+03
2.263000000000000000e+03
1.195000000000000000e+03
1.611000000000000000e+03
1.193000000000000000e+03
1.244000000000000000e+03
5.370000000000000000e+02
5.390000000000000000e+02
8.370000000000000000e+02
5.190000000000000000e+02
8.120000000000000000e+02
1.115000000000000000e+03
8.290000000000000000e+02
5.970000000000000000e+02
6.440000000000000000e+02
1.192000000000000000e+03
7.300000000000000000e+02
6.370000000000000000e+02
9.100000000000000000e+02
5.230000000000000000e+02
1.170000000000000000e+03
4.740000000000000000e+02
1.970000000000000000e+03
9.160000000000000000e+02
2.140000000000000000e+03
5.310000000000000000e+02
4.800000000000000000e+02
5.240000000000000000e+02
8.180000000000000000e+02
5.160000000000000000e+02
1.364000000000000000e+03
2.960000000000000000e+02
4.490000000000000000e+02
3.850000000000000000e+02
9.530000000000000000e+02
5.110000000000000000e+02
2.596000000000000000e+03
1.953000000000000000e+03
1.808000000000000000e+03
3.060000000000000000e+03
1.794000000000000000e+03
1.597000000000000000e+03
1.770000000000000000e+02
3.900000000000000000e+02
6.370000000000000000e+02
9.930000000000000000e+02
1.409000000000000000e+03
4.850000000000000000e+02
1.165000000000000000e+03
6.700000000000000000e+02
4.620000000000000000e+02
1.670000000000000000e+03
1.932000000000000000e+03
1.055000000000000000e+03
5.440000000000000000e+02
2.971000000000000000e+03
1.751000000000000000e+03
1.457000000000000000e+03
1.300000000000000000e+03
5.980000000000000000e+02
2.868000000000000000e+03
7.370000000000000000e+02
5.520000000000000000e+02
1.808000000000000000e+03
1.308000000000000000e+03
9.260000000000000000e+02
6.510000000000000000e+02
1.168000000000000000e+03
1.344000000000000000e+03
4.810000000000000000e+02
4.430000000000000000e+02
8.700000000000000000e+02
9.510000000000000000e+02
8.360000000000000000e+02
2.590000000000000000e+02
1.219000000000000000e+03
7.100000000000000000e+02
3.320000000000000000e+03
1.504000000000000000e+03
6.160000000000000000e+02
1.689000000000000000e+03
7.250000000000000000e+02
1.780000000000000000e+03
7.560000000000000000e+02
5.510000000000000000e+02
9.320000000000000000e+02
6.570000000000000000e+02
5.560000000000000000e+02
9.650000000000000000e+02
3.880000000000000000e+02
1.912000000000000000e+03
1.142000000000000000e+03
5.900000000000000000e+02
8.580000000000000000e+02
4.920000000000000000e+02
1.454000000000000000e+03
7.060000000000000000e+02
5.810000000000000000e+02
4.580000000000000000e+02
2.173000000000000000e+03
1.013000000000000000e+03
3.390000000000000000e+02
1.570000000000000000e+03
6.290000000000000000e+02
3.430000000000000000e+03
6.870000000000000000e+02
1.881000000000000000e+03
1.105000000000000000e+03
1.588000000000000000e+03
8.400000000000000000e+02
1.101000000000000000e+03
2.770000000000000000e+02
2.001000000000000000e+03
4.240000000000000000e+02
7.630000000000000000e+02
3.210000000000000000e+02
4.340000000000000000e+02
1.363000000000000000e+03
2.860000000000000000e+02
1.666000000000000000e+03
2.813000000000000000e+03
5.700000000000000000e+02
7.430000000000000000e+02
2.015000000000000000e+03
7.760000000000000000e+02
1.551000000000000000e+03
7.710000000000000000e+02
9.250000000000000000e+02
1.138000000000000000e+03
2.499000000000000000e+03
4.270000000000000000e+02
1.529000000000000000e+03
1.036000000000000000e+03
2.009000000000000000e+03
1.141000000000000000e+03
8.500000000000000000e+02
5.370000000000000000e+02
9.990000000000000000e+02
7.820000000000000000e+02
5.310000000000000000e+02
4.580000000000000000e+02
4.260000000000000000e+02
5.330000000000000000e+02
3.190000000000000000e+02
5.570000000000000000e+02
6.580000000000000000e+02
1.185000000000000000e+03
4.790000000000000000e+02
1.737000000000000000e+03
1.131000000000000000e+03
3.130000000000000000e+02
5.000000000000000000e+02
5.960000000000000000e+02
4.950000000000000000e+02
1.172000000000000000e+03
8.530000000000000000e+02
1.610000000000000000e+03
1.090000000000000000e+03
7.290000000000000000e+02
1.183000000000000000e+03
5.010000000000000000e+02
9.640000000000000000e+02
6.730000000000000000e+02
1.820000000000000000e+03
1.089000000000000000e+03
5.450000000000000000e+02
7.480000000000000000e+02
2.030000000000000000e+02
4.680000000000000000e+02
4.800000000000000000e+02
7.430000000000000000e+02
2.206000000000000000e+03
1.143000000000000000e+03
1.586000000000000000e+03
6.630000000000000000e+02
6.390000000000000000e+02
5.020000000000000000e+02
4.330000000000000000e+02
7.740000000000000000e+02
1.279000000000000000e+03
5.100000000000000000e+02
1.237000000000000000e+03
8.750000000000000000e+02
1.491000000000000000e+03
4.140000000000000000e+02
9.470000000000000000e+02
4.153000000000000000e+03
1.076000000000000000e+03
5.050000000000000000e+02
1.058000000000000000e+03
1.031000000000000000e+03
5.880000000000000000e+02
1.201000000000000000e+03
1.958000000000000000e+03
6.280000000000000000e+02
1.097000000000000000e+03
8.440000000000000000e+02
3.510000000000000000e+02
3.660000000000000000e+02
1.575000000000000000e+03
6.360000000000000000e+02
1.344000000000000000e+03
4.850000000000000000e+02
7.550000000000000000e+02
1.133000000000000000e+03
1.450000000000000000e+03
4.730000000000000000e+02
1.030000000000000000e+03
4.870000000000000000e+02
5.600000000000000000e+02
1.907000000000000000e+03
4.220000000000000000e+02
7.560000000000000000e+02
8.830000000000000000e+02
2.790000000000000000e+02
6.460000000000000000e+02
5.470000000000000000e+02
1.180000000000000000e+03
1.403000000000000000e+03
3.000000000000000000e+02
4.920000000000000000e+02
2.007000000000000000e+03
3.830000000000000000e+02
1.653000000000000000e+03
9.940000000000000000e+02
1.306000000000000000e+03
4.500000000000000000e+02
1.059000000000000000e+03
1.425000000000000000e+03
2.396000000000000000e+03
4.750000000000000000e+02
1.209000000000000000e+03
1.230000000000000000e+03
4.970000000000000000e+02
6.750000000000000000e+02
1.642000000000000000e+03
1.051000000000000000e+03
3.649000000000000000e+03
2.280000000000000000e+02
5.900000000000000000e+02
1.835000000000000000e+03
9.530000000000000000e+02
1.101000000000000000e+03
5.890000000000000000e+02
4.680000000000000000e+02
6.210000000000000000e+02
1.316000000000000000e+03
1.115000000000000000e+03
8.100000000000000000e+02
1.034000000000000000e+03
1.464000000000000000e+03
6.610000000000000000e+02
3.770000000000000000e+02
7.910000000000000000e+02
1.572000000000000000e+03
1.075000000000000000e+03
9.980000000000000000e+02
9.120000000000000000e+02
5.910000000000000000e+02
5.000000000000000000e+02
5.860000000000000000e+02
1.627000000000000000e+03
1.271000000000000000e+03
4.810000000000000000e+02
3.540000000000000000e+02
2.579000000000000000e+03
1.763000000000000000e+03
3.240000000000000000e+02
1.806000000000000000e+03
1.233000000000000000e+03
8.750000000000000000e+02
2.057000000000000000e+03
2.604000000000000000e+03
1.146000000000000000e+03
8.470000000000000000e+02
2.768000000000000000e+03
1.084000000000000000e+03
1.084000000000000000e+03
9.920000000000000000e+02
2.344000000000000000e+03
1.169000000000000000e+03
1.411000000000000000e+03
2.317000000000000000e+03
2.538000000000000000e+03
3.330000000000000000e+02
7.990000000000000000e+02
5.540000000000000000e+02
9.890000000000000000e+02
5.010000000000000000e+02
9.290000000000000000e+02
6.090000000000000000e+02
3.623000000000000000e+03
5.680000000000000000e+02
7.870000000000000000e+02
3.810000000000000000e+02
4.015000000000000000e+03
1.069000000000000000e+03
3.284000000000000000e+03
1.116000000000000000e+03
8.250000000000000000e+02
6.280000000000000000e+02
6.930000000000000000e+02
4.220000000000000000e+02
5.810000000000000000e+02
1.014000000000000000e+03
4.900000000000000000e+02
6.980000000000000000e+02
3.370000000000000000e+02
1.507000000000000000e+03
6.780000000000000000e+02
8.010000000000000000e+02
1.007000000000000000e+03
2.029000000000000000e+03
1.251000000000000000e+03
9.170000000000000000e+02
1.643000000000000000e+03
5.460000000000000000e+02
1.806000000000000000e+03
1.588000000000000000e+03
3.650000000000000000e+02
6.700000000000000000e+02
1.695000000000000000e+03
4.280000000000000000e+02
6.500000000000000000e+02
5.860000000000000000e+02
1.199000000000000000e+03
1.693000000000000000e+03
4.870000000000000000e+02
1.034000000000000000e+03
8.370000000000000000e+02
1.174000000000000000e+03
1.616000000000000000e+03
9.460000000000000000e+02
9.270000000000000000e+02
1.225000000000000000e+03
3.930000000000000000e+02
1.039000000000000000e+03
1.193000000000000000e+03
1.693000000000000000e+03
4.590000000000000000e+02
6.760000000000000000e+02
1.064000000000000000e+03
5.010000000000000000e+02
1.139000000000000000e+03
9.190000000000000000e+02
3.490000000000000000e+02
1.021000000000000000e+03
2.459000000000000000e+03
2.088000000000000000e+03
2.482000000000000000e+03
1.313000000000000000e+03
5.250000000000000000e+02
5.230000000000000000e+02
8.040000000000000000e+02
4.110000000000000000e+02
5.940000000000000000e+02
7.430000000000000000e+02
1.229000000000000000e+03
5.830000000000000000e+02
1.606000000000000000e+03
8.120000000000000000e+02
7.250000000000000000e+02
5.340000000000000000e+02
1.057000000000000000e+03
6.550000000000000000e+02
7.510000000000000000e+02
1.412000000000000000e+03
1.142000000000000000e+03
1.399000000000000000e+03
1.972000000000000000e+03
1.668000000000000000e+03
5.770000000000000000e+02
2.732000000000000000e+03
2.110000000000000000e+02
5.360000000000000000e+02
2.158000000000000000e+03
4.190000000000000000e+02
4.750000000000000000e+02
4.390000000000000000e+02
4.320000000000000000e+02
7.840000000000000000e+02
1.778000000000000000e+03
7.210000000000000000e+02
3.160000000000000000e+02
2.376000000000000000e+03
1.013000000000000000e+03
1.048000000000000000e+03
3.470000000000000000e+02
1.634000000000000000e+03
8.630000000000000000e+02
1.557000000000000000e+03
8.040000000000000000e+02
2.353000000000000000e+03
4.520000000000000000e+02
1.030000000000000000e+03
6.150000000000000000e+02
9.660000000000000000e+02
1.003000000000000000e+03
8.490000000000000000e+02
8.170000000000000000e+02
6.240000000000000000e+02
5.420000000000000000e+02
1.435000000000000000e+03
9.270000000000000000e+02
6.280000000000000000e+02
6.650000000000000000e+02
2.126000000000000000e+03
1.551000000000000000e+03
1.120000000000000000e+03
5.290000000000000000e+02
7.370000000000000000e+02
1.251000000000000000e+03
1.079000000000000000e+03
3.450000000000000000e+02
5.870000000000000000e+02
3.050000000000000000e+02
1.080000000000000000e+03
1.908000000000000000e+03
2.175000000000000000e+03
1.227000000000000000e+03
8.760000000000000000e+02
7.190000000000000000e+02
9.290000000000000000e+02
1.490000000000000000e+03
1.116000000000000000e+03
7.020000000000000000e+02
1.212000000000000000e+03
9.970000000000000000e+02
1.163000000000000000e+03
1.245000000000000000e+03
1.335000000000000000e+03
1.703000000000000000e+03
5.040000000000000000e+02
3.457000000000000000e+03
6.630000000000000000e+02
7.890000000000000000e+02
1.298000000000000000e+03
1.484000000000000000e+03
8.750000000000000000e+02
1.610000000000000000e+03
1.726000000000000000e+03
4.990000000000000000e+02
1.267000000000000000e+03
1.152000000000000000e+03
6.490000000000000000e+02
1.401000000000000000e+03
2.093000000000000000e+03
6.560000000000000000e+02
5.970000000000000000e+02
3.090000000000000000e+02
1.701000000000000000e+03
1.399000000000000000e+03
2.410000000000000000e+02
1.587000000000000000e+03
2.710000000000000000e+02
1.554000000000000000e+03
1.224000000000000000e+03
6.520000000000000000e+02
1.742000000000000000e+03
8.710000000000000000e+02
8.860000000000000000e+02
4.560000000000000000e+02
4.910000000000000000e+02
1.198000000000000000e+03
3.570000000000000000e+02
3.630000000000000000e+02
4.136000000000000000e+03
4.960000000000000000e+02
5.850000000000000000e+02
6.060000000000000000e+02
6.680000000000000000e+02
3.680000000000000000e+02
3.600000000000000000e+02
1.587000000000000000e+03
8.680000000000000000e+02
9.240000000000000000e+02
3.740000000000000000e+02
1.180000000000000000e+03
8.780000000000000000e+02
1.371000000000000000e+03
6.730000000000000000e+02
8.180000000000000000e+02
1.599000000000000000e+03
4.280000000000000000e+02
8.150000000000000000e+02
3.340000000000000000e+02
8.700000000000000000e+02
7.230000000000000000e+02
1.532000000000000000e+03
1.046000000000000000e+03
1.943000000000000000e+03
7.000000000000000000e+02
7.630000000000000000e+02
1.358000000000000000e+03
4.740000000000000000e+02
2.908000000000000000e+03
8.630000000000000000e+02
4.170000000000000000e+02
3.900000000000000000e+02
8.030000000000000000e+02
1.466000000000000000e+03
1.792000000000000000e+03
1.382000000000000000e+03
5.800000000000000000e+02
5.400000000000000000e+02
8.040000000000000000e+02
2.262000000000000000e+03
9.390000000000000000e+02
7.010000000000000000e+02
1.126000000000000000e+03
1.330000000000000000e+03
5.540000000000000000e+02
7.390000000000000000e+02
1.635000000000000000e+03
2.820000000000000000e+02
1.064000000000000000e+03
1.053000000000000000e+03
2.444000000000000000e+03
4.590000000000000000e+02
1.239000000000000000e+03
1.028000000000000000e+03
6.280000000000000000e+02
2.319000000000000000e+03
6.120000000000000000e+02
3.420000000000000000e+02
1.073000000000000000e+03
1.190000000000000000e+03
6.630000000000000000e+02
1.018000000000000000e+03
1.860000000000000000e+02
7.850000000000000000e+02
6.120000000000000000e+02
1.531000000000000000e+03
1.122000000000000000e+03
1.031000000000000000e+03
1.646000000000000000e+03
7.940000000000000000e+02
2.284000000000000000e+03
7.840000000000000000e+02
2.869000000000000000e+03
4.860000000000000000e+02
1.174000000000000000e+03
2.240000000000000000e+03
9.730000000000000000e+02
9.910000000000000000e+02
1.002000000000000000e+03
4.240000000000000000e+02
6.690000000000000000e+02
1.030000000000000000e+03
1.235000000000000000e+03
1.479000000000000000e+03
6.310000000000000000e+02
5.630000000000000000e+02
1.054000000000000000e+03
1.032000000000000000e+03
1.268000000000000000e+03
1.478000000000000000e+03
7.190000000000000000e+02
5.480000000000000000e+02
1.926000000000000000e+03
3.910000000000000000e+02
3.265000000000000000e+03
3.160000000000000000e+02
9.190000000000000000e+02
5.600000000000000000e+02
4.820000000000000000e+02
9.760000000000000000e+02
4.360000000000000000e+02
4.620000000000000000e+02
1.728000000000000000e+03
1.233000000000000000e+03
1.567000000000000000e+03
1.152000000000000000e+03
4.980000000000000000e+02
2.482000000000000000e+03
1.764000000000000000e+03
6.930000000000000000e+02
1.303000000000000000e+03
1.128000000000000000e+03
4.710000000000000000e+02
9.640000000000000000e+02
6.420000000000000000e+02
9.470000000000000000e+02
8.020000000000000000e+02
7.180000000000000000e+02
1.768000000000000000e+03
7.620000000000000000e+02
9.890000000000000000e+02
1.718000000000000000e+03
2.470000000000000000e+02
4.830000000000000000e+02
1.903000000000000000e+03
9.670000000000000000e+02
1.631000000000000000e+03
1.172000000000000000e+03
2.471000000000000000e+03
6.960000000000000000e+02
2.662000000000000000e+03
6.180000000000000000e+02
7.210000000000000000e+02
1.258000000000000000e+03
6.840000000000000000e+02
2.548000000000000000e+03
1.821000000000000000e+03
1.173000000000000000e+03
2.740000000000000000e+02
7.860000000000000000e+02
3.240000000000000000e+02
5.860000000000000000e+02
1.134000000000000000e+03
1.434000000000000000e+03
7.850000000000000000e+02
1.445000000000000000e+03
5.950000000000000000e+02
4.010000000000000000e+02
9.000000000000000000e+02
9.970000000000000000e+02
8.210000000000000000e+02
2.784000000000000000e+03
9.940000000000000000e+02
1.297000000000000000e+03
1.805000000000000000e+03
5.160000000000000000e+02
1.818000000000000000e+03
4.450000000000000000e+02
1.105000000000000000e+03
1.637000000000000000e+03
1.139000000000000000e+03
8.630000000000000000e+02
2.310000000000000000e+03
5.720000000000000000e+02
1.175000000000000000e+03
1.497000000000000000e+03
1.401000000000000000e+03
8.830000000000000000e+02
2.437000000000000000e+03
1.300000000000000000e+03
6.630000000000000000e+02
1.344000000000000000e+03
8.480000000000000000e+02
2.378000000000000000e+03
1.017000000000000000e+03
5.660000000000000000e+02
9.700000000000000000e+02
5.050000000000000000e+02
1.769000000000000000e+03
5.790000000000000000e+02
1.354000000000000000e+03
7.700000000000000000e+02
1.105000000000000000e+03
4.080000000000000000e+02
1.267000000000000000e+03
8.930000000000000000e+02
1.282000000000000000e+03
1.158000000000000000e+03
1.073000000000000000e+03
3.740000000000000000e+02
4.900000000000000000e+02
6.090000000000000000e+02
1.085000000000000000e+03
6.250000000000000000e+02
2.018000000000000000e+03
2.380000000000000000e+03
1.841000000000000000e+03
4.640000000000000000e+02
2.395000000000000000e+03
9.890000000000000000e+02
1.290000000000000000e+03
1.316000000000000000e+03
4.610000000000000000e+02
4.520000000000000000e+02
9.080000000000000000e+02
6.530000000000000000e+02
2.708000000000000000e+03
3.460000000000000000e+02
4.750000000000000000e+02
2.128000000000000000e+03
6.690000000000000000e+02
2.510000000000000000e+02
1.678000000000000000e+03
5.720000000000000000e+02
5.640000000000000000e+02
1.088000000000000000e+03
8.580000000000000000e+02
1.826000000000000000e+03
8.270000000000000000e+02
5.630000000000000000e+02
4.580000000000000000e+02
1.924000000000000000e+03
4.720000000000000000e+02
1.013000000000000000e+03
6.240000000000000000e+02
9.040000000000000000e+02
5.120000000000000000e+02
5.680000000000000000e+02
9.720000000000000000e+02
8.770000000000000000e+02
3.840000000000000000e+02
4.220000000000000000e+02
1.147000000000000000e+03
5.130000000000000000e+02
5.240000000000000000e+02
9.380000000000000000e+02
7.800000000000000000e+02
4.210000000000000000e+02
2.019000000000000000e+03
1.114000000000000000e+03
6.790000000000000000e+02
8.930000000000000000e+02
4.490000000000000000e+02
2.493000000000000000e+03
4.170000000000000000e+02
3.962000000000000000e+03
6.840000000000000000e+02
6.200000000000000000e+02
6.440000000000000000e+02
3.790000000000000000e+02
8.970000000000000000e+02
6.640000000000000000e+02
1.439000000000000000e+03
2.350000000000000000e+02
7.360000000000000000e+02
9.150000000000000000e+02
2.980000000000000000e+03
6.480000000000000000e+02
9.640000000000000000e+02
1.023000000000000000e+03
7.790000000000000000e+02
1.012000000000000000e+03
8.910000000000000000e+02
5.390000000000000000e+02
1.047000000000000000e+03
1.925000000000000000e+03
1.128000000000000000e+03
6.480000000000000000e+02
1.977000000000000000e+03
1.254000000000000000e+03
3.670000000000000000e+02
2.569000000000000000e+03
8.820000000000000000e+02
4.280000000000000000e+02
1.858000000000000000e+03
1.964000000000000000e+03
1.277000000000000000e+03
1.303000000000000000e+03
1.340000000000000000e+03
1.949000000000000000e+03
1.196000000000000000e+03
1.311000000000000000e+03
7.100000000000000000e+02
2.928000000000000000e+03
1.843000000000000000e+03
7.780000000000000000e+02
7.050000000000000000e+02
7.190000000000000000e+02
1.837000000000000000e+03
1.638000000000000000e+03
7.310000000000000000e+02
1.309000000000000000e+03
8.320000000000000000e+02
1.049000000000000000e+03
1.990000000000000000e+03
2.770000000000000000e+02
6.450000000000000000e+02
6.570000000000000000e+02
9.500000000000000000e+02
1.025000000000000000e+03
1.152000000000000000e+03
1.598000000000000000e+03
