3.475000000000000000e+03
2.383000000000000000e+03
1.378000000000000000e+03
1.604000000000000000e+03
2.235000000000000000e+03
1.492000000000000000e+03
1.416000000000000000e+03
1.935000000000000000e+03
1.913000000000000000e+03
2.020000000000000000e+03
2.339000000000000000e+03
3.457000000000000000e+03
1.061000000000000000e+03
2.202000000000000000e+03
6.662000000000000000e+03
1.981000000000000000e+03
1.444000000000000000e+03
1.595000000000000000e+03
1.731000000000000000e+03
3.662000000000000000e+03
7.380000000000000000e+02
2.041000000000000000e+03
7.480000000000000000e+02
4.152000000000000000e+03
2.365000000000000000e+03
2.708000000000000000e+03
8.700000000000000000e+02
7.880000000000000000e+02
3.956000000000000000e+03
4.270000000000000000e+03
1.697000000000000000e+03
1.355000000000000000e+03
5.833000000000000000e+03
1.544000000000000000e+03
4.306000000000000000e+03
3.468000000000000000e+03
2.162000000000000000e+03
3.009000000000000000e+03
1.838000000000000000e+03
2.144000000000000000e+03
4.676000000000000000e+03
9.890000000000000000e+02
2.403000000000000000e+03
3.358000000000000000e+03
9.370000000000000000e+02
2.064000000000000000e+03
3.102000000000000000e+03
7.860000000000000000e+02
4.137000000000000000e+03
2.639000000000000000e+03
2.258000000000000000e+03
2.352000000000000000e+03
3.348000000000000000e+03
1.517000000000000000e+03
1.033000000000000000e+03
5.485000000000000000e+03
4.702000000000000000e+03
1.653000000000000000e+03
2.156000000000000000e+03
8.670000000000000000e+02
1.498000000000000000e+03
1.352000000000000000e+03
1.786000000000000000e+03
1.621000000000000000e+03
1.410000000000000000e+03
2.835000000000000000e+03
5.250000000000000000e+03
2.240000000000000000e+03
2.618000000000000000e+03
1.100000000000000000e+03
1.539000000000000000e+03
1.703000000000000000e+03
1.716000000000000000e+03
2.752000000000000000e+03
7.382000000000000000e+03
1.649000000000000000e+03
5.368000000000000000e+03
2.605000000000000000e+03
3.484000000000000000e+03
2.005000000000000000e+03
2.452000000000000000e+03
3.319000000000000000e+03
1.606000000000000000e+03
3.926000000000000000e+03
1.781000000000000000e+03
1.086000000000000000e+03
1.906000000000000000e+03
1.220000000000000000e+03
2.440000000000000000e+03
9.140000000000000000e+02
4.416000000000000000e+03
1.978000000000000000e+03
9.170000000000000000e+02
4.487000000000000000e+03
1.979000000000000000e+03
3.064000000000000000e+03
5.214000000000000000e+03
6.110000000000000000e+02
2.555000000000000000e+03
6.576000000000000000e+03
3.185000000000000000e+03
1.987000000000000000e+03
3.124000000000000000e+03
2.685000000000000000e+03
3.155000000000000000e+03
3.143000000000000000e+03
1.976000000000000000e+03
7.910000000000000000e+02
8.070000000000000000e+02
1.814000000000000000e+03
1.508000000000000000e+03
3.535000000000000000e+03
3.792000000000000000e+03
6.860000000000000000e+02
3.065000000000000000e+03
3.233000000000000000e+03
2.311000000000000000e+03
3.707000000000000000e+03
1.858000000000000000e+03
3.626000000000000000e+03
5.290000000000000000e+03
2.898000000000000000e+03
3.162000000000000000e+03
1.038000000000000000e+03
1.866000000000000000e+03
5.572000000000000000e+03
1.867000000000000000e+03
1.212000000000000000e+03
1.985000000000000000e+03
1.050100000000000000e+04
5.180000000000000000e+02
2.597000000000000000e+03
1.273000000000000000e+03
3.133000000000000000e+03
1.752000000000000000e+03
6.760000000000000000e+02
2.030000000000000000e+03
2.594000000000000000e+03
1.574000000000000000e+03
2.632000000000000000e+03
3.090000000000000000e+03
6.970000000000000000e+02
3.224000000000000000e+03
1.040000000000000000e+03
1.950000000000000000e+03
1.380000000000000000e+03
5.983000000000000000e+03
7.820000000000000000e+02
8.130000000000000000e+02
4.640000000000000000e+03
1.104700000000000000e+04
5.663000000000000000e+03
1.601000000000000000e+03
9.250000000000000000e+02
2.995000000000000000e+03
2.581000000000000000e+03
2.815000000000000000e+03
6.260000000000000000e+02
1.261000000000000000e+03
7.240000000000000000e+02
3.705000000000000000e+03
1.968000000000000000e+03
1.699000000000000000e+03
1.021000000000000000e+03
3.683000000000000000e+03
1.397000000000000000e+03
3.377000000000000000e+03
5.644000000000000000e+03
1.273000000000000000e+03
4.343000000000000000e+03
1.098000000000000000e+03
4.135000000000000000e+03
4.225000000000000000e+03
3.034000000000000000e+03
6.270000000000000000e+02
2.888000000000000000e+03
2.910000000000000000e+03
3.561000000000000000e+03
2.741000000000000000e+03
4.835000000000000000e+03
1.654000000000000000e+03
1.508000000000000000e+03
1.211000000000000000e+03
2.834000000000000000e+03
1.856000000000000000e+03
1.790000000000000000e+03
2.072000000000000000e+03
2.173000000000000000e+03
3.495000000000000000e+03
5.666000000000000000e+03
1.721000000000000000e+03
1.161000000000000000e+03
1.666000000000000000e+03
3.050000000000000000e+03
1.966000000000000000e+03
2.869000000000000000e+03
3.910000000000000000e+03
7.600000000000000000e+02
1.065000000000000000e+03
6.094000000000000000e+03
2.877000000000000000e+03
1.637000000000000000e+03
1.967000000000000000e+03
3.379000000000000000e+03
2.584000000000000000e+03
2.811000000000000000e+03
1.208000000000000000e+03
1.119000000000000000e+03
1.821000000000000000e+03
1.467000000000000000e+03
3.311000000000000000e+03
5.388000000000000000e+03
5.040000000000000000e+03
1.927000000000000000e+03
5.776000000000000000e+03
2.267000000000000000e+03
5.931000000000000000e+03
2.336000000000000000e+03
7.415000000000000000e+03
6.152000000000000000e+03
1.613000000000000000e+03
1.081000000000000000e+03
5.336000000000000000e+03
3.583000000000000000e+03
2.276000000000000000e+03
3.310000000000000000e+03
1.556000000000000000e+03
1.634000000000000000e+03
2.687000000000000000e+03
3.099000000000000000e+03
2.709000000000000000e+03
4.121000000000000000e+03
7.450000000000000000e+02
4.010000000000000000e+03
2.946000000000000000e+03
3.584000000000000000e+03
6.590000000000000000e+02
1.517000000000000000e+03
1.703000000000000000e+03
9.290000000000000000e+02
3.949000000000000000e+03
4.078000000000000000e+03
7.538000000000000000e+03
8.980000000000000000e+02
4.777000000000000000e+03
2.780000000000000000e+03
3.588000000000000000e+03
2.388000000000000000e+03
1.743000000000000000e+03
3.355000000000000000e+03
3.267000000000000000e+03
2.241000000000000000e+03
5.038000000000000000e+03
1.422000000000000000e+03
2.336000000000000000e+03
1.310000000000000000e+03
1.831000000000000000e+03
4.505000000000000000e+03
1.569000000000000000e+03
1.365000000000000000e+03
1.728000000000000000e+03
3.477000000000000000e+03
3.579000000000000000e+03
2.776000000000000000e+03
2.460000000000000000e+03
1.477000000000000000e+03
9.250000000000000000e+02
4.477000000000000000e+03
3.958000000000000000e+03
2.064000000000000000e+03
4.197000000000000000e+03
2.521000000000000000e+03
3.673000000000000000e+03
2.719000000000000000e+03
1.345000000000000000e+03
1.584000000000000000e+03
3.011000000000000000e+03
6.750000000000000000e+02
2.759000000000000000e+03
7.290000000000000000e+02
5.270000000000000000e+02
7.590000000000000000e+02
1.369000000000000000e+03
7.594000000000000000e+03
1.465000000000000000e+03
3.887000000000000000e+03
1.223000000000000000e+03
1.844000000000000000e+03
2.811000000000000000e+03
1.053000000000000000e+03
1.140000000000000000e+03
2.489000000000000000e+03
2.733000000000000000e+03
3.232000000000000000e+03
3.145000000000000000e+03
2.101000000000000000e+03
4.792000000000000000e+03
1.904000000000000000e+03
4.459000000000000000e+03
9.470000000000000000e+02
7.320000000000000000e+02
6.497000000000000000e+03
2.736000000000000000e+03
1.910000000000000000e+03
3.652000000000000000e+03
7.650000000000000000e+02
3.479000000000000000e+03
2.019000000000000000e+03
7.640000000000000000e+02
5.237000000000000000e+03
1.426000000000000000e+03
4.219000000000000000e+03
2.562000000000000000e+03
3.840000000000000000e+03
1.339000000000000000e+03
4.113000000000000000e+03
1.117000000000000000e+03
3.305000000000000000e+03
8.530000000000000000e+02
2.237000000000000000e+03
1.243000000000000000e+03
2.136000000000000000e+03
4.791000000000000000e+03
1.261000000000000000e+03
1.673000000000000000e+03
2.571000000000000000e+03
3.437000000000000000e+03
2.899000000000000000e+03
1.005000000000000000e+03
1.635000000000000000e+03
2.066000000000000000e+03
3.482000000000000000e+03
1.952000000000000000e+03
3.178000000000000000e+03
2.476000000000000000e+03
2.767000000000000000e+03
2.119000000000000000e+03
1.587000000000000000e+03
2.250000000000000000e+03
3.696000000000000000e+03
1.428000000000000000e+03
1.965000000000000000e+03
1.033000000000000000e+03
1.559000000000000000e+03
1.433000000000000000e+03
3.087000000000000000e+03
7.040000000000000000e+02
1.234000000000000000e+03
3.362000000000000000e+03
2.060000000000000000e+03
6.440000000000000000e+02
3.421000000000000000e+03
2.209000000000000000e+03
2.537000000000000000e+03
1.708000000000000000e+03
1.141600000000000000e+04
1.722000000000000000e+03
3.374000000000000000e+03
2.387000000000000000e+03
1.944000000000000000e+03
2.017000000000000000e+03
1.052000000000000000e+03
1.327000000000000000e+03
1.158000000000000000e+03
2.212000000000000000e+03
9.230000000000000000e+02
1.950000000000000000e+03
1.770000000000000000e+03
2.443000000000000000e+03
2.433000000000000000e+03
1.802000000000000000e+03
2.182000000000000000e+03
4.325000000000000000e+03
1.897000000000000000e+03
8.190000000000000000e+02
1.615000000000000000e+03
3.390000000000000000e+03
4.242000000000000000e+03
2.002000000000000000e+03
4.192000000000000000e+03
2.370000000000000000e+03
1.971000000000000000e+03
3.209000000000000000e+03
4.697000000000000000e+03
6.158000000000000000e+03
2.137000000000000000e+03
9.170000000000000000e+02
8.820000000000000000e+02
1.176000000000000000e+03
1.820000000000000000e+03
1.699000000000000000e+03
2.864000000000000000e+03
5.010000000000000000e+02
7.360000000000000000e+02
3.465000000000000000e+03
4.332000000000000000e+03
1.081000000000000000e+03
3.499000000000000000e+03
2.489000000000000000e+03
2.211000000000000000e+03
3.951000000000000000e+03
2.866000000000000000e+03
1.713000000000000000e+03
8.220000000000000000e+02
8.110000000000000000e+02
1.402000000000000000e+03
2.917000000000000000e+03
3.354000000000000000e+03
4.434000000000000000e+03
4.938000000000000000e+03
2.048000000000000000e+03
2.704000000000000000e+03
3.103000000000000000e+03
3.031000000000000000e+03
2.548000000000000000e+03
3.595000000000000000e+03
2.642000000000000000e+03
1.485000000000000000e+03
3.028000000000000000e+03
1.901000000000000000e+03
1.287000000000000000e+03
1.544000000000000000e+03
1.195000000000000000e+03
2.314000000000000000e+03
6.081000000000000000e+03
2.595000000000000000e+03
5.190000000000000000e+02
1.532000000000000000e+03
6.300000000000000000e+02
6.870000000000000000e+02
1.056000000000000000e+03
1.689000000000000000e+03
2.574000000000000000e+03
2.174000000000000000e+03
1.618000000000000000e+03
2.635000000000000000e+03
8.561000000000000000e+03
3.035000000000000000e+03
2.564000000000000000e+03
3.651000000000000000e+03
2.907000000000000000e+03
2.991000000000000000e+03
2.339000000000000000e+03
1.320000000000000000e+03
4.303000000000000000e+03
1.742000000000000000e+03
7.398000000000000000e+03
1.237000000000000000e+03
8.454000000000000000e+03
5.178000000000000000e+03
3.433000000000000000e+03
2.633000000000000000e+03
9.840000000000000000e+02
1.562000000000000000e+03
4.366000000000000000e+03
4.316000000000000000e+03
1.793000000000000000e+03
1.509000000000000000e+03
7.017000000000000000e+03
8.690000000000000000e+02
7.676000000000000000e+03
9.100000000000000000e+02
8.780000000000000000e+02
1.498000000000000000e+03
3.834000000000000000e+03
1.538000000000000000e+03
2.387000000000000000e+03
3.539000000000000000e+03
3.246000000000000000e+03
3.538000000000000000e+03
2.551000000000000000e+03
4.218000000000000000e+03
1.247000000000000000e+03
4.073000000000000000e+03
1.359000000000000000e+03
2.053000000000000000e+03
1.516000000000000000e+03
1.896000000000000000e+03
3.564000000000000000e+03
2.110000000000000000e+03
2.858000000000000000e+03
1.552000000000000000e+03
2.641000000000000000e+03
4.816000000000000000e+03
1.471000000000000000e+03
2.484000000000000000e+03
2.711000000000000000e+03
5.421000000000000000e+03
1.263000000000000000e+03
1.177000000000000000e+03
6.140000000000000000e+02
2.376000000000000000e+03
7.803000000000000000e+03
2.280000000000000000e+03
2.734000000000000000e+03
3.450000000000000000e+03
1.005000000000000000e+03
1.535000000000000000e+03
2.473000000000000000e+03
3.115000000000000000e+03
8.600000000000000000e+02
2.201000000000000000e+03
4.515000000000000000e+03
5.098000000000000000e+03
2.737000000000000000e+03
1.802000000000000000e+03
2.163000000000000000e+03
2.827000000000000000e+03
3.348000000000000000e+03
2.191000000000000000e+03
2.429000000000000000e+03
7.840000000000000000e+02
1.826000000000000000e+03
4.820000000000000000e+03
2.373000000000000000e+03
3.784000000000000000e+03
3.667000000000000000e+03
3.285000000000000000e+03
5.623000000000000000e+03
7.490000000000000000e+02
3.635000000000000000e+03
7.382000000000000000e+03
6.640000000000000000e+02
1.536000000000000000e+03
5.830000000000000000e+02
5.385000000000000000e+03
2.574000000000000000e+03
3.868000000000000000e+03
2.071000000000000000e+03
2.046000000000000000e+03
1.777000000000000000e+03
2.843000000000000000e+03
1.556000000000000000e+03
2.429000000000000000e+03
2.289000000000000000e+03
2.857000000000000000e+03
1.001000000000000000e+03
2.173000000000000000e+03
1.408000000000000000e+03
3.670000000000000000e+03
8.272000000000000000e+03
7.720000000000000000e+02
1.380000000000000000e+03
4.244000000000000000e+03
3.397000000000000000e+03
1.305000000000000000e+03
4.391000000000000000e+03
7.770000000000000000e+02
2.366000000000000000e+03
2.282000000000000000e+03
4.721000000000000000e+03
7.763000000000000000e+03
3.244000000000000000e+03
4.325000000000000000e+03
2.242000000000000000e+03
1.789000000000000000e+03
1.124000000000000000e+03
4.828000000000000000e+03
1.524000000000000000e+03
1.318000000000000000e+03
1.476000000000000000e+03
2.711000000000000000e+03
2.015000000000000000e+03
3.058000000000000000e+03
1.341000000000000000e+03
8.330000000000000000e+02
2.125000000000000000e+03
1.244000000000000000e+03
1.398000000000000000e+03
3.052000000000000000e+03
1.987000000000000000e+03
1.984000000000000000e+03
1.734000000000000000e+03
1.535000000000000000e+03
6.600000000000000000e+02
2.170000000000000000e+03
1.856000000000000000e+03
4.309000000000000000e+03
4.510000000000000000e+03
6.770000000000000000e+02
3.597000000000000000e+03
1.845000000000000000e+03
8.470000000000000000e+02
3.433000000000000000e+03
8.930000000000000000e+02
6.548000000000000000e+03
1.590000000000000000e+03
3.485000000000000000e+03
3.104000000000000000e+03
1.933000000000000000e+03
3.985000000000000000e+03
8.890000000000000000e+02
1.753000000000000000e+03
1.442000000000000000e+03
2.124000000000000000e+03
8.480000000000000000e+02
3.939000000000000000e+03
4.184000000000000000e+03
1.674000000000000000e+03
6.191000000000000000e+03
4.540000000000000000e+03
5.168000000000000000e+03
2.446000000000000000e+03
5.238000000000000000e+03
5.782000000000000000e+03
2.612000000000000000e+03
3.650000000000000000e+03
1.766000000000000000e+03
1.590000000000000000e+03
1.596000000000000000e+03
6.011000000000000000e+03
2.895000000000000000e+03
2.537000000000000000e+03
4.785000000000000000e+03
1.508000000000000000e+03
5.012000000000000000e+03
4.670000000000000000e+02
2.589000000000000000e+03
3.525000000000000000e+03
1.586000000000000000e+03
3.396000000000000000e+03
2.754000000000000000e+03
8.500000000000000000e+02
5.400000000000000000e+02
6.790000000000000000e+02
3.050000000000000000e+03
2.134000000000000000e+03
5.900000000000000000e+02
9.180000000000000000e+02
1.086000000000000000e+03
7.439000000000000000e+03
8.240000000000000000e+02
1.051000000000000000e+03
3.285000000000000000e+03
3.341000000000000000e+03
1.670000000000000000e+03
3.576000000000000000e+03
7.576000000000000000e+03
5.207000000000000000e+03
3.498000000000000000e+03
5.253000000000000000e+03
6.220000000000000000e+03
1.579000000000000000e+03
9.680000000000000000e+02
1.969000000000000000e+03
4.054000000000000000e+03
2.470000000000000000e+03
2.943000000000000000e+03
3.464000000000000000e+03
2.344000000000000000e+03
2.277000000000000000e+03
8.650000000000000000e+02
3.735000000000000000e+03
2.304000000000000000e+03
3.227000000000000000e+03
1.411000000000000000e+03
2.685000000000000000e+03
1.704000000000000000e+03
2.382000000000000000e+03
6.230000000000000000e+02
2.388000000000000000e+03
6.430000000000000000e+02
7.240000000000000000e+02
2.397000000000000000e+03
3.759000000000000000e+03
1.705000000000000000e+03
2.891000000000000000e+03
6.620000000000000000e+02
4.846000000000000000e+03
3.542000000000000000e+03
2.173000000000000000e+03
2.065000000000000000e+03
1.693000000000000000e+03
1.820000000000000000e+03
5.171000000000000000e+03
2.103000000000000000e+03
3.397000000000000000e+03
4.477000000000000000e+03
2.770000000000000000e+03
7.140000000000000000e+02
6.680000000000000000e+02
7.160000000000000000e+02
2.087000000000000000e+03
1.329000000000000000e+03
1.721000000000000000e+03
1.250000000000000000e+03
2.736000000000000000e+03
2.826000000000000000e+03
2.346000000000000000e+03
2.096000000000000000e+03
1.206000000000000000e+03
4.754000000000000000e+03
3.047000000000000000e+03
2.362000000000000000e+03
4.419000000000000000e+03
2.371000000000000000e+03
3.769000000000000000e+03
1.534000000000000000e+03
5.756000000000000000e+03
1.539000000000000000e+03
2.543000000000000000e+03
3.010000000000000000e+03
1.246000000000000000e+03
2.439000000000000000e+03
1.507000000000000000e+03
1.716000000000000000e+03
2.559000000000000000e+03
1.839000000000000000e+03
2.916000000000000000e+03
1.271000000000000000e+03
1.223000000000000000e+03
3.591000000000000000e+03
2.918000000000000000e+03
5.679000000000000000e+03
1.839000000000000000e+03
3.920000000000000000e+03
2.340000000000000000e+03
4.757000000000000000e+03
1.156000000000000000e+03
1.566000000000000000e+03
1.234000000000000000e+03
1.310000000000000000e+03
1.946000000000000000e+03
2.085000000000000000e+03
1.133000000000000000e+03
7.095000000000000000e+03
1.803000000000000000e+03
3.584000000000000000e+03
2.377000000000000000e+03
4.303000000000000000e+03
1.837000000000000000e+03
2.563000000000000000e+03
1.192700000000000000e+04
1.050000000000000000e+03
1.743000000000000000e+03
1.034000000000000000e+03
1.985000000000000000e+03
7.360000000000000000e+02
1.230000000000000000e+03
2.011000000000000000e+03
9.530000000000000000e+02
3.496000000000000000e+03
1.296000000000000000e+03
6.631000000000000000e+03
1.247000000000000000e+03
9.370000000000000000e+02
1.573000000000000000e+03
1.210000000000000000e+03
6.867000000000000000e+03
9.400000000000000000e+02
2.262000000000000000e+03
9.470000000000000000e+02
2.586000000000000000e+03
3.603000000000000000e+03
1.169000000000000000e+03
2.830000000000000000e+03
5.464000000000000000e+03
1.411000000000000000e+03
3.019000000000000000e+03
3.060000000000000000e+03
5.025000000000000000e+03
1.080000000000000000e+03
4.404000000000000000e+03
5.220000000000000000e+02
1.007000000000000000e+03
2.154000000000000000e+03
6.880000000000000000e+02
2.454000000000000000e+03
8.740000000000000000e+02
2.219000000000000000e+03
3.560000000000000000e+03
1.193000000000000000e+03
9.570000000000000000e+02
7.018000000000000000e+03
1.900000000000000000e+03
1.573000000000000000e+03
5.780000000000000000e+02
6.137000000000000000e+03
3.737000000000000000e+03
7.800000000000000000e+02
4.596000000000000000e+03
1.332000000000000000e+03
3.220000000000000000e+03
4.429000000000000000e+03
1.489000000000000000e+03
3.438000000000000000e+03
3.854000000000000000e+03
2.850000000000000000e+03
1.142000000000000000e+03
8.660000000000000000e+02
1.055000000000000000e+03
7.500000000000000000e+02
4.863000000000000000e+03
1.587000000000000000e+03
3.231000000000000000e+03
5.587000000000000000e+03
3.838000000000000000e+03
2.315000000000000000e+03
1.989000000000000000e+03
1.835000000000000000e+03
5.680000000000000000e+02
2.264000000000000000e+03
2.694000000000000000e+03
2.957000000000000000e+03
1.641000000000000000e+03
4.432000000000000000e+03
3.662000000000000000e+03
2.130000000000000000e+03
5.857000000000000000e+03
2.252000000000000000e+03
1.477000000000000000e+03
4.499000000000000000e+03
7.262000000000000000e+03
4.937000000000000000e+03
7.190000000000000000e+02
3.332000000000000000e+03
7.369000000000000000e+03
1.530000000000000000e+03
1.993000000000000000e+03
3.331000000000000000e+03
5.039000000000000000e+03
3.784000000000000000e+03
3.824000000000000000e+03
2.393000000000000000e+03
2.099000000000000000e+03
8.570000000000000000e+02
1.699000000000000000e+03
1.680000000000000000e+03
2.220000000000000000e+03
2.550000000000000000e+03
1.418000000000000000e+03
1.466000000000000000e+03
2.930000000000000000e+03
2.846000000000000000e+03
8.330000000000000000e+02
3.515000000000000000e+03
4.419000000000000000e+03
2.108000000000000000e+03
6.639000000000000000e+03
3.060000000000000000e+03
4.432000000000000000e+03
1.358000000000000000e+03
1.663000000000000000e+03
2.555000000000000000e+03
1.201000000000000000e+03
2.899000000000000000e+03
1.791000000000000000e+03
1.200000000000000000e+03
2.676000000000000000e+03
6.820000000000000000e+02
9.170000000000000000e+02
6.217000000000000000e+03
2.293000000000000000e+03
2.634000000000000000e+03
4.006000000000000000e+03
2.236000000000000000e+03
1.684000000000000000e+03
1.822000000000000000e+03
1.125000000000000000e+03
3.285000000000000000e+03
1.144000000000000000e+03
1.848000000000000000e+03
9.600000000000000000e+02
1.102000000000000000e+03
9.790000000000000000e+02
2.163000000000000000e+03
1.976000000000000000e+03
3.649000000000000000e+03
1.726000000000000000e+03
7.751000000000000000e+03
1.273000000000000000e+03
1.600000000000000000e+03
9.830000000000000000e+02
9.780000000000000000e+02
5.170000000000000000e+02
7.380000000000000000e+02
3.664000000000000000e+03
2.281000000000000000e+03
7.800000000000000000e+02
2.104000000000000000e+03
2.611000000000000000e+03
1.173000000000000000e+03
9.170000000000000000e+02
8.572000000000000000e+03
6.750000000000000000e+02
1.093000000000000000e+03
2.721000000000000000e+03
1.231000000000000000e+03
2.857000000000000000e+03
1.385000000000000000e+03
2.353000000000000000e+03
2.239000000000000000e+03
1.305000000000000000e+03
2.410000000000000000e+03
1.438000000000000000e+03
2.204000000000000000e+03
6.786000000000000000e+03
6.960000000000000000e+02
1.103000000000000000e+03
2.292000000000000000e+03
1.482000000000000000e+03
4.801000000000000000e+03
4.684000000000000000e+03
3.931000000000000000e+03
1.403000000000000000e+03
4.694000000000000000e+03
1.469000000000000000e+03
1.491000000000000000e+03
2.608000000000000000e+03
4.389000000000000000e+03
1.949000000000000000e+03
2.281000000000000000e+03
1.885000000000000000e+03
1.404000000000000000e+03
7.261000000000000000e+03
3.202000000000000000e+03
1.725000000000000000e+03
1.226000000000000000e+03
2.666000000000000000e+03
1.033100000000000000e+04
3.970000000000000000e+03
6.640000000000000000e+02
9.060000000000000000e+02
5.700000000000000000e+02
1.997000000000000000e+03
1.370000000000000000e+03
1.109900000000000000e+04
9.030000000000000000e+02
2.174000000000000000e+03
6.987000000000000000e+03
1.787000000000000000e+03
3.948000000000000000e+03
3.344000000000000000e+03
8.850000000000000000e+02
3.212000000000000000e+03
8.217000000000000000e+03
1.616000000000000000e+03
3.020000000000000000e+03
4.629000000000000000e+03
1.497000000000000000e+03
1.601000000000000000e+03
1.627000000000000000e+03
2.294000000000000000e+03
1.415000000000000000e+03
3.260000000000000000e+03
2.576000000000000000e+03
2.415000000000000000e+03
1.795000000000000000e+03
1.013000000000000000e+03
3.002000000000000000e+03
4.981000000000000000e+03
1.183000000000000000e+03
1.602000000000000000e+03
4.042000000000000000e+03
2.037000000000000000e+03
4.410000000000000000e+02
9.460000000000000000e+02
8.830000000000000000e+02
2.933000000000000000e+03
8.508000000000000000e+03
9.840000000000000000e+02
1.297000000000000000e+03
1.046000000000000000e+03
2.127000000000000000e+03
2.161000000000000000e+03
1.134000000000000000e+03
1.626000000000000000e+03
2.656000000000000000e+03
5.475000000000000000e+03
1.825000000000000000e+03
3.944000000000000000e+03
5.100000000000000000e+02
1.576000000000000000e+03
1.585000000000000000e+03
1.759000000000000000e+03
2.680000000000000000e+03
2.944000000000000000e+03
1.255000000000000000e+03
1.550000000000000000e+03
1.681000000000000000e+03
1.002000000000000000e+03
1.292000000000000000e+03
4.851000000000000000e+03
2.622000000000000000e+03
3.923000000000000000e+03
4.358000000000000000e+03
3.910000000000000000e+03
3.099000000000000000e+03
2.035000000000000000e+03
5.287000000000000000e+03
8.810000000000000000e+02
3.137000000000000000e+03
2.945000000000000000e+03
1.380000000000000000e+03
9.830000000000000000e+02
1.137000000000000000e+03
2.073000000000000000e+03
1.283000000000000000e+04
2.032000000000000000e+03
6.190000000000000000e+02
