5.740000000000000000e+02
3.740000000000000000e+02
1.588000000000000000e+03
7.590000000000000000e+02
1.545000000000000000e+03
1.064000000000000000e+03
3.937000000000000000e+03
1.566000000000000000e+03
1.689000000000000000e+03
8.081000000000000000e+03
1.040000000000000000e+03
8.880000000000000000e+02
1.321900000000000000e+04
1.590000000000000000e+03
2.359000000000000000e+03
1.539000000000000000e+03
5.620000000000000000e+02
1.425000000000000000e+03
3.289000000000000000e+03
2.123000000000000000e+03
3.950000000000000000e+02
4.733000000000000000e+03
1.539000000000000000e+03
2.636000000000000000e+03
5.576000000000000000e+03
1.110000000000000000e+03
1.545000000000000000e+04
2.525000000000000000e+03
9.570000000000000000e+02
2.077000000000000000e+03
3.478000000000000000e+03
2.389000000000000000e+03
5.599000000000000000e+03
4.550000000000000000e+03
7.697000000000000000e+03
6.420000000000000000e+03
8.220000000000000000e+02
1.798100000000000000e+04
3.439000000000000000e+03
6.000000000000000000e+02
6.650000000000000000e+02
1.283000000000000000e+03
9.586000000000000000e+03
8.520000000000000000e+02
6.500000000000000000e+02
3.743000000000000000e+03
4.122000000000000000e+03
2.481000000000000000e+03
9.261000000000000000e+03
5.530000000000000000e+02
5.799000000000000000e+03
5.719000000000000000e+03
1.437000000000000000e+03
1.386000000000000000e+03
7.579000000000000000e+03
2.233000000000000000e+03
3.370000000000000000e+02
4.250000000000000000e+02
1.857000000000000000e+03
9.308000000000000000e+03
1.809800000000000000e+04
1.193600000000000000e+04
6.430000000000000000e+02
3.179000000000000000e+03
1.795000000000000000e+03
1.381000000000000000e+03
1.174200000000000000e+04
1.180200000000000000e+04
4.215000000000000000e+03
2.450000000000000000e+03
2.271000000000000000e+03
9.440000000000000000e+02
4.118000000000000000e+03
1.090000000000000000e+03
1.699000000000000000e+03
1.802000000000000000e+03
4.041000000000000000e+03
3.099000000000000000e+03
3.701000000000000000e+03
2.855000000000000000e+03
3.013000000000000000e+03
3.655000000000000000e+03
8.052000000000000000e+03
9.670000000000000000e+02
3.429000000000000000e+03
2.101000000000000000e+03
1.568000000000000000e+03
6.233000000000000000e+03
1.500000000000000000e+03
5.579000000000000000e+03
9.700000000000000000e+02
2.138000000000000000e+03
4.675000000000000000e+03
7.843000000000000000e+03
1.775000000000000000e+03
4.709000000000000000e+03
1.813000000000000000e+03
5.378000000000000000e+03
2.295000000000000000e+03
3.400000000000000000e+02
5.690000000000000000e+02
3.586000000000000000e+03
7.745000000000000000e+03
1.412000000000000000e+03
3.396000000000000000e+03
1.780000000000000000e+03
9.678000000000000000e+03
3.370000000000000000e+03
1.851000000000000000e+03
1.027000000000000000e+03
2.054000000000000000e+03
7.280000000000000000e+02
1.368500000000000000e+04
2.684000000000000000e+03
4.803000000000000000e+03
5.767000000000000000e+03
8.856000000000000000e+03
3.992000000000000000e+03
8.690000000000000000e+02
1.913000000000000000e+03
8.730000000000000000e+02
9.880000000000000000e+02
3.803000000000000000e+03
2.894000000000000000e+03
3.310000000000000000e+02
1.844000000000000000e+03
3.532000000000000000e+03
2.291000000000000000e+03
3.078000000000000000e+03
4.628000000000000000e+03
5.650000000000000000e+02
5.895000000000000000e+03
1.841000000000000000e+03
2.342000000000000000e+03
4.515000000000000000e+03
4.672000000000000000e+03
7.670000000000000000e+02
4.400000000000000000e+02
6.160000000000000000e+02
1.486000000000000000e+03
7.780000000000000000e+02
7.301000000000000000e+03
5.960000000000000000e+02
3.022000000000000000e+03
2.994000000000000000e+03
7.980000000000000000e+02
5.556000000000000000e+03
2.140000000000000000e+03
5.447000000000000000e+03
4.000000000000000000e+03
9.506000000000000000e+03
4.567000000000000000e+03
1.174400000000000000e+04
3.361000000000000000e+03
1.314000000000000000e+03
2.224000000000000000e+03
7.520000000000000000e+03
1.409000000000000000e+03
2.211000000000000000e+03
4.910000000000000000e+02
5.584000000000000000e+03
3.631000000000000000e+03
8.104000000000000000e+03
6.522000000000000000e+03
2.601000000000000000e+03
8.287000000000000000e+03
3.960000000000000000e+02
1.627000000000000000e+03
2.164000000000000000e+03
2.135000000000000000e+03
2.261000000000000000e+03
5.740000000000000000e+02
6.912000000000000000e+03
3.372000000000000000e+03
1.089000000000000000e+03
2.199000000000000000e+03
1.176000000000000000e+03
5.030000000000000000e+02
3.358000000000000000e+03
6.750000000000000000e+03
4.640000000000000000e+02
1.013000000000000000e+04
3.198000000000000000e+03
6.366000000000000000e+03
1.985000000000000000e+03
7.492000000000000000e+03
5.510000000000000000e+02
5.395000000000000000e+03
3.870000000000000000e+02
6.529000000000000000e+03
2.559000000000000000e+03
2.295000000000000000e+03
4.420000000000000000e+02
7.640000000000000000e+02
5.280000000000000000e+02
1.385000000000000000e+03
1.861000000000000000e+03
1.960000000000000000e+03
6.343000000000000000e+03
2.228000000000000000e+03
1.744000000000000000e+03
8.080000000000000000e+02
1.960000000000000000e+03
2.288000000000000000e+03
4.444000000000000000e+03
1.164000000000000000e+03
2.043000000000000000e+03
5.363000000000000000e+03
5.607000000000000000e+03
3.113000000000000000e+03
1.560000000000000000e+03
3.236000000000000000e+03
7.680000000000000000e+03
1.016000000000000000e+03
1.877000000000000000e+03
1.385000000000000000e+03
2.586000000000000000e+03
8.891000000000000000e+03
3.008000000000000000e+03
9.092000000000000000e+03
6.420000000000000000e+02
5.960000000000000000e+03
1.091000000000000000e+03
2.147000000000000000e+03
4.600000000000000000e+02
4.198000000000000000e+03
9.245000000000000000e+03
4.629000000000000000e+03
1.283000000000000000e+03
6.411000000000000000e+03
1.185000000000000000e+03
1.300300000000000000e+04
5.620000000000000000e+02
5.240000000000000000e+02
4.282000000000000000e+03
7.214000000000000000e+03
3.357000000000000000e+03
8.380000000000000000e+02
9.550000000000000000e+02
5.110000000000000000e+02
1.394000000000000000e+03
1.155200000000000000e+04
1.398000000000000000e+03
2.246000000000000000e+03
6.165000000000000000e+03
8.137000000000000000e+03
3.579000000000000000e+03
8.550000000000000000e+02
1.590000000000000000e+03
3.388000000000000000e+03
5.390000000000000000e+02
3.804000000000000000e+03
3.810000000000000000e+02
1.443000000000000000e+03
4.190000000000000000e+02
5.807000000000000000e+03
4.650000000000000000e+02
1.339000000000000000e+03
2.913000000000000000e+03
4.679000000000000000e+03
3.933000000000000000e+03
4.580000000000000000e+03
7.811000000000000000e+03
3.600000000000000000e+03
6.163000000000000000e+03
1.505000000000000000e+03
2.222000000000000000e+03
9.185000000000000000e+03
3.458000000000000000e+03
2.984000000000000000e+03
5.337000000000000000e+03
3.785000000000000000e+03
5.980000000000000000e+02
3.333000000000000000e+03
1.465000000000000000e+03
1.015000000000000000e+03
2.863000000000000000e+03
6.020000000000000000e+03
3.051000000000000000e+03
1.595000000000000000e+03
3.461000000000000000e+03
1.786000000000000000e+03
1.897000000000000000e+03
1.545000000000000000e+03
1.811000000000000000e+03
2.680000000000000000e+02
1.187000000000000000e+03
6.109000000000000000e+03
1.357000000000000000e+03
1.306000000000000000e+03
2.582000000000000000e+03
2.395000000000000000e+03
7.055000000000000000e+03
2.625000000000000000e+03
2.789000000000000000e+03
5.310000000000000000e+03
2.318000000000000000e+03
3.091000000000000000e+03
4.927000000000000000e+03
3.956000000000000000e+03
1.408000000000000000e+03
8.260000000000000000e+02
4.267000000000000000e+03
9.451000000000000000e+03
5.924000000000000000e+03
5.455000000000000000e+03
5.440000000000000000e+02
2.204000000000000000e+03
1.027700000000000000e+04
2.963000000000000000e+03
6.461000000000000000e+03
5.697000000000000000e+03
1.972000000000000000e+03
7.196000000000000000e+03
3.919000000000000000e+03
2.919000000000000000e+03
1.793200000000000000e+04
3.316000000000000000e+03
1.038000000000000000e+03
2.592000000000000000e+03
7.573000000000000000e+03
1.485400000000000000e+04
7.568000000000000000e+03
1.969000000000000000e+03
4.170000000000000000e+02
9.367000000000000000e+03
2.809000000000000000e+03
6.530000000000000000e+02
8.491000000000000000e+03
7.953000000000000000e+03
1.099000000000000000e+03
1.170000000000000000e+03
2.648000000000000000e+03
6.150000000000000000e+02
2.620000000000000000e+03
1.332000000000000000e+03
6.723000000000000000e+03
2.317000000000000000e+03
6.484000000000000000e+03
7.250000000000000000e+03
2.887000000000000000e+03
3.083000000000000000e+03
4.295000000000000000e+03
2.007000000000000000e+03
9.579000000000000000e+03
1.309000000000000000e+03
9.880000000000000000e+02
5.690000000000000000e+02
1.751000000000000000e+03
5.625000000000000000e+03
2.340000000000000000e+03
4.339000000000000000e+03
2.123000000000000000e+03
1.084000000000000000e+03
6.502000000000000000e+03
4.880000000000000000e+03
4.639000000000000000e+03
1.481000000000000000e+03
1.129700000000000000e+04
1.552000000000000000e+03
3.127000000000000000e+03
5.350000000000000000e+02
1.529000000000000000e+03
5.265000000000000000e+03
1.113000000000000000e+03
4.825000000000000000e+03
2.258000000000000000e+03
1.582000000000000000e+03
1.003000000000000000e+03
9.630000000000000000e+02
7.379000000000000000e+03
5.944000000000000000e+03
7.583000000000000000e+03
2.077000000000000000e+03
4.878000000000000000e+03
3.256000000000000000e+03
1.808000000000000000e+03
6.130000000000000000e+02
1.713000000000000000e+03
4.724000000000000000e+03
1.422000000000000000e+03
4.382000000000000000e+03
4.889000000000000000e+03
1.355000000000000000e+03
1.020000000000000000e+03
6.243000000000000000e+03
5.244000000000000000e+03
3.171000000000000000e+03
9.381000000000000000e+03
2.946000000000000000e+03
6.178000000000000000e+03
1.788000000000000000e+03
1.183000000000000000e+03
8.372000000000000000e+03
3.148000000000000000e+03
2.187000000000000000e+03
5.345000000000000000e+03
3.780000000000000000e+03
3.910000000000000000e+03
1.489000000000000000e+03
1.931000000000000000e+03
7.920000000000000000e+02
9.831000000000000000e+03
3.754000000000000000e+03
2.131000000000000000e+03
3.350000000000000000e+02
1.110000000000000000e+04
4.018000000000000000e+03
2.442000000000000000e+03
6.447000000000000000e+03
7.510000000000000000e+02
2.970000000000000000e+02
2.009000000000000000e+03
1.546500000000000000e+04
1.032000000000000000e+03
1.405000000000000000e+03
3.054000000000000000e+03
1.774000000000000000e+03
2.865000000000000000e+03
1.770000000000000000e+03
1.510000000000000000e+04
9.890000000000000000e+02
1.347000000000000000e+03
7.489000000000000000e+03
4.115000000000000000e+03
3.415000000000000000e+03
2.818000000000000000e+03
8.670000000000000000e+02
1.384000000000000000e+03
6.818000000000000000e+03
3.580000000000000000e+03
2.828000000000000000e+03
3.419000000000000000e+03
1.342000000000000000e+03
2.609000000000000000e+03
9.540000000000000000e+02
2.610000000000000000e+03
8.480000000000000000e+02
1.613000000000000000e+03
3.900000000000000000e+03
8.974000000000000000e+03
9.740000000000000000e+02
1.726000000000000000e+03
1.429000000000000000e+03
2.265000000000000000e+03
3.663000000000000000e+03
1.532000000000000000e+03
5.730000000000000000e+02
2.558000000000000000e+03
4.606000000000000000e+03
1.835000000000000000e+03
2.171000000000000000e+03
7.246000000000000000e+03
1.062000000000000000e+03
6.362000000000000000e+03
1.433000000000000000e+03
3.965000000000000000e+03
3.441000000000000000e+03
1.994000000000000000e+03
4.127000000000000000e+03
1.127300000000000000e+04
3.090000000000000000e+03
1.267000000000000000e+03
5.206000000000000000e+03
4.440000000000000000e+03
7.120000000000000000e+02
1.834000000000000000e+03
4.445000000000000000e+03
1.013000000000000000e+03
1.112000000000000000e+03
1.283000000000000000e+03
2.540000000000000000e+02
4.017000000000000000e+03
3.051000000000000000e+03
1.502000000000000000e+03
4.189000000000000000e+03
4.590000000000000000e+02
1.066000000000000000e+03
1.185000000000000000e+03
2.102000000000000000e+03
2.720000000000000000e+02
8.183000000000000000e+03
2.310000000000000000e+02
2.050000000000000000e+03
9.290000000000000000e+02
9.260000000000000000e+02
1.960000000000000000e+03
5.990000000000000000e+02
2.556000000000000000e+03
1.747000000000000000e+03
1.602000000000000000e+03
2.505000000000000000e+03
1.080000000000000000e+03
3.821000000000000000e+03
4.534000000000000000e+03
1.276000000000000000e+03
4.713000000000000000e+03
3.439000000000000000e+03
1.307600000000000000e+04
5.628000000000000000e+03
4.457000000000000000e+03
7.431000000000000000e+03
3.945000000000000000e+03
3.298000000000000000e+03
5.620000000000000000e+02
7.659000000000000000e+03
2.105000000000000000e+03
1.315400000000000000e+04
4.490000000000000000e+02
7.820000000000000000e+02
7.600000000000000000e+02
2.256000000000000000e+03
8.730000000000000000e+03
1.656000000000000000e+03
6.290000000000000000e+02
6.420000000000000000e+02
1.418000000000000000e+03
4.780000000000000000e+02
4.990000000000000000e+02
7.451000000000000000e+03
1.410000000000000000e+03
9.017000000000000000e+03
7.620000000000000000e+02
2.708000000000000000e+03
1.131000000000000000e+03
8.090000000000000000e+03
2.015000000000000000e+03
6.673000000000000000e+03
5.590000000000000000e+02
3.787000000000000000e+03
6.020000000000000000e+02
5.730000000000000000e+03
1.850000000000000000e+03
3.210000000000000000e+03
2.979000000000000000e+03
5.690000000000000000e+02
9.001000000000000000e+03
6.360000000000000000e+02
8.780000000000000000e+02
8.621000000000000000e+03
9.270000000000000000e+02
1.138400000000000000e+04
1.018000000000000000e+03
2.813000000000000000e+03
1.073000000000000000e+03
1.717900000000000000e+04
9.150000000000000000e+02
3.140000000000000000e+03
5.515000000000000000e+03
3.122000000000000000e+03
4.374000000000000000e+03
1.859000000000000000e+03
8.850000000000000000e+02
8.170000000000000000e+02
5.397000000000000000e+03
5.900000000000000000e+02
8.690000000000000000e+03
8.978000000000000000e+03
8.050000000000000000e+02
1.459000000000000000e+03
1.039700000000000000e+04
1.792900000000000000e+04
5.257000000000000000e+03
2.524000000000000000e+03
4.041000000000000000e+03
3.600000000000000000e+03
6.134000000000000000e+03
1.500000000000000000e+03
3.875000000000000000e+03
3.758000000000000000e+03
1.076000000000000000e+04
1.223000000000000000e+03
2.655000000000000000e+03
6.550000000000000000e+02
3.686000000000000000e+03
1.891000000000000000e+03
6.350000000000000000e+02
6.345000000000000000e+03
2.605000000000000000e+03
2.123000000000000000e+03
2.659000000000000000e+03
5.930000000000000000e+02
2.445000000000000000e+03
5.260000000000000000e+03
1.196000000000000000e+03
7.170000000000000000e+02
2.307000000000000000e+03
1.671000000000000000e+03
3.289000000000000000e+03
8.680000000000000000e+02
3.155000000000000000e+03
1.206200000000000000e+04
7.337000000000000000e+03
4.619000000000000000e+03
3.980000000000000000e+02
2.550000000000000000e+02
3.723000000000000000e+03
3.473000000000000000e+03
2.945000000000000000e+03
1.301000000000000000e+03
5.588000000000000000e+03
3.450000000000000000e+02
2.925000000000000000e+03
2.260000000000000000e+03
4.730000000000000000e+03
1.165200000000000000e+04
5.992000000000000000e+03
1.700000000000000000e+03
9.010000000000000000e+02
6.260000000000000000e+02
1.435000000000000000e+04
1.182300000000000000e+04
8.102000000000000000e+03
1.943000000000000000e+03
1.792000000000000000e+03
6.097000000000000000e+03
4.040000000000000000e+02
5.622000000000000000e+03
2.323000000000000000e+03
4.774000000000000000e+03
4.316000000000000000e+03
5.180000000000000000e+02
7.440000000000000000e+02
3.118000000000000000e+03
8.330000000000000000e+02
4.767000000000000000e+03
1.746000000000000000e+03
2.270000000000000000e+03
6.599000000000000000e+03
3.363000000000000000e+03
3.408000000000000000e+03
1.336000000000000000e+03
4.350000000000000000e+02
2.556000000000000000e+03
1.137600000000000000e+04
3.591000000000000000e+03
5.109000000000000000e+03
8.076000000000000000e+03
3.358000000000000000e+03
1.285000000000000000e+03
2.807000000000000000e+03
2.141000000000000000e+03
1.066000000000000000e+03
5.866000000000000000e+03
2.607000000000000000e+03
5.110000000000000000e+03
7.451000000000000000e+03
1.486000000000000000e+03
1.185000000000000000e+03
3.549000000000000000e+03
8.640000000000000000e+02
2.614000000000000000e+03
6.041000000000000000e+03
2.942000000000000000e+03
6.330000000000000000e+02
1.059000000000000000e+03
4.283000000000000000e+03
2.440000000000000000e+03
3.337000000000000000e+03
1.646500000000000000e+04
3.210000000000000000e+02
4.593000000000000000e+03
6.817000000000000000e+03
4.570000000000000000e+03
4.507000000000000000e+03
2.194000000000000000e+03
3.497000000000000000e+03
1.707000000000000000e+03
1.082100000000000000e+04
6.596000000000000000e+03
5.490000000000000000e+02
3.171000000000000000e+03
9.020000000000000000e+02
3.840000000000000000e+03
3.242000000000000000e+03
1.491400000000000000e+04
9.270000000000000000e+02
9.720000000000000000e+03
1.077000000000000000e+03
4.369000000000000000e+03
2.345000000000000000e+03
3.489000000000000000e+03
5.792000000000000000e+03
1.086000000000000000e+03
6.660000000000000000e+02
1.069000000000000000e+03
7.390000000000000000e+02
3.409000000000000000e+03
2.340000000000000000e+03
3.730000000000000000e+03
2.006000000000000000e+03
3.880000000000000000e+02
4.534000000000000000e+03
2.835000000000000000e+03
1.823000000000000000e+03
5.143000000000000000e+03
8.500000000000000000e+02
2.212000000000000000e+03
2.374000000000000000e+03
1.258000000000000000e+03
7.814000000000000000e+03
5.903000000000000000e+03
1.423000000000000000e+03
1.470000000000000000e+03
3.516000000000000000e+03
8.300000000000000000e+02
2.206000000000000000e+03
1.595000000000000000e+03
3.476000000000000000e+03
9.818000000000000000e+03
3.078000000000000000e+03
8.460000000000000000e+02
1.651000000000000000e+03
5.440000000000000000e+02
4.010000000000000000e+02
5.453000000000000000e+03
1.177000000000000000e+03
2.139000000000000000e+03
7.870000000000000000e+02
1.627000000000000000e+03
8.720000000000000000e+02
1.934000000000000000e+03
3.505000000000000000e+03
8.670000000000000000e+02
2.587000000000000000e+03
5.040000000000000000e+02
9.070000000000000000e+02
4.766000000000000000e+03
2.208000000000000000e+03
3.072000000000000000e+03
9.500000000000000000e+02
4.428000000000000000e+03
4.307000000000000000e+03
2.008000000000000000e+03
5.775000000000000000e+03
3.459000000000000000e+03
1.506000000000000000e+03
2.434000000000000000e+03
4.235000000000000000e+03
7.000000000000000000e+02
3.276000000000000000e+03
7.596000000000000000e+03
4.138000000000000000e+03
6.440000000000000000e+02
2.287000000000000000e+03
2.277000000000000000e+03
2.585000000000000000e+03
1.881000000000000000e+03
1.368200000000000000e+04
6.960000000000000000e+02
4.361000000000000000e+03
4.009000000000000000e+03
2.351000000000000000e+03
1.094000000000000000e+03
4.160000000000000000e+03
4.020000000000000000e+03
1.443000000000000000e+03
5.108000000000000000e+03
4.219000000000000000e+03
3.484000000000000000e+03
6.785000000000000000e+03
4.390000000000000000e+02
2.955000000000000000e+03
6.820000000000000000e+02
3.257000000000000000e+03
1.411800000000000000e+04
3.086000000000000000e+03
3.254000000000000000e+03
7.386000000000000000e+03
2.880000000000000000e+02
2.297000000000000000e+03
4.661000000000000000e+03
6.682000000000000000e+03
3.609000000000000000e+03
6.399000000000000000e+03
4.815000000000000000e+03
2.715000000000000000e+03
6.680000000000000000e+02
2.000000000000000000e+03
3.371000000000000000e+03
4.992000000000000000e+03
6.220000000000000000e+02
1.921000000000000000e+03
3.852000000000000000e+03
1.211000000000000000e+03
1.682000000000000000e+03
3.622000000000000000e+03
2.060000000000000000e+03
8.493000000000000000e+03
2.927000000000000000e+03
3.992000000000000000e+03
5.642000000000000000e+03
8.710000000000000000e+02
1.193000000000000000e+03
1.710000000000000000e+03
4.580000000000000000e+02
1.160000000000000000e+03
8.260000000000000000e+02
6.877000000000000000e+03
7.880000000000000000e+02
4.643000000000000000e+03
2.720000000000000000e+02
2.690000000000000000e+03
1.923200000000000000e+04
6.718000000000000000e+03
1.578000000000000000e+03
3.440000000000000000e+03
3.480000000000000000e+03
3.662000000000000000e+03
9.430000000000000000e+02
4.037000000000000000e+03
2.975000000000000000e+03
2.278000000000000000e+03
1.054600000000000000e+04
2.034000000000000000e+03
1.209000000000000000e+03
4.288000000000000000e+03
1.548000000000000000e+03
5.875000000000000000e+03
1.191900000000000000e+04
9.363000000000000000e+03
6.060000000000000000e+02
4.353000000000000000e+03
8.350000000000000000e+02
3.160000000000000000e+03
7.020000000000000000e+03
1.610000000000000000e+03
1.570000000000000000e+03
9.620000000000000000e+02
2.004000000000000000e+03
7.203000000000000000e+03
8.056000000000000000e+03
2.954000000000000000e+03
3.700000000000000000e+02
6.436000000000000000e+03
5.150000000000000000e+03
2.762000000000000000e+03
3.473000000000000000e+03
7.700000000000000000e+02
2.241000000000000000e+03
7.230000000000000000e+02
8.180000000000000000e+02
1.509000000000000000e+03
2.847000000000000000e+03
1.035000000000000000e+03
5.502000000000000000e+03
9.250000000000000000e+02
3.600000000000000000e+03
1.080000000000000000e+03
1.243000000000000000e+03
1.860000000000000000e+03
4.750000000000000000e+03
2.938000000000000000e+03
5.135000000000000000e+03
2.906000000000000000e+03
4.822000000000000000e+03
3.951000000000000000e+03
6.049000000000000000e+03
5.534000000000000000e+03
8.950000000000000000e+02
1.013000000000000000e+03
2.404000000000000000e+03
1.767000000000000000e+03
1.072000000000000000e+03
3.194000000000000000e+03
1.474000000000000000e+03
3.368000000000000000e+03
4.520000000000000000e+03
2.032000000000000000e+03
5.109000000000000000e+03
3.097000000000000000e+03
1.071000000000000000e+03
1.531000000000000000e+03
1.156000000000000000e+03
4.237000000000000000e+03
2.489000000000000000e+03
1.156000000000000000e+03
1.623000000000000000e+03
9.630000000000000000e+02
5.363000000000000000e+03
3.819000000000000000e+03
7.330000000000000000e+03
2.128000000000000000e+03
2.989000000000000000e+03
3.875000000000000000e+03
1.051100000000000000e+04
3.600000000000000000e+02
4.419000000000000000e+03
4.280000000000000000e+03
6.650000000000000000e+02
2.925000000000000000e+03
6.270000000000000000e+02
8.345000000000000000e+03
4.910000000000000000e+02
1.847000000000000000e+03
3.135000000000000000e+03
6.729000000000000000e+03
2.585000000000000000e+03
8.208000000000000000e+03
6.050000000000000000e+02
2.214000000000000000e+03
4.671000000000000000e+03
1.478000000000000000e+03
2.253000000000000000e+03
3.970000000000000000e+02
1.543000000000000000e+03
1.384000000000000000e+03
2.618000000000000000e+03
3.059000000000000000e+03
5.290000000000000000e+02
1.480000000000000000e+03
2.447000000000000000e+03
9.170000000000000000e+02
5.690000000000000000e+03
4.977000000000000000e+03
1.629000000000000000e+03
4.508000000000000000e+03
4.686000000000000000e+03
5.348000000000000000e+03
1.288000000000000000e+03
1.335000000000000000e+03
3.139000000000000000e+03
4.245000000000000000e+03
1.358000000000000000e+03
1.600000000000000000e+03
3.014000000000000000e+03
5.830000000000000000e+02
1.363000000000000000e+04
1.298000000000000000e+03
3.620000000000000000e+02
1.023000000000000000e+03
4.081000000000000000e+03
1.000700000000000000e+04
4.010000000000000000e+03
2.220000000000000000e+02
2.097000000000000000e+03
7.196000000000000000e+03
1.183800000000000000e+04
8.181000000000000000e+03
1.515000000000000000e+03
1.704000000000000000e+03
7.183000000000000000e+03
2.382000000000000000e+03
1.706000000000000000e+03
2.654000000000000000e+03
7.870000000000000000e+02
1.062000000000000000e+03
4.310000000000000000e+02
7.605000000000000000e+03
4.544000000000000000e+03
3.286000000000000000e+03
1.564000000000000000e+03
3.726000000000000000e+03
2.170000000000000000e+03
5.440000000000000000e+02
6.133000000000000000e+03
4.604000000000000000e+03
2.613000000000000000e+03
4.869000000000000000e+03
1.249000000000000000e+03
8.270000000000000000e+02
3.756000000000000000e+03
1.141000000000000000e+03
1.076000000000000000e+03
6.257000000000000000e+03
6.064000000000000000e+03
3.192000000000000000e+03
9.350000000000000000e+02
4.751000000000000000e+03
2.474000000000000000e+03
4.964000000000000000e+03
7.120000000000000000e+02
8.510000000000000000e+02
5.443000000000000000e+03
3.044000000000000000e+03
3.108000000000000000e+03
9.520000000000000000e+02
5.812000000000000000e+03
1.270000000000000000e+03
1.750000000000000000e+02
7.265000000000000000e+03
7.015000000000000000e+03
7.475000000000000000e+03
1.004000000000000000e+03
3.347000000000000000e+03
4.397000000000000000e+03
6.376000000000000000e+03
1.554000000000000000e+03
2.230000000000000000e+02
1.873000000000000000e+03
9.349000000000000000e+03
1.863000000000000000e+03
4.965000000000000000e+03
3.436000000000000000e+03
6.827000000000000000e+03
6.800000000000000000e+02
2.431000000000000000e+03
1.563000000000000000e+03
3.498000000000000000e+03
1.414000000000000000e+03
