4.510000000000000000e+02
8.880000000000000000e+02
8.110000000000000000e+02
7.840000000000000000e+02
5.970000000000000000e+02
6.200000000000000000e+02
6.010000000000000000e+02
5.570000000000000000e+02
8.410000000000000000e+02
1.909000000000000000e+03
4.130000000000000000e+02
7.750000000000000000e+02
2.137000000000000000e+03
1.155000000000000000e+03
4.200000000000000000e+02
7.110000000000000000e+02
1.916000000000000000e+03
4.290000000000000000e+02
4.460000000000000000e+02
5.130000000000000000e+02
8.100000000000000000e+02
1.431000000000000000e+03
1.125000000000000000e+03
4.910000000000000000e+02
6.250000000000000000e+02
3.590000000000000000e+02
5.120000000000000000e+02
9.410000000000000000e+02
7.320000000000000000e+02
1.028000000000000000e+03
4.170000000000000000e+02
9.360000000000000000e+02
8.110000000000000000e+02
8.410000000000000000e+02
9.830000000000000000e+02
7.150000000000000000e+02
1.849000000000000000e+03
1.208000000000000000e+03
1.043000000000000000e+03
1.248000000000000000e+03
5.580000000000000000e+02
6.040000000000000000e+02
7.310000000000000000e+02
3.360000000000000000e+02
1.087000000000000000e+03
7.320000000000000000e+02
1.496000000000000000e+03
1.143000000000000000e+03
4.050000000000000000e+02
1.861000000000000000e+03
1.583000000000000000e+03
4.540000000000000000e+02
1.123000000000000000e+03
1.296000000000000000e+03
6.010000000000000000e+02
4.080000000000000000e+02
7.920000000000000000e+02
4.360000000000000000e+02
1.363000000000000000e+03
9.570000000000000000e+02
1.949000000000000000e+03
9.250000000000000000e+02
1.357000000000000000e+03
4.020000000000000000e+02
8.030000000000000000e+02
2.383000000000000000e+03
7.980000000000000000e+02
1.064000000000000000e+03
2.940000000000000000e+02
1.571000000000000000e+03
6.250000000000000000e+02
2.130000000000000000e+02
1.601000000000000000e+03
6.640000000000000000e+02
8.100000000000000000e+02
1.189000000000000000e+03
1.147000000000000000e+03
1.676000000000000000e+03
4.162000000000000000e+03
6.410000000000000000e+02
1.918000000000000000e+03
6.040000000000000000e+02
7.360000000000000000e+02
1.103000000000000000e+03
1.302000000000000000e+03
1.912000000000000000e+03
1.003000000000000000e+03
8.790000000000000000e+02
8.020000000000000000e+02
6.830000000000000000e+02
1.056000000000000000e+03
9.570000000000000000e+02
7.580000000000000000e+02
7.050000000000000000e+02
1.644000000000000000e+03
9.610000000000000000e+02
6.520000000000000000e+02
3.570000000000000000e+02
2.141000000000000000e+03
2.220000000000000000e+02
1.136000000000000000e+03
1.054000000000000000e+03
1.374000000000000000e+03
5.840000000000000000e+02
4.210000000000000000e+02
1.223000000000000000e+03
1.190000000000000000e+03
1.524000000000000000e+03
2.490000000000000000e+02
7.400000000000000000e+02
1.288000000000000000e+03
7.470000000000000000e+02
6.760000000000000000e+02
1.792000000000000000e+03
9.050000000000000000e+02
5.540000000000000000e+02
6.260000000000000000e+02
2.046000000000000000e+03
2.810000000000000000e+02
1.315000000000000000e+03
5.360000000000000000e+02
1.190000000000000000e+03
2.211000000000000000e+03
8.300000000000000000e+02
4.220000000000000000e+02
1.032000000000000000e+03
3.520000000000000000e+02
4.890000000000000000e+02
9.930000000000000000e+02
9.660000000000000000e+02
9.550000000000000000e+02
5.900000000000000000e+02
1.565000000000000000e+03
7.040000000000000000e+02
8.900000000000000000e+02
1.749000000000000000e+03
3.580000000000000000e+02
3.180000000000000000e+02
3.187000000000000000e+03
1.246000000000000000e+03
1.019000000000000000e+03
1.609000000000000000e+03
3.480000000000000000e+02
7.730000000000000000e+02
1.737000000000000000e+03
7.640000000000000000e+02
5.218000000000000000e+03
7.530000000000000000e+02
1.514000000000000000e+03
1.134000000000000000e+03
4.100000000000000000e+02
1.362000000000000000e+03
9.750000000000000000e+02
1.369000000000000000e+03
3.390000000000000000e+02
1.023000000000000000e+03
7.400000000000000000e+02
7.620000000000000000e+02
7.370000000000000000e+02
1.936000000000000000e+03
9.470000000000000000e+02
9.390000000000000000e+02
4.560000000000000000e+02
1.037000000000000000e+03
7.880000000000000000e+02
1.019000000000000000e+03
5.590000000000000000e+02
1.001000000000000000e+03
2.343000000000000000e+03
7.490000000000000000e+02
1.630000000000000000e+03
7.330000000000000000e+02
2.486000000000000000e+03
1.917000000000000000e+03
1.886000000000000000e+03
1.493000000000000000e+03
6.240000000000000000e+02
8.910000000000000000e+02
1.285000000000000000e+03
1.986000000000000000e+03
1.109000000000000000e+03
6.990000000000000000e+02
7.430000000000000000e+02
2.528000000000000000e+03
6.630000000000000000e+02
2.128000000000000000e+03
2.323000000000000000e+03
6.890000000000000000e+02
1.350000000000000000e+03
8.030000000000000000e+02
1.608000000000000000e+03
6.630000000000000000e+02
1.548000000000000000e+03
6.670000000000000000e+02
3.100000000000000000e+02
4.300000000000000000e+02
8.710000000000000000e+02
4.750000000000000000e+02
1.067000000000000000e+03
1.809000000000000000e+03
6.900000000000000000e+02
4.640000000000000000e+02
8.710000000000000000e+02
1.639000000000000000e+03
4.760000000000000000e+02
4.280000000000000000e+02
3.510000000000000000e+02
8.220000000000000000e+02
2.069000000000000000e+03
6.230000000000000000e+02
8.550000000000000000e+02
1.143000000000000000e+03
1.187000000000000000e+03
1.980000000000000000e+03
4.980000000000000000e+02
8.240000000000000000e+02
1.480000000000000000e+03
4.310000000000000000e+02
2.427000000000000000e+03
8.150000000000000000e+02
1.769000000000000000e+03
6.010000000000000000e+02
1.792000000000000000e+03
1.770000000000000000e+03
1.848000000000000000e+03
1.203000000000000000e+03
4.680000000000000000e+02
4.730000000000000000e+02
3.470000000000000000e+02
1.915000000000000000e+03
5.140000000000000000e+02
5.600000000000000000e+02
2.888000000000000000e+03
8.150000000000000000e+02
7.550000000000000000e+02
5.410000000000000000e+02
6.710000000000000000e+02
1.360000000000000000e+03
1.766000000000000000e+03
5.330000000000000000e+02
8.430000000000000000e+02
8.390000000000000000e+02
8.890000000000000000e+02
6.670000000000000000e+02
3.900000000000000000e+02
1.575000000000000000e+03
4.680000000000000000e+02
2.097000000000000000e+03
5.590000000000000000e+02
3.230000000000000000e+02
1.624000000000000000e+03
4.130000000000000000e+02
5.750000000000000000e+02
7.180000000000000000e+02
1.395000000000000000e+03
2.821000000000000000e+03
9.460000000000000000e+02
7.420000000000000000e+02
7.010000000000000000e+02
2.093000000000000000e+03
9.620000000000000000e+02
1.226000000000000000e+03
5.020000000000000000e+02
2.920000000000000000e+02
1.102000000000000000e+03
1.092000000000000000e+03
2.704000000000000000e+03
1.061000000000000000e+03
2.367000000000000000e+03
2.046000000000000000e+03
8.260000000000000000e+02
2.132000000000000000e+03
3.490000000000000000e+02
1.746000000000000000e+03
2.141000000000000000e+03
7.140000000000000000e+02
5.350000000000000000e+02
1.076000000000000000e+03
9.670000000000000000e+02
6.670000000000000000e+02
6.900000000000000000e+02
7.550000000000000000e+02
8.410000000000000000e+02
5.250000000000000000e+02
1.851000000000000000e+03
6.740000000000000000e+02
7.900000000000000000e+02
1.025000000000000000e+03
1.103000000000000000e+03
1.449000000000000000e+03
1.956000000000000000e+03
5.870000000000000000e+02
5.120000000000000000e+02
2.219000000000000000e+03
6.130000000000000000e+02
3.064000000000000000e+03
1.248000000000000000e+03
5.430000000000000000e+02
1.265000000000000000e+03
2.188000000000000000e+03
3.370000000000000000e+02
3.450000000000000000e+02
1.104000000000000000e+03
3.890000000000000000e+02
5.380000000000000000e+02
1.028000000000000000e+03
4.300000000000000000e+02
1.560000000000000000e+03
3.084000000000000000e+03
1.105000000000000000e+03
1.055000000000000000e+03
2.389000000000000000e+03
3.501000000000000000e+03
5.740000000000000000e+02
5.000000000000000000e+02
3.410000000000000000e+02
9.080000000000000000e+02
7.100000000000000000e+02
7.020000000000000000e+02
1.330000000000000000e+03
5.420000000000000000e+02
8.160000000000000000e+02
5.020000000000000000e+02
7.480000000000000000e+02
6.250000000000000000e+02
2.205000000000000000e+03
5.960000000000000000e+02
3.060000000000000000e+02
2.330000000000000000e+02
2.930000000000000000e+02
6.270000000000000000e+02
1.608000000000000000e+03
7.480000000000000000e+02
1.162000000000000000e+03
1.113000000000000000e+03
9.380000000000000000e+02
6.280000000000000000e+02
2.920000000000000000e+02
5.360000000000000000e+02
9.300000000000000000e+02
1.489000000000000000e+03
1.396000000000000000e+03
9.120000000000000000e+02
5.110000000000000000e+02
1.154000000000000000e+03
1.293000000000000000e+03
5.600000000000000000e+02
5.080000000000000000e+02
2.150000000000000000e+03
5.830000000000000000e+02
1.040000000000000000e+03
5.790000000000000000e+02
2.370000000000000000e+03
1.092000000000000000e+03
6.490000000000000000e+02
9.910000000000000000e+02
8.470000000000000000e+02
1.594000000000000000e+03
5.220000000000000000e+02
8.670000000000000000e+02
1.157000000000000000e+03
1.450000000000000000e+03
3.707000000000000000e+03
2.802000000000000000e+03
1.267000000000000000e+03
3.970000000000000000e+02
1.949000000000000000e+03
3.550000000000000000e+02
1.355000000000000000e+03
2.368000000000000000e+03
1.706000000000000000e+03
9.490000000000000000e+02
1.290000000000000000e+03
3.840000000000000000e+02
8.460000000000000000e+02
7.610000000000000000e+02
9.360000000000000000e+02
1.015000000000000000e+03
2.012000000000000000e+03
1.788000000000000000e+03
6.910000000000000000e+02
6.440000000000000000e+02
6.370000000000000000e+02
2.093000000000000000e+03
1.213000000000000000e+03
6.140000000000000000e+02
7.270000000000000000e+02
1.493000000000000000e+03
1.163000000000000000e+03
1.420000000000000000e+03
1.417000000000000000e+03
3.570000000000000000e+02
1.227000000000000000e+03
7.930000000000000000e+02
2.136000000000000000e+03
1.121000000000000000e+03
5.350000000000000000e+02
5.660000000000000000e+02
8.770000000000000000e+02
3.700000000000000000e+02
8.410000000000000000e+02
1.235000000000000000e+03
6.720000000000000000e+02
5.790000000000000000e+02
2.192000000000000000e+03
1.784000000000000000e+03
1.643000000000000000e+03
1.845000000000000000e+03
5.840000000000000000e+02
7.760000000000000000e+02
4.440000000000000000e+02
9.230000000000000000e+02
4.380000000000000000e+02
1.048000000000000000e+03
7.020000000000000000e+02
1.186000000000000000e+03
5.160000000000000000e+02
1.778000000000000000e+03
1.606000000000000000e+03
5.660000000000000000e+02
2.074000000000000000e+03
3.700000000000000000e+02
5.220000000000000000e+02
6.200000000000000000e+02
1.099000000000000000e+03
7.230000000000000000e+02
1.889000000000000000e+03
6.480000000000000000e+02
1.006000000000000000e+03
9.380000000000000000e+02
1.096000000000000000e+03
5.690000000000000000e+02
1.304000000000000000e+03
1.725000000000000000e+03
7.890000000000000000e+02
4.410000000000000000e+02
1.269000000000000000e+03
6.650000000000000000e+02
8.550000000000000000e+02
1.267000000000000000e+03
1.081000000000000000e+03
1.609000000000000000e+03
4.110000000000000000e+02
5.310000000000000000e+02
4.080000000000000000e+02
1.590000000000000000e+03
1.237000000000000000e+03
9.910000000000000000e+02
5.980000000000000000e+02
3.410000000000000000e+02
1.140000000000000000e+03
8.500000000000000000e+02
2.811000000000000000e+03
3.860000000000000000e+02
7.350000000000000000e+02
9.150000000000000000e+02
8.300000000000000000e+02
7.370000000000000000e+02
7.890000000000000000e+02
2.211000000000000000e+03
8.320000000000000000e+02
1.124000000000000000e+03
1.099000000000000000e+03
7.820000000000000000e+02
3.462000000000000000e+03
2.494000000000000000e+03
7.460000000000000000e+02
2.102000000000000000e+03
9.380000000000000000e+02
3.210000000000000000e+02
8.180000000000000000e+02
1.129000000000000000e+03
1.301000000000000000e+03
1.872000000000000000e+03
1.608000000000000000e+03
1.840000000000000000e+03
3.278000000000000000e+03
3.429000000000000000e+03
6.980000000000000000e+02
2.082000000000000000e+03
6.090000000000000000e+02
2.810000000000000000e+02
5.910000000000000000e+02
3.651000000000000000e+03
1.453000000000000000e+03
4.840000000000000000e+02
1.597000000000000000e+03
3.010000000000000000e+02
2.012000000000000000e+03
1.904000000000000000e+03
2.110000000000000000e+03
1.143000000000000000e+03
3.536000000000000000e+03
3.336000000000000000e+03
1.155000000000000000e+03
2.106000000000000000e+03
1.017000000000000000e+03
5.920000000000000000e+02
8.030000000000000000e+02
8.630000000000000000e+02
4.230000000000000000e+02
3.310000000000000000e+03
1.626000000000000000e+03
9.160000000000000000e+02
8.090000000000000000e+02
2.490000000000000000e+03
1.029000000000000000e+03
8.680000000000000000e+02
1.911000000000000000e+03
1.080000000000000000e+03
6.300000000000000000e+02
5.580000000000000000e+02
2.379000000000000000e+03
5.420000000000000000e+02
7.770000000000000000e+02
8.810000000000000000e+02
5.960000000000000000e+02
6.060000000000000000e+02
9.230000000000000000e+02
3.820000000000000000e+02
5.440000000000000000e+02
1.078000000000000000e+03
1.682000000000000000e+03
6.980000000000000000e+02
5.510000000000000000e+02
1.408000000000000000e+03
5.770000000000000000e+02
8.530000000000000000e+02
8.250000000000000000e+02
1.790000000000000000e+03
2.327000000000000000e+03
7.140000000000000000e+02
6.850000000000000000e+02
6.610000000000000000e+02
7.590000000000000000e+02
4.860000000000000000e+02
6.920000000000000000e+02
1.636000000000000000e+03
7.600000000000000000e+02
7.790000000000000000e+02
2.690000000000000000e+02
1.652000000000000000e+03
6.330000000000000000e+02
1.932000000000000000e+03
1.048000000000000000e+03
9.800000000000000000e+02
1.843000000000000000e+03
1.513000000000000000e+03
1.702000000000000000e+03
1.256000000000000000e+03
1.191000000000000000e+03
4.080000000000000000e+02
5.090000000000000000e+02
4.250000000000000000e+02
1.998000000000000000e+03
8.160000000000000000e+02
2.059000000000000000e+03
2.990000000000000000e+02
8.650000000000000000e+02
9.100000000000000000e+02
4.430000000000000000e+02
2.425000000000000000e+03
7.670000000000000000e+02
1.748000000000000000e+03
2.480000000000000000e+02
1.733000000000000000e+03
7.690000000000000000e+02
8.310000000000000000e+02
1.194000000000000000e+03
1.182000000000000000e+03
9.330000000000000000e+02
1.427000000000000000e+03
5.870000000000000000e+02
9.040000000000000000e+02
5.650000000000000000e+02
5.700000000000000000e+02
1.534000000000000000e+03
1.747000000000000000e+03
1.030000000000000000e+03
5.910000000000000000e+02
1.581000000000000000e+03
1.202000000000000000e+03
1.116000000000000000e+03
2.539000000000000000e+03
9.200000000000000000e+02
3.360000000000000000e+02
1.253000000000000000e+03
3.150000000000000000e+02
1.133000000000000000e+03
2.559000000000000000e+03
7.550000000000000000e+02
2.661000000000000000e+03
3.309000000000000000e+03
5.340000000000000000e+02
6.830000000000000000e+02
4.580000000000000000e+02
1.419000000000000000e+03
1.027000000000000000e+03
1.147000000000000000e+03
1.832000000000000000e+03
8.690000000000000000e+02
8.650000000000000000e+02
2.249000000000000000e+03
6.110000000000000000e+02
4.660000000000000000e+02
1.589000000000000000e+03
1.292000000000000000e+03
1.450000000000000000e+03
7.570000000000000000e+02
5.910000000000000000e+02
1.119000000000000000e+03
4.850000000000000000e+02
7.790000000000000000e+02
6.390000000000000000e+02
8.180000000000000000e+02
8.400000000000000000e+02
3.180000000000000000e+02
8.560000000000000000e+02
1.656000000000000000e+03
2.032000000000000000e+03
5.550000000000000000e+02
4.480000000000000000e+02
5.260000000000000000e+02
9.280000000000000000e+02
8.070000000000000000e+02
5.430000000000000000e+02
2.544000000000000000e+03
2.934000000000000000e+03
3.340000000000000000e+02
8.330000000000000000e+02
1.684000000000000000e+03
5.590000000000000000e+02
1.760000000000000000e+03
7.110000000000000000e+02
4.620000000000000000e+02
1.353000000000000000e+03
1.900000000000000000e+02
5.500000000000000000e+02
1.319000000000000000e+03
7.630000000000000000e+02
4.220000000000000000e+02
8.000000000000000000e+02
8.370000000000000000e+02
8.110000000000000000e+02
1.173000000000000000e+03
1.344000000000000000e+03
6.150000000000000000e+02
7.280000000000000000e+02
8.040000000000000000e+02
1.144000000000000000e+03
1.118000000000000000e+03
7.460000000000000000e+02
2.250000000000000000e+03
1.106000000000000000e+03
8.660000000000000000e+02
3.019000000000000000e+03
9.360000000000000000e+02
1.014000000000000000e+03
3.390000000000000000e+02
7.810000000000000000e+02
7.340000000000000000e+02
1.194000000000000000e+03
9.180000000000000000e+02
1.788000000000000000e+03
1.819000000000000000e+03
5.160000000000000000e+02
1.521000000000000000e+03
5.670000000000000000e+02
8.100000000000000000e+02
1.804000000000000000e+03
8.270000000000000000e+02
2.129000000000000000e+03
4.280000000000000000e+02
1.663000000000000000e+03
2.630000000000000000e+02
2.176000000000000000e+03
8.190000000000000000e+02
9.940000000000000000e+02
3.940000000000000000e+02
2.757000000000000000e+03
8.720000000000000000e+02
1.012000000000000000e+03
3.407000000000000000e+03
1.766000000000000000e+03
1.032000000000000000e+03
8.120000000000000000e+02
6.460000000000000000e+02
1.542000000000000000e+03
1.220000000000000000e+03
2.299000000000000000e+03
8.640000000000000000e+02
5.000000000000000000e+02
5.670000000000000000e+02
5.890000000000000000e+02
5.060000000000000000e+02
1.044000000000000000e+03
5.120000000000000000e+02
1.576000000000000000e+03
1.688000000000000000e+03
3.947000000000000000e+03
4.110000000000000000e+02
3.930000000000000000e+02
3.270000000000000000e+02
5.540000000000000000e+02
9.110000000000000000e+02
4.330000000000000000e+02
1.485000000000000000e+03
7.340000000000000000e+02
1.142000000000000000e+03
2.400000000000000000e+02
2.880000000000000000e+02
1.641000000000000000e+03
2.300000000000000000e+03
6.690000000000000000e+02
6.740000000000000000e+02
3.260000000000000000e+02
1.359000000000000000e+03
7.790000000000000000e+02
3.998000000000000000e+03
1.550000000000000000e+02
5.800000000000000000e+02
1.300000000000000000e+03
9.750000000000000000e+02
1.649000000000000000e+03
6.960000000000000000e+02
1.028000000000000000e+03
4.110000000000000000e+02
6.020000000000000000e+02
9.860000000000000000e+02
1.072000000000000000e+03
1.391000000000000000e+03
3.950000000000000000e+02
9.730000000000000000e+02
9.660000000000000000e+02
6.870000000000000000e+02
1.204000000000000000e+03
3.320000000000000000e+02
7.630000000000000000e+02
1.228000000000000000e+03
5.410000000000000000e+02
1.642000000000000000e+03
3.940000000000000000e+02
5.590000000000000000e+02
8.190000000000000000e+02
1.425000000000000000e+03
8.920000000000000000e+02
1.670000000000000000e+03
6.900000000000000000e+02
8.570000000000000000e+02
1.044000000000000000e+03
1.141000000000000000e+03
2.048000000000000000e+03
9.270000000000000000e+02
6.900000000000000000e+02
1.097000000000000000e+03
8.150000000000000000e+02
2.145000000000000000e+03
2.620000000000000000e+02
7.560000000000000000e+02
4.030000000000000000e+02
9.130000000000000000e+02
2.218000000000000000e+03
2.895000000000000000e+03
3.230000000000000000e+02
1.150000000000000000e+03
8.370000000000000000e+02
9.790000000000000000e+02
7.340000000000000000e+02
1.392000000000000000e+03
5.760000000000000000e+02
9.590000000000000000e+02
5.820000000000000000e+02
1.047000000000000000e+03
1.326000000000000000e+03
1.063000000000000000e+03
8.190000000000000000e+02
7.040000000000000000e+02
6.580000000000000000e+02
5.640000000000000000e+02
5.440000000000000000e+02
1.036000000000000000e+03
1.074000000000000000e+03
9.370000000000000000e+02
2.400000000000000000e+03
5.410000000000000000e+02
1.392000000000000000e+03
9.720000000000000000e+02
6.420000000000000000e+02
5.650000000000000000e+02
1.713000000000000000e+03
8.020000000000000000e+02
6.940000000000000000e+02
1.317000000000000000e+03
1.433000000000000000e+03
9.830000000000000000e+02
5.820000000000000000e+02
7.940000000000000000e+02
1.838000000000000000e+03
7.910000000000000000e+02
1.329000000000000000e+03
6.390000000000000000e+02
1.402000000000000000e+03
1.151000000000000000e+03
1.750000000000000000e+03
2.507000000000000000e+03
9.080000000000000000e+02
1.677000000000000000e+03
5.080000000000000000e+02
1.109000000000000000e+03
1.154000000000000000e+03
6.600000000000000000e+02
1.157000000000000000e+03
1.162000000000000000e+03
1.887000000000000000e+03
7.200000000000000000e+02
7.140000000000000000e+02
1.165000000000000000e+03
6.220000000000000000e+02
1.339000000000000000e+03
7.380000000000000000e+02
6.620000000000000000e+02
3.320000000000000000e+02
1.569000000000000000e+03
1.131000000000000000e+03
4.460000000000000000e+02
2.765000000000000000e+03
9.240000000000000000e+02
1.253000000000000000e+03
1.254000000000000000e+03
8.060000000000000000e+02
5.810000000000000000e+02
9.180000000000000000e+02
1.278000000000000000e+03
1.033000000000000000e+03
6.410000000000000000e+02
7.740000000000000000e+02
3.535000000000000000e+03
9.100000000000000000e+02
7.840000000000000000e+02
1.460000000000000000e+03
6.670000000000000000e+02
2.182000000000000000e+03
9.120000000000000000e+02
1.523000000000000000e+03
2.175000000000000000e+03
1.672000000000000000e+03
1.375000000000000000e+03
6.310000000000000000e+02
2.286000000000000000e+03
1.172000000000000000e+03
1.670000000000000000e+03
1.670000000000000000e+03
7.110000000000000000e+02
1.672000000000000000e+03
1.315000000000000000e+03
4.850000000000000000e+02
5.070000000000000000e+02
1.141000000000000000e+03
1.105000000000000000e+03
7.450000000000000000e+02
1.586000000000000000e+03
4.860000000000000000e+02
3.050000000000000000e+02
8.240000000000000000e+02
6.220000000000000000e+02
6.750000000000000000e+02
5.610000000000000000e+02
9.340000000000000000e+02
1.930000000000000000e+03
3.840000000000000000e+02
9.880000000000000000e+02
7.030000000000000000e+02
1.800000000000000000e+03
1.793000000000000000e+03
6.570000000000000000e+02
6.730000000000000000e+02
1.004000000000000000e+03
8.600000000000000000e+02
1.411000000000000000e+03
1.215000000000000000e+03
1.043000000000000000e+03
7.390000000000000000e+02
6.740000000000000000e+02
2.893000000000000000e+03
5.340000000000000000e+02
4.230000000000000000e+02
1.022000000000000000e+03
1.264000000000000000e+03
1.559000000000000000e+03
2.302000000000000000e+03
1.154000000000000000e+03
8.670000000000000000e+02
1.387000000000000000e+03
5.920000000000000000e+02
4.150000000000000000e+02
7.250000000000000000e+02
6.510000000000000000e+02
1.282000000000000000e+03
3.116000000000000000e+03
9.130000000000000000e+02
7.100000000000000000e+02
6.180000000000000000e+02
4.810000000000000000e+02
3.393000000000000000e+03
1.118000000000000000e+03
1.706000000000000000e+03
1.400000000000000000e+03
7.920000000000000000e+02
4.520000000000000000e+02
1.687000000000000000e+03
1.451000000000000000e+03
7.730000000000000000e+02
1.462000000000000000e+03
1.734000000000000000e+03
1.965000000000000000e+03
9.790000000000000000e+02
1.862000000000000000e+03
6.500000000000000000e+02
1.070000000000000000e+03
4.120000000000000000e+02
7.070000000000000000e+02
5.580000000000000000e+02
1.058000000000000000e+03
1.529000000000000000e+03
4.590000000000000000e+02
1.779000000000000000e+03
7.740000000000000000e+02
6.150000000000000000e+02
1.392000000000000000e+03
4.270000000000000000e+02
5.120000000000000000e+02
5.850000000000000000e+02
1.171000000000000000e+03
3.510000000000000000e+02
6.930000000000000000e+02
2.204000000000000000e+03
3.981000000000000000e+03
7.070000000000000000e+02
1.338000000000000000e+03
1.779000000000000000e+03
9.630000000000000000e+02
4.620000000000000000e+02
5.360000000000000000e+02
9.710000000000000000e+02
1.159000000000000000e+03
1.527000000000000000e+03
8.970000000000000000e+02
8.860000000000000000e+02
1.081000000000000000e+03
2.746000000000000000e+03
6.590000000000000000e+02
9.250000000000000000e+02
9.060000000000000000e+02
1.621000000000000000e+03
9.450000000000000000e+02
2.221000000000000000e+03
1.960000000000000000e+03
2.226000000000000000e+03
7.390000000000000000e+02
1.621000000000000000e+03
1.866000000000000000e+03
3.150000000000000000e+02
4.990000000000000000e+02
6.130000000000000000e+02
1.502000000000000000e+03
6.990000000000000000e+02
6.710000000000000000e+02
1.209000000000000000e+03
5.630000000000000000e+02
4.640000000000000000e+02
9.550000000000000000e+02
6.420000000000000000e+02
1.210000000000000000e+03
3.430000000000000000e+02
1.961000000000000000e+03
2.870000000000000000e+02
8.020000000000000000e+02
1.162000000000000000e+03
1.040000000000000000e+03
2.890000000000000000e+02
5.590000000000000000e+02
5.100000000000000000e+02
1.272000000000000000e+03
9.710000000000000000e+02
9.020000000000000000e+02
1.583000000000000000e+03
3.680000000000000000e+02
3.005000000000000000e+03
6.430000000000000000e+02
4.720000000000000000e+02
1.033000000000000000e+03
2.134000000000000000e+03
3.730000000000000000e+02
9.150000000000000000e+02
1.067000000000000000e+03
5.810000000000000000e+02
1.712000000000000000e+03
2.070000000000000000e+02
4.430000000000000000e+02
1.930000000000000000e+03
