3.383000000000000000e+04
7.041000000000000000e+03
2.691000000000000000e+03
3.434000000000000000e+03
3.382600000000000000e+04
7.614000000000000000e+03
1.324100000000000000e+04
2.149900000000000000e+04
8.669000000000000000e+03
5.682000000000000000e+03
8.474000000000000000e+03
1.288000000000000000e+04
1.328500000000000000e+04
9.004000000000000000e+03
1.300500000000000000e+04
1.325600000000000000e+04
3.878000000000000000e+03
4.925000000000000000e+03
1.888500000000000000e+04
7.761000000000000000e+03
6.719000000000000000e+03
4.139000000000000000e+03
6.300000000000000000e+03
1.006100000000000000e+04
5.328000000000000000e+03
1.533300000000000000e+04
1.492500000000000000e+04
1.032200000000000000e+04
8.537000000000000000e+03
1.423100000000000000e+04
9.104000000000000000e+03
8.267000000000000000e+03
1.906600000000000000e+04
1.445700000000000000e+04
9.334000000000000000e+03
1.012500000000000000e+04
5.250000000000000000e+03
9.091000000000000000e+03
7.769000000000000000e+03
6.060000000000000000e+03
9.086000000000000000e+03
3.045000000000000000e+03
5.891000000000000000e+03
4.999000000000000000e+03
1.598300000000000000e+04
1.060100000000000000e+04
7.002000000000000000e+03
7.435000000000000000e+03
3.291300000000000000e+04
4.117000000000000000e+03
4.111000000000000000e+03
1.101400000000000000e+04
8.072000000000000000e+03
3.623000000000000000e+03
1.363000000000000000e+04
1.410200000000000000e+04
5.782000000000000000e+03
3.443000000000000000e+03
1.016500000000000000e+04
5.772000000000000000e+03
1.250800000000000000e+04
3.121000000000000000e+03
5.847000000000000000e+03
1.970700000000000000e+04
1.105100000000000000e+04
2.189200000000000000e+04
1.068500000000000000e+04
1.270100000000000000e+04
9.826000000000000000e+03
3.679000000000000000e+03
7.226000000000000000e+03
1.430000000000000000e+04
3.579800000000000000e+04
8.672000000000000000e+03
1.864300000000000000e+04
5.695400000000000000e+04
8.287000000000000000e+03
1.761100000000000000e+04
9.681000000000000000e+03
7.635000000000000000e+03
1.758900000000000000e+04
7.059000000000000000e+03
2.887500000000000000e+04
2.803000000000000000e+03
1.521300000000000000e+04
2.658400000000000000e+04
3.726000000000000000e+03
5.408000000000000000e+03
1.467900000000000000e+04
7.574000000000000000e+03
6.134000000000000000e+03
4.702000000000000000e+03
9.980000000000000000e+03
5.594000000000000000e+03
1.179100000000000000e+04
2.412000000000000000e+03
2.222600000000000000e+04
4.128700000000000000e+04
5.957000000000000000e+03
1.676100000000000000e+04
1.427700000000000000e+04
1.859100000000000000e+04
1.434000000000000000e+04
1.385200000000000000e+04
5.196700000000000000e+04
2.416700000000000000e+04
4.183000000000000000e+03
9.095000000000000000e+03
8.518000000000000000e+03
5.603000000000000000e+03
7.574000000000000000e+03
3.628000000000000000e+03
2.135600000000000000e+04
8.585000000000000000e+03
9.794000000000000000e+03
4.919000000000000000e+03
8.603000000000000000e+03
1.909800000000000000e+04
2.050400000000000000e+04
1.478100000000000000e+04
9.689000000000000000e+03
1.655000000000000000e+03
2.079000000000000000e+04
1.619500000000000000e+04
7.354000000000000000e+03
1.110200000000000000e+04
8.676000000000000000e+03
1.414300000000000000e+04
3.500000000000000000e+03
1.889600000000000000e+04
7.899000000000000000e+03
4.130200000000000000e+04
8.146000000000000000e+03
1.893800000000000000e+04
2.696600000000000000e+04
2.547900000000000000e+04
7.073000000000000000e+03
1.604500000000000000e+04
1.439600000000000000e+04
2.977100000000000000e+04
1.456700000000000000e+04
1.311400000000000000e+04
4.493000000000000000e+03
5.378400000000000000e+04
1.087800000000000000e+04
9.419000000000000000e+03
6.967000000000000000e+03
2.091800000000000000e+04
1.330600000000000000e+04
8.671000000000000000e+03
4.295000000000000000e+03
6.425000000000000000e+03
9.849000000000000000e+03
1.039000000000000000e+04
2.739000000000000000e+03
1.975000000000000000e+04
1.332100000000000000e+04
7.297000000000000000e+03
3.355000000000000000e+03
5.584000000000000000e+03
1.280700000000000000e+04
6.706000000000000000e+03
5.090000000000000000e+03
5.334000000000000000e+03
1.552900000000000000e+04
1.676900000000000000e+04
1.413400000000000000e+04
3.492500000000000000e+04
7.328000000000000000e+03
1.017500000000000000e+04
3.693000000000000000e+03
8.785000000000000000e+03
3.028400000000000000e+04
3.847000000000000000e+04
7.743000000000000000e+03
9.830000000000000000e+03
6.038000000000000000e+03
1.905300000000000000e+04
7.461000000000000000e+03
2.177900000000000000e+04
1.579900000000000000e+04
1.679400000000000000e+04
2.986800000000000000e+04
1.441300000000000000e+04
1.450400000000000000e+04
9.955000000000000000e+03
4.726000000000000000e+03
9.858000000000000000e+03
6.981000000000000000e+03
1.419600000000000000e+04
1.914800000000000000e+04
3.171600000000000000e+04
7.232000000000000000e+03
1.393400000000000000e+04
8.020000000000000000e+03
5.519000000000000000e+03
5.662000000000000000e+03
2.683900000000000000e+04
2.352800000000000000e+04
7.158000000000000000e+03
2.363000000000000000e+03
9.907000000000000000e+03
4.909000000000000000e+03
5.818000000000000000e+03
1.455100000000000000e+04
2.125200000000000000e+04
5.682000000000000000e+03
2.277200000000000000e+04
1.355500000000000000e+04
2.807100000000000000e+04
2.731100000000000000e+04
1.976700000000000000e+04
1.650100000000000000e+04
2.436900000000000000e+04
3.025000000000000000e+03
9.114000000000000000e+03
3.233600000000000000e+04
2.180800000000000000e+04
1.148900000000000000e+04
4.064000000000000000e+03
1.612000000000000000e+04
1.283900000000000000e+04
3.013000000000000000e+03
6.627000000000000000e+03
2.930000000000000000e+03
2.715200000000000000e+04
1.925200000000000000e+04
2.291100000000000000e+04
5.242000000000000000e+03
3.689000000000000000e+03
8.085000000000000000e+03
1.547600000000000000e+04
1.125000000000000000e+04
4.319200000000000000e+04
1.788900000000000000e+04
1.257800000000000000e+04
8.903000000000000000e+03
1.010000000000000000e+04
1.118100000000000000e+04
9.379000000000000000e+03
2.613800000000000000e+04
2.074500000000000000e+04
4.501500000000000000e+04
2.554400000000000000e+04
5.178000000000000000e+03
1.269700000000000000e+04
1.639200000000000000e+04
3.855200000000000000e+04
8.177000000000000000e+03
8.271000000000000000e+03
1.168900000000000000e+04
2.075800000000000000e+04
5.096000000000000000e+03
1.687500000000000000e+04
6.221000000000000000e+03
1.855200000000000000e+04
3.708600000000000000e+04
1.013200000000000000e+04
5.664000000000000000e+03
1.462400000000000000e+04
1.308300000000000000e+04
4.407000000000000000e+03
7.600000000000000000e+03
6.361000000000000000e+03
1.376000000000000000e+04
5.773000000000000000e+03
1.707500000000000000e+04
9.421000000000000000e+03
5.675000000000000000e+03
1.824800000000000000e+04
4.572000000000000000e+03
1.628100000000000000e+04
1.412400000000000000e+04
1.313500000000000000e+04
4.735000000000000000e+03
1.516000000000000000e+04
3.302000000000000000e+03
7.109000000000000000e+03
6.302000000000000000e+03
1.852800000000000000e+04
1.260200000000000000e+04
9.100000000000000000e+03
1.135000000000000000e+04
8.108000000000000000e+03
1.158400000000000000e+04
1.255500000000000000e+04
1.229400000000000000e+04
1.040300000000000000e+04
5.239000000000000000e+03
2.173400000000000000e+04
6.554000000000000000e+03
3.881000000000000000e+03
5.886000000000000000e+03
1.862600000000000000e+04
3.123800000000000000e+04
1.245600000000000000e+04
1.272200000000000000e+04
1.091400000000000000e+04
6.867000000000000000e+03
6.548000000000000000e+03
8.574000000000000000e+03
6.929000000000000000e+03
1.511600000000000000e+04
6.812000000000000000e+03
4.496000000000000000e+03
1.166700000000000000e+04
1.734800000000000000e+04
6.870000000000000000e+03
8.308000000000000000e+03
1.161300000000000000e+04
4.028500000000000000e+04
6.394000000000000000e+03
5.753000000000000000e+03
4.406000000000000000e+03
8.680000000000000000e+03
6.925000000000000000e+03
1.540200000000000000e+04
1.473700000000000000e+04
6.990000000000000000e+03
1.204600000000000000e+04
1.175500000000000000e+04
7.138000000000000000e+03
1.285200000000000000e+04
1.069900000000000000e+04
1.239700000000000000e+04
1.508800000000000000e+04
1.578400000000000000e+04
7.360000000000000000e+03
5.422000000000000000e+03
1.492300000000000000e+04
2.043500000000000000e+04
5.032000000000000000e+03
5.343000000000000000e+03
5.468000000000000000e+03
1.980000000000000000e+04
7.940000000000000000e+03
3.530600000000000000e+04
2.127800000000000000e+04
2.278900000000000000e+04
6.881000000000000000e+03
3.491100000000000000e+04
1.205100000000000000e+04
7.046000000000000000e+03
5.641000000000000000e+03
1.282000000000000000e+04
1.363300000000000000e+04
3.512000000000000000e+03
3.757100000000000000e+04
1.550000000000000000e+04
7.810000000000000000e+03
4.659000000000000000e+03
2.495900000000000000e+04
9.937000000000000000e+03
4.474000000000000000e+03
2.174900000000000000e+04
1.532400000000000000e+04
8.172000000000000000e+03
5.388000000000000000e+03
3.293000000000000000e+03
1.512500000000000000e+04
1.396900000000000000e+04
5.263000000000000000e+03
4.611000000000000000e+03
7.997000000000000000e+03
2.447900000000000000e+04
7.037000000000000000e+03
1.252500000000000000e+04
1.839000000000000000e+04
5.849000000000000000e+03
1.166900000000000000e+04
6.100000000000000000e+03
9.812000000000000000e+03
5.092800000000000000e+04
5.230900000000000000e+04
7.761000000000000000e+03
6.353000000000000000e+03
4.766800000000000000e+04
1.344300000000000000e+04
6.379000000000000000e+03
2.744800000000000000e+04
1.026700000000000000e+04
1.519500000000000000e+04
4.553000000000000000e+03
1.107500000000000000e+04
1.760400000000000000e+04
1.017700000000000000e+04
9.025000000000000000e+03
1.479600000000000000e+04
1.176200000000000000e+04
1.422700000000000000e+04
5.260000000000000000e+03
8.187000000000000000e+03
6.334000000000000000e+03
1.821900000000000000e+04
6.083000000000000000e+03
8.080000000000000000e+03
7.478000000000000000e+03
1.097500000000000000e+04
4.772000000000000000e+03
9.752000000000000000e+03
1.203400000000000000e+04
6.517000000000000000e+03
1.993900000000000000e+04
1.659100000000000000e+04
1.042600000000000000e+04
2.006200000000000000e+04
4.073000000000000000e+03
6.144000000000000000e+03
1.018900000000000000e+04
1.644600000000000000e+04
1.831800000000000000e+04
1.698200000000000000e+04
9.927000000000000000e+03
3.613000000000000000e+03
5.759000000000000000e+03
4.604000000000000000e+03
9.519000000000000000e+03
6.005000000000000000e+03
9.242000000000000000e+03
1.442100000000000000e+04
5.133000000000000000e+03
8.357000000000000000e+03
2.689100000000000000e+04
3.479000000000000000e+03
5.471000000000000000e+03
4.780000000000000000e+03
9.629000000000000000e+03
1.020000000000000000e+04
2.214200000000000000e+04
9.985000000000000000e+03
1.042600000000000000e+04
5.161000000000000000e+03
1.041300000000000000e+04
8.286000000000000000e+03
6.325000000000000000e+03
7.314000000000000000e+03
1.633500000000000000e+04
2.347200000000000000e+04
3.370000000000000000e+03
1.227100000000000000e+04
4.069000000000000000e+03
1.455600000000000000e+04
1.265300000000000000e+04
8.321000000000000000e+03
1.644800000000000000e+04
5.951000000000000000e+03
4.689000000000000000e+03
3.196500000000000000e+04
3.446000000000000000e+03
9.269000000000000000e+03
3.095400000000000000e+04
1.133700000000000000e+04
5.398000000000000000e+03
2.723600000000000000e+04
1.097700000000000000e+04
2.199600000000000000e+04
6.083000000000000000e+03
9.031000000000000000e+03
6.626000000000000000e+03
1.819500000000000000e+04
1.081500000000000000e+04
7.929000000000000000e+03
8.838000000000000000e+03
1.396000000000000000e+04
1.125200000000000000e+04
6.027000000000000000e+03
1.888800000000000000e+04
1.465300000000000000e+04
8.478000000000000000e+03
5.536000000000000000e+03
3.800800000000000000e+04
5.593000000000000000e+03
2.410100000000000000e+04
7.876000000000000000e+03
1.011600000000000000e+04
9.952000000000000000e+03
2.355400000000000000e+04
3.962000000000000000e+03
1.391300000000000000e+04
1.040400000000000000e+04
6.915000000000000000e+03
8.797000000000000000e+03
2.869700000000000000e+04
7.032000000000000000e+03
2.679200000000000000e+04
8.982000000000000000e+03
1.181100000000000000e+04
1.505500000000000000e+04
1.764100000000000000e+04
1.706600000000000000e+04
3.157300000000000000e+04
1.063300000000000000e+04
4.751000000000000000e+03
2.180500000000000000e+04
9.353000000000000000e+03
5.217000000000000000e+03
8.601000000000000000e+03
1.058900000000000000e+04
8.247000000000000000e+03
2.062200000000000000e+04
5.821000000000000000e+03
1.338300000000000000e+04
1.284300000000000000e+04
9.792000000000000000e+03
2.025500000000000000e+04
1.583400000000000000e+04
1.400900000000000000e+04
1.904300000000000000e+04
2.123000000000000000e+03
1.868500000000000000e+04
1.119100000000000000e+04
8.426000000000000000e+03
2.777000000000000000e+03
6.139000000000000000e+03
1.514200000000000000e+04
2.750700000000000000e+04
3.719100000000000000e+04
8.492000000000000000e+03
9.071000000000000000e+03
2.722800000000000000e+04
9.548000000000000000e+03
1.304800000000000000e+04
3.132000000000000000e+03
1.394600000000000000e+04
4.584300000000000000e+04
1.361600000000000000e+04
6.390000000000000000e+03
1.856600000000000000e+04
2.350600000000000000e+04
9.242000000000000000e+03
5.037000000000000000e+03
1.038000000000000000e+04
1.232500000000000000e+04
7.377000000000000000e+03
1.529200000000000000e+04
1.658800000000000000e+04
2.081000000000000000e+03
3.303800000000000000e+04
1.233200000000000000e+04
1.556100000000000000e+04
1.162100000000000000e+04
2.751000000000000000e+03
2.241200000000000000e+04
1.072100000000000000e+04
1.551500000000000000e+04
1.598800000000000000e+04
1.245400000000000000e+04
1.857000000000000000e+04
1.027900000000000000e+04
4.026700000000000000e+04
4.513400000000000000e+04
1.806000000000000000e+04
1.043600000000000000e+04
1.504500000000000000e+04
8.408000000000000000e+03
2.605800000000000000e+04
2.667600000000000000e+04
8.164000000000000000e+03
2.402000000000000000e+03
2.199500000000000000e+04
3.804000000000000000e+03
1.385400000000000000e+04
2.640900000000000000e+04
8.127000000000000000e+03
2.599300000000000000e+04
1.618900000000000000e+04
6.725000000000000000e+03
1.575200000000000000e+04
9.443000000000000000e+03
1.342000000000000000e+04
2.068500000000000000e+04
3.393500000000000000e+04
9.233000000000000000e+03
5.093000000000000000e+03
5.361100000000000000e+04
1.152200000000000000e+04
2.887000000000000000e+04
1.649500000000000000e+04
2.555500000000000000e+04
4.045400000000000000e+04
1.900400000000000000e+04
8.394000000000000000e+03
1.361600000000000000e+04
9.720000000000000000e+03
3.915900000000000000e+04
3.125000000000000000e+03
2.980700000000000000e+04
6.607000000000000000e+03
4.492800000000000000e+04
1.059300000000000000e+04
9.673000000000000000e+03
1.710600000000000000e+04
1.337400000000000000e+04
4.146000000000000000e+03
1.130900000000000000e+04
5.440000000000000000e+03
1.773000000000000000e+04
3.638700000000000000e+04
7.797000000000000000e+03
3.411000000000000000e+03
1.236900000000000000e+04
3.660000000000000000e+03
6.043000000000000000e+03
2.124800000000000000e+04
2.826000000000000000e+03
6.148000000000000000e+03
1.422100000000000000e+04
5.633000000000000000e+03
7.266000000000000000e+03
1.625600000000000000e+04
2.396100000000000000e+04
6.957000000000000000e+03
2.597200000000000000e+04
2.535000000000000000e+04
1.046600000000000000e+04
4.479000000000000000e+03
6.764000000000000000e+03
1.225600000000000000e+04
4.987400000000000000e+04
1.293500000000000000e+04
1.637700000000000000e+04
1.355500000000000000e+04
1.072100000000000000e+04
9.464000000000000000e+03
1.980800000000000000e+04
7.864000000000000000e+03
5.207000000000000000e+03
5.607000000000000000e+03
1.009200000000000000e+04
4.093000000000000000e+03
1.047000000000000000e+04
1.655000000000000000e+04
1.651300000000000000e+04
2.812000000000000000e+03
1.500800000000000000e+04
1.423300000000000000e+04
8.584000000000000000e+03
1.348400000000000000e+04
3.634000000000000000e+03
2.493900000000000000e+04
7.276000000000000000e+03
1.229000000000000000e+04
2.930600000000000000e+04
8.007000000000000000e+03
1.802700000000000000e+04
2.901000000000000000e+03
5.602000000000000000e+03
1.787600000000000000e+04
1.278100000000000000e+04
2.305100000000000000e+04
1.209600000000000000e+04
8.385000000000000000e+03
9.514000000000000000e+03
2.928000000000000000e+03
1.209600000000000000e+04
1.028800000000000000e+04
8.019000000000000000e+03
2.189800000000000000e+04
3.389600000000000000e+04
2.281300000000000000e+04
5.242000000000000000e+03
8.334000000000000000e+03
1.368900000000000000e+04
1.840100000000000000e+04
1.387000000000000000e+04
1.382000000000000000e+04
1.390500000000000000e+04
9.635000000000000000e+03
8.290000000000000000e+03
4.330000000000000000e+03
9.076000000000000000e+03
4.841000000000000000e+03
5.394000000000000000e+03
1.244000000000000000e+04
1.222500000000000000e+04
8.698000000000000000e+03
7.214000000000000000e+03
2.581800000000000000e+04
1.573900000000000000e+04
1.082800000000000000e+04
4.718000000000000000e+03
9.919000000000000000e+03
1.718500000000000000e+04
9.598000000000000000e+03
1.422500000000000000e+04
1.075000000000000000e+04
9.597000000000000000e+03
1.932500000000000000e+04
6.715000000000000000e+03
1.263300000000000000e+04
7.664000000000000000e+03
1.474300000000000000e+04
1.114100000000000000e+04
1.096600000000000000e+04
1.312400000000000000e+04
2.768600000000000000e+04
6.133000000000000000e+03
1.788300000000000000e+04
1.397500000000000000e+04
7.397000000000000000e+03
6.222000000000000000e+03
2.315400000000000000e+04
2.694000000000000000e+04
1.247000000000000000e+04
8.341000000000000000e+03
8.734000000000000000e+03
1.141700000000000000e+04
6.052000000000000000e+03
1.937100000000000000e+04
2.121800000000000000e+04
8.561000000000000000e+03
2.333500000000000000e+04
9.543000000000000000e+03
1.159900000000000000e+04
9.501000000000000000e+03
9.338000000000000000e+03
1.352100000000000000e+04
7.848000000000000000e+03
1.025000000000000000e+04
1.271400000000000000e+04
1.795200000000000000e+04
1.979400000000000000e+04
8.359000000000000000e+03
5.849000000000000000e+03
1.815200000000000000e+04
1.526700000000000000e+04
1.052300000000000000e+04
5.193000000000000000e+03
1.168800000000000000e+04
6.408000000000000000e+03
1.047900000000000000e+04
1.368600000000000000e+04
6.583000000000000000e+03
9.419000000000000000e+03
7.777000000000000000e+03
5.686000000000000000e+03
2.153100000000000000e+04
2.005100000000000000e+04
1.136400000000000000e+04
2.418300000000000000e+04
2.222900000000000000e+04
1.026800000000000000e+04
1.134300000000000000e+04
1.180200000000000000e+04
4.774000000000000000e+03
2.323600000000000000e+04
1.256300000000000000e+04
6.693000000000000000e+03
2.164100000000000000e+04
4.090400000000000000e+04
2.699000000000000000e+03
9.362000000000000000e+03
5.198000000000000000e+03
1.776800000000000000e+04
8.564000000000000000e+03
1.337000000000000000e+04
9.635000000000000000e+03
7.341000000000000000e+03
2.827700000000000000e+04
9.250000000000000000e+03
7.890000000000000000e+03
9.760000000000000000e+03
4.253000000000000000e+03
1.671100000000000000e+04
9.831000000000000000e+03
6.316000000000000000e+03
5.908000000000000000e+03
5.364000000000000000e+03
3.294000000000000000e+03
7.329000000000000000e+03
6.791000000000000000e+03
2.789700000000000000e+04
2.195100000000000000e+04
5.842000000000000000e+03
9.071000000000000000e+03
1.403900000000000000e+04
1.525900000000000000e+04
8.123000000000000000e+03
1.594700000000000000e+04
1.466400000000000000e+04
5.991000000000000000e+03
2.008400000000000000e+04
1.817200000000000000e+04
5.295000000000000000e+03
6.801000000000000000e+03
5.888000000000000000e+03
1.809200000000000000e+04
2.462500000000000000e+04
1.178900000000000000e+04
9.033000000000000000e+03
1.266200000000000000e+04
4.704000000000000000e+03
1.366200000000000000e+04
4.057100000000000000e+04
9.847000000000000000e+03
1.695700000000000000e+04
6.174000000000000000e+03
1.601700000000000000e+04
3.239000000000000000e+03
8.463000000000000000e+03
1.720600000000000000e+04
5.774000000000000000e+03
7.086000000000000000e+03
2.484000000000000000e+04
7.382000000000000000e+03
2.266100000000000000e+04
2.036700000000000000e+04
5.104000000000000000e+03
1.023900000000000000e+04
9.619000000000000000e+03
8.577000000000000000e+03
1.778000000000000000e+04
7.342000000000000000e+03
2.159600000000000000e+04
1.966400000000000000e+04
2.406700000000000000e+04
1.151000000000000000e+04
1.310600000000000000e+04
7.538000000000000000e+03
8.922000000000000000e+03
1.109700000000000000e+04
1.343100000000000000e+04
8.482000000000000000e+03
5.066300000000000000e+04
7.115000000000000000e+03
4.615000000000000000e+03
8.651000000000000000e+03
1.432700000000000000e+04
8.289000000000000000e+03
2.221400000000000000e+04
9.096000000000000000e+03
2.769700000000000000e+04
9.113000000000000000e+03
1.559000000000000000e+04
2.628100000000000000e+04
1.051900000000000000e+04
5.542000000000000000e+03
1.199400000000000000e+04
8.085000000000000000e+03
8.351000000000000000e+03
8.515000000000000000e+03
1.129500000000000000e+04
1.927300000000000000e+04
5.232000000000000000e+03
4.885000000000000000e+03
4.126600000000000000e+04
6.781000000000000000e+03
1.214700000000000000e+04
9.204000000000000000e+03
2.647600000000000000e+04
3.823000000000000000e+03
4.163000000000000000e+03
5.346000000000000000e+03
2.192400000000000000e+04
6.174000000000000000e+03
1.114500000000000000e+04
7.222000000000000000e+03
1.300500000000000000e+04
2.421500000000000000e+04
2.258000000000000000e+03
1.731500000000000000e+04
2.173400000000000000e+04
1.294600000000000000e+04
1.904800000000000000e+04
4.017000000000000000e+03
1.425300000000000000e+04
4.136000000000000000e+03
1.343600000000000000e+04
1.429100000000000000e+04
1.750000000000000000e+03
3.680300000000000000e+04
1.175000000000000000e+04
8.620000000000000000e+03
7.195000000000000000e+03
5.273000000000000000e+03
5.226000000000000000e+03
1.057000000000000000e+04
2.054100000000000000e+04
1.601600000000000000e+04
3.834000000000000000e+03
6.268000000000000000e+03
2.156400000000000000e+04
5.481000000000000000e+03
4.947000000000000000e+03
3.594000000000000000e+04
1.262700000000000000e+04
8.090000000000000000e+03
1.485500000000000000e+04
5.310000000000000000e+03
9.815000000000000000e+03
9.543000000000000000e+03
4.123000000000000000e+03
1.549500000000000000e+04
2.126800000000000000e+04
2.067200000000000000e+04
1.811000000000000000e+04
2.940000000000000000e+03
1.021800000000000000e+04
4.029000000000000000e+03
2.779700000000000000e+04
4.250000000000000000e+03
7.157000000000000000e+03
9.000000000000000000e+03
7.959000000000000000e+03
4.777000000000000000e+03
1.389600000000000000e+04
6.424000000000000000e+03
1.972000000000000000e+04
1.159700000000000000e+04
9.155000000000000000e+03
4.816000000000000000e+03
1.020900000000000000e+04
6.538000000000000000e+03
5.383000000000000000e+03
7.833000000000000000e+03
1.033400000000000000e+04
6.153000000000000000e+03
7.251000000000000000e+03
5.072000000000000000e+03
1.265200000000000000e+04
1.600400000000000000e+04
1.438100000000000000e+04
1.679400000000000000e+04
6.963000000000000000e+03
1.257600000000000000e+04
9.361000000000000000e+03
4.304000000000000000e+03
4.846000000000000000e+03
4.544000000000000000e+03
4.837000000000000000e+03
9.045000000000000000e+03
7.941000000000000000e+03
3.729000000000000000e+03
8.837000000000000000e+03
3.565000000000000000e+03
3.465600000000000000e+04
3.658000000000000000e+03
1.875500000000000000e+04
5.820000000000000000e+03
6.091000000000000000e+03
2.301600000000000000e+04
1.549200000000000000e+04
2.487300000000000000e+04
7.787000000000000000e+03
1.975800000000000000e+04
1.317200000000000000e+04
1.169900000000000000e+04
3.855600000000000000e+04
4.522000000000000000e+03
9.328000000000000000e+03
1.968800000000000000e+04
2.962300000000000000e+04
4.063000000000000000e+03
6.418000000000000000e+03
3.022000000000000000e+03
5.197000000000000000e+03
1.753600000000000000e+04
2.738100000000000000e+04
1.860000000000000000e+04
1.451600000000000000e+04
1.471200000000000000e+04
7.388000000000000000e+03
7.912000000000000000e+03
5.129000000000000000e+03
1.585200000000000000e+04
2.661600000000000000e+04
1.730200000000000000e+04
5.516000000000000000e+03
3.854000000000000000e+03
7.408000000000000000e+03
6.238000000000000000e+03
1.448400000000000000e+04
1.040200000000000000e+04
3.921800000000000000e+04
2.257900000000000000e+04
8.677000000000000000e+03
5.850000000000000000e+03
4.781000000000000000e+03
2.088000000000000000e+03
1.490400000000000000e+04
8.342000000000000000e+03
2.533000000000000000e+04
1.061400000000000000e+04
2.753100000000000000e+04
1.488300000000000000e+04
1.214500000000000000e+04
1.422700000000000000e+04
4.201000000000000000e+03
9.587000000000000000e+03
1.390600000000000000e+04
3.429000000000000000e+03
1.094700000000000000e+04
5.432000000000000000e+03
1.019200000000000000e+04
4.131000000000000000e+03
1.378000000000000000e+04
1.271100000000000000e+04
5.525000000000000000e+03
2.153200000000000000e+04
1.826600000000000000e+04
