7.310000000000000000e+03
7.447000000000000000e+03
9.064000000000000000e+03
4.378000000000000000e+03
2.753000000000000000e+03
1.553100000000000000e+04
1.558200000000000000e+04
2.055700000000000000e+04
6.185000000000000000e+03
1.753200000000000000e+04
3.965000000000000000e+03
3.398000000000000000e+03
3.082300000000000000e+04
1.103400000000000000e+04
4.740800000000000000e+04
6.204000000000000000e+03
4.035000000000000000e+03
1.386100000000000000e+04
4.510000000000000000e+03
4.577000000000000000e+03
2.874000000000000000e+03
6.997000000000000000e+03
3.906000000000000000e+03
6.284000000000000000e+03
1.260800000000000000e+04
9.391000000000000000e+03
1.873300000000000000e+04
5.299000000000000000e+03
1.651300000000000000e+04
1.699500000000000000e+04
4.735100000000000000e+04
1.502100000000000000e+04
2.131200000000000000e+04
2.919500000000000000e+04
9.825000000000000000e+03
1.222900000000000000e+04
5.556000000000000000e+03
4.890000000000000000e+03
3.243700000000000000e+04
8.323000000000000000e+03
4.713000000000000000e+03
2.360400000000000000e+04
9.586000000000000000e+03
1.123400000000000000e+04
1.719800000000000000e+04
6.715000000000000000e+03
9.141000000000000000e+03
1.089700000000000000e+04
1.982000000000000000e+03
4.486000000000000000e+03
2.103600000000000000e+04
2.600700000000000000e+04
1.671000000000000000e+04
2.444200000000000000e+04
1.341000000000000000e+04
1.521200000000000000e+04
1.330300000000000000e+04
5.509000000000000000e+03
3.241000000000000000e+03
3.324600000000000000e+04
7.126000000000000000e+03
3.157500000000000000e+04
2.616800000000000000e+04
7.357000000000000000e+03
2.861000000000000000e+03
3.073700000000000000e+04
2.105400000000000000e+04
2.525000000000000000e+04
3.245400000000000000e+04
3.552000000000000000e+03
2.607400000000000000e+04
1.363500000000000000e+04
5.568000000000000000e+03
9.217000000000000000e+03
3.857300000000000000e+04
7.857000000000000000e+03
3.668000000000000000e+03
4.655400000000000000e+04
1.257600000000000000e+04
1.905400000000000000e+04
1.904000000000000000e+03
1.136900000000000000e+04
1.196900000000000000e+04
1.463500000000000000e+04
4.086000000000000000e+03
1.944000000000000000e+04
8.889000000000000000e+03
4.146800000000000000e+04
1.182000000000000000e+04
1.658900000000000000e+04
1.252300000000000000e+04
3.604500000000000000e+04
3.487000000000000000e+04
9.844000000000000000e+03
3.058200000000000000e+04
6.698000000000000000e+03
3.766000000000000000e+03
8.761000000000000000e+03
1.045300000000000000e+04
6.742000000000000000e+03
6.887500000000000000e+04
1.926500000000000000e+04
1.736300000000000000e+04
2.989800000000000000e+04
7.480000000000000000e+03
3.873000000000000000e+03
9.271000000000000000e+03
5.938000000000000000e+03
1.326900000000000000e+04
5.796000000000000000e+03
2.536200000000000000e+04
1.180770000000000000e+05
2.268700000000000000e+04
3.567700000000000000e+04
2.218800000000000000e+04
5.045000000000000000e+03
5.964900000000000000e+04
1.887100000000000000e+04
1.830900000000000000e+04
1.130900000000000000e+04
5.745000000000000000e+03
1.706900000000000000e+04
3.538700000000000000e+04
6.452000000000000000e+03
8.624000000000000000e+03
9.374000000000000000e+03
1.545200000000000000e+04
8.163800000000000000e+04
4.064000000000000000e+03
4.657000000000000000e+03
1.477500000000000000e+04
3.517000000000000000e+03
6.387000000000000000e+03
1.636400000000000000e+04
1.003400000000000000e+04
1.916900000000000000e+04
6.223700000000000000e+04
5.487800000000000000e+04
1.164700000000000000e+04
3.836000000000000000e+03
1.050800000000000000e+04
3.462200000000000000e+04
9.377000000000000000e+03
9.305000000000000000e+03
4.871000000000000000e+03
1.286400000000000000e+04
7.776000000000000000e+03
2.039400000000000000e+04
1.737700000000000000e+04
2.712800000000000000e+04
9.755000000000000000e+03
4.114700000000000000e+04
1.205300000000000000e+04
3.867000000000000000e+03
1.432500000000000000e+04
1.100400000000000000e+04
1.262800000000000000e+04
1.017400000000000000e+04
1.443000000000000000e+03
2.309300000000000000e+04
8.360000000000000000e+03
2.633500000000000000e+04
1.006700000000000000e+04
1.226000000000000000e+04
2.782900000000000000e+04
5.210000000000000000e+03
4.276000000000000000e+03
3.203000000000000000e+03
3.727000000000000000e+03
4.118000000000000000e+03
9.070000000000000000e+03
1.164200000000000000e+04
2.742900000000000000e+04
5.380000000000000000e+03
9.693000000000000000e+03
4.927000000000000000e+03
3.370900000000000000e+04
1.708500000000000000e+04
5.440000000000000000e+03
7.799000000000000000e+03
3.319100000000000000e+04
1.279700000000000000e+04
2.488100000000000000e+04
3.350300000000000000e+04
5.482200000000000000e+04
3.074600000000000000e+04
2.667500000000000000e+04
1.538700000000000000e+04
3.510000000000000000e+03
7.222100000000000000e+04
1.858100000000000000e+04
1.572400000000000000e+04
3.437100000000000000e+04
1.289700000000000000e+04
2.145000000000000000e+04
1.305600000000000000e+04
7.796000000000000000e+03
5.321000000000000000e+03
6.439000000000000000e+03
1.265700000000000000e+04
1.871400000000000000e+04
3.110000000000000000e+03
3.102800000000000000e+04
2.273100000000000000e+04
2.960000000000000000e+03
3.250000000000000000e+04
1.720100000000000000e+04
2.163900000000000000e+04
8.713000000000000000e+03
4.656400000000000000e+04
1.537900000000000000e+04
1.307500000000000000e+04
1.368500000000000000e+04
9.722000000000000000e+03
1.103500000000000000e+04
4.361500000000000000e+04
1.570600000000000000e+04
6.872000000000000000e+03
1.798600000000000000e+04
2.103900000000000000e+04
3.804800000000000000e+04
4.214300000000000000e+04
1.816200000000000000e+04
7.511000000000000000e+03
1.858400000000000000e+04
1.085800000000000000e+04
2.279700000000000000e+04
6.377000000000000000e+03
4.804000000000000000e+03
3.281000000000000000e+03
5.555500000000000000e+04
7.548000000000000000e+03
4.232700000000000000e+04
1.275400000000000000e+04
4.725900000000000000e+04
1.251300000000000000e+04
1.497800000000000000e+04
1.006700000000000000e+04
8.992000000000000000e+03
6.423000000000000000e+03
2.391600000000000000e+04
1.693700000000000000e+04
1.120400000000000000e+04
3.607000000000000000e+03
1.251000000000000000e+04
2.329000000000000000e+04
8.769000000000000000e+03
1.735900000000000000e+04
1.039400000000000000e+04
4.410000000000000000e+03
1.784000000000000000e+03
6.808000000000000000e+03
3.207000000000000000e+03
9.606000000000000000e+03
3.270000000000000000e+03
1.082600000000000000e+04
1.644500000000000000e+04
2.134500000000000000e+04
1.859000000000000000e+03
5.807000000000000000e+03
6.775000000000000000e+03
9.664000000000000000e+03
3.179300000000000000e+04
4.139000000000000000e+03
3.681800000000000000e+04
3.034000000000000000e+03
1.517900000000000000e+04
2.736000000000000000e+03
1.602500000000000000e+04
2.852900000000000000e+04
1.805600000000000000e+04
2.260000000000000000e+03
2.350000000000000000e+04
7.955800000000000000e+04
2.827400000000000000e+04
1.093400000000000000e+04
2.615200000000000000e+04
4.525100000000000000e+04
2.823100000000000000e+04
5.343900000000000000e+04
8.665000000000000000e+03
1.803400000000000000e+04
2.297100000000000000e+04
1.467000000000000000e+04
2.472200000000000000e+04
2.493200000000000000e+04
8.986000000000000000e+03
1.152200000000000000e+04
1.314800000000000000e+04
2.185400000000000000e+04
1.721100000000000000e+04
2.386200000000000000e+04
2.069000000000000000e+04
5.613000000000000000e+03
8.602000000000000000e+03
7.778000000000000000e+03
1.013200000000000000e+04
7.707000000000000000e+03
7.417000000000000000e+03
3.723000000000000000e+03
9.003000000000000000e+03
8.101000000000000000e+03
8.008000000000000000e+03
2.537600000000000000e+04
9.700000000000000000e+03
1.106800000000000000e+04
8.277000000000000000e+03
1.373000000000000000e+04
1.422700000000000000e+04
4.175000000000000000e+03
7.583000000000000000e+03
1.279500000000000000e+04
3.232400000000000000e+04
1.561200000000000000e+04
4.526300000000000000e+04
1.103800000000000000e+04
7.794000000000000000e+03
1.038400000000000000e+04
3.647000000000000000e+03
4.468300000000000000e+04
2.178100000000000000e+04
9.167000000000000000e+03
3.039700000000000000e+04
1.981500000000000000e+04
4.918000000000000000e+03
2.315700000000000000e+04
2.464400000000000000e+04
6.213000000000000000e+03
8.182600000000000000e+04
1.460200000000000000e+04
9.939600000000000000e+04
4.544500000000000000e+04
6.461000000000000000e+03
1.712600000000000000e+04
2.285500000000000000e+04
8.518000000000000000e+04
1.636500000000000000e+04
6.477000000000000000e+04
4.186000000000000000e+03
9.854000000000000000e+03
1.169700000000000000e+04
1.538800000000000000e+04
7.993000000000000000e+03
8.995000000000000000e+03
3.438000000000000000e+04
3.919000000000000000e+03
4.564000000000000000e+03
7.536000000000000000e+03
3.569600000000000000e+04
3.074000000000000000e+03
6.609000000000000000e+03
1.522300000000000000e+04
4.363000000000000000e+03
8.859000000000000000e+03
1.342200000000000000e+04
2.295100000000000000e+04
1.399700000000000000e+04
6.371000000000000000e+03
4.990000000000000000e+04
6.069000000000000000e+03
1.431400000000000000e+04
1.432600000000000000e+04
2.023000000000000000e+04
7.112000000000000000e+03
2.312100000000000000e+04
5.014000000000000000e+03
1.188700000000000000e+04
8.623000000000000000e+03
2.509300000000000000e+04
8.219000000000000000e+03
3.038300000000000000e+04
1.035100000000000000e+04
1.002100000000000000e+04
2.701000000000000000e+04
5.739000000000000000e+03
3.468500000000000000e+04
6.978800000000000000e+04
3.383500000000000000e+04
6.289000000000000000e+03
1.789000000000000000e+04
5.884700000000000000e+04
6.438000000000000000e+03
1.055000000000000000e+04
9.414000000000000000e+03
1.620700000000000000e+04
3.196500000000000000e+04
1.030800000000000000e+04
4.189000000000000000e+03
2.843200000000000000e+04
7.244000000000000000e+03
1.176500000000000000e+04
1.773800000000000000e+04
3.311000000000000000e+03
1.022800000000000000e+04
1.379300000000000000e+04
2.727200000000000000e+04
6.236400000000000000e+04
2.549900000000000000e+04
1.193300000000000000e+04
3.154500000000000000e+04
3.989600000000000000e+04
5.891000000000000000e+03
2.767600000000000000e+04
5.953000000000000000e+03
1.505200000000000000e+04
3.172500000000000000e+04
1.923400000000000000e+04
2.726200000000000000e+04
4.588000000000000000e+03
2.153000000000000000e+03
5.043000000000000000e+03
5.415000000000000000e+03
1.448200000000000000e+04
1.033500000000000000e+04
2.046100000000000000e+04
3.946300000000000000e+04
3.440100000000000000e+04
2.873000000000000000e+04
3.208000000000000000e+03
1.884200000000000000e+04
1.034500000000000000e+04
2.538800000000000000e+04
2.179300000000000000e+04
1.815300000000000000e+04
3.397400000000000000e+04
7.575000000000000000e+03
9.886000000000000000e+03
5.997000000000000000e+03
4.660900000000000000e+04
2.356500000000000000e+04
2.867500000000000000e+04
4.293000000000000000e+03
2.650600000000000000e+04
3.132400000000000000e+04
6.718000000000000000e+03
7.194000000000000000e+03
1.698900000000000000e+04
2.679500000000000000e+04
9.517000000000000000e+03
1.425300000000000000e+04
1.043700000000000000e+04
4.468500000000000000e+04
4.451500000000000000e+04
7.227000000000000000e+03
1.352300000000000000e+04
1.893600000000000000e+04
2.276200000000000000e+04
7.950000000000000000e+03
7.417000000000000000e+03
1.268500000000000000e+04
3.376000000000000000e+03
4.932000000000000000e+03
4.037800000000000000e+04
3.859900000000000000e+04
1.159700000000000000e+04
1.047600000000000000e+04
1.930000000000000000e+03
1.823400000000000000e+04
2.995400000000000000e+04
1.513600000000000000e+04
3.408000000000000000e+03
1.142600000000000000e+04
1.061900000000000000e+04
4.782000000000000000e+03
2.331500000000000000e+04
7.903000000000000000e+03
1.691300000000000000e+04
3.975000000000000000e+03
5.074000000000000000e+03
6.078000000000000000e+03
3.518000000000000000e+03
3.960500000000000000e+04
3.002000000000000000e+04
3.036800000000000000e+04
2.018800000000000000e+04
6.649000000000000000e+03
4.181700000000000000e+04
7.243000000000000000e+03
4.119700000000000000e+04
1.203300000000000000e+04
2.822600000000000000e+04
1.482000000000000000e+03
2.725000000000000000e+03
5.179000000000000000e+04
1.919400000000000000e+04
2.912100000000000000e+04
1.922100000000000000e+04
6.961000000000000000e+03
2.344000000000000000e+04
5.349600000000000000e+04
1.233600000000000000e+04
5.673000000000000000e+04
4.410000000000000000e+04
2.338900000000000000e+04
1.130000000000000000e+03
2.890000000000000000e+04
2.748100000000000000e+04
2.329200000000000000e+04
3.690100000000000000e+04
2.995200000000000000e+04
1.448400000000000000e+04
8.588000000000000000e+03
7.609000000000000000e+03
5.831900000000000000e+04
2.811300000000000000e+04
6.490000000000000000e+03
4.713400000000000000e+04
8.457000000000000000e+03
1.263500000000000000e+04
2.708000000000000000e+04
1.305700000000000000e+04
4.700000000000000000e+03
1.114700000000000000e+04
9.344000000000000000e+03
3.879100000000000000e+04
2.408800000000000000e+04
4.959200000000000000e+04
2.081000000000000000e+03
9.153000000000000000e+03
6.345900000000000000e+04
3.658500000000000000e+04
1.761000000000000000e+03
5.936300000000000000e+04
4.669000000000000000e+03
1.681000000000000000e+04
4.164000000000000000e+03
2.672000000000000000e+03
6.437000000000000000e+03
9.415000000000000000e+03
9.067000000000000000e+03
1.547800000000000000e+04
9.935000000000000000e+03
1.835900000000000000e+04
1.023000000000000000e+04
2.517400000000000000e+04
2.863600000000000000e+04
7.805000000000000000e+03
7.005000000000000000e+03
1.391500000000000000e+04
2.205200000000000000e+04
2.672700000000000000e+04
4.830000000000000000e+03
3.459000000000000000e+03
1.831500000000000000e+04
7.890000000000000000e+03
2.054700000000000000e+04
1.561200000000000000e+04
9.113000000000000000e+03
3.429600000000000000e+04
6.199000000000000000e+03
5.311000000000000000e+03
2.546000000000000000e+04
6.463000000000000000e+04
1.283200000000000000e+04
2.149300000000000000e+04
2.563600000000000000e+04
1.088800000000000000e+04
2.182300000000000000e+04
7.584000000000000000e+03
3.501800000000000000e+04
6.352000000000000000e+03
4.794100000000000000e+04
1.847500000000000000e+04
1.630500000000000000e+04
8.159000000000000000e+03
5.433000000000000000e+03
1.534000000000000000e+04
1.518500000000000000e+04
1.097100000000000000e+04
2.234700000000000000e+04
3.577800000000000000e+04
2.321500000000000000e+04
1.028400000000000000e+04
1.963700000000000000e+04
5.348000000000000000e+03
4.604300000000000000e+04
4.207800000000000000e+04
4.165000000000000000e+03
6.508000000000000000e+03
5.404000000000000000e+03
1.730000000000000000e+04
3.540000000000000000e+03
9.631000000000000000e+03
5.013000000000000000e+03
4.318000000000000000e+03
2.897900000000000000e+04
1.534300000000000000e+04
1.112200000000000000e+04
1.096600000000000000e+04
2.615800000000000000e+04
2.332700000000000000e+04
1.409400000000000000e+04
2.265300000000000000e+04
2.305700000000000000e+04
6.835000000000000000e+03
6.634000000000000000e+03
2.128900000000000000e+04
1.214400000000000000e+04
2.207400000000000000e+04
2.900500000000000000e+04
1.439300000000000000e+04
4.607000000000000000e+04
3.492000000000000000e+03
1.254300000000000000e+04
3.011000000000000000e+04
3.514000000000000000e+03
5.274300000000000000e+04
3.555200000000000000e+04
9.457000000000000000e+03
1.450900000000000000e+04
3.494000000000000000e+04
2.430000000000000000e+04
7.049000000000000000e+03
4.233000000000000000e+03
3.149700000000000000e+04
3.179400000000000000e+04
4.214000000000000000e+03
8.577500000000000000e+04
1.957400000000000000e+04
2.904000000000000000e+03
2.016800000000000000e+04
5.583600000000000000e+04
2.492400000000000000e+04
1.408700000000000000e+04
2.285200000000000000e+04
2.968000000000000000e+03
2.171900000000000000e+04
5.767000000000000000e+03
2.239900000000000000e+04
2.321500000000000000e+04
1.568100000000000000e+04
2.587100000000000000e+04
2.760400000000000000e+04
7.158000000000000000e+03
1.658400000000000000e+04
1.534600000000000000e+04
2.550300000000000000e+04
7.341000000000000000e+03
2.370100000000000000e+04
1.419800000000000000e+04
1.247300000000000000e+04
4.405700000000000000e+04
1.621200000000000000e+04
8.186000000000000000e+03
2.072100000000000000e+04
2.786000000000000000e+04
1.581100000000000000e+04
9.010000000000000000e+03
1.593800000000000000e+04
3.274100000000000000e+04
1.364600000000000000e+04
1.741400000000000000e+04
6.380800000000000000e+04
4.065000000000000000e+04
6.732500000000000000e+04
1.059000000000000000e+04
9.858000000000000000e+03
1.881500000000000000e+04
3.523300000000000000e+04
1.891600000000000000e+04
8.897000000000000000e+03
5.592000000000000000e+03
1.064900000000000000e+04
2.240400000000000000e+04
7.052000000000000000e+04
1.442900000000000000e+04
2.208700000000000000e+04
1.337300000000000000e+04
4.560200000000000000e+04
1.989800000000000000e+04
7.501400000000000000e+04
2.660600000000000000e+04
1.432600000000000000e+04
6.563000000000000000e+03
2.741500000000000000e+04
2.174600000000000000e+04
6.730200000000000000e+04
1.071500000000000000e+04
5.698000000000000000e+03
5.806000000000000000e+03
3.037100000000000000e+04
2.888600000000000000e+04
6.350200000000000000e+04
1.134500000000000000e+04
1.882600000000000000e+04
2.788000000000000000e+04
2.575300000000000000e+04
7.389000000000000000e+03
1.509600000000000000e+04
1.061900000000000000e+04
2.249100000000000000e+04
2.846300000000000000e+04
8.239000000000000000e+03
9.548000000000000000e+03
1.956400000000000000e+04
5.491000000000000000e+03
1.457300000000000000e+04
7.961000000000000000e+03
9.100000000000000000e+03
6.623000000000000000e+03
2.622000000000000000e+04
6.164000000000000000e+03
1.823700000000000000e+04
1.022200000000000000e+04
1.802300000000000000e+04
1.236800000000000000e+04
4.627000000000000000e+03
2.871400000000000000e+04
1.890100000000000000e+04
5.384000000000000000e+03
2.745800000000000000e+04
3.026100000000000000e+04
8.186900000000000000e+04
1.107400000000000000e+04
1.252000000000000000e+04
1.401600000000000000e+04
5.945000000000000000e+03
6.637300000000000000e+04
6.477000000000000000e+03
2.946600000000000000e+04
1.577000000000000000e+03
6.806000000000000000e+03
2.529000000000000000e+03
1.621700000000000000e+04
2.037500000000000000e+04
1.166400000000000000e+04
7.203000000000000000e+03
2.093000000000000000e+04
1.853400000000000000e+04
2.241500000000000000e+04
3.308700000000000000e+04
9.086000000000000000e+03
1.623400000000000000e+04
5.116300000000000000e+04
3.850000000000000000e+04
1.411200000000000000e+04
6.461000000000000000e+03
1.590300000000000000e+04
1.981800000000000000e+04
8.438000000000000000e+03
1.465700000000000000e+04
4.908000000000000000e+03
3.033700000000000000e+04
9.880000000000000000e+03
7.507000000000000000e+03
3.781700000000000000e+04
4.620200000000000000e+04
4.147000000000000000e+03
1.427700000000000000e+04
3.411800000000000000e+04
1.376200000000000000e+04
5.988000000000000000e+03
3.904000000000000000e+03
1.496000000000000000e+04
5.227000000000000000e+03
6.442000000000000000e+03
2.986800000000000000e+04
3.465000000000000000e+03
2.457400000000000000e+04
2.969100000000000000e+04
4.541000000000000000e+03
3.106000000000000000e+03
9.979000000000000000e+03
7.712000000000000000e+03
5.102000000000000000e+03
3.647800000000000000e+04
5.163000000000000000e+03
3.458300000000000000e+04
1.240500000000000000e+04
7.721000000000000000e+03
1.968100000000000000e+04
2.405800000000000000e+04
4.863000000000000000e+03
5.218000000000000000e+03
2.157300000000000000e+04
6.786000000000000000e+03
1.032300000000000000e+04
1.013400000000000000e+04
1.416600000000000000e+04
1.470800000000000000e+04
4.225000000000000000e+03
4.303900000000000000e+04
2.596000000000000000e+03
1.081800000000000000e+04
9.641000000000000000e+03
4.750000000000000000e+03
7.287800000000000000e+04
2.909000000000000000e+03
9.908000000000000000e+03
1.857200000000000000e+04
2.520400000000000000e+04
1.374800000000000000e+04
1.231800000000000000e+04
6.446000000000000000e+03
8.994000000000000000e+03
3.003000000000000000e+03
2.929500000000000000e+04
3.035900000000000000e+04
2.051600000000000000e+04
1.191700000000000000e+04
1.250700000000000000e+04
9.497000000000000000e+03
8.676000000000000000e+03
5.481000000000000000e+04
4.906000000000000000e+03
5.217000000000000000e+03
4.467600000000000000e+04
8.272000000000000000e+03
4.955000000000000000e+03
2.045000000000000000e+04
1.035700000000000000e+04
4.977000000000000000e+03
1.000800000000000000e+04
2.014100000000000000e+04
2.523000000000000000e+04
8.260000000000000000e+02
1.393300000000000000e+04
3.236000000000000000e+04
1.201300000000000000e+04
1.237700000000000000e+04
3.933000000000000000e+03
5.459000000000000000e+03
8.618000000000000000e+03
4.252500000000000000e+04
1.403200000000000000e+04
2.937900000000000000e+04
1.238700000000000000e+04
1.805800000000000000e+04
7.107000000000000000e+03
5.888600000000000000e+04
1.559700000000000000e+04
1.607200000000000000e+04
4.780000000000000000e+04
3.267800000000000000e+04
1.093200000000000000e+04
3.694000000000000000e+03
3.492000000000000000e+03
6.758000000000000000e+03
4.213000000000000000e+03
1.461000000000000000e+04
2.772600000000000000e+04
1.080300000000000000e+04
3.216800000000000000e+04
2.274700000000000000e+04
9.150000000000000000e+03
3.712000000000000000e+03
2.905500000000000000e+04
1.829900000000000000e+04
1.067900000000000000e+04
2.341300000000000000e+04
8.142000000000000000e+03
1.627800000000000000e+04
9.447000000000000000e+03
3.018000000000000000e+03
1.891000000000000000e+03
4.557900000000000000e+04
1.144800000000000000e+04
2.731700000000000000e+04
1.454300000000000000e+04
3.559000000000000000e+03
3.869900000000000000e+04
3.069400000000000000e+04
2.022300000000000000e+04
2.724200000000000000e+04
1.020100000000000000e+04
2.518600000000000000e+04
1.389500000000000000e+04
3.067700000000000000e+04
6.644000000000000000e+03
1.395300000000000000e+04
6.753000000000000000e+03
6.181000000000000000e+03
9.084000000000000000e+03
3.220000000000000000e+04
4.269700000000000000e+04
9.228000000000000000e+03
4.037000000000000000e+03
8.524000000000000000e+03
3.417800000000000000e+04
7.738000000000000000e+03
7.476000000000000000e+03
4.480000000000000000e+03
3.208000000000000000e+04
6.764000000000000000e+03
1.342700000000000000e+04
2.050100000000000000e+04
5.692000000000000000e+03
9.688200000000000000e+04
1.479300000000000000e+04
7.064000000000000000e+03
9.685000000000000000e+03
2.598500000000000000e+04
2.995000000000000000e+03
1.708000000000000000e+04
1.147300000000000000e+04
1.265400000000000000e+04
1.489400000000000000e+04
2.732100000000000000e+04
9.346000000000000000e+03
4.640000000000000000e+03
7.531000000000000000e+03
2.807500000000000000e+04
1.629400000000000000e+04
1.904500000000000000e+04
7.606000000000000000e+03
7.801000000000000000e+03
4.415000000000000000e+03
8.417100000000000000e+04
7.201000000000000000e+03
5.182000000000000000e+03
3.285000000000000000e+03
2.620700000000000000e+04
1.309500000000000000e+04
3.204000000000000000e+03
1.697000000000000000e+03
9.850000000000000000e+03
1.382100000000000000e+04
4.363700000000000000e+04
2.985300000000000000e+04
7.993000000000000000e+03
1.729800000000000000e+04
1.212100000000000000e+04
1.181300000000000000e+04
2.001500000000000000e+04
7.382000000000000000e+03
1.856700000000000000e+04
5.214000000000000000e+03
3.089000000000000000e+04
5.496000000000000000e+03
7.675000000000000000e+03
1.774000000000000000e+03
3.725000000000000000e+03
2.975500000000000000e+04
2.966800000000000000e+04
5.578000000000000000e+03
9.105000000000000000e+03
5.977000000000000000e+03
9.800000000000000000e+03
6.172000000000000000e+03
1.699300000000000000e+04
1.516600000000000000e+04
4.620000000000000000e+03
3.205600000000000000e+04
1.387770000000000000e+05
6.023000000000000000e+03
2.150300000000000000e+04
1.215300000000000000e+04
2.070300000000000000e+04
9.935000000000000000e+03
2.492700000000000000e+04
9.430000000000000000e+03
1.245400000000000000e+04
1.105100000000000000e+04
3.738800000000000000e+04
5.781000000000000000e+03
7.852000000000000000e+03
9.704000000000000000e+03
2.191300000000000000e+04
1.842900000000000000e+04
4.096000000000000000e+03
3.093000000000000000e+03
1.199000000000000000e+04
5.595000000000000000e+03
3.811200000000000000e+04
4.300000000000000000e+03
6.663000000000000000e+03
3.836700000000000000e+04
2.072700000000000000e+04
1.355800000000000000e+04
5.626000000000000000e+03
5.038000000000000000e+03
8.595000000000000000e+03
3.546000000000000000e+03
2.166000000000000000e+04
1.784000000000000000e+04
3.559800000000000000e+04
2.730600000000000000e+04
3.492900000000000000e+04
1.400300000000000000e+04
2.043000000000000000e+03
4.940000000000000000e+03
7.045000000000000000e+03
5.072100000000000000e+04
8.964000000000000000e+03
9.506000000000000000e+03
6.298000000000000000e+03
1.219100000000000000e+04
4.904000000000000000e+03
9.918000000000000000e+03
1.147400000000000000e+04
6.478000000000000000e+03
3.633700000000000000e+04
4.016500000000000000e+04
7.218000000000000000e+03
1.357800000000000000e+04
5.565200000000000000e+04
2.481400000000000000e+04
3.835000000000000000e+04
8.846000000000000000e+03
1.243000000000000000e+04
