5.538000000000000000e+04
2.020330000000000000e+05
6.002100000000000000e+04
1.003660000000000000e+05
1.026400000000000000e+04
2.452700000000000000e+04
5.301000000000000000e+03
2.846900000000000000e+04
5.148000000000000000e+04
4.216400000000000000e+04
6.882400000000000000e+04
3.138500000000000000e+04
4.051600000000000000e+04
1.479600000000000000e+04
4.483800000000000000e+04
1.918400000000000000e+04
3.160100000000000000e+04
9.312800000000000000e+04
3.146700000000000000e+04
3.056230000000000000e+05
7.857600000000000000e+04
1.032460000000000000e+05
1.199100000000000000e+04
5.062600000000000000e+04
3.356100000000000000e+04
1.515180000000000000e+05
1.157400000000000000e+04
3.160900000000000000e+04
7.805000000000000000e+03
1.295530000000000000e+05
1.120400000000000000e+04
1.073550000000000000e+05
3.309700000000000000e+04
2.590900000000000000e+04
6.756000000000000000e+04
3.967700000000000000e+04
9.957000000000000000e+03
1.595900000000000000e+04
4.246900000000000000e+04
8.589500000000000000e+04
7.945000000000000000e+03
5.464500000000000000e+04
4.308600000000000000e+04
3.610000000000000000e+04
1.314400000000000000e+04
1.431590000000000000e+05
3.614500000000000000e+04
8.811900000000000000e+04
4.548200000000000000e+04
5.334700000000000000e+04
5.701000000000000000e+04
5.368000000000000000e+03
4.348600000000000000e+04
3.810500000000000000e+04
8.858600000000000000e+04
1.466340000000000000e+05
1.099800000000000000e+04
1.522900000000000000e+04
6.495900000000000000e+04
9.166000000000000000e+03
3.371600000000000000e+04
7.737000000000000000e+03
9.182300000000000000e+04
1.646500000000000000e+04
3.165100000000000000e+04
7.192900000000000000e+04
2.516990000000000000e+05
2.928900000000000000e+04
6.134700000000000000e+04
1.574200000000000000e+04
1.702500000000000000e+05
9.354200000000000000e+04
4.870900000000000000e+04
1.143340000000000000e+05
1.807100000000000000e+04
3.685400000000000000e+04
1.056000000000000000e+04
8.979300000000000000e+04
5.340300000000000000e+04
3.291300000000000000e+04
1.660560000000000000e+05
1.161100000000000000e+05
2.422600000000000000e+04
1.201300000000000000e+05
3.108800000000000000e+04
4.599200000000000000e+04
2.042000000000000000e+04
4.921000000000000000e+03
1.762900000000000000e+04
3.295440000000000000e+05
6.305300000000000000e+04
5.922200000000000000e+04
6.175300000000000000e+04
8.778900000000000000e+04
2.813600000000000000e+04
4.063400000000000000e+04
3.783400000000000000e+04
2.149900000000000000e+04
4.473000000000000000e+03
1.388240000000000000e+05
3.042900000000000000e+04
5.103900000000000000e+04
5.507000000000000000e+03
1.540230000000000000e+05
3.598700000000000000e+04
4.301800000000000000e+04
2.368200000000000000e+04
5.236200000000000000e+04
1.552960000000000000e+05
8.131200000000000000e+04
1.124710000000000000e+05
2.207900000000000000e+04
4.765800000000000000e+04
2.544800000000000000e+04
9.872100000000000000e+04
1.660890000000000000e+05
2.795900000000000000e+04
5.875400000000000000e+04
1.226700000000000000e+05
1.425700000000000000e+04
5.498400000000000000e+04
4.439600000000000000e+04
3.440600000000000000e+04
5.231000000000000000e+03
2.687200000000000000e+04
7.792300000000000000e+04
3.781700000000000000e+04
8.353800000000000000e+04
4.656400000000000000e+04
5.402300000000000000e+04
2.057960000000000000e+05
8.187700000000000000e+04
8.504900000000000000e+04
6.862000000000000000e+04
1.604780000000000000e+05
1.987100000000000000e+04
3.027200000000000000e+04
6.487200000000000000e+04
7.312000000000000000e+03
1.596100000000000000e+04
5.814000000000000000e+03
3.064800000000000000e+04
3.826000000000000000e+03
7.055000000000000000e+03
1.604920000000000000e+05
1.319000000000000000e+04
5.692100000000000000e+04
6.419100000000000000e+04
2.441400000000000000e+04
8.282400000000000000e+04
3.487800000000000000e+04
2.466400000000000000e+04
2.453000000000000000e+04
1.952150000000000000e+05
8.821400000000000000e+04
4.054400000000000000e+04
1.363870000000000000e+05
3.626100000000000000e+04
1.154600000000000000e+04
1.130070000000000000e+05
3.763400000000000000e+04
9.223800000000000000e+04
5.694500000000000000e+04
8.573200000000000000e+04
4.810000000000000000e+03
2.445600000000000000e+05
4.248800000000000000e+04
3.606800000000000000e+04
1.411920000000000000e+05
1.811820000000000000e+05
1.371830000000000000e+05
1.528440000000000000e+05
8.223500000000000000e+04
6.211800000000000000e+04
2.137000000000000000e+04
6.442200000000000000e+04
6.244000000000000000e+03
1.377960000000000000e+05
2.626500000000000000e+04
1.117050000000000000e+05
6.811800000000000000e+04
6.531400000000000000e+04
1.615100000000000000e+04
2.028700000000000000e+04
6.523400000000000000e+04
2.805200000000000000e+04
3.536900000000000000e+04
3.809500000000000000e+04
2.656600000000000000e+04
9.088400000000000000e+04
1.941850000000000000e+05
3.971100000000000000e+04
2.019900000000000000e+04
6.736600000000000000e+04
8.419000000000000000e+03
1.115370000000000000e+05
3.552180000000000000e+05
3.138300000000000000e+04
1.138920000000000000e+05
3.011600000000000000e+04
6.297200000000000000e+04
2.069000000000000000e+04
6.822600000000000000e+04
2.229300000000000000e+04
1.098790000000000000e+05
5.932000000000000000e+04
1.648310000000000000e+05
1.763500000000000000e+04
6.232600000000000000e+04
2.036500000000000000e+04
2.252000000000000000e+04
3.464100000000000000e+04
7.340800000000000000e+04
6.158300000000000000e+04
3.885000000000000000e+04
7.189500000000000000e+04
4.058600000000000000e+04
1.663990000000000000e+05
1.196330000000000000e+05
1.376300000000000000e+04
1.734750000000000000e+05
1.914200000000000000e+04
7.780000000000000000e+04
1.707790000000000000e+05
1.004050000000000000e+05
1.125710000000000000e+05
2.107020000000000000e+05
5.676800000000000000e+04
6.388000000000000000e+04
2.699200000000000000e+04
1.529800000000000000e+04
1.010900000000000000e+05
5.238800000000000000e+04
1.129100000000000000e+04
6.113000000000000000e+03
2.089600000000000000e+04
1.140210000000000000e+05
9.168000000000000000e+03
7.963100000000000000e+04
1.876900000000000000e+04
2.965100000000000000e+04
5.391000000000000000e+03
4.552100000000000000e+04
4.153000000000000000e+03
4.238600000000000000e+04
3.448500000000000000e+04
6.543000000000000000e+03
2.197300000000000000e+04
2.310500000000000000e+04
1.097900000000000000e+04
2.267500000000000000e+04
6.251000000000000000e+03
7.225000000000000000e+04
1.587200000000000000e+05
1.065770000000000000e+05
1.598500000000000000e+04
7.521000000000000000e+03
4.422500000000000000e+04
3.806700000000000000e+04
5.211000000000000000e+04
1.384340000000000000e+05
1.270590000000000000e+05
1.020700000000000000e+05
4.422300000000000000e+04
4.083700000000000000e+04
3.076800000000000000e+04
4.737900000000000000e+04
3.490700000000000000e+04
3.085900000000000000e+04
2.380800000000000000e+04
3.327800000000000000e+04
8.325000000000000000e+03
1.825900000000000000e+04
6.806200000000000000e+04
9.996600000000000000e+04
3.317880000000000000e+05
3.709500000000000000e+04
6.490200000000000000e+04
1.729240000000000000e+05
4.294000000000000000e+03
1.244100000000000000e+04
7.174000000000000000e+03
1.294500000000000000e+04
8.651000000000000000e+03
7.502600000000000000e+04
1.003600000000000000e+04
1.500800000000000000e+04
5.774900000000000000e+04
1.017600000000000000e+04
1.293410000000000000e+05
9.147200000000000000e+04
1.151150000000000000e+05
4.913800000000000000e+04
1.451960000000000000e+05
1.186700000000000000e+04
9.134100000000000000e+04
1.774060000000000000e+05
7.036300000000000000e+04
5.386300000000000000e+04
9.711100000000000000e+04
3.530000000000000000e+03
1.087000000000000000e+04
1.858400000000000000e+04
6.829000000000000000e+04
1.182400000000000000e+05
1.713610000000000000e+05
5.322100000000000000e+04
1.174300000000000000e+04
1.154330000000000000e+05
1.488040000000000000e+05
3.621500000000000000e+04
1.674700000000000000e+04
4.171000000000000000e+03
2.906400000000000000e+04
2.447810000000000000e+05
8.051400000000000000e+04
2.783500000000000000e+04
4.312700000000000000e+04
3.935740000000000000e+05
2.811500000000000000e+04
4.126700000000000000e+04
1.389900000000000000e+05
2.739800000000000000e+04
4.461600000000000000e+04
1.329400000000000000e+04
2.511700000000000000e+04
2.378000000000000000e+04
5.737900000000000000e+04
5.844700000000000000e+04
7.357000000000000000e+03
3.295200000000000000e+04
4.422400000000000000e+04
1.079200000000000000e+05
4.958200000000000000e+04
4.234800000000000000e+04
4.938700000000000000e+04
3.641400000000000000e+04
4.160800000000000000e+04
1.392100000000000000e+04
4.665300000000000000e+04
3.039200000000000000e+04
1.020350000000000000e+05
1.448100000000000000e+04
6.878000000000000000e+03
5.694400000000000000e+04
3.541800000000000000e+04
5.231100000000000000e+04
7.043100000000000000e+04
4.113300000000000000e+04
1.194760000000000000e+05
1.794290000000000000e+05
1.456300000000000000e+04
5.715000000000000000e+04
1.072110000000000000e+05
5.893000000000000000e+03
2.195400000000000000e+04
1.377770000000000000e+05
4.908100000000000000e+04
6.267900000000000000e+04
5.302800000000000000e+04
1.906200000000000000e+04
3.855000000000000000e+04
6.646700000000000000e+04
9.719800000000000000e+04
2.559450000000000000e+05
2.480500000000000000e+04
5.705000000000000000e+03
6.040000000000000000e+04
6.996300000000000000e+04
1.312520000000000000e+05
2.102700000000000000e+04
1.102800000000000000e+04
9.175500000000000000e+04
3.508800000000000000e+04
5.676100000000000000e+04
1.324940000000000000e+05
1.011840000000000000e+05
3.042500000000000000e+04
4.556210000000000000e+05
5.546700000000000000e+04
3.746700000000000000e+04
1.084990000000000000e+05
6.131300000000000000e+04
1.562080000000000000e+05
1.014810000000000000e+05
7.807700000000000000e+04
1.194900000000000000e+04
6.026100000000000000e+04
1.209510000000000000e+05
1.483300000000000000e+04
6.662500000000000000e+04
3.178000000000000000e+03
2.219900000000000000e+04
5.663600000000000000e+04
1.081380000000000000e+05
4.066300000000000000e+04
5.502900000000000000e+04
1.897980000000000000e+05
1.496620000000000000e+05
2.272400000000000000e+04
1.316830000000000000e+05
1.341730000000000000e+05
8.064000000000000000e+03
6.401200000000000000e+04
9.386600000000000000e+04
4.121200000000000000e+04
1.277950000000000000e+05
1.980900000000000000e+04
6.799300000000000000e+04
1.801700000000000000e+04
4.938900000000000000e+04
6.104800000000000000e+04
3.145700000000000000e+04
6.395700000000000000e+04
1.427260000000000000e+05
2.202500000000000000e+04
4.396400000000000000e+04
8.145800000000000000e+04
2.350800000000000000e+04
1.128440000000000000e+05
3.684800000000000000e+04
4.232000000000000000e+03
2.249000000000000000e+03
1.250300000000000000e+05
2.227700000000000000e+04
3.687300000000000000e+04
2.148080000000000000e+05
5.290000000000000000e+04
6.669000000000000000e+04
6.567600000000000000e+04
1.112860000000000000e+05
9.772000000000000000e+03
3.705500000000000000e+04
2.767700000000000000e+04
6.677100000000000000e+04
3.934220000000000000e+05
5.957100000000000000e+04
1.639300000000000000e+04
5.477000000000000000e+03
9.870000000000000000e+03
1.123320000000000000e+05
1.876700000000000000e+04
3.346500000000000000e+04
7.989700000000000000e+04
2.021070000000000000e+05
9.544600000000000000e+04
1.469100000000000000e+04
4.450900000000000000e+04
2.549420000000000000e+05
2.308300000000000000e+04
3.599800000000000000e+04
6.252700000000000000e+04
1.886300000000000000e+04
1.924100000000000000e+04
2.858500000000000000e+04
1.980570000000000000e+05
1.393300000000000000e+04
6.112000000000000000e+03
1.598770000000000000e+05
1.938260000000000000e+05
3.212000000000000000e+04
3.196200000000000000e+04
8.875900000000000000e+04
8.520000000000000000e+03
8.567700000000000000e+04
6.167900000000000000e+04
4.965000000000000000e+03
3.128000000000000000e+04
1.680890000000000000e+05
4.291500000000000000e+04
6.636800000000000000e+04
4.557200000000000000e+04
1.335900000000000000e+04
1.199600000000000000e+04
9.765000000000000000e+03
1.150400000000000000e+04
1.103470000000000000e+05
1.874400000000000000e+04
2.079820000000000000e+05
7.588700000000000000e+04
2.177400000000000000e+04
1.116200000000000000e+04
1.199200000000000000e+04
3.627000000000000000e+04
1.777020000000000000e+05
1.134670000000000000e+05
2.635400000000000000e+04
2.510300000000000000e+04
2.610100000000000000e+04
6.805800000000000000e+04
8.311900000000000000e+04
8.759000000000000000e+03
2.417200000000000000e+04
1.352450000000000000e+05
3.331200000000000000e+04
2.665500000000000000e+04
1.462810000000000000e+05
5.270800000000000000e+04
6.831600000000000000e+04
8.232000000000000000e+03
2.316500000000000000e+04
8.551100000000000000e+04
2.835210000000000000e+05
6.829900000000000000e+04
5.446800000000000000e+04
8.711000000000000000e+04
1.177600000000000000e+04
6.887800000000000000e+04
1.527810000000000000e+05
1.318460000000000000e+05
4.840500000000000000e+04
9.969000000000000000e+03
3.028000000000000000e+04
1.265900000000000000e+04
3.298500000000000000e+04
9.972700000000000000e+04
3.273000000000000000e+04
8.608300000000000000e+04
2.068400000000000000e+04
2.078100000000000000e+04
5.056500000000000000e+04
1.049000000000000000e+05
8.798700000000000000e+04
3.477600000000000000e+04
6.604000000000000000e+04
1.046500000000000000e+04
2.378800000000000000e+04
1.395900000000000000e+04
3.468000000000000000e+04
2.814800000000000000e+04
1.400000000000000000e+04
2.926700000000000000e+04
2.995000000000000000e+04
5.594000000000000000e+03
2.225400000000000000e+05
2.503200000000000000e+04
2.040400000000000000e+04
5.926900000000000000e+04
6.905000000000000000e+03
4.988200000000000000e+04
5.366000000000000000e+03
1.093600000000000000e+04
1.503100000000000000e+04
9.734000000000000000e+03
6.997800000000000000e+04
8.353000000000000000e+03
9.333500000000000000e+04
1.577900000000000000e+04
7.563400000000000000e+04
1.329000000000000000e+04
6.469900000000000000e+04
3.982700000000000000e+04
1.818500000000000000e+04
8.861000000000000000e+03
8.059300000000000000e+04
2.895700000000000000e+04
1.152360000000000000e+05
4.339200000000000000e+04
1.724290000000000000e+05
1.103360000000000000e+05
2.739900000000000000e+04
5.919900000000000000e+04
5.345000000000000000e+03
1.111500000000000000e+05
4.306400000000000000e+04
1.645500000000000000e+04
1.265370000000000000e+05
1.823600000000000000e+04
8.243000000000000000e+03
6.002000000000000000e+03
1.543800000000000000e+04
8.176000000000000000e+04
9.997000000000000000e+03
9.124400000000000000e+04
1.035000000000000000e+05
2.261000000000000000e+04
2.595000000000000000e+04
3.362630000000000000e+05
3.460300000000000000e+04
2.448200000000000000e+04
2.946200000000000000e+04
5.344900000000000000e+04
2.088640000000000000e+05
3.931000000000000000e+04
1.424910000000000000e+05
2.255300000000000000e+04
1.292100000000000000e+04
1.207400000000000000e+04
3.502000000000000000e+04
2.987000000000000000e+04
3.472900000000000000e+04
1.006600000000000000e+05
4.729600000000000000e+04
8.711500000000000000e+04
1.438000000000000000e+04
6.763700000000000000e+04
5.412100000000000000e+04
6.783400000000000000e+04
7.954800000000000000e+04
2.694700000000000000e+05
4.304000000000000000e+04
8.180000000000000000e+04
1.992600000000000000e+04
5.281200000000000000e+04
2.893800000000000000e+04
3.641700000000000000e+04
9.678200000000000000e+04
1.315500000000000000e+05
5.831000000000000000e+04
1.151000000000000000e+04
7.317100000000000000e+04
7.901900000000000000e+04
2.238200000000000000e+04
3.576000000000000000e+03
3.619900000000000000e+04
7.948000000000000000e+03
4.100900000000000000e+04
5.429000000000000000e+03
3.645500000000000000e+04
1.586530000000000000e+05
4.545800000000000000e+04
4.744400000000000000e+04
2.105900000000000000e+04
1.327300000000000000e+04
1.807100000000000000e+05
9.100500000000000000e+04
1.040570000000000000e+05
5.828100000000000000e+04
1.155500000000000000e+04
1.343100000000000000e+04
1.039850000000000000e+05
9.150400000000000000e+04
8.212000000000000000e+03
9.713600000000000000e+04
3.132300000000000000e+04
5.302400000000000000e+04
5.128400000000000000e+04
3.579400000000000000e+04
2.210400000000000000e+04
1.039550000000000000e+05
9.310600000000000000e+04
8.742800000000000000e+04
2.153700000000000000e+04
3.035790000000000000e+05
3.329170000000000000e+05
1.295500000000000000e+04
2.168000000000000000e+04
6.552000000000000000e+03
8.264800000000000000e+04
5.439000000000000000e+03
2.512500000000000000e+04
2.197640000000000000e+05
7.450200000000000000e+04
2.739800000000000000e+04
1.098570000000000000e+05
5.814600000000000000e+04
9.975700000000000000e+04
3.741900000000000000e+04
1.230400000000000000e+05
8.722600000000000000e+04
4.161900000000000000e+04
1.304830000000000000e+05
3.118500000000000000e+04
3.720500000000000000e+04
4.387200000000000000e+04
3.668600000000000000e+04
3.053300000000000000e+04
3.234700000000000000e+04
7.811300000000000000e+04
4.001000000000000000e+04
6.660100000000000000e+04
3.838600000000000000e+04
5.644700000000000000e+04
1.075290000000000000e+05
7.229300000000000000e+04
2.446190000000000000e+05
2.165500000000000000e+05
5.201000000000000000e+04
6.515000000000000000e+04
7.547000000000000000e+03
2.282600000000000000e+04
2.792720000000000000e+05
1.843300000000000000e+04
3.869800000000000000e+04
7.970300000000000000e+04
5.788500000000000000e+04
1.416550000000000000e+05
3.864000000000000000e+04
6.185000000000000000e+03
7.178000000000000000e+04
1.151190000000000000e+05
2.499700000000000000e+04
6.044900000000000000e+04
4.222700000000000000e+04
1.442200000000000000e+04
3.637800000000000000e+04
3.571500000000000000e+04
3.149800000000000000e+04
1.027100000000000000e+04
8.063100000000000000e+04
7.611100000000000000e+04
1.090500000000000000e+05
1.305700000000000000e+05
1.891440000000000000e+05
4.059400000000000000e+04
2.100020000000000000e+05
1.856500000000000000e+04
6.622200000000000000e+04
6.812800000000000000e+04
2.506950000000000000e+05
1.128900000000000000e+04
1.399870000000000000e+05
1.482920000000000000e+05
1.835700000000000000e+04
3.730200000000000000e+04
3.886200000000000000e+04
8.492500000000000000e+04
4.219300000000000000e+04
3.166200000000000000e+04
1.136400000000000000e+04
2.836000000000000000e+04
4.979200000000000000e+04
7.253000000000000000e+03
1.439690000000000000e+05
1.783600000000000000e+04
8.817600000000000000e+04
3.175700000000000000e+04
9.420000000000000000e+03
7.038300000000000000e+04
1.783400000000000000e+05
1.059110000000000000e+05
1.068500000000000000e+04
1.852300000000000000e+04
1.830210000000000000e+05
4.106700000000000000e+04
3.794200000000000000e+04
4.377700000000000000e+04
5.086000000000000000e+03
5.538000000000000000e+03
2.549400000000000000e+04
7.378000000000000000e+03
1.099180000000000000e+05
2.034900000000000000e+05
1.354310000000000000e+05
9.810500000000000000e+04
4.809500000000000000e+04
2.122100000000000000e+04
3.636500000000000000e+04
6.235300000000000000e+04
3.570500000000000000e+04
4.758900000000000000e+04
4.564700000000000000e+04
6.343100000000000000e+04
6.682100000000000000e+04
3.169400000000000000e+04
4.622500000000000000e+04
3.168500000000000000e+04
1.416890000000000000e+05
2.562500000000000000e+04
5.289800000000000000e+04
1.470900000000000000e+04
1.394600000000000000e+04
2.487800000000000000e+04
3.620600000000000000e+04
1.784230000000000000e+05
8.881000000000000000e+04
2.974400000000000000e+04
7.233500000000000000e+04
1.234840000000000000e+05
2.734200000000000000e+04
1.109730000000000000e+05
1.522260000000000000e+05
7.236000000000000000e+03
4.283000000000000000e+03
4.571510000000000000e+05
1.414200000000000000e+05
9.397200000000000000e+04
1.909600000000000000e+04
1.241800000000000000e+04
3.612100000000000000e+04
1.450520000000000000e+05
2.492800000000000000e+04
1.793950000000000000e+05
8.235000000000000000e+03
5.161000000000000000e+04
1.640850000000000000e+05
3.464000000000000000e+03
1.039600000000000000e+05
3.598400000000000000e+04
2.220500000000000000e+04
4.665640000000000000e+05
3.110200000000000000e+04
1.488390000000000000e+05
3.163100000000000000e+04
2.906520000000000000e+05
2.171670000000000000e+05
1.262300000000000000e+04
7.931200000000000000e+04
3.643200000000000000e+04
2.711600000000000000e+04
1.447930000000000000e+05
4.588400000000000000e+04
7.169100000000000000e+04
2.273200000000000000e+04
6.281000000000000000e+03
1.009480000000000000e+05
1.974100000000000000e+04
3.890600000000000000e+04
7.792400000000000000e+04
5.036100000000000000e+04
1.255900000000000000e+04
5.047200000000000000e+04
5.292000000000000000e+04
4.532300000000000000e+04
1.812850000000000000e+05
1.898900000000000000e+04
2.081600000000000000e+04
9.533500000000000000e+04
9.534100000000000000e+04
3.926300000000000000e+04
1.551570000000000000e+05
4.868800000000000000e+04
1.156020000000000000e+05
1.252150000000000000e+05
1.362300000000000000e+04
6.420400000000000000e+04
8.448500000000000000e+04
6.519400000000000000e+04
3.860200000000000000e+04
1.916600000000000000e+04
2.376110000000000000e+05
7.205000000000000000e+03
1.099400000000000000e+04
1.702870000000000000e+05
1.361120000000000000e+05
4.535300000000000000e+04
1.181870000000000000e+05
8.220000000000000000e+03
1.468400000000000000e+04
4.528200000000000000e+04
1.225260000000000000e+05
1.897300000000000000e+04
6.213800000000000000e+04
8.549100000000000000e+04
1.350400000000000000e+04
3.752900000000000000e+04
1.108890000000000000e+05
7.089600000000000000e+04
1.544500000000000000e+05
6.970000000000000000e+04
1.361600000000000000e+04
6.366000000000000000e+03
9.496400000000000000e+04
5.348100000000000000e+04
5.835000000000000000e+03
4.847300000000000000e+04
5.743900000000000000e+04
1.599860000000000000e+05
3.759100000000000000e+04
2.883300000000000000e+04
3.032000000000000000e+04
7.782300000000000000e+04
1.028800000000000000e+04
3.894000000000000000e+04
1.154300000000000000e+04
6.066100000000000000e+04
2.215400000000000000e+04
6.844800000000000000e+04
7.544000000000000000e+03
2.416400000000000000e+04
4.448200000000000000e+04
4.278800000000000000e+04
4.082700000000000000e+04
9.282800000000000000e+04
5.498300000000000000e+04
1.506700000000000000e+04
1.460700000000000000e+04
2.229200000000000000e+04
1.135200000000000000e+05
2.713700000000000000e+04
8.536800000000000000e+04
3.335200000000000000e+04
4.287700000000000000e+04
3.415300000000000000e+04
8.744000000000000000e+04
1.634900000000000000e+04
2.284670000000000000e+05
2.123000000000000000e+04
1.079800000000000000e+04
3.117000000000000000e+04
7.120800000000000000e+04
1.473430000000000000e+05
8.245000000000000000e+03
1.107620000000000000e+05
9.207100000000000000e+04
8.852900000000000000e+04
4.080100000000000000e+04
1.081350000000000000e+05
7.486000000000000000e+03
2.421800000000000000e+04
4.118500000000000000e+04
6.982000000000000000e+03
1.533450000000000000e+05
1.002270000000000000e+05
1.736800000000000000e+04
6.198100000000000000e+04
1.672490000000000000e+05
5.375800000000000000e+04
4.471200000000000000e+04
1.692700000000000000e+04
5.002000000000000000e+04
1.476900000000000000e+05
3.986400000000000000e+04
3.887700000000000000e+04
9.443400000000000000e+04
5.367900000000000000e+04
9.022300000000000000e+04
1.053940000000000000e+05
1.847400000000000000e+04
7.138000000000000000e+03
2.466690000000000000e+05
1.634110000000000000e+05
1.370250000000000000e+05
6.126300000000000000e+04
1.193340000000000000e+05
4.633300000000000000e+04
2.116600000000000000e+04
5.724900000000000000e+04
3.060900000000000000e+04
6.871000000000000000e+03
4.472800000000000000e+04
2.556700000000000000e+04
1.490320000000000000e+05
7.238700000000000000e+04
2.595500000000000000e+04
7.520800000000000000e+04
1.711510000000000000e+05
1.817300000000000000e+04
7.944300000000000000e+04
1.060200000000000000e+04
2.286700000000000000e+05
1.973210000000000000e+05
2.713600000000000000e+05
1.822800000000000000e+04
8.796400000000000000e+04
2.693300000000000000e+04
2.743010000000000000e+05
2.902300000000000000e+04
3.500900000000000000e+04
8.466900000000000000e+04
1.031970000000000000e+05
7.743500000000000000e+04
2.442200000000000000e+04
8.013100000000000000e+04
3.513700000000000000e+04
2.710400000000000000e+04
1.492800000000000000e+04
1.988700000000000000e+04
8.255600000000000000e+04
3.921900000000000000e+04
3.234200000000000000e+04
1.234400000000000000e+04
2.046800000000000000e+04
8.452200000000000000e+04
2.465500000000000000e+04
7.019700000000000000e+04
5.969500000000000000e+04
5.286000000000000000e+03
3.672300000000000000e+04
6.167000000000000000e+03
2.264900000000000000e+04
7.450500000000000000e+04
3.297690000000000000e+05
4.947200000000000000e+04
2.797230000000000000e+05
9.725300000000000000e+04
1.604900000000000000e+04
6.479000000000000000e+03
3.054100000000000000e+04
6.887100000000000000e+04
1.761900000000000000e+04
1.423820000000000000e+05
2.917600000000000000e+04
9.480000000000000000e+03
2.191300000000000000e+04
2.527400000000000000e+04
3.345600000000000000e+04
4.571100000000000000e+04
6.080900000000000000e+04
2.966200000000000000e+04
6.787500000000000000e+04
5.920000000000000000e+03
1.637700000000000000e+04
2.603800000000000000e+04
2.270600000000000000e+04
4.097300000000000000e+04
2.844300000000000000e+04
2.298700000000000000e+04
1.738500000000000000e+04
1.851900000000000000e+04
