7.660000000000000000e+02
1.311000000000000000e+03
1.594000000000000000e+03
7.670000000000000000e+02
1.205000000000000000e+03
9.010000000000000000e+03
3.649000000000000000e+03
1.198000000000000000e+03
2.593000000000000000e+03
8.980000000000000000e+02
2.302000000000000000e+03
3.265000000000000000e+03
2.479000000000000000e+03
2.342000000000000000e+03
2.324000000000000000e+03
2.102000000000000000e+03
5.664000000000000000e+03
2.847000000000000000e+03
3.668000000000000000e+03
2.021000000000000000e+03
1.790000000000000000e+03
9.580000000000000000e+02
5.138000000000000000e+03
5.840000000000000000e+03
1.013000000000000000e+03
6.420000000000000000e+02
2.017000000000000000e+03
1.383000000000000000e+03
3.622000000000000000e+03
3.219000000000000000e+03
4.330000000000000000e+03
5.316000000000000000e+03
2.477000000000000000e+03
2.159000000000000000e+03
4.753000000000000000e+03
2.527000000000000000e+03
1.295000000000000000e+03
1.349000000000000000e+03
2.975000000000000000e+03
1.238000000000000000e+03
4.347000000000000000e+03
9.200000000000000000e+02
8.580000000000000000e+02
1.698000000000000000e+03
2.992000000000000000e+03
4.049000000000000000e+03
2.728000000000000000e+03
1.049000000000000000e+03
1.216000000000000000e+03
2.545000000000000000e+03
1.062000000000000000e+03
2.478000000000000000e+03
1.017000000000000000e+03
9.530000000000000000e+02
7.760000000000000000e+02
2.082000000000000000e+03
5.341000000000000000e+03
2.797000000000000000e+03
1.948000000000000000e+03
6.305000000000000000e+03
2.210000000000000000e+03
1.993000000000000000e+03
2.310000000000000000e+03
4.303000000000000000e+03
2.444000000000000000e+03
1.912000000000000000e+03
1.948000000000000000e+03
4.153000000000000000e+03
2.682000000000000000e+03
2.466000000000000000e+03
3.654000000000000000e+03
3.099000000000000000e+03
3.110000000000000000e+03
1.751000000000000000e+03
3.021000000000000000e+03
3.110000000000000000e+03
1.795000000000000000e+03
1.674000000000000000e+03
4.426000000000000000e+03
8.350000000000000000e+02
5.490000000000000000e+02
4.406000000000000000e+03
1.041000000000000000e+03
3.586000000000000000e+03
1.554000000000000000e+03
3.013000000000000000e+03
2.203000000000000000e+03
2.431000000000000000e+03
1.846000000000000000e+03
1.761000000000000000e+03
8.770000000000000000e+02
6.700000000000000000e+02
8.090000000000000000e+02
2.330000000000000000e+03
1.168000000000000000e+03
7.350000000000000000e+02
2.944000000000000000e+03
6.557000000000000000e+03
8.950000000000000000e+02
2.287000000000000000e+03
3.774000000000000000e+03
7.740000000000000000e+02
2.584000000000000000e+03
1.638000000000000000e+03
8.230000000000000000e+02
4.016000000000000000e+03
1.207000000000000000e+03
1.999000000000000000e+03
2.850000000000000000e+03
1.402000000000000000e+03
7.640000000000000000e+02
2.528000000000000000e+03
2.007000000000000000e+03
1.108000000000000000e+03
1.791000000000000000e+03
2.542000000000000000e+03
2.023000000000000000e+03
5.599000000000000000e+03
2.724000000000000000e+03
8.720000000000000000e+02
1.186000000000000000e+03
3.330000000000000000e+03
1.843000000000000000e+03
5.474000000000000000e+03
3.010000000000000000e+03
1.281000000000000000e+03
2.121000000000000000e+03
3.258000000000000000e+03
2.790000000000000000e+03
3.127000000000000000e+03
2.565000000000000000e+03
1.203000000000000000e+03
5.701000000000000000e+03
2.689000000000000000e+03
9.070000000000000000e+02
3.279000000000000000e+03
1.482000000000000000e+03
2.353000000000000000e+03
1.165000000000000000e+03
1.189000000000000000e+03
8.600000000000000000e+02
1.385000000000000000e+03
9.290000000000000000e+02
8.730000000000000000e+02
4.791000000000000000e+03
1.327000000000000000e+03
6.909000000000000000e+03
2.528000000000000000e+03
2.237000000000000000e+03
2.388000000000000000e+03
3.112000000000000000e+03
1.738000000000000000e+03
2.622000000000000000e+03
1.329000000000000000e+03
2.415000000000000000e+03
1.687000000000000000e+03
1.850000000000000000e+03
2.033000000000000000e+03
7.670000000000000000e+02
1.760000000000000000e+03
9.770000000000000000e+02
1.748000000000000000e+03
1.146700000000000000e+04
8.890000000000000000e+02
1.123000000000000000e+03
5.160000000000000000e+03
1.437000000000000000e+03
1.406000000000000000e+03
3.983000000000000000e+03
1.114000000000000000e+03
2.288000000000000000e+03
2.089000000000000000e+03
2.152000000000000000e+03
3.518000000000000000e+03
1.857000000000000000e+03
1.963000000000000000e+03
2.482000000000000000e+03
1.829000000000000000e+03
2.010000000000000000e+03
1.280000000000000000e+03
9.700000000000000000e+02
1.315000000000000000e+03
1.794000000000000000e+03
1.088000000000000000e+03
9.410000000000000000e+02
3.879000000000000000e+03
1.337000000000000000e+03
1.311000000000000000e+03
3.300000000000000000e+03
1.709000000000000000e+03
9.840000000000000000e+02
1.402000000000000000e+03
3.202000000000000000e+03
8.020000000000000000e+03
1.435000000000000000e+03
2.869000000000000000e+03
2.456000000000000000e+03
3.900000000000000000e+03
1.217000000000000000e+03
1.108000000000000000e+03
2.037000000000000000e+03
1.211000000000000000e+03
1.517000000000000000e+03
1.507000000000000000e+03
1.463000000000000000e+03
1.942000000000000000e+03
3.816000000000000000e+03
1.300000000000000000e+03
2.013000000000000000e+03
7.261000000000000000e+03
3.812000000000000000e+03
3.498000000000000000e+03
7.570000000000000000e+02
5.718000000000000000e+03
6.122000000000000000e+03
8.240000000000000000e+02
1.035900000000000000e+04
9.940000000000000000e+02
3.075000000000000000e+03
1.843000000000000000e+03
1.950000000000000000e+03
3.462000000000000000e+03
3.331000000000000000e+03
1.865000000000000000e+03
1.327000000000000000e+03
2.732000000000000000e+03
2.540000000000000000e+03
3.000000000000000000e+03
3.097000000000000000e+03
1.576000000000000000e+03
1.151000000000000000e+03
4.626000000000000000e+03
5.087000000000000000e+03
1.625000000000000000e+03
1.883000000000000000e+03
1.234000000000000000e+03
1.581000000000000000e+03
4.151000000000000000e+03
1.873000000000000000e+03
2.405000000000000000e+03
3.444000000000000000e+03
3.859000000000000000e+03
1.879000000000000000e+03
3.555000000000000000e+03
1.307000000000000000e+03
9.442000000000000000e+03
1.692000000000000000e+03
3.295000000000000000e+03
1.890000000000000000e+03
1.498000000000000000e+03
2.835000000000000000e+03
2.373000000000000000e+03
3.445000000000000000e+03
2.332000000000000000e+03
7.643000000000000000e+03
6.580000000000000000e+02
4.644000000000000000e+03
1.906000000000000000e+03
5.156000000000000000e+03
9.780000000000000000e+02
7.850000000000000000e+02
4.077000000000000000e+03
3.502000000000000000e+03
3.495000000000000000e+03
1.605000000000000000e+03
5.177000000000000000e+03
3.340000000000000000e+03
5.260000000000000000e+02
7.087000000000000000e+03
3.347000000000000000e+03
1.162000000000000000e+03
2.898000000000000000e+03
1.299000000000000000e+03
1.198000000000000000e+03
2.309000000000000000e+03
2.947000000000000000e+03
1.416000000000000000e+03
2.162000000000000000e+03
8.174000000000000000e+03
1.801000000000000000e+03
2.040000000000000000e+03
1.959000000000000000e+03
3.387000000000000000e+03
1.790000000000000000e+03
3.230000000000000000e+03
3.954000000000000000e+03
2.301000000000000000e+03
2.988000000000000000e+03
2.591000000000000000e+03
2.353000000000000000e+03
9.630000000000000000e+02
1.936000000000000000e+03
1.844000000000000000e+03
1.618000000000000000e+03
2.930000000000000000e+03
3.979000000000000000e+03
6.609000000000000000e+03
1.782000000000000000e+03
1.708000000000000000e+03
2.549000000000000000e+03
2.690000000000000000e+03
2.535000000000000000e+03
2.971000000000000000e+03
2.232000000000000000e+03
1.543000000000000000e+03
3.653000000000000000e+03
1.644000000000000000e+03
3.120000000000000000e+03
1.876000000000000000e+03
2.133000000000000000e+03
1.827000000000000000e+03
2.442000000000000000e+03
2.196000000000000000e+03
2.595000000000000000e+03
4.527000000000000000e+03
2.437000000000000000e+03
1.305000000000000000e+03
2.061000000000000000e+03
7.830000000000000000e+02
1.638000000000000000e+03
2.499000000000000000e+03
8.530000000000000000e+02
2.835000000000000000e+03
1.290000000000000000e+03
5.680000000000000000e+02
1.933000000000000000e+03
5.851000000000000000e+03
2.323000000000000000e+03
2.237000000000000000e+03
1.383000000000000000e+03
2.122000000000000000e+03
7.860000000000000000e+02
6.980000000000000000e+02
6.075000000000000000e+03
4.014000000000000000e+03
5.772000000000000000e+03
7.770000000000000000e+02
1.613000000000000000e+03
2.439000000000000000e+03
4.654000000000000000e+03
3.865000000000000000e+03
2.612000000000000000e+03
3.738000000000000000e+03
3.368000000000000000e+03
1.271000000000000000e+03
2.269000000000000000e+03
2.485000000000000000e+03
3.406000000000000000e+03
1.791000000000000000e+03
1.915000000000000000e+03
1.155000000000000000e+03
9.240000000000000000e+02
1.010000000000000000e+03
6.169000000000000000e+03
5.546000000000000000e+03
8.010000000000000000e+02
9.620000000000000000e+02
2.145000000000000000e+03
1.698000000000000000e+03
9.600000000000000000e+02
1.707000000000000000e+03
1.409000000000000000e+03
2.268000000000000000e+03
3.951000000000000000e+03
1.688000000000000000e+03
2.006000000000000000e+03
1.726000000000000000e+03
7.510000000000000000e+02
7.560000000000000000e+02
1.902000000000000000e+03
2.403000000000000000e+03
1.130000000000000000e+03
5.662000000000000000e+03
3.067000000000000000e+03
3.302000000000000000e+03
1.982000000000000000e+03
5.106000000000000000e+03
3.502000000000000000e+03
7.469000000000000000e+03
2.865000000000000000e+03
1.939000000000000000e+03
1.702000000000000000e+03
1.203000000000000000e+03
5.146000000000000000e+03
2.649000000000000000e+03
6.158000000000000000e+03
7.440000000000000000e+02
2.116000000000000000e+03
2.010000000000000000e+03
2.641000000000000000e+03
2.046000000000000000e+03
2.649000000000000000e+03
3.468000000000000000e+03
2.760000000000000000e+03
1.008000000000000000e+03
1.891000000000000000e+03
3.836000000000000000e+03
1.695000000000000000e+03
3.186000000000000000e+03
1.587000000000000000e+03
1.225000000000000000e+03
2.122000000000000000e+03
1.041000000000000000e+03
1.538000000000000000e+03
3.190000000000000000e+03
1.620000000000000000e+03
2.484000000000000000e+03
7.860000000000000000e+02
1.797000000000000000e+03
1.504000000000000000e+03
1.965000000000000000e+03
3.100000000000000000e+03
1.466000000000000000e+03
3.605000000000000000e+03
4.813000000000000000e+03
3.652000000000000000e+03
2.498000000000000000e+03
3.283000000000000000e+03
8.380000000000000000e+02
4.709000000000000000e+03
4.326000000000000000e+03
4.949000000000000000e+03
1.801000000000000000e+03
9.409000000000000000e+03
1.955000000000000000e+03
6.790000000000000000e+02
1.436000000000000000e+03
8.620000000000000000e+02
1.694000000000000000e+03
3.142000000000000000e+03
1.460000000000000000e+03
8.140000000000000000e+02
7.030000000000000000e+02
9.040000000000000000e+02
1.028000000000000000e+03
1.502000000000000000e+03
1.786000000000000000e+03
2.581000000000000000e+03
3.892000000000000000e+03
3.054000000000000000e+03
1.333000000000000000e+03
7.188000000000000000e+03
2.475000000000000000e+03
1.253000000000000000e+03
1.626000000000000000e+03
4.931000000000000000e+03
3.506000000000000000e+03
1.893000000000000000e+03
2.557000000000000000e+03
5.408000000000000000e+03
4.025000000000000000e+03
2.843000000000000000e+03
1.503000000000000000e+03
3.459000000000000000e+03
3.356000000000000000e+03
1.597000000000000000e+03
3.811000000000000000e+03
5.356000000000000000e+03
2.565000000000000000e+03
3.000000000000000000e+03
2.392000000000000000e+03
1.623000000000000000e+03
1.202000000000000000e+03
4.042000000000000000e+03
7.140000000000000000e+02
4.766000000000000000e+03
3.881000000000000000e+03
2.103000000000000000e+03
1.037000000000000000e+03
9.880000000000000000e+02
2.477000000000000000e+03
1.381000000000000000e+03
3.391000000000000000e+03
1.089000000000000000e+03
5.680000000000000000e+02
6.614000000000000000e+03
5.860000000000000000e+02
1.562000000000000000e+03
2.993000000000000000e+03
2.959000000000000000e+03
8.390000000000000000e+02
1.745000000000000000e+03
3.170000000000000000e+03
3.454000000000000000e+03
7.039000000000000000e+03
1.000000000000000000e+03
1.382000000000000000e+03
7.858000000000000000e+03
2.051000000000000000e+03
3.369000000000000000e+03
9.230000000000000000e+02
4.189000000000000000e+03
1.187000000000000000e+03
6.760000000000000000e+02
7.017000000000000000e+03
2.271000000000000000e+03
1.297000000000000000e+03
1.146000000000000000e+03
1.705000000000000000e+03
1.173000000000000000e+03
1.760000000000000000e+03
5.257000000000000000e+03
2.358000000000000000e+03
8.620000000000000000e+02
8.970000000000000000e+02
1.613000000000000000e+03
5.583000000000000000e+03
2.950000000000000000e+03
1.808000000000000000e+03
7.180000000000000000e+02
5.224000000000000000e+03
2.976000000000000000e+03
7.792000000000000000e+03
1.704000000000000000e+03
5.530000000000000000e+03
4.652000000000000000e+03
2.968000000000000000e+03
2.045000000000000000e+03
2.106000000000000000e+03
2.297000000000000000e+03
2.032000000000000000e+03
3.667000000000000000e+03
1.348000000000000000e+03
1.163000000000000000e+03
1.149000000000000000e+03
1.571000000000000000e+03
5.920000000000000000e+02
3.625000000000000000e+03
1.572000000000000000e+03
2.047000000000000000e+03
4.313000000000000000e+03
9.820000000000000000e+02
3.917000000000000000e+03
6.095000000000000000e+03
1.617000000000000000e+03
2.546000000000000000e+03
2.329000000000000000e+03
3.292000000000000000e+03
1.400200000000000000e+04
2.956000000000000000e+03
2.573000000000000000e+03
3.545000000000000000e+03
2.612000000000000000e+03
2.210000000000000000e+03
1.066000000000000000e+03
1.860000000000000000e+03
1.346000000000000000e+03
4.613000000000000000e+03
8.180000000000000000e+02
4.594000000000000000e+03
2.731000000000000000e+03
1.060000000000000000e+03
3.960000000000000000e+03
8.520000000000000000e+02
1.006000000000000000e+03
5.366000000000000000e+03
8.980000000000000000e+02
1.620000000000000000e+03
8.150000000000000000e+02
3.143000000000000000e+03
4.910000000000000000e+03
1.248000000000000000e+03
4.613000000000000000e+03
1.302000000000000000e+03
7.740000000000000000e+02
1.832000000000000000e+03
1.270000000000000000e+03
1.858000000000000000e+03
6.354000000000000000e+03
4.837000000000000000e+03
1.254000000000000000e+03
4.197000000000000000e+03
5.472000000000000000e+03
1.484000000000000000e+03
1.514000000000000000e+03
1.878000000000000000e+03
2.338000000000000000e+03
1.970000000000000000e+03
1.469000000000000000e+03
1.652000000000000000e+03
2.393000000000000000e+03
3.685000000000000000e+03
2.961000000000000000e+03
2.130000000000000000e+03
1.179000000000000000e+03
1.754000000000000000e+03
7.471000000000000000e+03
7.370000000000000000e+02
6.546000000000000000e+03
2.054000000000000000e+03
7.150000000000000000e+02
3.680000000000000000e+03
3.630000000000000000e+03
2.830000000000000000e+03
5.480000000000000000e+02
1.319000000000000000e+03
8.350000000000000000e+02
1.288000000000000000e+03
1.009000000000000000e+03
2.155000000000000000e+03
5.160000000000000000e+02
3.515000000000000000e+03
3.452000000000000000e+03
2.886000000000000000e+03
7.256000000000000000e+03
1.597000000000000000e+03
9.080000000000000000e+02
1.741000000000000000e+03
1.747000000000000000e+03
1.581000000000000000e+03
5.120000000000000000e+02
4.610000000000000000e+03
1.649000000000000000e+03
1.985000000000000000e+03
2.794000000000000000e+03
3.111000000000000000e+03
7.530000000000000000e+02
1.829000000000000000e+03
3.641000000000000000e+03
2.175000000000000000e+03
1.549000000000000000e+03
1.033000000000000000e+03
2.319000000000000000e+03
3.630000000000000000e+03
5.028000000000000000e+03
3.871000000000000000e+03
3.485000000000000000e+03
1.892000000000000000e+03
1.631000000000000000e+03
9.330000000000000000e+02
1.660000000000000000e+03
2.722000000000000000e+03
2.876000000000000000e+03
2.116000000000000000e+03
1.685000000000000000e+03
3.632000000000000000e+03
5.179000000000000000e+03
8.701000000000000000e+03
6.420000000000000000e+02
2.054000000000000000e+03
4.239000000000000000e+03
2.552000000000000000e+03
3.292000000000000000e+03
1.200000000000000000e+03
9.442000000000000000e+03
6.788000000000000000e+03
2.163000000000000000e+03
1.455000000000000000e+03
3.090000000000000000e+03
3.193000000000000000e+03
2.978000000000000000e+03
3.273000000000000000e+03
1.584000000000000000e+03
2.655000000000000000e+03
7.700000000000000000e+02
9.900000000000000000e+02
5.068000000000000000e+03
5.959000000000000000e+03
1.599000000000000000e+03
1.100000000000000000e+03
4.654000000000000000e+03
9.965000000000000000e+03
1.298000000000000000e+03
1.866000000000000000e+03
2.305000000000000000e+03
3.090000000000000000e+03
9.380000000000000000e+02
7.057000000000000000e+03
2.992000000000000000e+03
9.496000000000000000e+03
6.074000000000000000e+03
1.578000000000000000e+03
3.250000000000000000e+03
1.478000000000000000e+03
7.530000000000000000e+02
3.171000000000000000e+03
6.066000000000000000e+03
3.444000000000000000e+03
2.829000000000000000e+03
3.207000000000000000e+03
9.710000000000000000e+02
3.975000000000000000e+03
1.611000000000000000e+03
6.950000000000000000e+02
4.215000000000000000e+03
1.815000000000000000e+03
2.009000000000000000e+03
2.257000000000000000e+03
1.183000000000000000e+03
2.179000000000000000e+03
1.757000000000000000e+03
2.320000000000000000e+03
1.805000000000000000e+03
2.729000000000000000e+03
5.024000000000000000e+03
2.535000000000000000e+03
1.483000000000000000e+03
2.547000000000000000e+03
5.633000000000000000e+03
2.914000000000000000e+03
7.660000000000000000e+02
1.337000000000000000e+03
1.854000000000000000e+03
1.073000000000000000e+03
1.323000000000000000e+03
6.490000000000000000e+03
1.695000000000000000e+03
2.368000000000000000e+03
3.445000000000000000e+03
1.291000000000000000e+03
1.353000000000000000e+03
1.360000000000000000e+03
3.060000000000000000e+03
4.992000000000000000e+03
3.627000000000000000e+03
9.750000000000000000e+02
8.822000000000000000e+03
3.235000000000000000e+03
2.595000000000000000e+03
7.710000000000000000e+02
1.589000000000000000e+03
1.282000000000000000e+03
1.228000000000000000e+03
2.548000000000000000e+03
1.130000000000000000e+03
9.225000000000000000e+03
2.092000000000000000e+03
2.093000000000000000e+03
1.799000000000000000e+03
1.534000000000000000e+03
2.440000000000000000e+03
3.514000000000000000e+03
2.260000000000000000e+03
1.873000000000000000e+03
3.573000000000000000e+03
3.685000000000000000e+03
6.367000000000000000e+03
2.706000000000000000e+03
1.607000000000000000e+03
1.505000000000000000e+03
2.038000000000000000e+03
2.742000000000000000e+03
1.411000000000000000e+03
2.243000000000000000e+03
8.195000000000000000e+03
6.678000000000000000e+03
9.300000000000000000e+02
4.091000000000000000e+03
3.049000000000000000e+03
6.844000000000000000e+03
1.595000000000000000e+03
1.109000000000000000e+03
3.696000000000000000e+03
4.283000000000000000e+03
1.261000000000000000e+03
2.136000000000000000e+03
7.630000000000000000e+02
1.288000000000000000e+03
4.039000000000000000e+03
1.964000000000000000e+03
1.373000000000000000e+03
2.176000000000000000e+03
7.920000000000000000e+02
9.930000000000000000e+02
1.031000000000000000e+03
1.467000000000000000e+03
2.843000000000000000e+03
2.524000000000000000e+03
1.351000000000000000e+03
8.430000000000000000e+02
1.985000000000000000e+03
1.111000000000000000e+03
7.660000000000000000e+02
1.083000000000000000e+03
1.426000000000000000e+03
1.176000000000000000e+03
9.540000000000000000e+02
1.103000000000000000e+03
6.140000000000000000e+02
5.339000000000000000e+03
1.630000000000000000e+03
1.078000000000000000e+03
3.603000000000000000e+03
2.285000000000000000e+03
2.711000000000000000e+03
2.167000000000000000e+03
3.173000000000000000e+03
2.310000000000000000e+03
4.685000000000000000e+03
3.802000000000000000e+03
6.491000000000000000e+03
2.023000000000000000e+03
3.432000000000000000e+03
4.420000000000000000e+03
3.038000000000000000e+03
2.333000000000000000e+03
2.445000000000000000e+03
2.666000000000000000e+03
2.942000000000000000e+03
1.971000000000000000e+03
4.554000000000000000e+03
1.096000000000000000e+03
1.815000000000000000e+03
1.092000000000000000e+03
1.240000000000000000e+03
1.774000000000000000e+03
3.718000000000000000e+03
2.518000000000000000e+03
1.915000000000000000e+03
1.563000000000000000e+03
8.930000000000000000e+02
1.214000000000000000e+03
1.157000000000000000e+03
4.480000000000000000e+03
1.600000000000000000e+03
2.580000000000000000e+03
3.791000000000000000e+03
1.981000000000000000e+03
1.340000000000000000e+03
1.503000000000000000e+03
1.386000000000000000e+03
2.223000000000000000e+03
1.251000000000000000e+03
7.683000000000000000e+03
2.369000000000000000e+03
2.343000000000000000e+03
4.024000000000000000e+03
1.546000000000000000e+03
1.002000000000000000e+03
2.299000000000000000e+03
2.654000000000000000e+03
1.116000000000000000e+03
1.886000000000000000e+03
5.345000000000000000e+03
2.267000000000000000e+03
7.100000000000000000e+02
3.889000000000000000e+03
7.920000000000000000e+02
2.713000000000000000e+03
4.021000000000000000e+03
4.309000000000000000e+03
2.773000000000000000e+03
8.090000000000000000e+02
1.904000000000000000e+03
1.753000000000000000e+03
2.063000000000000000e+03
1.806000000000000000e+03
3.011000000000000000e+03
1.538000000000000000e+03
6.740000000000000000e+02
2.187000000000000000e+03
2.730000000000000000e+03
2.852000000000000000e+03
3.832000000000000000e+03
1.075000000000000000e+03
1.909000000000000000e+03
9.780000000000000000e+02
4.270000000000000000e+03
2.967000000000000000e+03
2.054000000000000000e+03
1.901000000000000000e+03
4.424000000000000000e+03
3.334000000000000000e+03
3.268000000000000000e+03
2.707000000000000000e+03
1.458000000000000000e+03
9.280000000000000000e+02
1.695000000000000000e+03
3.863000000000000000e+03
4.030000000000000000e+03
3.241000000000000000e+03
2.152000000000000000e+03
2.316000000000000000e+03
3.143000000000000000e+03
3.349000000000000000e+03
4.466000000000000000e+03
1.751000000000000000e+03
4.410000000000000000e+03
3.528000000000000000e+03
2.033000000000000000e+03
2.239000000000000000e+03
1.603000000000000000e+03
1.239000000000000000e+03
5.240000000000000000e+03
2.092000000000000000e+03
4.240000000000000000e+02
3.483000000000000000e+03
3.005000000000000000e+03
5.834000000000000000e+03
2.922000000000000000e+03
4.692000000000000000e+03
3.269000000000000000e+03
3.898000000000000000e+03
4.381000000000000000e+03
1.329000000000000000e+03
2.851000000000000000e+03
9.850000000000000000e+02
2.123000000000000000e+03
2.611000000000000000e+03
9.830000000000000000e+02
2.657000000000000000e+03
8.660000000000000000e+02
1.866000000000000000e+03
1.669000000000000000e+03
1.191000000000000000e+03
2.543000000000000000e+03
2.599000000000000000e+03
8.050000000000000000e+02
4.156000000000000000e+03
1.917000000000000000e+03
3.740000000000000000e+03
2.304000000000000000e+03
1.491000000000000000e+03
2.530000000000000000e+03
9.090000000000000000e+02
2.015000000000000000e+03
2.284000000000000000e+03
5.156000000000000000e+03
6.632000000000000000e+03
2.075000000000000000e+03
9.140000000000000000e+02
5.560000000000000000e+02
6.720000000000000000e+02
4.098000000000000000e+03
4.205000000000000000e+03
1.530000000000000000e+03
6.460000000000000000e+02
7.950000000000000000e+02
1.978000000000000000e+03
1.038700000000000000e+04
2.036000000000000000e+03
2.157000000000000000e+03
1.746000000000000000e+03
5.975000000000000000e+03
1.188000000000000000e+03
3.552000000000000000e+03
2.161000000000000000e+03
2.935000000000000000e+03
1.330000000000000000e+03
2.090000000000000000e+03
2.201000000000000000e+03
4.759000000000000000e+03
3.871000000000000000e+03
4.573000000000000000e+03
8.120000000000000000e+02
1.515000000000000000e+03
2.460000000000000000e+03
1.039000000000000000e+03
7.830000000000000000e+02
2.099000000000000000e+03
1.138000000000000000e+03
2.849000000000000000e+03
6.181000000000000000e+03
1.436000000000000000e+03
1.759000000000000000e+03
1.997000000000000000e+03
2.411000000000000000e+03
2.996000000000000000e+03
1.762000000000000000e+03
5.960000000000000000e+02
3.203000000000000000e+03
1.090000000000000000e+03
3.735000000000000000e+03
7.882000000000000000e+03
1.200000000000000000e+03
1.806000000000000000e+03
1.761000000000000000e+03
1.424000000000000000e+03
1.308000000000000000e+03
1.699000000000000000e+03
2.361000000000000000e+03
1.347000000000000000e+03
1.823000000000000000e+03
2.543000000000000000e+03
1.793000000000000000e+03
2.082000000000000000e+03
6.301000000000000000e+03
1.298000000000000000e+03
1.484000000000000000e+03
2.833000000000000000e+03
3.883000000000000000e+03
1.571000000000000000e+03
3.772000000000000000e+03
7.800000000000000000e+03
3.641000000000000000e+03
4.121000000000000000e+03
2.901000000000000000e+03
9.211000000000000000e+03
2.586000000000000000e+03
9.220000000000000000e+02
2.965000000000000000e+03
5.108000000000000000e+03
1.271000000000000000e+03
9.600000000000000000e+02
3.793000000000000000e+03
1.029000000000000000e+03
1.543000000000000000e+03
3.157000000000000000e+03
1.635000000000000000e+03
2.495000000000000000e+03
