5.049700000000000000e+04
1.254000000000000000e+05
2.663950000000000000e+05
2.091500000000000000e+05
9.578600000000000000e+04
1.972100000000000000e+04
4.289500000000000000e+05
2.554900000000000000e+04
6.793400000000000000e+04
3.276500000000000000e+04
2.615020000000000000e+05
1.203540000000000000e+05
1.057890000000000000e+05
9.245900000000000000e+04
9.240200000000000000e+04
2.976960000000000000e+05
2.144820000000000000e+05
1.026570000000000000e+05
1.032410000000000000e+05
2.444150000000000000e+05
1.057310000000000000e+05
1.593640000000000000e+05
9.294000000000000000e+03
2.312680000000000000e+05
9.253990000000000000e+05
8.815800000000000000e+04
2.076700000000000000e+04
2.496460000000000000e+05
1.157070000000000000e+05
1.748890000000000000e+05
1.517200000000000000e+04
1.837200000000000000e+04
5.020700000000000000e+04
3.116090000000000000e+05
2.392240000000000000e+05
2.051290000000000000e+05
2.976780000000000000e+05
7.134600000000000000e+04
6.221060000000000000e+05
3.610860000000000000e+05
5.378440000000000000e+05
2.078680000000000000e+05
7.409800000000000000e+04
1.871410000000000000e+05
3.620300000000000000e+04
1.447060000000000000e+05
4.175800000000000000e+04
2.756030000000000000e+05
6.467700000000000000e+04
2.623500000000000000e+04
3.841490000000000000e+05
6.691900000000000000e+04
1.014800000000000000e+04
1.445730000000000000e+05
8.068400000000000000e+04
6.236660000000000000e+05
4.446840000000000000e+05
4.968500000000000000e+04
1.804000000000000000e+03
3.993700000000000000e+05
1.496000000000000000e+03
1.266900000000000000e+04
6.879680000000000000e+05
4.634800000000000000e+04
5.594640000000000000e+05
2.789640000000000000e+05
8.780200000000000000e+04
6.934300000000000000e+04
7.433000000000000000e+04
2.686530000000000000e+05
3.588630000000000000e+05
8.328400000000000000e+04
1.273290000000000000e+05
4.854200000000000000e+04
1.453930000000000000e+05
1.262720000000000000e+05
1.878520000000000000e+05
1.419740000000000000e+05
2.413000000000000000e+04
1.337750000000000000e+05
1.349470000000000000e+05
2.171140000000000000e+05
1.090120000000000000e+05
8.444800000000000000e+04
1.959920000000000000e+05
4.441100000000000000e+04
9.486900000000000000e+04
3.337790000000000000e+05
3.639700000000000000e+04
1.210110000000000000e+05
9.278800000000000000e+04
1.611730000000000000e+05
3.377820000000000000e+05
5.622400000000000000e+04
1.507340000000000000e+05
2.245760000000000000e+05
4.329200000000000000e+04
7.313000000000000000e+04
4.197770000000000000e+05
1.422710000000000000e+05
3.217150000000000000e+05
2.167930000000000000e+05
6.319800000000000000e+04
2.379040000000000000e+05
9.034600000000000000e+04
3.078130000000000000e+05
6.180000000000000000e+04
1.739630000000000000e+05
3.545350000000000000e+05
1.677590000000000000e+05
2.450120000000000000e+05
1.693220000000000000e+05
2.534490000000000000e+05
1.015070000000000000e+06
2.157200000000000000e+05
1.494200000000000000e+04
3.674900000000000000e+04
2.872420000000000000e+05
1.132190000000000000e+05
1.130000000000000000e+04
1.039720000000000000e+05
8.980200000000000000e+04
5.098000000000000000e+04
2.137490000000000000e+05
1.983530000000000000e+05
1.809700000000000000e+04
1.062290000000000000e+05
2.652800000000000000e+04
1.305450000000000000e+05
2.749940000000000000e+05
1.622100000000000000e+04
4.167560000000000000e+05
3.837700000000000000e+04
4.358670000000000000e+05
3.879120000000000000e+05
2.423710000000000000e+05
6.871800000000000000e+04
1.246240000000000000e+05
3.515640000000000000e+05
2.179900000000000000e+04
3.083530000000000000e+05
1.384960000000000000e+05
1.009680000000000000e+05
2.695400000000000000e+04
9.091200000000000000e+04
6.595000000000000000e+04
7.510900000000000000e+04
6.355800000000000000e+04
2.342740000000000000e+05
1.297680000000000000e+05
3.782120000000000000e+05
1.289890000000000000e+05
1.035000000000000000e+04
2.325800000000000000e+04
8.602900000000000000e+04
8.033100000000000000e+04
1.925100000000000000e+04
2.358290000000000000e+05
2.979070000000000000e+05
8.309000000000000000e+03
8.620000000000000000e+02
6.334700000000000000e+04
3.173800000000000000e+05
5.266000000000000000e+04
1.564900000000000000e+04
1.436120000000000000e+05
2.784810000000000000e+05
3.317500000000000000e+04
2.754220000000000000e+05
2.581600000000000000e+04
1.793380000000000000e+05
3.717030000000000000e+05
1.371310000000000000e+05
2.814810000000000000e+05
4.953660000000000000e+05
7.327000000000000000e+04
6.246600000000000000e+04
2.453700000000000000e+04
5.177580000000000000e+05
1.734900000000000000e+04
3.004870000000000000e+05
1.537410000000000000e+05
3.104900000000000000e+04
6.020300000000000000e+04
1.446880000000000000e+05
5.840300000000000000e+04
2.627610000000000000e+05
5.454000000000000000e+04
1.943650000000000000e+05
1.007800000000000000e+04
5.791400000000000000e+04
1.677500000000000000e+05
1.860880000000000000e+05
8.926100000000000000e+04
1.519150000000000000e+05
2.811000000000000000e+03
6.330000000000000000e+04
2.827440000000000000e+05
6.454000000000000000e+03
8.656900000000000000e+04
5.077390000000000000e+05
7.611200000000000000e+04
5.839000000000000000e+04
6.080800000000000000e+04
6.778000000000000000e+03
2.383860000000000000e+05
8.757000000000000000e+03
1.781440000000000000e+05
1.083700000000000000e+05
4.845620000000000000e+05
1.260930000000000000e+05
2.901200000000000000e+05
1.620260000000000000e+05
2.467000000000000000e+04
1.231800000000000000e+04
4.253170000000000000e+05
2.827200000000000000e+04
4.968500000000000000e+04
3.503000000000000000e+05
2.222800000000000000e+05
4.530630000000000000e+05
3.054800000000000000e+05
5.770100000000000000e+04
2.165700000000000000e+04
9.426700000000000000e+04
2.523100000000000000e+04
1.265200000000000000e+04
4.494300000000000000e+04
2.236510000000000000e+05
6.566000000000000000e+03
1.054220000000000000e+05
8.873000000000000000e+03
3.433230000000000000e+05
8.179900000000000000e+04
2.974800000000000000e+04
1.575420000000000000e+05
2.277200000000000000e+04
8.030500000000000000e+04
1.759170000000000000e+05
5.744950000000000000e+05
1.497320000000000000e+05
2.720290000000000000e+05
3.003500000000000000e+04
2.586700000000000000e+05
2.788320000000000000e+05
9.149700000000000000e+04
1.405700000000000000e+05
1.010490000000000000e+05
6.955900000000000000e+04
8.133800000000000000e+04
2.649610000000000000e+05
1.792180000000000000e+05
7.321950000000000000e+05
3.598400000000000000e+04
5.078200000000000000e+04
5.266600000000000000e+04
1.532910000000000000e+05
1.722600000000000000e+04
1.578000000000000000e+04
6.359000000000000000e+04
2.724400000000000000e+04
2.607610000000000000e+05
1.149940000000000000e+05
1.702290000000000000e+05
4.268900000000000000e+04
5.516100000000000000e+04
6.624000000000000000e+04
1.728720000000000000e+05
1.724110000000000000e+05
6.064800000000000000e+04
1.014420000000000000e+05
8.016600000000000000e+04
1.896280000000000000e+05
3.225660000000000000e+05
8.129200000000000000e+04
1.085300000000000000e+04
1.098640000000000000e+05
1.263220000000000000e+05
3.074730000000000000e+05
5.180000000000000000e+03
2.249960000000000000e+05
6.288900000000000000e+04
2.168250000000000000e+05
1.676140000000000000e+05
2.338810000000000000e+05
4.560700000000000000e+04
3.525000000000000000e+04
4.110710000000000000e+05
4.191930000000000000e+05
1.147430000000000000e+05
2.515990000000000000e+05
9.339300000000000000e+04
3.252800000000000000e+04
2.967160000000000000e+05
9.502900000000000000e+04
1.161220000000000000e+05
1.188220000000000000e+05
3.643850000000000000e+05
7.601700000000000000e+04
6.200100000000000000e+04
1.004520000000000000e+05
3.611800000000000000e+04
4.972020000000000000e+05
9.052600000000000000e+04
2.376000000000000000e+04
4.256060000000000000e+05
8.436000000000000000e+03
7.244230000000000000e+05
3.142540000000000000e+05
3.539750000000000000e+05
8.565540000000000000e+05
5.867800000000000000e+04
7.001400000000000000e+04
5.422300000000000000e+04
6.638000000000000000e+03
6.823900000000000000e+04
7.480000000000000000e+03
4.772500000000000000e+04
2.515900000000000000e+04
4.231100000000000000e+04
3.503670000000000000e+05
9.509000000000000000e+03
5.697000000000000000e+03
4.067300000000000000e+05
9.541140000000000000e+05
1.723360000000000000e+05
2.308260000000000000e+05
4.920000000000000000e+04
2.183860000000000000e+05
3.525200000000000000e+04
8.466000000000000000e+03
5.884700000000000000e+04
9.276000000000000000e+03
1.965410000000000000e+05
3.602580000000000000e+05
9.328300000000000000e+04
5.860400000000000000e+04
1.697500000000000000e+04
2.516500000000000000e+04
1.971100000000000000e+04
8.653100000000000000e+04
3.557400000000000000e+05
2.234200000000000000e+05
5.656340000000000000e+05
1.001000000000000000e+05
2.676530000000000000e+05
3.171540000000000000e+05
1.386900000000000000e+05
5.709500000000000000e+04
2.728560000000000000e+05
5.449100000000000000e+04
1.242130000000000000e+05
1.485000000000000000e+03
4.926600000000000000e+04
2.489180000000000000e+05
7.677200000000000000e+04
5.468430000000000000e+05
3.607000000000000000e+03
4.568000000000000000e+04
1.111900000000000000e+04
4.989000000000000000e+03
1.215100000000000000e+04
1.678560000000000000e+05
2.932000000000000000e+04
1.445690000000000000e+05
1.162650000000000000e+05
9.772400000000000000e+04
1.020610000000000000e+05
8.025100000000000000e+04
3.295190000000000000e+05
2.159600000000000000e+04
4.610200000000000000e+05
1.501050000000000000e+05
1.192180000000000000e+05
4.387690000000000000e+05
3.168290000000000000e+05
9.350900000000000000e+04
2.044700000000000000e+04
1.878900000000000000e+04
1.493050000000000000e+05
1.129860000000000000e+05
3.292600000000000000e+04
5.679600000000000000e+04
6.873000000000000000e+03
1.379740000000000000e+05
5.146600000000000000e+05
2.210510000000000000e+05
3.191470000000000000e+05
1.526710000000000000e+05
1.286690000000000000e+05
1.125500000000000000e+04
7.148070000000000000e+05
2.339780000000000000e+05
7.230700000000000000e+04
1.525950000000000000e+05
3.431250000000000000e+05
4.352260000000000000e+05
6.693000000000000000e+04
3.914500000000000000e+04
3.394650000000000000e+05
1.746260000000000000e+05
4.156500000000000000e+04
2.738890000000000000e+05
2.222510000000000000e+05
3.028650000000000000e+05
8.174200000000000000e+04
7.317200000000000000e+04
8.855100000000000000e+04
2.402950000000000000e+05
3.267800000000000000e+04
8.573700000000000000e+04
4.431750000000000000e+05
3.341190000000000000e+05
5.121000000000000000e+03
5.242200000000000000e+04
2.372900000000000000e+04
6.232300000000000000e+04
3.326040000000000000e+05
9.645800000000000000e+04
1.008837000000000000e+06
9.747800000000000000e+04
7.281000000000000000e+03
1.893990000000000000e+05
3.286410000000000000e+05
9.399000000000000000e+04
3.284160000000000000e+05
8.692300000000000000e+04
9.872100000000000000e+04
3.539900000000000000e+04
2.403600000000000000e+04
5.221700000000000000e+04
7.922700000000000000e+04
2.657450000000000000e+05
5.101700000000000000e+04
3.014550000000000000e+05
2.139460000000000000e+05
2.680580000000000000e+05
7.117500000000000000e+04
1.895460000000000000e+05
1.511900000000000000e+05
6.903900000000000000e+04
1.116280000000000000e+05
5.640500000000000000e+04
3.088550000000000000e+05
1.795200000000000000e+04
1.350440000000000000e+05
1.763090000000000000e+05
1.810370000000000000e+05
2.704860000000000000e+05
2.556770000000000000e+05
2.214260000000000000e+05
3.587300000000000000e+04
1.471950000000000000e+05
1.708770000000000000e+05
1.022000000000000000e+05
5.711670000000000000e+05
9.055800000000000000e+04
5.641800000000000000e+04
3.666410000000000000e+05
1.025000000000000000e+03
1.397310000000000000e+05
2.666730000000000000e+05
6.257400000000000000e+04
7.363300000000000000e+04
3.122510000000000000e+05
3.323950000000000000e+05
2.871330000000000000e+05
5.310500000000000000e+04
5.828400000000000000e+04
3.080700000000000000e+04
2.909940000000000000e+05
7.974100000000000000e+04
1.066700000000000000e+04
1.155760000000000000e+05
9.401400000000000000e+04
2.742100000000000000e+04
4.978800000000000000e+04
5.940000000000000000e+03
7.662200000000000000e+04
8.162000000000000000e+03
2.503800000000000000e+04
3.804910000000000000e+05
1.142320000000000000e+05
6.797700000000000000e+04
4.656480000000000000e+05
2.327740000000000000e+05
3.167300000000000000e+04
2.369690000000000000e+05
1.049830000000000000e+05
1.042100000000000000e+04
2.030600000000000000e+04
1.203970000000000000e+05
4.010200000000000000e+04
2.990200000000000000e+04
2.052090000000000000e+05
1.469280000000000000e+05
1.077240000000000000e+05
1.863060000000000000e+05
1.511170000000000000e+05
2.800900000000000000e+04
1.475600000000000000e+04
5.511200000000000000e+04
1.331170000000000000e+05
2.313000000000000000e+03
1.489650000000000000e+05
1.521130000000000000e+05
1.667520000000000000e+05
2.646480000000000000e+05
3.004210000000000000e+05
1.812240000000000000e+05
1.533100000000000000e+04
1.352500000000000000e+04
1.066880000000000000e+05
5.347000000000000000e+03
1.190150000000000000e+05
3.373490000000000000e+05
1.873620000000000000e+05
7.113500000000000000e+04
6.929800000000000000e+04
1.112430000000000000e+05
3.663810000000000000e+05
5.057200000000000000e+04
5.709600000000000000e+04
3.039100000000000000e+04
1.849050000000000000e+05
1.575100000000000000e+05
3.117000000000000000e+03
8.286000000000000000e+03
2.574150000000000000e+05
2.730580000000000000e+05
2.020400000000000000e+04
1.865830000000000000e+05
1.853000000000000000e+04
3.131120000000000000e+05
7.733000000000000000e+04
8.920000000000000000e+03
2.522270000000000000e+05
1.259180000000000000e+05
3.731280000000000000e+05
1.244060000000000000e+05
4.247320000000000000e+05
9.215200000000000000e+04
5.805700000000000000e+04
3.827150000000000000e+05
4.708400000000000000e+04
4.672380000000000000e+05
1.251000000000000000e+04
1.532870000000000000e+05
5.634350000000000000e+05
6.215700000000000000e+04
3.653100000000000000e+04
1.184320000000000000e+05
2.227060000000000000e+05
3.440810000000000000e+05
7.392000000000000000e+03
1.548900000000000000e+05
1.197980000000000000e+05
2.188210000000000000e+05
5.169100000000000000e+04
1.267570000000000000e+05
6.323500000000000000e+04
1.259900000000000000e+05
3.141200000000000000e+04
2.122790000000000000e+05
4.525700000000000000e+04
5.233300000000000000e+04
8.429800000000000000e+04
4.545600000000000000e+04
3.382720000000000000e+05
2.448350000000000000e+05
6.132700000000000000e+04
2.903840000000000000e+05
2.082600000000000000e+05
3.296900000000000000e+04
2.937500000000000000e+04
1.516950000000000000e+05
1.230960000000000000e+05
1.573560000000000000e+05
7.060600000000000000e+04
7.625300000000000000e+04
2.268900000000000000e+05
2.766810000000000000e+05
1.912250000000000000e+05
1.536250000000000000e+05
2.580390000000000000e+05
1.439180000000000000e+05
7.974500000000000000e+04
1.080900000000000000e+05
5.488800000000000000e+04
1.181750000000000000e+05
2.083400000000000000e+05
1.052380000000000000e+05
5.072690000000000000e+05
1.830190000000000000e+05
9.372700000000000000e+04
1.148380000000000000e+05
5.960710000000000000e+05
2.944000000000000000e+03
4.770600000000000000e+04
5.408500000000000000e+04
5.950260000000000000e+05
2.035260000000000000e+05
2.184720000000000000e+05
1.959820000000000000e+05
4.115300000000000000e+04
6.674570000000000000e+05
4.858500000000000000e+04
4.837700000000000000e+04
4.157400000000000000e+04
1.742720000000000000e+05
4.361300000000000000e+04
5.039010000000000000e+05
7.851400000000000000e+04
1.414630000000000000e+05
5.144400000000000000e+04
3.189270000000000000e+05
2.862320000000000000e+05
2.759900000000000000e+04
3.144580000000000000e+05
5.941300000000000000e+04
4.296300000000000000e+05
1.517920000000000000e+05
9.736000000000000000e+03
3.506600000000000000e+04
1.338400000000000000e+05
3.155200000000000000e+04
1.264700000000000000e+04
1.188410000000000000e+05
2.155570000000000000e+05
4.813900000000000000e+04
5.800300000000000000e+04
4.389810000000000000e+05
3.770900000000000000e+04
2.908000000000000000e+04
1.907170000000000000e+05
3.973030000000000000e+05
3.863000000000000000e+03
6.705300000000000000e+04
2.561360000000000000e+05
1.129130000000000000e+05
1.747800000000000000e+05
1.436100000000000000e+05
9.677500000000000000e+04
5.417000000000000000e+04
1.057930000000000000e+05
1.028070000000000000e+05
7.023700000000000000e+04
2.971000000000000000e+03
5.395790000000000000e+05
3.433560000000000000e+05
1.134980000000000000e+05
2.588070000000000000e+05
5.117400000000000000e+04
6.305900000000000000e+04
6.892210000000000000e+05
2.966500000000000000e+04
3.872700000000000000e+04
3.267040000000000000e+05
2.334390000000000000e+05
1.136600000000000000e+04
1.012340000000000000e+05
3.540600000000000000e+04
6.045100000000000000e+04
2.688330000000000000e+05
4.361810000000000000e+05
5.322300000000000000e+04
4.942580000000000000e+05
9.818000000000000000e+04
4.088900000000000000e+04
3.578400000000000000e+04
2.952200000000000000e+04
2.607840000000000000e+05
6.627600000000000000e+04
1.812900000000000000e+04
3.208400000000000000e+04
5.401200000000000000e+04
1.187290000000000000e+05
2.045000000000000000e+04
2.647040000000000000e+05
1.371880000000000000e+05
2.785550000000000000e+05
4.469230000000000000e+05
2.009760000000000000e+05
6.032800000000000000e+04
1.275290000000000000e+05
2.514040000000000000e+05
1.764750000000000000e+05
1.708940000000000000e+05
6.289600000000000000e+04
7.261000000000000000e+03
5.875900000000000000e+04
1.165580000000000000e+05
5.369300000000000000e+04
3.651400000000000000e+04
2.163600000000000000e+04
5.927900000000000000e+04
4.208900000000000000e+04
2.048420000000000000e+05
6.660900000000000000e+04
1.293700000000000000e+05
9.124600000000000000e+04
2.217910000000000000e+05
1.508100000000000000e+04
1.239580000000000000e+05
1.809900000000000000e+04
9.327000000000000000e+03
2.009480000000000000e+05
1.592690000000000000e+05
1.116160000000000000e+05
8.964000000000000000e+03
8.636000000000000000e+03
1.270260000000000000e+05
2.057400000000000000e+04
1.877470000000000000e+05
9.585770000000000000e+05
1.208660000000000000e+05
1.720590000000000000e+05
4.729700000000000000e+05
3.102990000000000000e+05
3.531580000000000000e+05
1.587500000000000000e+04
1.229550000000000000e+05
5.505840000000000000e+05
1.794200000000000000e+05
7.222600000000000000e+04
2.602040000000000000e+05
7.054900000000000000e+05
1.579900000000000000e+04
1.385380000000000000e+05
1.033950000000000000e+05
3.788400000000000000e+04
4.010210000000000000e+05
1.101100000000000000e+05
4.521700000000000000e+04
7.666000000000000000e+04
7.711000000000000000e+04
2.938500000000000000e+04
8.815100000000000000e+04
1.250600000000000000e+05
1.812670000000000000e+05
8.340700000000000000e+04
5.787100000000000000e+04
2.953000000000000000e+04
2.651520000000000000e+05
4.166600000000000000e+04
3.398470000000000000e+05
1.793500000000000000e+04
8.908800000000000000e+04
1.205620000000000000e+05
1.276390000000000000e+05
8.759000000000000000e+04
1.329400000000000000e+04
2.789900000000000000e+04
5.583200000000000000e+04
1.668100000000000000e+05
2.685950000000000000e+05
9.145400000000000000e+04
1.661990000000000000e+05
1.614470000000000000e+05
3.622800000000000000e+04
3.999300000000000000e+04
6.047300000000000000e+04
1.442215000000000000e+06
3.439250000000000000e+05
9.513300000000000000e+04
5.806330000000000000e+05
1.312090000000000000e+05
1.678600000000000000e+04
3.224230000000000000e+05
5.845100000000000000e+04
1.242990000000000000e+05
6.510700000000000000e+04
3.222490000000000000e+05
2.229680000000000000e+05
3.443800000000000000e+04
2.172000000000000000e+03
6.060000000000000000e+03
3.230540000000000000e+05
2.732190000000000000e+05
2.497600000000000000e+04
1.880910000000000000e+05
9.144700000000000000e+04
1.925760000000000000e+05
6.716400000000000000e+04
4.143350000000000000e+05
1.643320000000000000e+05
2.357190000000000000e+05
2.270270000000000000e+05
1.908180000000000000e+05
1.697890000000000000e+05
6.204910000000000000e+05
7.670700000000000000e+04
2.832260000000000000e+05
8.294500000000000000e+04
3.030270000000000000e+05
2.326090000000000000e+05
1.029360000000000000e+05
2.196630000000000000e+05
4.257200000000000000e+04
3.717410000000000000e+05
4.846800000000000000e+04
3.189770000000000000e+05
2.236290000000000000e+05
2.527300000000000000e+05
4.716710000000000000e+05
8.079000000000000000e+03
8.348200000000000000e+04
6.099800000000000000e+04
3.730930000000000000e+05
5.702800000000000000e+04
1.226300000000000000e+04
1.436800000000000000e+04
1.459300000000000000e+04
2.292630000000000000e+05
8.429300000000000000e+04
7.792900000000000000e+04
1.691300000000000000e+04
2.617000000000000000e+03
5.106030000000000000e+05
3.917000000000000000e+03
2.093160000000000000e+05
2.672940000000000000e+05
2.183400000000000000e+04
8.001800000000000000e+04
1.762070000000000000e+05
2.261660000000000000e+05
2.806600000000000000e+04
2.593640000000000000e+05
1.896160000000000000e+05
6.980200000000000000e+04
1.211010000000000000e+05
1.701410000000000000e+05
1.409872000000000000e+06
1.835970000000000000e+05
2.515800000000000000e+04
7.300000000000000000e+04
1.675790000000000000e+05
2.611810000000000000e+05
6.704000000000000000e+03
2.943180000000000000e+05
1.651800000000000000e+05
4.947870000000000000e+05
3.152500000000000000e+04
6.752810000000000000e+05
1.520580000000000000e+05
1.261470000000000000e+05
3.774510000000000000e+05
2.519370000000000000e+05
7.793020000000000000e+05
2.393460000000000000e+05
6.931200000000000000e+04
3.325100000000000000e+04
2.273340000000000000e+05
5.765000000000000000e+04
4.434770000000000000e+05
6.344830000000000000e+05
2.555860000000000000e+05
7.164500000000000000e+04
1.046000000000000000e+03
8.829000000000000000e+03
2.193000000000000000e+03
5.314990000000000000e+05
3.799700000000000000e+04
6.249200000000000000e+04
2.558760000000000000e+05
3.865100000000000000e+05
4.269740000000000000e+05
3.610900000000000000e+04
7.824900000000000000e+04
5.638700000000000000e+04
4.020300000000000000e+04
1.861400000000000000e+04
4.803220000000000000e+05
8.020300000000000000e+04
1.197060000000000000e+05
1.377810000000000000e+05
6.764700000000000000e+04
2.376640000000000000e+05
3.801770000000000000e+05
2.364890000000000000e+05
2.468870000000000000e+05
8.892970000000000000e+05
1.816420000000000000e+05
2.309320000000000000e+05
1.604160000000000000e+05
9.612600000000000000e+04
7.873800000000000000e+04
7.925200000000000000e+04
1.457040000000000000e+05
1.631790000000000000e+05
8.195300000000000000e+04
2.739720000000000000e+05
1.306500000000000000e+05
2.186000000000000000e+04
9.668000000000000000e+03
2.328250000000000000e+05
1.911860000000000000e+05
1.740800000000000000e+04
8.221300000000000000e+04
4.165410000000000000e+05
2.143830000000000000e+05
9.964400000000000000e+04
4.139200000000000000e+04
1.684400000000000000e+04
1.220370000000000000e+05
6.345470000000000000e+05
1.611730000000000000e+05
1.855300000000000000e+05
1.301740000000000000e+05
2.760700000000000000e+04
5.339700000000000000e+04
6.677700000000000000e+04
3.038570000000000000e+05
1.021408000000000000e+06
3.864590000000000000e+05
1.334300000000000000e+04
8.969800000000000000e+04
2.416550000000000000e+05
1.954550000000000000e+05
6.454140000000000000e+05
4.461500000000000000e+04
2.315430000000000000e+05
2.069800000000000000e+04
1.485930000000000000e+05
5.659400000000000000e+04
1.047390000000000000e+05
1.567630000000000000e+05
5.931000000000000000e+04
4.971740000000000000e+05
1.571200000000000000e+04
1.519940000000000000e+05
4.472000000000000000e+04
8.169500000000000000e+04
8.618000000000000000e+03
1.998400000000000000e+04
1.985100000000000000e+04
4.896000000000000000e+04
1.288200000000000000e+04
9.426000000000000000e+03
5.894250000000000000e+05
2.276740000000000000e+05
1.009530000000000000e+05
1.973400000000000000e+04
7.979800000000000000e+04
2.964350000000000000e+05
6.508700000000000000e+04
3.457000000000000000e+04
4.710660000000000000e+05
4.693720000000000000e+05
4.037330000000000000e+05
3.513000000000000000e+03
7.034730000000000000e+05
8.073910000000000000e+05
1.993580000000000000e+05
1.044660000000000000e+05
1.709100000000000000e+04
4.142500000000000000e+04
1.729340000000000000e+05
1.190070000000000000e+05
1.542810000000000000e+05
1.233180000000000000e+05
1.641290000000000000e+05
2.227800000000000000e+05
7.144820000000000000e+05
2.266710000000000000e+05
1.024370000000000000e+05
1.252170000000000000e+05
8.627800000000000000e+04
2.505480000000000000e+05
9.924900000000000000e+04
4.065000000000000000e+04
2.487350000000000000e+05
5.317860000000000000e+05
1.171660000000000000e+05
1.413640000000000000e+05
2.872660000000000000e+05
5.193300000000000000e+04
1.547600000000000000e+05
3.410280000000000000e+05
3.229500000000000000e+04
2.572300000000000000e+04
1.148060000000000000e+05
6.733400000000000000e+04
7.455000000000000000e+03
4.102000000000000000e+05
6.406700000000000000e+04
1.767090000000000000e+05
1.291860000000000000e+05
2.575400000000000000e+05
2.946900000000000000e+04
3.807300000000000000e+04
2.123220000000000000e+05
1.276120000000000000e+05
2.609490000000000000e+05
4.081400000000000000e+04
7.557000000000000000e+04
9.018900000000000000e+04
1.750720000000000000e+05
9.463000000000000000e+03
7.383400000000000000e+04
