1.001500000000000000e+04
5.220000000000000000e+03
5.178500000000000000e+04
1.037300000000000000e+04
6.669000000000000000e+03
2.568000000000000000e+03
2.695600000000000000e+04
1.301900000000000000e+04
3.463000000000000000e+04
1.807600000000000000e+04
1.796400000000000000e+04
2.846100000000000000e+04
3.128600000000000000e+04
4.390000000000000000e+03
1.246600000000000000e+04
4.190000000000000000e+03
2.254700000000000000e+04
9.836000000000000000e+03
1.216000000000000000e+04
9.665000000000000000e+03
1.227600000000000000e+04
5.046000000000000000e+03
7.109000000000000000e+03
7.479000000000000000e+03
1.893800000000000000e+04
9.083000000000000000e+03
6.473000000000000000e+03
5.502400000000000000e+04
3.470400000000000000e+04
1.527100000000000000e+04
7.468000000000000000e+03
1.273700000000000000e+04
2.041800000000000000e+04
1.846000000000000000e+04
2.651000000000000000e+04
7.763000000000000000e+03
1.515800000000000000e+04
2.362700000000000000e+04
1.347800000000000000e+04
5.013000000000000000e+03
8.343000000000000000e+03
1.577700000000000000e+04
1.466500000000000000e+04
1.323000000000000000e+04
1.042400000000000000e+04
6.095000000000000000e+03
1.797000000000000000e+04
2.561200000000000000e+04
2.169300000000000000e+04
8.422000000000000000e+03
1.632200000000000000e+04
8.332000000000000000e+03
2.408300000000000000e+04
3.019100000000000000e+04
5.302000000000000000e+03
2.120300000000000000e+04
8.897000000000000000e+03
1.154500000000000000e+04
1.626600000000000000e+04
1.193100000000000000e+04
1.099100000000000000e+04
1.146500000000000000e+04
4.548000000000000000e+04
3.727600000000000000e+04
6.442000000000000000e+03
7.377000000000000000e+03
9.248000000000000000e+03
6.098000000000000000e+03
1.208400000000000000e+04
5.286600000000000000e+04
1.988600000000000000e+04
1.531900000000000000e+04
2.472400000000000000e+04
2.355900000000000000e+04
5.674000000000000000e+03
7.879000000000000000e+03
8.790000000000000000e+03
9.062000000000000000e+03
7.561300000000000000e+04
1.166200000000000000e+04
2.635600000000000000e+04
4.115000000000000000e+04
1.055500000000000000e+04
6.658000000000000000e+03
1.802200000000000000e+04
7.949000000000000000e+03
1.124000000000000000e+04
1.550700000000000000e+04
7.162000000000000000e+03
1.472700000000000000e+04
6.925000000000000000e+03
2.068200000000000000e+04
5.596000000000000000e+03
1.349100000000000000e+04
2.339500000000000000e+04
2.362400000000000000e+04
1.206700000000000000e+04
2.740900000000000000e+04
1.096400000000000000e+04
5.251000000000000000e+03
5.964000000000000000e+03
1.446600000000000000e+04
1.030400000000000000e+04
4.755000000000000000e+03
1.732100000000000000e+04
3.268000000000000000e+03
6.757000000000000000e+03
1.126000000000000000e+04
1.627900000000000000e+04
5.763000000000000000e+03
1.125700000000000000e+04
6.155000000000000000e+03
3.002600000000000000e+04
6.636000000000000000e+03
7.684000000000000000e+03
6.138000000000000000e+03
9.637000000000000000e+03
5.851000000000000000e+03
6.197400000000000000e+04
3.403600000000000000e+04
6.215000000000000000e+03
4.382000000000000000e+03
8.771000000000000000e+03
1.937800000000000000e+04
2.166700000000000000e+04
9.116000000000000000e+03
2.116000000000000000e+03
2.286100000000000000e+04
3.471500000000000000e+04
2.793900000000000000e+04
7.989000000000000000e+03
4.305000000000000000e+03
3.889600000000000000e+04
1.245500000000000000e+04
1.563400000000000000e+04
2.964000000000000000e+03
1.045900000000000000e+04
1.645900000000000000e+04
9.315000000000000000e+03
3.312700000000000000e+04
5.527000000000000000e+03
6.341000000000000000e+03
1.043600000000000000e+04
7.256000000000000000e+03
1.088300000000000000e+04
7.916000000000000000e+03
6.944000000000000000e+03
7.668000000000000000e+03
1.931000000000000000e+03
2.496200000000000000e+04
1.436100000000000000e+04
2.979000000000000000e+03
8.302000000000000000e+03
1.074600000000000000e+04
3.820000000000000000e+03
1.489700000000000000e+04
1.792700000000000000e+04
2.166800000000000000e+04
1.834000000000000000e+04
4.047000000000000000e+03
1.594600000000000000e+04
4.154600000000000000e+04
3.181700000000000000e+04
1.799200000000000000e+04
8.172000000000000000e+03
9.505000000000000000e+03
1.434700000000000000e+04
1.144400000000000000e+04
8.461000000000000000e+03
1.238100000000000000e+04
7.987000000000000000e+03
1.002900000000000000e+04
7.312000000000000000e+03
1.176000000000000000e+04
6.616000000000000000e+03
4.146800000000000000e+04
5.732000000000000000e+03
1.040000000000000000e+04
1.129500000000000000e+04
9.440000000000000000e+03
2.142500000000000000e+04
1.554500000000000000e+04
9.518000000000000000e+03
7.879000000000000000e+03
1.074100000000000000e+04
1.551700000000000000e+04
1.165800000000000000e+04
5.800000000000000000e+04
1.476300000000000000e+04
3.993000000000000000e+03
3.936800000000000000e+04
2.654000000000000000e+03
2.274600000000000000e+04
7.656000000000000000e+03
8.528000000000000000e+03
2.710800000000000000e+04
1.610700000000000000e+04
2.125000000000000000e+04
1.274300000000000000e+04
3.684000000000000000e+03
1.357200000000000000e+04
3.814000000000000000e+03
1.029600000000000000e+04
2.689100000000000000e+04
7.315000000000000000e+03
1.812400000000000000e+04
1.574300000000000000e+04
7.698000000000000000e+03
3.761000000000000000e+03
4.606800000000000000e+04
1.479400000000000000e+04
2.883100000000000000e+04
1.005100000000000000e+04
9.837000000000000000e+03
3.441000000000000000e+03
2.273800000000000000e+04
7.544000000000000000e+03
2.501000000000000000e+03
1.081900000000000000e+04
1.463400000000000000e+04
4.453500000000000000e+04
4.459000000000000000e+03
1.471200000000000000e+04
1.219300000000000000e+04
1.654900000000000000e+04
2.305200000000000000e+04
6.277000000000000000e+03
1.598300000000000000e+04
9.338000000000000000e+03
3.971000000000000000e+03
1.046100000000000000e+04
5.826000000000000000e+03
7.249000000000000000e+03
7.821000000000000000e+03
8.077000000000000000e+03
4.750000000000000000e+03
3.237000000000000000e+03
1.153900000000000000e+04
6.424000000000000000e+03
2.471100000000000000e+04
2.092400000000000000e+04
1.239000000000000000e+04
6.418000000000000000e+03
2.466700000000000000e+04
1.131000000000000000e+04
5.892000000000000000e+03
2.782000000000000000e+03
4.563000000000000000e+03
2.981900000000000000e+04
6.514000000000000000e+03
1.100700000000000000e+04
6.258000000000000000e+03
2.256200000000000000e+04
2.090900000000000000e+04
7.371000000000000000e+03
6.326000000000000000e+03
5.675800000000000000e+04
2.529500000000000000e+04
1.055800000000000000e+04
3.100900000000000000e+04
8.340000000000000000e+03
2.165700000000000000e+04
3.895400000000000000e+04
2.113500000000000000e+04
4.991000000000000000e+03
1.315900000000000000e+04
1.232000000000000000e+04
2.496900000000000000e+04
9.737000000000000000e+03
9.854000000000000000e+03
8.944000000000000000e+03
2.752600000000000000e+04
4.276200000000000000e+04
6.009000000000000000e+03
8.654000000000000000e+03
2.945000000000000000e+03
3.525000000000000000e+03
4.562000000000000000e+03
3.133000000000000000e+03
1.596800000000000000e+04
1.609100000000000000e+04
2.910500000000000000e+04
7.141000000000000000e+03
4.294000000000000000e+03
3.144600000000000000e+04
6.667000000000000000e+03
4.904000000000000000e+03
1.377900000000000000e+04
5.693000000000000000e+03
7.626000000000000000e+03
1.521400000000000000e+04
2.678700000000000000e+04
9.363000000000000000e+03
4.138800000000000000e+04
6.806000000000000000e+03
1.047000000000000000e+04
2.131000000000000000e+03
2.808600000000000000e+04
1.102100000000000000e+04
7.322000000000000000e+03
5.640000000000000000e+03
7.604000000000000000e+03
1.387800000000000000e+04
7.528000000000000000e+03
4.222000000000000000e+03
7.395000000000000000e+03
2.440700000000000000e+04
2.575200000000000000e+04
1.114200000000000000e+04
6.410000000000000000e+03
8.479000000000000000e+03
9.881000000000000000e+03
1.716800000000000000e+04
2.218900000000000000e+04
1.667100000000000000e+04
1.572500000000000000e+04
5.014500000000000000e+04
3.918000000000000000e+03
2.234200000000000000e+04
2.405300000000000000e+04
1.074500000000000000e+04
4.715000000000000000e+03
1.897600000000000000e+04
2.061900000000000000e+04
5.448000000000000000e+03
5.215000000000000000e+03
2.019200000000000000e+04
5.545000000000000000e+03
9.691000000000000000e+03
1.356900000000000000e+04
3.508000000000000000e+03
9.711000000000000000e+03
1.770400000000000000e+04
8.868000000000000000e+03
3.324300000000000000e+04
6.020000000000000000e+03
5.191700000000000000e+04
1.118000000000000000e+04
1.814000000000000000e+03
2.096200000000000000e+04
1.025100000000000000e+04
8.289000000000000000e+03
5.024900000000000000e+04
9.737000000000000000e+03
1.272300000000000000e+04
1.146500000000000000e+04
8.533000000000000000e+03
1.079900000000000000e+04
2.250300000000000000e+04
3.090300000000000000e+04
1.084700000000000000e+04
6.340700000000000000e+04
5.628000000000000000e+03
1.503800000000000000e+04
3.321000000000000000e+03
1.022000000000000000e+04
9.120000000000000000e+03
1.615700000000000000e+04
7.808000000000000000e+03
1.304900000000000000e+04
6.978000000000000000e+03
2.057400000000000000e+04
4.617000000000000000e+03
9.356000000000000000e+03
8.649000000000000000e+03
1.769800000000000000e+04
5.067000000000000000e+03
1.902500000000000000e+04
7.540000000000000000e+03
4.501000000000000000e+03
1.150500000000000000e+04
6.439000000000000000e+03
3.753200000000000000e+04
4.409000000000000000e+03
2.219400000000000000e+04
2.778000000000000000e+04
1.266000000000000000e+04
3.554000000000000000e+03
7.875000000000000000e+03
1.504000000000000000e+04
8.160000000000000000e+03
7.494000000000000000e+03
1.388600000000000000e+04
2.296200000000000000e+04
1.716500000000000000e+04
1.003600000000000000e+04
1.562100000000000000e+04
3.174000000000000000e+03
2.381000000000000000e+03
4.397000000000000000e+03
7.689000000000000000e+03
6.573000000000000000e+03
2.601700000000000000e+04
8.833000000000000000e+03
1.072900000000000000e+04
1.810500000000000000e+04
4.979800000000000000e+04
6.375000000000000000e+03
8.836000000000000000e+03
1.762900000000000000e+04
2.294400000000000000e+04
4.282500000000000000e+04
5.799000000000000000e+03
1.612900000000000000e+04
5.105000000000000000e+03
1.047100000000000000e+04
6.035000000000000000e+03
1.214200000000000000e+04
9.804000000000000000e+03
1.256800000000000000e+04
5.527000000000000000e+03
1.235300000000000000e+04
1.203100000000000000e+04
7.440000000000000000e+03
9.320000000000000000e+03
8.532000000000000000e+03
3.222100000000000000e+04
1.531200000000000000e+04
1.502600000000000000e+04
2.027800000000000000e+04
6.147000000000000000e+03
1.320800000000000000e+04
1.643400000000000000e+04
1.790800000000000000e+04
4.087000000000000000e+03
2.045400000000000000e+04
1.765600000000000000e+04
6.856000000000000000e+03
8.002000000000000000e+03
6.277000000000000000e+03
1.266600000000000000e+04
9.420000000000000000e+03
8.606000000000000000e+03
2.603200000000000000e+04
1.200200000000000000e+04
3.279900000000000000e+04
1.270900000000000000e+04
3.944300000000000000e+04
2.802100000000000000e+04
1.466900000000000000e+04
4.827000000000000000e+03
7.380000000000000000e+03
9.282000000000000000e+03
1.015700000000000000e+04
3.826000000000000000e+03
8.541000000000000000e+03
1.049200000000000000e+04
9.572000000000000000e+03
7.485000000000000000e+03
1.217800000000000000e+04
2.632700000000000000e+04
9.589000000000000000e+03
2.782500000000000000e+04
6.412000000000000000e+03
1.901600000000000000e+04
1.117700000000000000e+04
1.126800000000000000e+04
8.432000000000000000e+03
5.931800000000000000e+04
1.945300000000000000e+04
3.094900000000000000e+04
1.535300000000000000e+04
1.257100000000000000e+04
1.995800000000000000e+04
5.812000000000000000e+03
1.072100000000000000e+04
2.959200000000000000e+04
2.024700000000000000e+04
1.418600000000000000e+04
2.539200000000000000e+04
8.460000000000000000e+03
1.308500000000000000e+04
1.425300000000000000e+04
9.970000000000000000e+03
3.477600000000000000e+04
2.390700000000000000e+04
4.412000000000000000e+03
2.169200000000000000e+04
7.594000000000000000e+03
1.862400000000000000e+04
1.709800000000000000e+04
6.908000000000000000e+03
6.786000000000000000e+03
3.527200000000000000e+04
2.873500000000000000e+04
1.718600000000000000e+04
7.404000000000000000e+03
4.726500000000000000e+04
1.258800000000000000e+04
1.332700000000000000e+04
7.125000000000000000e+03
5.158400000000000000e+04
4.839700000000000000e+04
3.226000000000000000e+03
9.943000000000000000e+03
8.475000000000000000e+03
1.154200000000000000e+04
1.000000000000000000e+04
2.956000000000000000e+03
3.524000000000000000e+03
5.481000000000000000e+03
1.099600000000000000e+04
1.656200000000000000e+04
8.281000000000000000e+03
4.553000000000000000e+04
2.373800000000000000e+04
1.410000000000000000e+04
5.370000000000000000e+03
1.230000000000000000e+04
7.778000000000000000e+03
1.415900000000000000e+04
4.884000000000000000e+03
5.908000000000000000e+03
4.141000000000000000e+03
1.801200000000000000e+04
1.422500000000000000e+04
9.471000000000000000e+03
1.380900000000000000e+04
6.434000000000000000e+03
1.983000000000000000e+03
2.723300000000000000e+04
1.771800000000000000e+04
1.182800000000000000e+04
7.705000000000000000e+03
8.767000000000000000e+03
3.909000000000000000e+03
1.789800000000000000e+04
3.951000000000000000e+03
2.547500000000000000e+04
4.712000000000000000e+03
3.025100000000000000e+04
3.585300000000000000e+04
1.107100000000000000e+04
1.591800000000000000e+04
3.744000000000000000e+03
1.928400000000000000e+04
1.379500000000000000e+04
1.116600000000000000e+04
1.152700000000000000e+04
2.012400000000000000e+04
5.786000000000000000e+03
3.447200000000000000e+04
7.829000000000000000e+03
1.428400000000000000e+04
7.709000000000000000e+03
1.951000000000000000e+04
5.205000000000000000e+03
1.415300000000000000e+04
2.280800000000000000e+04
2.470900000000000000e+04
2.633600000000000000e+04
3.248200000000000000e+04
7.107000000000000000e+03
4.722600000000000000e+04
1.061700000000000000e+04
1.083300000000000000e+04
1.543600000000000000e+04
3.341600000000000000e+04
1.801000000000000000e+04
2.786500000000000000e+04
1.403800000000000000e+04
6.567000000000000000e+03
4.076800000000000000e+04
1.739400000000000000e+04
1.314600000000000000e+04
8.844000000000000000e+03
3.961000000000000000e+03
6.203000000000000000e+03
5.100000000000000000e+03
1.388500000000000000e+04
2.224100000000000000e+04
7.076000000000000000e+03
1.622200000000000000e+04
1.228800000000000000e+04
1.667500000000000000e+04
2.310000000000000000e+03
2.872000000000000000e+04
7.051000000000000000e+03
1.333700000000000000e+04
2.330200000000000000e+04
1.621700000000000000e+04
4.027400000000000000e+04
1.366000000000000000e+04
9.467000000000000000e+03
4.337000000000000000e+03
1.195400000000000000e+04
2.835200000000000000e+04
8.832000000000000000e+03
7.029000000000000000e+03
9.020000000000000000e+03
2.171700000000000000e+04
2.775300000000000000e+04
7.990000000000000000e+03
2.992000000000000000e+04
7.116000000000000000e+03
9.726000000000000000e+03
3.488500000000000000e+04
2.163400000000000000e+04
4.546000000000000000e+03
8.284000000000000000e+03
1.339300000000000000e+04
1.720200000000000000e+04
4.871000000000000000e+03
1.227400000000000000e+04
2.658300000000000000e+04
1.385200000000000000e+04
5.485000000000000000e+03
2.366400000000000000e+04
9.895000000000000000e+03
4.878000000000000000e+03
8.655000000000000000e+03
2.991200000000000000e+04
1.185300000000000000e+04
3.268400000000000000e+04
1.392200000000000000e+04
3.119700000000000000e+04
1.345200000000000000e+04
1.177500000000000000e+04
2.133100000000000000e+04
5.038000000000000000e+03
1.759300000000000000e+04
1.150800000000000000e+04
5.806000000000000000e+03
4.376000000000000000e+03
1.472900000000000000e+04
9.636000000000000000e+03
5.490000000000000000e+03
7.093000000000000000e+03
6.802000000000000000e+03
1.100200000000000000e+04
1.177400000000000000e+04
2.941200000000000000e+04
1.409100000000000000e+04
4.669000000000000000e+04
2.015100000000000000e+04
1.125400000000000000e+04
9.805000000000000000e+03
1.615600000000000000e+04
6.801000000000000000e+03
8.750000000000000000e+03
7.519000000000000000e+03
1.850900000000000000e+04
2.585100000000000000e+04
1.483800000000000000e+04
1.328700000000000000e+04
8.940000000000000000e+03
6.139000000000000000e+03
1.331200000000000000e+04
2.150900000000000000e+04
1.294600000000000000e+04
8.340000000000000000e+03
4.130000000000000000e+03
1.066200000000000000e+04
7.186000000000000000e+03
1.490500000000000000e+04
1.715100000000000000e+04
7.635000000000000000e+03
3.011500000000000000e+04
7.267000000000000000e+03
7.085000000000000000e+03
3.162000000000000000e+03
1.519900000000000000e+04
1.007000000000000000e+04
8.428000000000000000e+03
1.000700000000000000e+04
1.795200000000000000e+04
8.282000000000000000e+03
2.022800000000000000e+04
1.871000000000000000e+04
5.951000000000000000e+03
2.238300000000000000e+04
1.814400000000000000e+04
1.320200000000000000e+04
5.435000000000000000e+03
1.002200000000000000e+04
2.005700000000000000e+04
1.490100000000000000e+04
2.596000000000000000e+04
1.724000000000000000e+03
1.142500000000000000e+04
9.789000000000000000e+03
7.514000000000000000e+03
6.053000000000000000e+03
1.452600000000000000e+04
1.336500000000000000e+04
1.081900000000000000e+04
1.675400000000000000e+04
1.085000000000000000e+04
1.002400000000000000e+04
6.971000000000000000e+03
1.906700000000000000e+04
6.961000000000000000e+03
1.506400000000000000e+04
2.126100000000000000e+04
9.004000000000000000e+03
3.105700000000000000e+04
1.517200000000000000e+04
2.296100000000000000e+04
2.403300000000000000e+04
6.770000000000000000e+03
1.576300000000000000e+04
9.203000000000000000e+03
7.322000000000000000e+03
6.412000000000000000e+03
1.909000000000000000e+04
4.596000000000000000e+03
2.965700000000000000e+04
2.045900000000000000e+04
6.810000000000000000e+03
1.870500000000000000e+04
6.463000000000000000e+03
1.573700000000000000e+04
1.979900000000000000e+04
6.123000000000000000e+03
8.668000000000000000e+03
2.637000000000000000e+03
1.632700000000000000e+04
7.769000000000000000e+03
9.528000000000000000e+03
1.831600000000000000e+04
1.260100000000000000e+04
5.211000000000000000e+03
1.094000000000000000e+04
1.387300000000000000e+04
2.847000000000000000e+03
1.210300000000000000e+04
4.399000000000000000e+03
1.182400000000000000e+04
1.162900000000000000e+04
8.780000000000000000e+03
1.625200000000000000e+04
3.316000000000000000e+03
3.420500000000000000e+04
7.107000000000000000e+03
2.510000000000000000e+03
2.782000000000000000e+03
1.064600000000000000e+04
3.148200000000000000e+04
8.757000000000000000e+03
2.191700000000000000e+04
1.468000000000000000e+04
6.648000000000000000e+03
3.372000000000000000e+03
6.526000000000000000e+03
9.104000000000000000e+03
5.770000000000000000e+03
1.781000000000000000e+04
5.001000000000000000e+03
1.639200000000000000e+04
1.443000000000000000e+04
7.126000000000000000e+03
7.158000000000000000e+03
1.538400000000000000e+04
2.684100000000000000e+04
1.253100000000000000e+04
2.351500000000000000e+04
1.143900000000000000e+04
9.144000000000000000e+03
3.488200000000000000e+04
3.484000000000000000e+03
6.196000000000000000e+03
9.921000000000000000e+03
7.706000000000000000e+03
1.637700000000000000e+04
1.452000000000000000e+03
7.904000000000000000e+03
6.437000000000000000e+03
1.246800000000000000e+04
1.426400000000000000e+04
1.114600000000000000e+04
7.539000000000000000e+03
7.674000000000000000e+03
8.258000000000000000e+03
3.381000000000000000e+04
3.365600000000000000e+04
2.399400000000000000e+04
9.872000000000000000e+03
1.462700000000000000e+04
3.259000000000000000e+03
1.092900000000000000e+04
7.224000000000000000e+03
4.440000000000000000e+03
2.577500000000000000e+04
3.819000000000000000e+03
1.529000000000000000e+04
1.801800000000000000e+04
1.639000000000000000e+04
1.374400000000000000e+04
5.876800000000000000e+04
2.467000000000000000e+03
4.420000000000000000e+03
9.499000000000000000e+03
7.356000000000000000e+03
2.268200000000000000e+04
6.435000000000000000e+03
3.928200000000000000e+04
3.348000000000000000e+03
1.078300000000000000e+04
1.068100000000000000e+04
5.592600000000000000e+04
9.734000000000000000e+03
2.486500000000000000e+04
1.306800000000000000e+04
1.696100000000000000e+04
1.003500000000000000e+04
1.539100000000000000e+04
6.822000000000000000e+03
1.375000000000000000e+04
2.031700000000000000e+04
6.031900000000000000e+04
1.485100000000000000e+04
1.023600000000000000e+04
1.589300000000000000e+04
6.676000000000000000e+03
1.440800000000000000e+04
1.590900000000000000e+04
5.024000000000000000e+03
2.512800000000000000e+04
2.194100000000000000e+04
5.478000000000000000e+03
1.492000000000000000e+04
1.651000000000000000e+04
4.604000000000000000e+03
1.265400000000000000e+04
4.066800000000000000e+04
6.042000000000000000e+03
2.376000000000000000e+04
8.162000000000000000e+03
1.143900000000000000e+04
1.228000000000000000e+04
1.688200000000000000e+04
7.220000000000000000e+03
8.084000000000000000e+03
2.345200000000000000e+04
2.138000000000000000e+03
8.937000000000000000e+03
1.077800000000000000e+04
3.059000000000000000e+03
6.765000000000000000e+03
9.107000000000000000e+03
7.100000000000000000e+03
3.990000000000000000e+04
1.326700000000000000e+04
2.543300000000000000e+04
7.437000000000000000e+03
2.439000000000000000e+04
1.648900000000000000e+04
1.200200000000000000e+04
7.474000000000000000e+03
5.595000000000000000e+03
8.856000000000000000e+03
8.655000000000000000e+03
6.083000000000000000e+03
2.287700000000000000e+04
7.638000000000000000e+03
7.335000000000000000e+03
7.656000000000000000e+03
5.507000000000000000e+03
6.749000000000000000e+03
8.104000000000000000e+03
9.790000000000000000e+03
2.580000000000000000e+03
7.910000000000000000e+03
2.235600000000000000e+04
1.214900000000000000e+04
2.196000000000000000e+03
1.220600000000000000e+04
1.917800000000000000e+04
6.517000000000000000e+03
4.118000000000000000e+03
2.687600000000000000e+04
9.888000000000000000e+03
3.407000000000000000e+03
8.939000000000000000e+03
4.122300000000000000e+04
1.633900000000000000e+04
1.970900000000000000e+04
9.688000000000000000e+03
5.907000000000000000e+03
4.967100000000000000e+04
9.367000000000000000e+03
2.257600000000000000e+04
4.852000000000000000e+03
2.733700000000000000e+04
1.831600000000000000e+04
2.005500000000000000e+04
3.025000000000000000e+03
1.831800000000000000e+04
1.524800000000000000e+04
1.754000000000000000e+04
2.084300000000000000e+04
4.124000000000000000e+03
4.050000000000000000e+03
5.309000000000000000e+03
5.202000000000000000e+03
7.495000000000000000e+03
7.778000000000000000e+03
1.857200000000000000e+04
7.985000000000000000e+03
6.183000000000000000e+03
2.639900000000000000e+04
2.028100000000000000e+04
3.799600000000000000e+04
2.578700000000000000e+04
2.140500000000000000e+04
1.966300000000000000e+04
4.064000000000000000e+03
2.024100000000000000e+04
6.288000000000000000e+03
1.576100000000000000e+04
1.348100000000000000e+04
6.449500000000000000e+04
3.940000000000000000e+03
5.898000000000000000e+03
1.507600000000000000e+04
6.042000000000000000e+03
2.797400000000000000e+04
8.986000000000000000e+03
1.870200000000000000e+04
8.897000000000000000e+03
2.431000000000000000e+04
7.938000000000000000e+03
8.351000000000000000e+03
2.184600000000000000e+04
7.746000000000000000e+03
3.741000000000000000e+03
1.378100000000000000e+04
2.900800000000000000e+04
2.060800000000000000e+04
7.210000000000000000e+03
6.687600000000000000e+04
1.423200000000000000e+04
4.278000000000000000e+03
7.392000000000000000e+03
1.512200000000000000e+04
6.795000000000000000e+03
5.137000000000000000e+03
1.845900000000000000e+04
1.837100000000000000e+04
3.597900000000000000e+04
1.446500000000000000e+04
1.195300000000000000e+04
5.241000000000000000e+03
1.034500000000000000e+04
2.604800000000000000e+04
1.432000000000000000e+04
5.017000000000000000e+03
2.218100000000000000e+04
4.797000000000000000e+03
8.106000000000000000e+03
5.345000000000000000e+03
2.995700000000000000e+04
6.996000000000000000e+03
9.379000000000000000e+03
1.893800000000000000e+04
1.293300000000000000e+04
2.839700000000000000e+04
7.224000000000000000e+03
9.044000000000000000e+03
3.438500000000000000e+04
3.107000000000000000e+03
1.603300000000000000e+04
1.604000000000000000e+04
6.243000000000000000e+03
1.351000000000000000e+04
2.692000000000000000e+04
7.161000000000000000e+03
1.392200000000000000e+04
5.961000000000000000e+03
1.310800000000000000e+04
1.791200000000000000e+04
1.111800000000000000e+04
8.307000000000000000e+03
1.090500000000000000e+04
7.023000000000000000e+03
1.020700000000000000e+04
2.705200000000000000e+04
1.353000000000000000e+04
6.136000000000000000e+03
3.497900000000000000e+04
7.066000000000000000e+03
1.596000000000000000e+04
8.916000000000000000e+03
1.884000000000000000e+03
1.259800000000000000e+04
2.296000000000000000e+04
5.439000000000000000e+03
2.482200000000000000e+04
1.414400000000000000e+04
4.004000000000000000e+03
2.988000000000000000e+04
3.118000000000000000e+03
1.463000000000000000e+04
1.280700000000000000e+04
3.549000000000000000e+03
2.593600000000000000e+04
8.668000000000000000e+03
8.568000000000000000e+03
3.507000000000000000e+03
7.972000000000000000e+03
