1.326000000000000000e+03
2.875000000000000000e+03
7.580000000000000000e+03
4.633000000000000000e+03
3.741000000000000000e+03
2.050000000000000000e+03
5.727000000000000000e+03
1.391600000000000000e+04
3.758000000000000000e+03
1.546000000000000000e+03
4.851000000000000000e+03
2.922000000000000000e+03
1.726000000000000000e+03
6.167000000000000000e+03
6.721000000000000000e+03
4.555000000000000000e+03
2.245000000000000000e+03
8.700000000000000000e+03
3.339000000000000000e+03
2.811000000000000000e+03
1.429000000000000000e+03
4.929000000000000000e+03
1.994000000000000000e+03
1.130900000000000000e+04
1.347000000000000000e+04
5.702000000000000000e+03
1.237000000000000000e+04
6.158000000000000000e+03
2.964000000000000000e+03
4.102000000000000000e+03
8.516000000000000000e+03
1.298800000000000000e+04
4.139000000000000000e+03
6.369000000000000000e+03
3.502000000000000000e+03
3.149000000000000000e+03
7.355000000000000000e+03
4.073000000000000000e+03
1.797000000000000000e+03
1.870000000000000000e+03
1.644000000000000000e+03
1.273600000000000000e+04
1.505000000000000000e+03
5.214000000000000000e+03
2.014000000000000000e+03
1.522800000000000000e+04
7.521000000000000000e+03
1.150100000000000000e+04
3.836000000000000000e+03
2.648000000000000000e+03
1.078600000000000000e+04
5.588000000000000000e+03
1.185600000000000000e+04
2.172000000000000000e+03
5.319000000000000000e+03
1.255000000000000000e+03
2.927000000000000000e+03
4.756000000000000000e+03
4.833000000000000000e+03
9.600000000000000000e+02
2.767000000000000000e+03
1.322100000000000000e+04
2.044000000000000000e+03
1.532000000000000000e+03
3.363000000000000000e+03
1.138500000000000000e+04
1.776000000000000000e+03
6.390000000000000000e+03
6.998000000000000000e+03
2.318000000000000000e+03
3.742000000000000000e+03
8.860000000000000000e+02
2.550000000000000000e+03
4.019000000000000000e+03
1.389800000000000000e+04
1.857000000000000000e+03
7.437000000000000000e+03
3.698000000000000000e+03
5.604000000000000000e+03
1.802000000000000000e+03
1.208000000000000000e+03
2.472000000000000000e+03
1.019900000000000000e+04
4.488000000000000000e+03
1.463000000000000000e+03
1.301800000000000000e+04
1.956000000000000000e+03
2.261000000000000000e+03
1.459000000000000000e+03
9.126000000000000000e+03
1.486000000000000000e+03
5.811000000000000000e+03
5.889000000000000000e+03
8.282000000000000000e+03
8.028000000000000000e+03
4.616000000000000000e+03
6.298000000000000000e+03
4.606000000000000000e+03
3.533000000000000000e+03
1.360000000000000000e+04
6.655000000000000000e+03
6.814000000000000000e+03
2.562000000000000000e+03
8.488000000000000000e+03
2.764000000000000000e+03
8.720000000000000000e+03
8.649000000000000000e+03
1.021000000000000000e+04
3.518000000000000000e+03
1.191200000000000000e+04
2.427000000000000000e+03
1.174000000000000000e+03
1.712200000000000000e+04
2.445000000000000000e+03
1.682000000000000000e+03
6.490000000000000000e+03
6.220000000000000000e+03
2.117000000000000000e+03
8.667000000000000000e+03
1.161900000000000000e+04
3.173000000000000000e+03
1.021900000000000000e+04
3.509000000000000000e+03
2.723000000000000000e+03
2.811000000000000000e+03
1.673000000000000000e+03
6.203000000000000000e+03
5.148000000000000000e+03
2.967000000000000000e+03
1.754000000000000000e+03
7.908000000000000000e+03
1.805500000000000000e+04
4.475000000000000000e+03
8.992000000000000000e+03
6.310000000000000000e+03
3.097000000000000000e+03
2.111000000000000000e+03
6.064000000000000000e+03
1.759600000000000000e+04
3.637000000000000000e+03
8.651000000000000000e+03
4.817000000000000000e+03
5.873000000000000000e+03
2.127000000000000000e+03
3.138000000000000000e+03
2.815000000000000000e+03
5.258000000000000000e+03
9.454000000000000000e+03
2.232000000000000000e+03
1.713000000000000000e+03
1.003900000000000000e+04
3.920000000000000000e+03
7.591000000000000000e+03
4.074000000000000000e+03
6.124000000000000000e+03
5.545000000000000000e+03
7.566000000000000000e+03
5.208000000000000000e+03
1.419000000000000000e+04
1.892000000000000000e+03
2.074000000000000000e+03
3.641000000000000000e+03
1.001800000000000000e+04
3.166000000000000000e+03
2.844000000000000000e+03
4.574000000000000000e+03
3.954000000000000000e+03
2.068000000000000000e+03
8.746000000000000000e+03
3.656000000000000000e+03
1.978000000000000000e+03
3.476000000000000000e+03
3.587000000000000000e+03
6.634000000000000000e+03
4.601000000000000000e+03
3.059000000000000000e+03
1.327100000000000000e+04
2.841000000000000000e+03
7.164000000000000000e+03
4.125000000000000000e+03
2.908000000000000000e+03
1.886000000000000000e+03
3.212000000000000000e+03
4.235000000000000000e+03
3.713000000000000000e+03
3.213000000000000000e+03
6.485000000000000000e+03
2.266000000000000000e+03
3.375000000000000000e+03
3.914000000000000000e+03
4.098000000000000000e+03
2.892000000000000000e+03
1.869000000000000000e+03
1.399000000000000000e+03
1.784000000000000000e+03
1.905000000000000000e+03
8.051000000000000000e+03
2.260000000000000000e+03
1.895000000000000000e+03
6.187000000000000000e+03
1.505000000000000000e+03
1.585000000000000000e+03
8.619000000000000000e+03
2.706000000000000000e+03
5.388000000000000000e+03
2.772000000000000000e+03
1.207000000000000000e+04
5.470000000000000000e+03
4.993000000000000000e+03
4.666000000000000000e+03
3.563000000000000000e+03
1.276000000000000000e+03
9.920000000000000000e+02
2.428000000000000000e+03
6.608000000000000000e+03
1.240000000000000000e+03
1.345900000000000000e+04
4.980000000000000000e+03
3.037000000000000000e+03
3.551000000000000000e+03
8.305000000000000000e+03
3.536000000000000000e+03
1.439000000000000000e+03
1.035400000000000000e+04
7.256000000000000000e+03
5.575000000000000000e+03
3.535000000000000000e+03
4.469000000000000000e+03
6.415000000000000000e+03
4.218000000000000000e+03
9.210000000000000000e+03
6.512000000000000000e+03
3.758000000000000000e+03
1.863000000000000000e+03
1.561000000000000000e+03
3.237000000000000000e+03
2.469000000000000000e+03
4.221000000000000000e+03
3.899000000000000000e+03
5.727000000000000000e+03
3.620000000000000000e+03
1.865000000000000000e+03
1.347000000000000000e+03
3.056000000000000000e+03
4.473000000000000000e+03
4.317000000000000000e+03
4.022000000000000000e+03
9.941000000000000000e+03
2.522000000000000000e+03
3.022000000000000000e+03
2.869000000000000000e+03
2.031000000000000000e+03
1.635000000000000000e+03
4.609000000000000000e+03
5.721000000000000000e+03
1.404000000000000000e+04
1.099500000000000000e+04
1.085000000000000000e+03
1.076500000000000000e+04
3.585000000000000000e+03
5.591000000000000000e+03
9.930000000000000000e+02
2.729000000000000000e+03
2.399000000000000000e+03
2.019300000000000000e+04
2.271000000000000000e+03
7.626000000000000000e+03
1.764000000000000000e+03
4.239000000000000000e+03
4.260000000000000000e+03
6.320000000000000000e+03
4.503000000000000000e+03
1.611000000000000000e+03
1.970000000000000000e+03
2.090000000000000000e+03
2.077000000000000000e+03
1.114600000000000000e+04
9.440000000000000000e+02
4.195000000000000000e+03
1.605000000000000000e+03
8.995000000000000000e+03
2.465000000000000000e+03
4.053000000000000000e+03
2.540000000000000000e+03
2.192000000000000000e+03
1.308100000000000000e+04
2.472000000000000000e+03
8.031000000000000000e+03
3.512000000000000000e+03
3.923000000000000000e+03
2.061000000000000000e+03
7.971000000000000000e+03
9.132000000000000000e+03
6.963000000000000000e+03
2.615000000000000000e+03
7.298000000000000000e+03
7.397000000000000000e+03
1.103600000000000000e+04
2.746000000000000000e+03
9.830000000000000000e+03
6.107000000000000000e+03
3.546000000000000000e+03
1.287600000000000000e+04
2.976000000000000000e+03
9.494000000000000000e+03
2.989000000000000000e+03
1.764100000000000000e+04
4.642000000000000000e+03
4.700000000000000000e+03
9.005000000000000000e+03
8.215000000000000000e+03
3.156000000000000000e+03
3.948000000000000000e+03
2.735300000000000000e+04
1.013700000000000000e+04
7.515000000000000000e+03
2.523000000000000000e+03
4.098000000000000000e+03
3.913000000000000000e+03
4.994000000000000000e+03
5.121000000000000000e+03
1.019400000000000000e+04
2.601000000000000000e+03
2.816000000000000000e+03
1.281200000000000000e+04
8.370000000000000000e+03
2.385000000000000000e+03
7.231000000000000000e+03
2.103000000000000000e+03
2.040600000000000000e+04
3.776000000000000000e+03
5.988000000000000000e+03
2.882000000000000000e+03
2.710000000000000000e+03
4.539000000000000000e+03
1.497300000000000000e+04
4.261000000000000000e+03
4.193000000000000000e+03
6.065000000000000000e+03
4.137000000000000000e+03
1.174400000000000000e+04
1.626700000000000000e+04
4.756000000000000000e+03
1.006500000000000000e+04
3.582000000000000000e+03
3.178000000000000000e+03
3.929000000000000000e+03
5.036000000000000000e+03
2.601800000000000000e+04
3.149000000000000000e+03
1.788100000000000000e+04
2.578000000000000000e+03
5.735000000000000000e+03
1.948000000000000000e+03
5.602000000000000000e+03
2.960000000000000000e+03
1.587000000000000000e+03
2.730000000000000000e+03
6.011000000000000000e+03
2.701000000000000000e+03
1.107000000000000000e+04
2.369000000000000000e+03
3.245000000000000000e+03
2.327700000000000000e+04
3.279000000000000000e+03
6.880000000000000000e+03
1.200000000000000000e+03
9.268000000000000000e+03
3.378000000000000000e+03
7.557000000000000000e+03
6.860000000000000000e+03
8.015000000000000000e+03
2.709000000000000000e+03
6.627000000000000000e+03
6.434000000000000000e+03
4.873000000000000000e+03
2.602000000000000000e+03
8.995000000000000000e+03
4.624000000000000000e+03
3.373000000000000000e+03
5.782000000000000000e+03
4.444000000000000000e+03
1.107000000000000000e+03
6.934000000000000000e+03
9.618000000000000000e+03
1.677000000000000000e+03
3.199000000000000000e+03
3.608000000000000000e+03
1.999000000000000000e+03
7.939000000000000000e+03
3.211000000000000000e+03
2.772000000000000000e+03
6.960000000000000000e+03
4.363000000000000000e+03
1.653000000000000000e+03
3.021000000000000000e+03
3.290000000000000000e+03
1.168300000000000000e+04
1.149000000000000000e+03
1.698000000000000000e+03
3.620000000000000000e+03
3.183000000000000000e+03
1.084000000000000000e+03
8.648000000000000000e+03
4.654000000000000000e+03
5.408000000000000000e+03
4.527000000000000000e+03
1.300000000000000000e+03
8.194000000000000000e+03
1.469000000000000000e+03
2.738000000000000000e+03
5.453000000000000000e+03
3.350000000000000000e+03
3.166000000000000000e+03
1.006000000000000000e+04
1.459000000000000000e+03
7.242000000000000000e+03
3.299000000000000000e+03
7.412000000000000000e+03
5.130000000000000000e+03
2.441000000000000000e+03
4.420000000000000000e+03
5.019000000000000000e+03
3.583000000000000000e+03
1.454000000000000000e+03
6.037000000000000000e+03
6.094000000000000000e+03
2.766000000000000000e+03
1.839700000000000000e+04
1.367900000000000000e+04
1.036100000000000000e+04
8.559000000000000000e+03
3.424000000000000000e+03
4.827000000000000000e+03
5.377000000000000000e+03
3.444000000000000000e+03
2.808000000000000000e+03
6.829000000000000000e+03
7.823000000000000000e+03
7.441000000000000000e+03
4.094000000000000000e+03
1.346600000000000000e+04
6.366000000000000000e+03
1.748500000000000000e+04
8.111000000000000000e+03
3.365000000000000000e+03
3.341000000000000000e+03
1.313000000000000000e+03
3.666000000000000000e+03
5.561000000000000000e+03
4.305000000000000000e+03
1.353000000000000000e+03
1.394400000000000000e+04
2.953000000000000000e+03
3.425000000000000000e+03
2.318000000000000000e+03
5.125000000000000000e+03
1.278900000000000000e+04
8.191000000000000000e+03
5.332000000000000000e+03
3.164000000000000000e+03
1.330000000000000000e+03
1.407000000000000000e+03
2.202000000000000000e+03
4.300000000000000000e+03
5.703000000000000000e+03
1.856000000000000000e+04
1.079000000000000000e+03
2.319000000000000000e+03
3.852000000000000000e+03
1.141000000000000000e+03
1.164800000000000000e+04
9.273000000000000000e+03
9.808000000000000000e+03
1.303200000000000000e+04
8.413000000000000000e+03
1.604000000000000000e+03
2.136000000000000000e+03
2.047000000000000000e+03
2.009000000000000000e+03
1.374400000000000000e+04
6.692000000000000000e+03
1.206000000000000000e+03
2.051000000000000000e+03
2.486000000000000000e+03
5.351000000000000000e+03
3.016000000000000000e+03
1.027400000000000000e+04
3.851000000000000000e+03
1.469000000000000000e+03
6.993000000000000000e+03
5.532000000000000000e+03
8.101000000000000000e+03
1.550000000000000000e+03
4.699000000000000000e+03
2.550000000000000000e+03
8.742000000000000000e+03
3.852000000000000000e+03
6.953000000000000000e+03
5.092000000000000000e+03
3.005000000000000000e+03
1.899000000000000000e+03
7.025000000000000000e+03
8.080000000000000000e+02
1.396000000000000000e+03
1.097000000000000000e+03
2.867000000000000000e+03
4.242000000000000000e+03
2.713000000000000000e+03
1.432000000000000000e+03
3.687000000000000000e+03
6.589000000000000000e+03
3.235000000000000000e+03
5.725000000000000000e+03
5.258000000000000000e+03
4.339000000000000000e+03
2.877000000000000000e+03
9.980000000000000000e+02
1.920000000000000000e+03
6.540000000000000000e+03
2.124000000000000000e+03
3.659000000000000000e+03
2.961000000000000000e+03
3.955000000000000000e+03
1.858000000000000000e+03
2.530000000000000000e+03
1.496000000000000000e+03
3.813000000000000000e+03
1.700000000000000000e+04
9.389000000000000000e+03
2.010000000000000000e+03
4.947000000000000000e+03
9.434000000000000000e+03
9.614000000000000000e+03
4.121000000000000000e+03
9.521000000000000000e+03
2.912000000000000000e+03
1.966000000000000000e+03
1.262000000000000000e+03
2.433000000000000000e+03
8.510000000000000000e+03
4.939000000000000000e+03
3.256000000000000000e+03
1.368000000000000000e+03
4.041000000000000000e+03
3.618000000000000000e+03
3.709000000000000000e+03
2.780100000000000000e+04
6.833000000000000000e+03
4.457000000000000000e+03
2.280000000000000000e+03
3.514000000000000000e+03
1.332000000000000000e+03
1.055300000000000000e+04
2.959000000000000000e+03
7.970000000000000000e+03
3.541000000000000000e+03
8.073000000000000000e+03
8.790000000000000000e+03
1.986000000000000000e+03
2.563000000000000000e+03
4.831000000000000000e+03
1.286100000000000000e+04
6.643000000000000000e+03
2.487000000000000000e+03
2.686000000000000000e+03
1.670000000000000000e+03
5.385000000000000000e+03
1.728000000000000000e+03
5.705000000000000000e+03
2.757000000000000000e+03
7.257000000000000000e+03
6.349000000000000000e+03
6.333000000000000000e+03
3.887000000000000000e+03
6.523000000000000000e+03
9.039000000000000000e+03
1.798000000000000000e+03
1.712000000000000000e+03
2.586000000000000000e+03
2.326000000000000000e+03
8.238000000000000000e+03
4.205000000000000000e+03
1.346200000000000000e+04
2.150000000000000000e+03
9.787000000000000000e+03
2.367000000000000000e+03
4.224000000000000000e+03
8.983000000000000000e+03
4.974000000000000000e+03
3.460000000000000000e+03
4.746000000000000000e+03
5.122000000000000000e+03
2.273000000000000000e+03
6.060000000000000000e+03
5.400000000000000000e+03
3.866000000000000000e+03
1.140000000000000000e+03
1.762300000000000000e+04
1.819000000000000000e+03
5.238000000000000000e+03
2.640000000000000000e+03
6.583000000000000000e+03
1.550400000000000000e+04
3.101000000000000000e+03
6.395000000000000000e+03
1.651000000000000000e+03
5.438000000000000000e+03
3.959000000000000000e+03
2.721000000000000000e+03
2.778000000000000000e+03
1.262000000000000000e+03
3.654000000000000000e+03
9.642000000000000000e+03
2.652000000000000000e+03
3.164000000000000000e+03
1.364000000000000000e+03
5.053000000000000000e+03
3.406000000000000000e+03
5.222000000000000000e+03
1.684000000000000000e+03
5.116000000000000000e+03
3.396000000000000000e+03
2.613000000000000000e+03
1.843000000000000000e+03
3.731000000000000000e+03
2.483000000000000000e+03
6.311000000000000000e+03
3.803000000000000000e+03
1.081000000000000000e+03
4.916000000000000000e+03
3.116000000000000000e+03
3.676000000000000000e+03
3.158000000000000000e+03
2.120000000000000000e+03
6.489000000000000000e+03
5.843000000000000000e+03
9.330000000000000000e+03
5.310000000000000000e+03
6.610000000000000000e+03
3.316000000000000000e+03
1.270000000000000000e+03
3.629000000000000000e+03
1.854000000000000000e+03
2.975000000000000000e+03
1.010700000000000000e+04
2.019000000000000000e+03
1.971000000000000000e+03
7.430000000000000000e+02
3.743000000000000000e+03
6.554000000000000000e+03
6.083000000000000000e+03
2.346000000000000000e+03
1.765000000000000000e+03
7.916000000000000000e+03
1.620000000000000000e+03
1.102000000000000000e+04
4.185000000000000000e+03
4.213000000000000000e+03
4.694000000000000000e+03
1.482700000000000000e+04
2.211000000000000000e+03
1.200500000000000000e+04
2.919000000000000000e+03
2.663000000000000000e+03
1.108700000000000000e+04
3.914000000000000000e+03
2.285000000000000000e+03
2.772000000000000000e+03
5.080000000000000000e+02
1.487000000000000000e+03
1.403200000000000000e+04
9.165000000000000000e+03
8.562000000000000000e+03
4.375000000000000000e+03
3.850000000000000000e+03
5.162000000000000000e+03
6.152000000000000000e+03
3.731000000000000000e+03
1.867000000000000000e+03
3.799000000000000000e+03
1.788000000000000000e+03
5.915000000000000000e+03
6.750000000000000000e+03
1.608200000000000000e+04
6.652000000000000000e+03
7.068000000000000000e+03
1.403100000000000000e+04
1.148500000000000000e+04
3.524000000000000000e+03
3.988000000000000000e+03
2.913000000000000000e+03
5.053000000000000000e+03
2.137000000000000000e+03
8.234000000000000000e+03
3.908000000000000000e+03
2.069000000000000000e+03
2.232000000000000000e+03
4.644000000000000000e+03
8.504000000000000000e+03
6.008000000000000000e+03
4.502000000000000000e+03
5.084000000000000000e+03
6.706000000000000000e+03
4.712000000000000000e+03
3.808000000000000000e+03
1.835000000000000000e+03
2.526000000000000000e+03
9.990000000000000000e+03
1.244000000000000000e+04
3.003000000000000000e+03
1.429000000000000000e+03
1.546000000000000000e+03
1.336800000000000000e+04
2.738000000000000000e+03
2.030000000000000000e+03
2.670000000000000000e+03
2.356000000000000000e+03
3.060000000000000000e+03
5.718000000000000000e+03
1.523000000000000000e+03
2.535000000000000000e+03
9.260000000000000000e+02
1.170900000000000000e+04
3.100000000000000000e+03
8.281000000000000000e+03
1.429100000000000000e+04
5.085000000000000000e+03
2.631000000000000000e+03
1.542800000000000000e+04
3.391000000000000000e+03
3.043000000000000000e+03
3.798000000000000000e+03
3.311000000000000000e+03
4.907000000000000000e+03
5.347000000000000000e+03
4.161000000000000000e+03
3.795000000000000000e+03
2.562000000000000000e+03
7.218000000000000000e+03
9.662000000000000000e+03
3.777000000000000000e+03
7.630000000000000000e+03
3.930000000000000000e+03
3.583000000000000000e+03
8.174000000000000000e+03
9.073000000000000000e+03
2.097000000000000000e+03
2.699000000000000000e+03
7.503000000000000000e+03
9.223000000000000000e+03
2.188000000000000000e+03
1.526000000000000000e+03
2.353000000000000000e+03
1.205900000000000000e+04
3.075000000000000000e+03
1.233000000000000000e+03
2.824000000000000000e+03
7.292000000000000000e+03
6.530000000000000000e+02
1.641000000000000000e+03
6.190000000000000000e+02
6.798000000000000000e+03
5.514000000000000000e+03
3.043000000000000000e+03
2.841000000000000000e+03
7.116000000000000000e+03
5.780000000000000000e+03
4.229000000000000000e+03
2.741000000000000000e+03
2.745000000000000000e+03
5.351000000000000000e+03
3.052000000000000000e+03
3.385000000000000000e+03
3.699000000000000000e+03
1.729500000000000000e+04
8.382000000000000000e+03
1.989000000000000000e+04
8.700000000000000000e+03
5.663000000000000000e+03
8.298000000000000000e+03
1.375000000000000000e+03
1.680000000000000000e+03
1.730000000000000000e+03
2.596000000000000000e+03
2.337000000000000000e+03
4.639000000000000000e+03
3.095000000000000000e+04
1.562000000000000000e+03
3.542000000000000000e+03
1.302500000000000000e+04
8.360000000000000000e+03
3.097000000000000000e+03
1.188400000000000000e+04
2.219000000000000000e+03
8.190000000000000000e+03
5.386000000000000000e+03
1.136000000000000000e+03
5.403000000000000000e+03
4.390000000000000000e+03
3.255000000000000000e+03
3.169000000000000000e+03
1.422400000000000000e+04
1.523300000000000000e+04
5.885000000000000000e+03
1.183000000000000000e+03
2.502000000000000000e+03
6.385000000000000000e+03
1.840000000000000000e+03
8.705000000000000000e+03
2.173000000000000000e+03
2.761000000000000000e+03
8.264000000000000000e+03
3.254000000000000000e+03
3.265000000000000000e+03
4.328000000000000000e+03
4.573000000000000000e+03
3.623000000000000000e+03
3.672000000000000000e+03
6.903000000000000000e+03
3.210000000000000000e+03
4.943000000000000000e+03
9.183000000000000000e+03
5.701000000000000000e+03
1.911000000000000000e+03
1.041700000000000000e+04
4.809000000000000000e+03
1.734800000000000000e+04
1.845000000000000000e+03
6.871000000000000000e+03
1.681000000000000000e+03
7.263000000000000000e+03
2.896000000000000000e+03
3.385000000000000000e+03
2.406000000000000000e+03
1.952000000000000000e+03
7.549000000000000000e+03
1.064500000000000000e+04
7.743000000000000000e+03
4.576000000000000000e+03
2.741000000000000000e+03
4.923000000000000000e+03
2.746000000000000000e+03
7.866000000000000000e+03
2.390000000000000000e+03
9.959000000000000000e+03
7.841000000000000000e+03
3.829000000000000000e+03
1.908000000000000000e+03
5.270000000000000000e+02
3.553000000000000000e+03
4.764000000000000000e+03
1.044900000000000000e+04
1.618600000000000000e+04
1.167000000000000000e+03
2.037800000000000000e+04
5.554000000000000000e+03
7.982000000000000000e+03
1.628300000000000000e+04
5.234000000000000000e+03
1.325800000000000000e+04
1.923000000000000000e+03
6.575000000000000000e+03
1.194300000000000000e+04
7.560000000000000000e+03
2.321000000000000000e+03
2.773000000000000000e+03
1.468000000000000000e+03
9.052000000000000000e+03
9.675000000000000000e+03
3.882000000000000000e+03
4.785000000000000000e+03
1.278300000000000000e+04
1.991000000000000000e+03
4.850000000000000000e+03
1.512000000000000000e+03
1.045900000000000000e+04
5.001000000000000000e+03
2.964000000000000000e+03
6.053000000000000000e+03
9.275000000000000000e+03
9.167000000000000000e+03
1.490000000000000000e+03
4.757000000000000000e+03
2.903000000000000000e+03
1.268000000000000000e+04
2.917000000000000000e+03
6.226000000000000000e+03
2.139000000000000000e+03
8.816000000000000000e+03
4.171000000000000000e+03
5.773000000000000000e+03
4.493000000000000000e+03
3.864000000000000000e+03
4.821000000000000000e+03
1.145100000000000000e+04
4.301000000000000000e+03
3.058000000000000000e+03
1.151500000000000000e+04
3.417000000000000000e+03
1.274000000000000000e+03
3.263000000000000000e+03
6.945000000000000000e+03
3.683000000000000000e+03
7.530000000000000000e+02
1.690000000000000000e+03
7.011000000000000000e+03
1.375700000000000000e+04
5.515000000000000000e+03
1.007500000000000000e+04
1.622600000000000000e+04
3.500000000000000000e+03
3.022000000000000000e+03
5.489000000000000000e+03
9.370000000000000000e+03
1.092000000000000000e+03
2.065000000000000000e+03
2.608000000000000000e+03
1.223200000000000000e+04
2.336000000000000000e+03
1.123500000000000000e+04
2.806000000000000000e+03
3.666000000000000000e+03
3.430000000000000000e+03
6.458000000000000000e+03
1.183000000000000000e+03
5.161000000000000000e+03
7.962000000000000000e+03
4.581000000000000000e+03
3.520000000000000000e+03
1.295600000000000000e+04
4.098000000000000000e+03
1.736400000000000000e+04
1.022300000000000000e+04
9.512000000000000000e+03
7.240000000000000000e+03
1.688000000000000000e+04
2.695000000000000000e+03
1.952000000000000000e+03
1.326000000000000000e+03
2.224000000000000000e+03
3.014000000000000000e+03
1.142000000000000000e+03
6.133000000000000000e+03
9.041000000000000000e+03
1.040600000000000000e+04
5.531000000000000000e+03
7.680000000000000000e+03
7.834000000000000000e+03
1.382000000000000000e+03
1.168000000000000000e+03
4.783000000000000000e+03
2.984000000000000000e+03
2.019000000000000000e+03
7.031000000000000000e+03
4.378000000000000000e+03
2.134000000000000000e+03
1.869000000000000000e+03
1.540000000000000000e+03
2.806000000000000000e+03
3.417000000000000000e+03
1.814800000000000000e+04
1.354000000000000000e+03
3.310000000000000000e+03
1.386100000000000000e+04
5.227000000000000000e+03
5.849000000000000000e+03
4.693000000000000000e+03
7.300000000000000000e+02
2.759000000000000000e+03
3.099000000000000000e+03
3.180000000000000000e+03
5.863000000000000000e+03
2.171000000000000000e+03
4.860000000000000000e+03
2.834000000000000000e+03
1.968500000000000000e+04
2.507000000000000000e+03
5.922000000000000000e+03
9.541000000000000000e+03
3.895000000000000000e+03
1.578000000000000000e+03
1.820000000000000000e+03
1.656000000000000000e+03
3.068000000000000000e+03
9.832000000000000000e+03
2.037000000000000000e+03
4.906000000000000000e+03
8.281000000000000000e+03
1.425400000000000000e+04
1.662000000000000000e+03
2.139000000000000000e+03
4.629000000000000000e+03
2.879000000000000000e+03
2.027000000000000000e+03
2.886000000000000000e+03
1.938000000000000000e+03
1.509100000000000000e+04
3.184000000000000000e+03
1.986000000000000000e+03
